map,disablebounds;
custom,cylinder,default,2,3,2,1,1,1,0,1,1,2394.716,-155.1488,518.2859,0,0.7849607,0,0.6195456;
custom,cylinder,default,2,3,2,1,0.3181818,0.3295454,0.3636364,1,1,2400.868,-168.9083,554.0867,0,0.7849607,0,0.6195456;
custom,cylinder,default,2,3,2,1,0.75,0.3977273,0,1,1,2386.271,-181.1082,483.038,0,0.7849607,0,0.6195456;
custom,arc180,default,2,1,1,1,1,1,1,1,1,2256.666,-128.8669,650.3524,0.1077531,0.6976189,0.7000862,-0.1076865;
custom,cylinder,metal3,0.3,0.7,0.3,1,0,0,0,1,1,2405.826,-105.0644,518.1648,0,0.7930802,0,0.6091172;
custom,arc180,default,3,1,2,1,1,1,1,1,1,2382.831,-112.5907,621.4401,0.1320536,-0.6924564,0.6938711,0.1470003;
custom,cuboid,grass2,25,2,8,0,1,1,1,8,5,99.80307,1232.451,3595.714,0,0.03213663,0,0.9994835;
spawnpoint,playerC,97.36987,1242.237,3597.918,0,-0.9992084,0,0.03978243;
spawnpoint,playerM,97.15051,1242.677,3597.672,0,-0.9990784,0,0.04292266;
custom,cuboid,wood2,25,2,8,0,1,1,1,8,5,99.80307,1292.647,3595.714,0,0.03213663,0,0.9994835;
custom,cuboid,wood2,25,8,2,0,1,1,1,8,5,102.0058,1262.206,3625.411,0,0.03213663,0,0.9994835;
custom,cuboid,wood2,2,8,8,0,2,2,1,3,3,215.3734,1262.993,3588.716,0,-0.03821298,0,-0.9992696;
custom,cuboid,wood2,2,8,8,0,2,2,1,3,3,-15.21096,1262.993,3603.156,0,-0.03367805,0,-0.9994328;
custom,cylinder,default,3,10,3,1,0,0,1,1,1,8.890969,875.6443,2482.323,-0.5903834,0.6362138,0.3844665,0.3144281;
racing,killCuboid,25,2,200,35.13851,927.9131,2609.939,-0.1539413,0.03175326,0.004949716,0.9875573;
racing,killCuboid,25,2,200,35.20134,990.7561,2610.536,-0.1539413,0.03175326,0.004949716,0.9875573;
racing,killCuboid,2,9,200,153.3358,957.1622,2613.198,-0.1539413,0.03175326,0.004949716,0.9875573;
racing,killCuboid,2,9,200,-79.95206,957.1915,2627.114,-0.1539413,0.03175326,0.004949716,0.9875573;
custom,cylinder,default,3,10,3,1,0,0,1,1,1,-21.69639,694.6769,1663.091,-0.5962106,0.6313925,0.3733026,0.3263765;
custom,cylinder,default,3,10,3,1,0,0,1,1,1,18.22224,949.2577,2446.513,-0.6012081,0.6359121,0.3654048,0.3172444;
racing,killCuboid,25,2,75,-48.31268,678.9301,1291.621,-0.01360643,0.03213383,0.0004374768,0.9993909;
racing,killCuboid,25,2,100,-49.4075,609.9739,1311.58,-0.01360643,0.03213383,0.0004374767,0.9993908;
racing,killCuboid,2,8,75,67.86828,642.371,1295.299,-0.01360643,0.03213383,0.0004374768,0.9993909;
racing,killCuboid,2,8,75,-167.2451,647.1724,1320.486,-0.01360643,0.03213383,0.0004374768,0.9993909;
racing,killCuboid,2,30,17,-193.1935,741.9672,895.0742,-0.01360643,0.03213383,0.0004374768,0.9993909;
racing,killCuboid,25,40,2,-85.24197,793.9704,811.8895,-0.01360643,0.03213383,0.0004374768,0.9993909;
racing,killCuboid,25,24,2,-78.85759,775.3693,924.0561,-0.01360643,0.03213383,0.0004374768,0.9993909;
custom,cylinder,default,2,10,2,1,0,0,1,1,1,-72.38451,668.3499,927.4835,-0.7068174,0.706816,0.02025391,-0.02025391;
racing,startSphere,3,1.5,1,82.66463,1246.883,3539.872,0.1563707,0.987285,-0.004470608,-0.0282263;
racing,startSphere,1,1,1,67.88287,1257.618,3540.878,0,0.999246,0,-0.03882628;
racing,startArc180,2,1,0.4,82.36402,1275.574,3541.366,-0.2319573,0.6485064,0.6679798,-0.2818482;
racing,startArc180,2,1,0.4,87.84281,1272.091,3541.256,-0.1377038,0.6811565,0.6935696,-0.1898023;
racing,startArc180,1,1,0.4,72.6097,1266.457,3541.487,0.6866775,0.2606133,0.271646,0.6219028;
racing,startArc180,1,1,0.4,75.71609,1265.216,3541.201,0.7104731,0.1968826,0.2013587,0.6449187;
racing,startCapsule,0.5,1,0.5,66.30006,1241.934,3544.354,0.353007,0.9331193,-0.05639204,-0.03865691;
racing,startCapsule,0.5,1.3,0.5,85.25816,1239.792,3537.868,0.5698605,0.8180409,-0.03122519,-0.0713663;
racing,startCapsule,0.5,1,0.5,64.56816,1242.214,3539.006,0.353007,0.9331193,-0.05639204,-0.03865691;
racing,startCapsule,0.5,1.3,0.5,86.30465,1238.11,3543.991,0.5668076,0.8155285,-0.06666005,-0.09591116;
racing,startCylinder,0.5,5,0.5,153.4613,1257.661,3537.86,-0.7335783,0.6792999,0.01494033,-0.01383491;
racing,startCylinder,0.5,3,0.5,115.9716,1268.833,3541.779,-0.744707,0.6668618,0.01105332,-0.02417829;
racing,startCylinder,0.5,2,0.5,152.554,1248.794,3540.71,-0.7484378,0.6526971,0.06528333,-0.0978032;
racing,startCuboid,30,20,2,90.68336,1255.148,3545.025,0,0.03857239,0,0.9992558;
racing,killCuboid,25,2,65,-67.64875,993.574,1087.974,-0.01360643,0.03213383,0.0004374768,0.9993909;
racing,killCuboid,2,10,65,-183.4301,948.9713,1098.034,-0.01360643,0.03213383,0.0004374768,0.9993909;
racing,killCuboid,2,10,58,45.61295,944.1769,995.1452,-0.01360643,0.03213383,0.0004374768,0.9993909;
racing,killCuboid,70,2,70,401.606,992.6216,1028.956,-0.01360643,0.03213383,0.0004374768,0.9993909;
racing,killCuboid,88,10,2,244.5848,949.3289,1382.295,-0.01360643,0.03213383,0.0004374768,0.9993909;
racing,killCuboid,70,10,2,742.0908,933.1378,996.8076,-0.009962996,0.7270067,-0.009277159,0.6864954;
racing,killCuboid,60,10,2,379.178,933.1378,982.8046,-0.009962996,0.7270067,-0.009277159,0.6864954;
racing,killCuboid,60,10,2,129.5784,933.1378,1097.33,-0.009962996,0.7270067,-0.009277159,0.6864954;
racing,killCuboid,60,10,2,211.5868,933.1378,991.0222,-0.009962996,0.7270067,-0.009277159,0.6864954;
racing,killCuboid,60,10,2,634.3596,933.1378,1070.096,-0.009962996,0.7270067,-0.009277159,0.6864954;
racing,killCuboid,60,10,2,301.9173,933.1378,1084.846,-0.009962996,0.7270067,-0.009277159,0.6864954;
racing,killCuboid,60,10,2,543.0746,933.1378,973.9597,-0.009962996,0.7270067,-0.009277159,0.6864954;
racing,killCuboid,60,10,2,465.2112,933.1378,1075.119,-0.009962996,0.7270067,-0.009277159,0.6864954;
racing,killArc180,15,18,15,729.8523,1017.614,1429.621,-0.4760785,-0.5127177,0.5237705,-0.4859366;
racing,killCuboid,20,60,2,779.9677,1087.788,1443.498,-0.01746257,0.7342663,-0.005238498,0.6786166;
racing,killCuboid,130,2,13,760.6335,907.5485,1935.696,-0.01747712,0.7323685,-0.005189714,0.6806644;
racing,killCuboid,150,2,13,745.1044,1394.321,1797.985,-0.01747712,0.7323685,-0.005189714,0.6806644;
custom,cuboid,grass2,13,2,6,0,1,1,1,1.0,1.0,810.7468,936.8706,2589.603,0,0.9988387,0,-0.04817961;
custom,cuboid,wood2,13,2,6,0,1,1,1,1.0,1.0,810.5728,988.0734,2589.401,0,0.9988387,0,-0.04817961;
custom,cuboid,wood2,2,6,6,0,1,1,1,1.0,1.0,757.3839,963.6719,2594.253,0,0.9988387,0,-0.04817961;
custom,cuboid,wood2,2,6,6,0,1,1,1,1.0,1.0,863.6487,966.4721,2584.21,0,0.9988387,0,-0.04817961;
racing,killCuboid,13,50,2,808.1881,1237.142,2559.989,-0.0009207414,0.9986651,-0.01917538,-0.04795282;
racing,checkpointCuboid,13,4,6,812.1438,960.6695,2590.027,0,0.9988524,0,-0.04789611;
custom,cuboid,wood2,35,4,1.5,0,1,1,1,1.0,1.0,212.7166,948.4942,1042.326,0,0.7281013,0,0.6854696;
custom,cuboid,wood2,35,4,1.5,0,1,1,1,1.0,1.0,125.9351,948.4942,1051.219,0,0.7281013,0,0.6854696;
custom,cuboid,wood2,35,4,1.5,0,1,1,1,1.0,1.0,296.9281,948.4942,1031.053,0,0.7281013,0,0.6854696;
custom,cuboid,wood2,35,4,1.5,0,1,1,1,1.0,1.0,383.3952,948.4942,1031.973,0,0.7281013,0,0.6854696;
custom,cuboid,wood2,35,4,1.5,0,1,1,1,1.0,1.0,544.6088,948.4942,1019.192,0,0.7281013,0,0.6854696;
custom,cuboid,wood2,35,4,1.5,0,1,1,1,1.0,1.0,462.3114,948.4942,1027.605,0,0.7281013,0,0.6854696;
custom,cuboid,wood2,35,4,1.5,0,1,1,1,1.0,1.0,630.1373,948.4942,1004.914,0,0.7281013,0,0.6854696;
custom,cuboid,wood2,35,4,1.5,0,1,1,1,1.0,1.0,49.62072,948.4942,1058.281,0,0.7281013,0,0.6854696;
racing,killCuboid,13,2,100,856.0663,934.6956,3078.369,0,0.9987584,0,-0.0498179;
racing,killCuboid,13,2,110,868.5042,1049.496,3164.124,0,0.9987584,0,-0.0498179;
racing,killCuboid,2,14,110,927.3072,991.7794,3155.24,0,0.9987584,0,-0.0498179;
racing,killCuboid,2,14,110,810.6945,990.6612,3172.992,0,0.9987584,0,-0.0498179;
racing,killCuboid,13,6,2,805.0042,1021.425,2611.177,0,0.9987584,0,-0.0498179;
custom,cuboid,wood2,13,4,2,0,0,0,1,1.0,1.0,835.0444,1020.706,2834.928,0,0.05031385,0,0.9987335;
custom,cuboid,wood2,13,4,2,0,0,0,1,1.0,1.0,824.4561,963.942,2717.335,0,0.05031385,0,0.9987335;
custom,cuboid,wood2,13,5,2,0,0,0,1,1.0,1.0,891.6043,1016.788,3391.157,0,0.05031385,0,0.9987335;
custom,cuboid,wood2,13,5,2,0,0,0,1,1.0,1.0,848.299,968.5395,2964.768,0,0.05031385,0,0.9987335;
custom,cuboid,wood2,13,5,2,0,0,0,1,1.0,1.0,863.2279,1015.551,3103.336,0,0.05031385,0,0.9987335;
custom,cuboid,wood2,13,5,2,0,0,0,1,1.0,1.0,874.171,969.1047,3244.812,0,0.05031385,0,0.9987335;
custom,cuboid,wood2,13,6,2,0,0,0,1,1.0,1.0,906.0453,972.3051,3543.012,0,0.05031385,0,0.9987335;
racing,killCuboid,13.2,4.2,2.2,835.0444,1020.706,2834.928,0,0.05031385,0,0.9987335;
racing,killCuboid,13.2,4.2,2.2,824.4561,963.942,2717.335,0,0.05031385,0,0.9987335;
racing,killCuboid,13.2,5.2,2.2,891.6043,1016.788,3391.157,0,0.05031385,0,0.9987335;
racing,killCuboid,13.2,5.2,2.2,848.299,968.5395,2964.768,0,0.05031385,0,0.9987335;
racing,killCuboid,13.2,5.2,2.2,863.2279,1015.551,3103.336,0,0.05031385,0,0.9987335;
racing,killCuboid,13.2,5.2,2.2,874.171,969.1047,3244.812,0,0.05031385,0,0.9987335;
racing,killCuboid,13.2,6.2,2.2,906.0453,972.3051,3543.012,0,0.05031385,0,0.9987335;
racing,killCuboid,2,70,15,974.7589,576.678,3627.807,0,0.9987584,0,-0.0498179;
racing,killCuboid,2,70,15,857.8325,576.678,3645.791,0,0.9987584,0,-0.0498179;
racing,killCuboid,13,65,2,907.5753,619.3229,3565.277,0,0.9987584,0,-0.0498179;
racing,killCuboid,13,85,2,922.4393,637.0739,3704.368,0,0.9987584,0,-0.0498179;
racing,killCuboid,13,2,63,886.7735,221.7145,3396.751,0,0.9987584,0,-0.0498179;
racing,killCuboid,13,2,50,888.2378,299.7155,3324.023,0,0.9987584,0,-0.0498179;
racing,killCuboid,50,2,13,1170.502,222.0359,3111.728,0,0.9987584,0,-0.0498179;
racing,killCuboid,50,2,13,1171.717,300.1966,3111.863,0,0.9987584,0,-0.0498179;
racing,killCuboid,13,2,50,1323.393,300.1966,2781.732,0,0.9987584,0,-0.0498179;
racing,killCuboid,13,2,50,1324.21,221.6746,2780.492,0,0.9987584,0,-0.0498179;
racing,killCuboid,2,10,50,1271.148,258.0343,2791.733,0,0.9987584,0,-0.0498179;
racing,killCuboid,2,10,63,1384.711,260.9547,2837.579,0,0.9987584,0,-0.0498179;
racing,killCuboid,50,10,2,1179.056,258.8751,3165.346,0,0.9987584,0,-0.0498179;
racing,killCuboid,53,10,2,1041.54,263.1958,3057.887,0,0.9987584,0,-0.0498179;
racing,killCuboid,2,10,50,820.0922,259.7141,3333.022,0,0.9987584,0,-0.0498179;
racing,killCuboid,2,10,40,952.5225,259.7141,3377.923,0,0.9987584,0,-0.0498179;
custom,cuboid,wood2,10,2,5,0,0,0,1,1.0,1.0,912.1255,552.9833,3599.47,0,0.04483825,0,0.9989943;
custom,cuboid,wood2,8,2,5,0,0,0,1,1.0,1.0,939.1392,728.64,3609.627,0,0.7390433,0,0.673658;
custom,cuboid,wood2,10,2,5,0,0,0,1,1.0,1.0,919.762,729.3297,3669.986,0,0.04483825,0,0.9989943;
custom,cuboid,wood2,8,2,5,0,0,0,1,1.0,1.0,942.2975,553.1304,3656.123,0,0.7390433,0,0.673658;
custom,cuboid,wood2,10,2,5,0,0,0,1,1.0,1.0,920.4446,906.2954,3670.028,0,0.04483825,0,0.9989943;
custom,cuboid,wood2,8,2,5,0,0,0,1,1.0,1.0,890.0881,906.2953,3613.098,0,0.7390433,0,0.673658;
custom,cuboid,wood2,2,16,10,0,0,0,1,1.0,1.0,925.2485,643.0223,3620.48,0,0.9988981,0,-0.04693177;
custom,cuboid,wood2,2,16,10,0,0,0,1,1.0,1.0,913.0444,464.3864,3614.418,0,0.7383382,0,0.6744307;
custom,cuboid,wood2,2,16,10,0,0,0,1,1.0,1.0,912.3659,368.6369,3614.695,0,0.7383382,0,0.6744307;
custom,cuboid,wood2,8,2,5,0,0,0,1,1.0,1.0,893.2942,395.7464,3661.483,0,0.7390433,0,0.673658;
custom,cuboid,wood2,10,2,5,0,0,0,1,1.0,1.0,912.7254,395.7093,3600.172,0,0.04483825,0,0.9989943;
custom,cuboid,wood2,8,9,2,0,0,0,1,1.0,1.0,908.6115,675.2294,3655.978,0,-0.04443522,0,-0.9990123;
custom,cuboid,wood2,2,16,10,0,0,0,1,1.0,1.0,919.0868,818.7823,3654.941,0,0.7383382,0,0.6744307;
custom,cuboid,wood2,8,9,2,0,0,0,1,1.0,1.0,905.4963,852.9814,3618.24,0,0.6742145,0,-0.7385356;
custom,cuboid,wood2,8,16,2,0,0,0,1,1.0,1.0,927.1164,565.1989,3657.609,0,0.6742145,0,-0.7385356;
racing,killCuboid,10,2,5,912.1255,552.9833,3599.47,0,0.04483825,0,0.9989943;
racing,killCuboid,10.2,2.2,5.2,912.1255,552.9833,3599.47,0,0.04483825,0,0.9989943;
racing,killCuboid,8.2,2.2,5.2,939.1392,728.64,3609.627,0,0.7390433,0,0.673658;
racing,killCuboid,10.2,2.2,5.2,919.762,729.3297,3669.986,0,0.04483825,0,0.9989943;
racing,killCuboid,8.2,2.2,5.2,942.2975,553.1304,3656.123,0,0.7390433,0,0.673658;
racing,killCuboid,10.2,2.2,5.2,920.4446,906.2954,3670.028,0,0.04483825,0,0.9989943;
racing,killCuboid,8.2,2.2,5.2,890.0881,906.2953,3613.098,0,0.7390433,0,0.673658;
racing,killCuboid,2.2,16.2,10.2,925.2485,643.0223,3620.48,0,0.9988981,0,-0.04693177;
racing,killCuboid,2.2,16.2,10.2,913.0444,464.3864,3614.418,0,0.7383382,0,0.6744307;
racing,killCuboid,2.2,16.2,10.2,912.3659,368.6369,3614.695,0,0.7383382,0,0.6744307;
racing,killCuboid,8.2,2.2,5.2,893.2942,395.7464,3661.483,0,0.7390433,0,0.673658;
racing,killCuboid,10.2,2.2,5.2,912.7254,395.7093,3600.172,0,0.04483825,0,0.9989943;
racing,killCuboid,8.2,9.2,2.2,908.6115,675.2294,3655.978,0,-0.04443522,0,-0.9990123;
racing,killCuboid,2.2,16.2,10.2,919.0868,818.7823,3654.941,0,0.7383382,0,0.6744307;
racing,killCuboid,8.2,9.2,2.2,905.4963,852.9814,3618.24,0,0.6742145,0,-0.7385356;
racing,killCuboid,8.2,16.2,2.2,927.1164,565.1989,3657.609,0,0.6742145,0,-0.7385356;
custom,cylinder,default,3,5,3,1,0,0,1,1.0,1.0,946.4303,260.1449,3229.437,0,0.7425374,0,0.6698046;
custom,cylinder,default,3,5,3,1,0,0,1,1.0,1.0,1254.063,255.945,3031.051,0,0.2622127,0,0.9650101;
custom,cuboid,wood2,13,2,7,0,0,0,1,1.0,1.0,1297.777,298.5826,2509.63,0,0.04526895,0,0.9989748;
custom,cuboid,grass2,13,2,7,0,0,0,1,1.0,1.0,1297.777,222.903,2509.63,0,0.04526895,0,0.9989748;
custom,cuboid,wood2,2,10,7,0,0,0,1,1.0,1.0,1352.534,260.2604,2503.724,0,0.04526895,0,0.9989748;
custom,cuboid,wood2,2,10,7,0,0,0,1,1.0,1.0,1243.605,260.2604,2514.129,0,0.04526895,0,0.9989749;
racing,checkpointCuboid,13,8,4,1295.414,268.26,2518.823,0,0.04482523,0,0.9989948;
racing,killSphere,3,3,3,1210.378,261.7691,3102.251,0,0.7553803,0,0.6552866;
racing,killSphere,3,3,3,1021.228,259.9016,3125.46,0,0.7320573,0,0.6812431;
racing,killSphere,3,3,3,1343.21,258.6125,2906.264,0,0.9984491,0,-0.05567215;
racing,killSphere,3,3,3,869.9266,259.1246,3238.231,0,0.9990675,0,-0.04317424;
racing,killSphere,3,3,3,893.2393,260.4984,3466.696,0,0.9993957,0,-0.034759;
custom,cylinder,default,2,5,2,1,0,0,1,1.0,1.0,723.233,1161.826,1357.629,-0.02447285,0.02448695,-0.7071771,0.7061884;
custom,cylinder,default,2,5,2,1,0,0,1,1.0,1.0,-76.14803,758.941,925.8024,-0.02357524,0.02357521,-0.706714,0.7067134;
racing,killCuboid,30,2,30,1197.659,281.9953,2337.64,-0.002458555,0.04850652,0.1173383,0.9919036;
racing,killCuboid,30,2,30,1197.659,100.3955,2337.64,-0.002458555,0.04850652,0.1173383,0.9919036;
custom,cylinder,default,4,20,4,1,0,0,1,1.0,1.0,1194.777,98.80509,2333.477,0,0.03648703,0,0.9993342;
racing,killCuboid,30,2,30,1224.275,-93.92582,2635.569,-0.002458555,0.04850652,0.1173383,0.9919036;
racing,killCuboid,30,2,30,1197.659,-99.00525,2337.64,-0.002458555,0.04850652,0.1173383,0.9919036;
custom,cylinder,default,2,5,2,1,0,0,1,1.0,1.0,1296.68,121.4458,2467.311,-0.7795674,0.6243827,0.03429732,-0.0352801;
racing,killCuboid,30,2,30,1197.659,194.5941,2337.64,-0.002458555,0.04850652,0.1173383,0.9919036;
custom,cylinder,default,2,5,2,1,0,0,1,1.0,1.0,1125.453,-23.15484,2468.724,-0.7795674,0.6243827,0.03429732,-0.0352801;
custom,cylinder,default,2,5,2,1,0,0,1,1.0,1.0,1127.686,175.445,2476.745,-0.7795674,0.6243827,0.03429732,-0.0352801;
racing,killCuboid,2,46,30,1181.149,93.51541,2196.611,-0.008007186,-0.6703539,0.007834782,0.741957;
racing,killCuboid,4,40,30,1212.473,103.4356,2495.48,-0.01120227,0.04714685,-8.279278E-05,0.9988252;
racing,killCuboid,2,43,20,1147.084,92.99567,2636.88,-0.007869221,-0.6832001,0.007973331,0.7301453;
racing,killCuboid,30,2,30,1197.659,-4.6057,2337.64,-0.002458555,0.04850652,0.1173383,0.9919036;
racing,killCuboid,2,30,15,1353.831,66.19579,2549.937,-0.01120263,0.0373803,2.668581E-05,0.9992383;
racing,killCuboid,15,2,18,1275.504,15.39139,2571.592,-0.08541495,0.7414749,0.08048995,0.6606365;
racing,killCuboid,13,20,3,1299.954,106.2973,2619.978,0,0.9987587,0,-0.04980964;
racing,killCuboid,15,2,18,1148.878,270.2322,2564.143,-0.08541495,0.7414749,0.08048995,0.6606365;
racing,killCuboid,15,2,18,1158.981,88.15038,2563.641,-0.08541495,0.7414749,0.08048995,0.6606365;
misc,barrier,25,2,200,35.13851,927.9131,2609.939,-0.1539413,0.03175326,0.004949716,0.9875573;
misc,barrier,25,2,200,35.20134,990.7561,2610.536,-0.1539413,0.03175326,0.004949716,0.9875573;
misc,barrier,2,9,200,153.3358,957.1622,2613.198,-0.1539413,0.03175326,0.004949716,0.9875573;
misc,barrier,2,9,200,-79.95206,957.1915,2627.114,-0.1539413,0.03175326,0.004949716,0.9875573;
misc,barrier,25,2,75,-48.31268,678.9301,1291.621,-0.01360643,0.03213383,0.0004374768,0.9993909;
misc,barrier,25,2,100,-49.4075,609.9739,1311.58,-0.01360643,0.03213383,0.0004374767,0.9993908;
misc,barrier,2,8,75,67.86828,642.371,1295.299,-0.01360643,0.03213383,0.0004374768,0.9993909;
misc,barrier,2,8,75,-167.2451,647.1724,1320.486,-0.01360643,0.03213383,0.0004374768,0.9993909;
misc,barrier,2,30,17,-191.9944,741.9672,895.0266,-0.01360643,0.03213383,0.0004374768,0.9993909;
misc,barrier,2,30,17,45.07476,740.3671,873.9557,-0.01360643,0.03213383,0.0004374768,0.9993909;
misc,barrier,25,40,2,-84.93472,793.9704,812.2037,-0.01360643,0.03213383,0.0004374768,0.9993909;
misc,barrier,25,24,2,-78.85759,775.3693,924.0561,-0.01360643,0.03213383,0.0004374768,0.9993909;
misc,barrier,25,2,50,-64.32565,891.1677,1160.973,-0.01360643,0.03213383,0.0004374768,0.9993909;
misc,barrier,25,2,65,-67.64875,994.6934,1087.974,-0.01360643,0.03213383,0.0004374768,0.9993909;
misc,barrier,2,10,65,-186.7977,948.9713,1103.719,-0.01360643,0.03213383,0.0004374768,0.9993909;
misc,barrier,2,10,58,45.61295,944.1769,995.1452,-0.01360643,0.03213383,0.0004374768,0.9993909;
misc,barrier,70,2,70,401.606,992.6216,1028.956,-0.01360643,0.03213383,0.0004374768,0.9993909;
misc,barrier,70,2,70,401.606,889.0142,1028.956,-0.01360643,0.03213383,0.0004374768,0.9993909;
misc,barrier,88,10,2,243.7835,949.3289,1382.809,-0.01360643,0.03213383,0.0004374768,0.9993909;
misc,barrier,70,10,2,742.0908,933.1378,996.8076,-0.009962996,0.7270067,-0.009277159,0.6864954;
misc,barrier,70,10,2,384.8319,933.1378,690.2245,-0.01360643,0.03213383,0.0004374768,0.9993909;
misc,barrier,60,10,2,379.178,933.1378,982.8046,-0.009962996,0.7270067,-0.009277159,0.6864954;
misc,barrier,60,10,2,129.5784,933.1378,1097.33,-0.009962996,0.7270067,-0.009277159,0.6864954;
misc,barrier,60,10,2,211.5868,933.1378,991.0222,-0.009962996,0.7270067,-0.009277159,0.6864954;
misc,barrier,60,10,2,634.3596,933.1378,1070.096,-0.009962996,0.7270067,-0.009277159,0.6864954;
misc,barrier,60,10,2,301.9173,933.1378,1084.846,-0.009962996,0.7270067,-0.009277159,0.6864954;
misc,barrier,60,10,2,543.0746,933.1378,973.9597,-0.009962996,0.7270067,-0.009277159,0.6864954;
misc,barrier,60,10,2,465.2112,933.1378,1075.119,-0.009962996,0.7270067,-0.009277159,0.6864954;
misc,barrier,20,60,2,779.9677,1087.788,1443.498,-0.01746257,0.7342663,-0.005238498,0.6786166;
misc,barrier,20,60,2,683.7841,1087.788,1448.046,-0.01756844,0.7198935,-0.00487164,0.6938451;
misc,barrier,130,2,13,760.6335,907.5485,1935.696,-0.01747712,0.7323685,-0.005189714,0.6806644;
misc,barrier,30,40,2,660.1714,1187.008,1209.908,-0.01747712,0.7323685,-0.005189714,0.6806644;
misc,barrier,30,40,2,755.7327,1187.008,1195.827,-0.01747712,0.7323685,-0.005189714,0.6806644;
misc,barrier,2,40,13,690.5674,1179.61,1070.142,-0.01747712,0.7323685,-0.005189714,0.6806644;
misc,barrier,150,2,13,745.1044,1394.321,1797.985,-0.01747712,0.7323685,-0.005189714,0.6806644;
misc,barrier,130,60,2,812.2129,1106.221,1903.734,-0.01747712,0.7323685,-0.005189714,0.6806644;
misc,barrier,130,60,2,704.8391,1103.747,1912.328,-0.01747712,0.7323685,-0.005189714,0.6806644;
misc,barrier,13,50,2,808.1881,1237.142,2559.989,-0.0009207414,0.9986651,-0.01917538,-0.04795282;
misc,barrier,13,2,100,856.0663,934.6956,3078.369,0,0.9987584,0,-0.0498179;
misc,barrier,13,2,110,868.5042,1049.496,3164.124,0,0.9987584,0,-0.0498179;
misc,barrier,2,14,110,927.3072,991.7794,3155.24,0,0.9987584,0,-0.0498179;
misc,barrier,2,14,110,810.6945,990.6612,3172.992,0,0.9987584,0,-0.0498179;
misc,barrier,13,6,2,805.0042,1021.425,2611.177,0,0.9987584,0,-0.0498179;
misc,barrier,13.2,4.2,2.2,835.0444,1020.706,2834.928,0,0.05031385,0,0.9987335;
misc,barrier,13.2,4.2,2.2,824.4561,963.942,2717.335,0,0.05031385,0,0.9987335;
misc,barrier,13.2,5.2,2.2,891.6043,1016.788,3391.157,0,0.05031385,0,0.9987335;
misc,barrier,13.2,5.2,2.2,848.299,968.5395,2964.768,0,0.05031385,0,0.9987335;
misc,barrier,13.2,5.2,2.2,863.2279,1015.551,3103.336,0,0.05031385,0,0.9987335;
misc,barrier,13.2,5.2,2.2,874.171,969.1047,3244.812,0,0.05031385,0,0.9987335;
misc,barrier,13.2,6.2,2.2,906.0453,972.3051,3543.012,0,0.05031385,0,0.9987335;
misc,barrier,2,70,15,974.7589,576.678,3627.807,0,0.9987584,0,-0.0498179;
misc,barrier,2,70,15,857.8325,576.678,3645.791,0,0.9987584,0,-0.0498179;
misc,barrier,13,65,2,907.5753,619.3229,3565.277,0,0.9987584,0,-0.0498179;
misc,barrier,13,85,2,922.4393,637.0739,3704.368,0,0.9987584,0,-0.0498179;
misc,barrier,13,2,63,886.7735,221.7145,3396.751,0,0.9987584,0,-0.0498179;
misc,barrier,13,2,50,888.2378,299.7155,3324.023,0,0.9987584,0,-0.0498179;
misc,barrier,50,2,13,1170.502,222.0359,3111.728,0,0.9987584,0,-0.0498179;
misc,barrier,50,2,13,1171.717,300.1966,3111.863,0,0.9987584,0,-0.0498179;
misc,barrier,13,2,50,1323.393,300.1966,2781.732,0,0.9987584,0,-0.0498179;
misc,barrier,13,2,50,1324.21,221.6746,2780.492,0,0.9987584,0,-0.0498179;
misc,barrier,2,10,50,1271.148,258.0343,2791.733,0,0.9987584,0,-0.0498179;
misc,barrier,2,10,63,1384.711,260.9547,2837.579,0,0.9987584,0,-0.0498179;
misc,barrier,50,10,2,1179.056,258.8751,3165.346,0,0.9987584,0,-0.0498179;
misc,barrier,53,10,2,1041.54,263.1958,3057.887,0,0.9987584,0,-0.0498179;
misc,barrier,2,10,50,820.0922,259.7141,3333.022,0,0.9987584,0,-0.0498179;
misc,barrier,2,10,40,952.5225,259.7141,3377.923,0,0.9987584,0,-0.0498179;
misc,barrier,10,2,5,912.1255,552.9833,3599.47,0,0.04483825,0,0.9989943;
misc,barrier,10.2,2.2,5.2,912.1255,552.9833,3599.47,0,0.04483825,0,0.9989943;
misc,barrier,8.2,2.2,5.2,939.1392,728.64,3609.627,0,0.7390433,0,0.673658;
misc,barrier,10.2,2.2,5.2,919.762,729.3297,3669.986,0,0.04483825,0,0.9989943;
misc,barrier,8.2,2.2,5.2,942.2975,553.1304,3656.123,0,0.7390433,0,0.673658;
misc,barrier,10.2,2.2,5.2,920.4446,906.2954,3670.028,0,0.04483825,0,0.9989943;
misc,barrier,8.2,2.2,5.2,890.0881,906.2953,3613.098,0,0.7390433,0,0.673658;
misc,barrier,2.2,16.2,10.2,925.2485,643.0223,3620.48,0,0.9988981,0,-0.04693177;
misc,barrier,2.2,16.2,10.2,913.0444,464.3864,3614.418,0,0.7383382,0,0.6744307;
misc,barrier,2.2,16.2,10.2,912.3659,368.6369,3614.695,0,0.7383382,0,0.6744307;
misc,barrier,8.2,2.2,5.2,893.2942,395.7464,3661.483,0,0.7390433,0,0.673658;
misc,barrier,10.2,2.2,5.2,912.7254,395.7093,3600.172,0,0.04483825,0,0.9989943;
misc,barrier,8.2,9.2,2.2,908.6115,675.2294,3655.978,0,-0.04443522,0,-0.9990123;
misc,barrier,2.2,16.2,10.2,919.0868,818.7823,3654.941,0,0.7383382,0,0.6744307;
misc,barrier,8.2,9.2,2.2,905.4963,852.9814,3618.24,0,0.6742145,0,-0.7385356;
misc,barrier,8.2,16.2,2.2,927.1164,565.1989,3657.609,0,0.6742145,0,-0.7385356;
misc,barrier,30,2,30,1197.659,281.9953,2337.64,-0.002458555,0.04850652,0.1173383,0.9919036;
misc,barrier,30,2,30,1197.659,100.3955,2337.64,-0.002458555,0.04850652,0.1173383,0.9919036;
misc,barrier,30,2,30,1224.275,-93.92582,2635.569,-0.002458555,0.04850652,0.1173383,0.9919036;
misc,barrier,30,2,30,1197.659,-99.00525,2337.64,-0.002458555,0.04850652,0.1173383,0.9919036;
misc,barrier,30,2,30,1197.659,194.5941,2337.64,-0.002458555,0.04850652,0.1173383,0.9919036;
misc,barrier,2,40,30,1337.527,127.3951,2336.325,-0.01120227,0.04714685,-8.279278E-05,0.9988252;
misc,barrier,2,46,30,1181.863,93.51541,2197.814,-0.008007186,-0.6703539,0.007834782,0.741957;
misc,barrier,2,40,30,1056.793,56.19606,2354.754,-0.01120227,0.04714685,-8.279278E-05,0.9988252;
misc,barrier,4,40,30,1212.473,103.4356,2495.48,-0.01120227,0.04714685,-8.279278E-05,0.9988252;
misc,barrier,2,43,20,1146.799,92.99567,2634.699,-0.007869221,-0.6832001,0.007973331,0.7301453;
misc,barrier,30,2,30,1197.659,-4.6057,2337.64,-0.002458555,0.04850652,0.1173383,0.9919036;
misc,barrier,2,30,15,1353.831,66.19579,2549.937,-0.01120263,0.0373803,2.668581E-05,0.9992383;
misc,barrier,15,2,18,1275.504,15.39139,2571.592,-0.08541495,0.7414749,0.08048995,0.6606365;
misc,barrier,2,45,15,1078.319,66.19579,2569.727,-0.01120263,0.0373803,2.668581E-05,0.9992383;
misc,barrier,13,20,3,1299.954,106.2973,2619.978,0,0.9987587,0,-0.04980964;
misc,barrier,15,2,18,1148.878,270.2322,2564.143,-0.08541495,0.7414749,0.08048995,0.6606365;
misc,barrier,15,2,18,1158.981,88.15038,2563.641,-0.08541495,0.7414749,0.08048995,0.6606365;
custom,cylinder,default,2,3,2,1,0,0,1,1.0,1.0,1359.136,-25.81972,2617.959,0,0.9984097,0,-0.05637438;
racing,killCuboid,50,10,2,1589.972,-28.47099,2488.856,0,0.9989271,0,-0.04631129;
racing,killCuboid,2,10,18,1656.386,-27.07099,2561.721,0,0.9989271,0,-0.04631129;
racing,killCuboid,2,10,18,1589.113,-17.67095,2665.104,0,0.9989271,0,-0.04631129;
racing,killCuboid,2,10,18,1837.297,-27.07099,2545.522,0,0.9989271,0,-0.04631129;
racing,killCuboid,2,10,18,1755.358,-27.07099,2645.143,0,0.9989271,0,-0.04631129;
racing,killCuboid,2,10,18,1508.895,-27.07099,2575.446,0,0.9989271,0,-0.04631129;
racing,killCuboid,2,10,18,1446.308,-27.07099,2673.893,0,0.9989271,0,-0.04631129;
racing,killCuboid,57,2,27,1641.109,18.12905,2613.269,0,0.9989271,0,-0.04631129;
custom,cylinder,default,2,4,2,1,0,0,1,1.0,1.0,1449.35,-23.46549,2702.995,0,0.08169223,0,0.9966576;
custom,cylinder,default,2,4,2,1,0,0,1,1.0,1.0,1507.788,-26.28583,2561.447,0,0.99186,0,-0.1273332;
custom,cylinder,default,2,4,2,1,0,0,1,1.0,1.0,1595.311,-24.27609,2743.191,0,0.08446245,0,0.9964267;
custom,cylinder,default,2,4,2,1,0,0,1,1.0,1.0,1651.103,-24.82284,2488.632,0,0.9951343,0,0.09852797;
custom,cylinder,default,2,4,2,1,0,0,1,1.0,1.0,1764.152,-22.41683,2725.367,0,0.07795434,0,0.9969569;
custom,cylinder,default,2,4,2,1,0,0,1,1.0,1.0,1829.883,-24.48135,2467.483,0,0.9997002,0,0.02448465;
racing,killCuboid,2,10,27,1913.644,-27.07099,2588.95,0,0.9989271,0,-0.04631129;
racing,killCuboid,10,2,100,1818.171,-63.9113,1959.304,0,0.9989271,0,-0.04631129;
racing,killCuboid,2,10,100,1855.106,-22.871,1957.258,0,0.9989271,0,-0.04631129;
racing,killCuboid,2,10,100,1776.377,-20.87099,1958.869,0,0.9989271,0,-0.04631129;
custom,cuboid,wood2,10,2,10,0,0,0,1,1.0,1.0,1764.846,18.82678,1411.626,0,0.04769318,0,0.9988621;
custom,cuboid,grass2,10,2,10,0,0,0,1,1.0,1.0,1765.422,-64.01345,1411.288,0,0.04769318,0,0.9988621;
custom,cuboid,wood2,10,2,100,0,0,0,1,1.0,1.0,1820.905,-64.63186,1959.087,0,0.9989271,0,-0.04631129;
custom,cuboid,wood2,10,2,100,0,0,0,1,1.0,1.0,1820.905,18.96901,1959.087,0,0.9989271,0,-0.04631129;
custom,cuboid,wood2,10,10,2,0,0,0,1,1.0,1.0,1726.438,-22.09313,1415.517,0,0.7411994,0,0.671285;
custom,cuboid,wood2,10,10,2,0,0,0,1,1.0,1.0,1803.854,-21.37333,1407.957,0,0.7404963,0,0.6720604;
racing,checkpointCuboid,7,7,4,1768.152,-18.40954,1415.832,0,0.04877793,0,0.9988096;
racing,killCylinder,3,4,3,1856.897,-43.41026,2370.76,-0.018721,0.01843723,-0.7043883,0.7093284;
racing,killCylinder,3,4,3,1848.385,-34.21021,2283.451,-0.018721,0.01843723,-0.7043883,0.7093284;
racing,killCylinder,3,4,3,1836.17,-29.01027,2181.24,-0.018721,0.01843723,-0.7043883,0.7093284;
racing,killCylinder,3,4,3,1830.286,-18.49025,2076.86,-0.018721,0.01843723,-0.7043883,0.7093284;
racing,killCylinder,3,4,3,1816.74,-27.61016,1964.072,-0.018721,0.01843723,-0.7043883,0.7093284;
racing,killCylinder,3,4,3,1802.979,-42.17024,1856.444,-0.018721,0.01843723,-0.7043883,0.7093284;
racing,killCylinder,3,4,3,1790.976,-55.61032,1735.284,-0.018721,0.01843723,-0.7043883,0.7093284;
racing,killCylinder,3,4,3,1786.213,-2.210336,1683.644,-0.018721,0.01843723,-0.7043883,0.7093284;
racing,killCylinder,3,4,3,1797.198,13.58966,1815.502,-0.018721,0.01843723,-0.7043883,0.7093284;
racing,killCylinder,3,4,3,1775.451,-12.8903,1522.325,-0.018721,0.01843723,-0.7043883,0.7093284;
racing,killCylinder,3,4,3,1861.49,-52.6103,2447.648,-0.018721,0.01843723,-0.7043883,0.7093284;
racing,killCuboid,25,2,200,35.13851,927.9131,2609.939,-0.1539413,0.03175326,0.004949716,0.9875573;
racing,killCuboid,25,2,200,35.20134,990.7561,2610.536,-0.1539413,0.03175326,0.004949716,0.9875573;
racing,killCuboid,2,9,200,153.3358,957.1622,2613.198,-0.1539413,0.03175326,0.004949716,0.9875573;
racing,killCuboid,2,9,200,-79.95206,957.1915,2627.114,-0.1539413,0.03175326,0.004949716,0.9875573;
racing,killCuboid,25,2,75,-48.31268,678.9301,1291.621,-0.01360643,0.03213383,0.0004374768,0.9993909;
racing,killCuboid,25,2,100,-49.4075,609.9739,1311.58,-0.01360643,0.03213383,0.0004374767,0.9993908;
racing,killCuboid,2,8,75,67.86828,642.371,1295.299,-0.01360643,0.03213383,0.0004374768,0.9993909;
racing,killCuboid,2,8,75,-167.2451,647.1724,1320.486,-0.01360643,0.03213383,0.0004374768,0.9993909;
racing,killCuboid,2,30,17,45.07476,740.3671,873.9557,-0.01360643,0.03213383,0.0004374768,0.9993909;
racing,killCuboid,25,24,2,-78.85759,775.3693,924.0561,-0.01360643,0.03213383,0.0004374768,0.9993909;
racing,killCuboid,25,2,50,-64.32565,891.1677,1160.973,-0.01360643,0.03213383,0.0004374768,0.9993909;
racing,killCuboid,2,10,58,45.61295,944.1769,995.1452,-0.01360643,0.03213383,0.0004374768,0.9993909;
racing,killCuboid,70,2,70,401.606,889.0142,1028.956,-0.01360643,0.03213383,0.0004374768,0.9993909;
racing,killCuboid,70,10,2,384.8319,933.1378,690.2245,-0.01360643,0.03213383,0.0004374768,0.9993909;
racing,killCuboid,60,10,2,379.178,933.1378,982.8046,-0.009962996,0.7270067,-0.009277159,0.6864954;
racing,killCuboid,60,10,2,129.5784,933.1378,1097.33,-0.009962996,0.7270067,-0.009277159,0.6864954;
racing,killCuboid,60,10,2,211.5868,933.1378,991.0222,-0.009962996,0.7270067,-0.009277159,0.6864954;
racing,killCuboid,60,10,2,634.3596,933.1378,1070.096,-0.009962996,0.7270067,-0.009277159,0.6864954;
racing,killCuboid,60,10,2,301.9173,933.1378,1084.846,-0.009962996,0.7270067,-0.009277159,0.6864954;
racing,killCuboid,60,10,2,543.0746,933.1378,973.9597,-0.009962996,0.7270067,-0.009277159,0.6864954;
racing,killCuboid,60,10,2,465.2112,933.1378,1075.119,-0.009962996,0.7270067,-0.009277159,0.6864954;
racing,killArc180,15,18,15,729.8523,1017.614,1429.621,-0.4760785,-0.5127177,0.5237705,-0.4859366;
racing,killCuboid,20,60,2,779.9677,1087.788,1443.498,-0.01746257,0.7342663,-0.005238498,0.6786166;
racing,killCuboid,20,60,2,683.7841,1087.788,1448.046,-0.01756844,0.7198935,-0.00487164,0.6938451;
racing,killCuboid,30,40,2,660.1714,1187.008,1209.908,-0.01747712,0.7323685,-0.005189714,0.6806644;
racing,killCuboid,30,40,2,755.7327,1187.008,1195.827,-0.01747712,0.7323685,-0.005189714,0.6806644;
racing,killCuboid,2,40,13,690.274,1179.61,1065.644,-0.01747712,0.7323685,-0.005189714,0.6806644;
racing,killCuboid,150,2,13,745.1044,1394.321,1797.985,-0.01747712,0.7323685,-0.005189714,0.6806644;
racing,killCuboid,130,60,2,704.8391,1103.747,1912.328,-0.01747712,0.7323685,-0.005189714,0.6806644;
racing,killCuboid,13,2,100,856.0663,934.6956,3078.369,0,0.9987584,0,-0.0498179;
racing,killCuboid,13,2,110,868.5042,1049.496,3164.124,0,0.9987584,0,-0.0498179;
racing,killCuboid,2,14,110,927.3072,991.7794,3155.24,0,0.9987584,0,-0.0498179;
racing,killCuboid,2,14,110,810.6945,990.6612,3172.992,0,0.9987584,0,-0.0498179;
racing,killCuboid,13,6,2,805.0042,1021.425,2611.177,0,0.9987584,0,-0.0498179;
racing,killCuboid,13.2,4.2,2.2,835.0444,1020.706,2834.928,0,0.05031385,0,0.9987335;
racing,killCuboid,13.2,4.2,2.2,824.4561,963.942,2717.335,0,0.05031385,0,0.9987335;
racing,killCuboid,13.2,5.2,2.2,891.6043,1016.788,3391.157,0,0.05031385,0,0.9987335;
racing,killCuboid,13.2,5.2,2.2,848.299,968.5395,2964.768,0,0.05031385,0,0.9987335;
racing,killCuboid,13.2,5.2,2.2,863.2279,1015.551,3103.336,0,0.05031385,0,0.9987335;
racing,killCuboid,13.2,5.2,2.2,874.171,969.1047,3244.812,0,0.05031385,0,0.9987335;
racing,killCuboid,13.2,6.2,2.2,906.0453,972.3051,3543.012,0,0.05031385,0,0.9987335;
racing,killCuboid,2,70,15,974.7589,576.678,3627.807,0,0.9987584,0,-0.0498179;
racing,killCuboid,2,70,15,857.8325,576.678,3645.791,0,0.9987584,0,-0.0498179;
racing,killCuboid,13,65,2,907.5753,619.3229,3565.277,0,0.9987584,0,-0.0498179;
racing,killCuboid,13,85,2,922.4393,637.0739,3704.368,0,0.9987584,0,-0.0498179;
racing,killCuboid,13,2,63,886.7735,221.7145,3396.751,0,0.9987584,0,-0.0498179;
racing,killCuboid,13,2,50,888.2378,299.7155,3324.023,0,0.9987584,0,-0.0498179;
racing,killCuboid,50,2,13,1170.502,222.0359,3111.728,0,0.9987584,0,-0.0498179;
racing,killCuboid,50,2,13,1171.717,300.1966,3111.863,0,0.9987584,0,-0.0498179;
racing,killCuboid,13,2,50,1323.393,300.1966,2781.732,0,0.9987584,0,-0.0498179;
racing,killCuboid,13,2,50,1324.21,221.6746,2780.492,0,0.9987584,0,-0.0498179;
racing,killCuboid,2,10,50,1271.148,258.0343,2791.733,0,0.9987584,0,-0.0498179;
racing,killCuboid,2,10,63,1384.711,260.9547,2837.579,0,0.9987584,0,-0.0498179;
racing,killCuboid,50,10,2,1179.056,258.8751,3165.346,0,0.9987584,0,-0.0498179;
racing,killCuboid,53,10,2,1041.54,263.1958,3057.887,0,0.9987584,0,-0.0498179;
racing,killCuboid,2,10,50,820.0922,259.7141,3333.022,0,0.9987584,0,-0.0498179;
racing,killCuboid,2,10,40,952.5225,259.7141,3377.923,0,0.9987584,0,-0.0498179;
racing,killCuboid,10,2,5,912.1255,552.9833,3599.47,0,0.04483825,0,0.9989943;
racing,killCuboid,10.2,2.2,5.2,912.1255,552.9833,3599.47,0,0.04483825,0,0.9989943;
racing,killCuboid,8.2,2.2,5.2,939.1392,728.64,3609.627,0,0.7390433,0,0.673658;
racing,killCuboid,10.2,2.2,5.2,919.762,729.3297,3669.986,0,0.04483825,0,0.9989943;
racing,killCuboid,8.2,2.2,5.2,942.2975,553.1304,3656.123,0,0.7390433,0,0.673658;
racing,killCuboid,10.2,2.2,5.2,920.4446,906.2954,3670.028,0,0.04483825,0,0.9989943;
racing,killCuboid,8.2,2.2,5.2,890.0881,906.2953,3613.098,0,0.7390433,0,0.673658;
racing,killCuboid,2.2,16.2,10.2,925.2485,643.0223,3620.48,0,0.9988981,0,-0.04693177;
racing,killCuboid,2.2,16.2,10.2,913.0444,464.3864,3614.418,0,0.7383382,0,0.6744307;
racing,killCuboid,2.2,16.2,10.2,912.3659,368.6369,3614.695,0,0.7383382,0,0.6744307;
racing,killCuboid,8.2,2.2,5.2,893.2942,395.7464,3661.483,0,0.7390433,0,0.673658;
racing,killCuboid,10.2,2.2,5.2,912.7254,395.7093,3600.172,0,0.04483825,0,0.9989943;
racing,killCuboid,8.2,9.2,2.2,908.6115,675.2294,3655.978,0,-0.04443522,0,-0.9990123;
racing,killCuboid,2.2,16.2,10.2,919.0868,818.7823,3654.941,0,0.7383382,0,0.6744307;
racing,killCuboid,8.2,9.2,2.2,905.4963,852.9814,3618.24,0,0.6742145,0,-0.7385356;
racing,killCuboid,8.2,16.2,2.2,927.1164,565.1989,3657.609,0,0.6742145,0,-0.7385356;
racing,killSphere,3,3,3,1210.378,261.7691,3102.251,0,0.7553803,0,0.6552866;
racing,killSphere,3,3,3,1021.228,259.9016,3125.46,0,0.7320573,0,0.6812431;
racing,killSphere,3,3,3,1343.21,258.6125,2906.264,0,0.9984491,0,-0.05567215;
racing,killSphere,3,3,3,869.9266,259.1246,3238.231,0,0.9990675,0,-0.04317424;
racing,killSphere,3,3,3,893.2393,260.4984,3466.696,0,0.9993957,0,-0.034759;
racing,killCuboid,30,2,30,1197.659,281.9953,2337.64,-0.002458555,0.04850652,0.1173383,0.9919036;
racing,killCuboid,30,2,30,1197.659,100.3955,2337.64,-0.002458555,0.04850652,0.1173383,0.9919036;
racing,killCuboid,30,2,30,1224.275,-93.92582,2635.569,-0.002458555,0.04850652,0.1173383,0.9919036;
racing,killCuboid,30,2,30,1197.659,-99.00525,2337.64,-0.002458555,0.04850652,0.1173383,0.9919036;
racing,killCuboid,30,2,30,1197.659,194.5941,2337.64,-0.002458555,0.04850652,0.1173383,0.9919036;
racing,killCuboid,2,40,30,1338.654,127.3951,2334.675,-0.01120227,0.04714685,-8.279278E-05,0.9988252;
racing,killCuboid,2,40,30,1056.187,56.19606,2355.276,-0.01120227,0.04714685,-8.279278E-05,0.9988252;
racing,killCuboid,4,40,30,1212.473,103.4356,2495.48,-0.01120227,0.04714685,-8.279278E-05,0.9988252;
racing,killCuboid,30,2,30,1197.659,-4.6057,2337.64,-0.002458555,0.04850652,0.1173383,0.9919036;
racing,killCuboid,2,30,15,1353.831,66.19579,2549.937,-0.01120263,0.0373803,2.668581E-05,0.9992383;
racing,killCuboid,15,2,18,1275.504,15.39139,2571.592,-0.08541495,0.7414749,0.08048995,0.6606365;
racing,killCuboid,2,45,15,1079.112,66.19579,2569.832,-0.01120263,0.0373803,2.668581E-05,0.9992383;
racing,killCuboid,15,2,18,1148.878,270.2322,2564.143,-0.08541495,0.7414749,0.08048995,0.6606365;
racing,killCuboid,15,2,18,1158.981,88.15038,2563.641,-0.08541495,0.7414749,0.08048995,0.6606365;
racing,killCuboid,15,2,15,1305.921,13.13092,2699.68,0,0.9989319,0,-0.04620687;
racing,killCuboid,2,10,15,1241.303,-26.97759,2707.784,0,0.9994537,0,-0.0330516;
racing,killCuboid,70,10,2,1584.695,-27.07099,2746.815,0,0.9989271,0,-0.04631129;
racing,killCuboid,2,10,18,1656.386,-27.07099,2561.721,0,0.9989271,0,-0.04631129;
racing,killCuboid,2,10,18,1589.113,-17.67095,2665.104,0,0.9989271,0,-0.04631129;
racing,killCuboid,2,10,18,1837.297,-27.07099,2545.522,0,0.9989271,0,-0.04631129;
racing,killCuboid,2,10,18,1755.358,-27.07099,2645.143,0,0.9989271,0,-0.04631129;
racing,killCuboid,2,10,18,1508.895,-27.07099,2575.446,0,0.9989271,0,-0.04631129;
racing,killCuboid,2,10,18,1446.308,-27.07099,2673.893,0,0.9989271,0,-0.04631129;
racing,killCuboid,57,2,27,1641.109,-66.15094,2613.269,0,0.9989271,0,-0.04631129;
racing,killCuboid,2,10,27,1913.644,-27.07099,2588.95,0,0.9989271,0,-0.04631129;
racing,killCuboid,10,2,100,1820.905,18.329,1959.087,0,0.9989271,0,-0.04631129;
racing,killCuboid,2,10,100,1855.106,-22.871,1957.258,0,0.9989271,0,-0.04631129;
racing,killCuboid,2,10,100,1776.377,-20.87099,1958.869,0,0.9989271,0,-0.04631129;
racing,killCylinder,3,4,3,1856.897,-43.41026,2370.76,-0.018721,0.01843723,-0.7043883,0.7093284;
racing,killCylinder,3,4,3,1848.385,-34.21021,2283.451,-0.018721,0.01843723,-0.7043883,0.7093284;
racing,killCylinder,3,4,3,1836.17,-29.01027,2181.24,-0.018721,0.01843723,-0.7043883,0.7093284;
racing,killCylinder,3,4,3,1830.286,-18.49025,2076.86,-0.018721,0.01843723,-0.7043883,0.7093284;
racing,killCylinder,3,4,3,1816.74,-27.61016,1964.072,-0.018721,0.01843723,-0.7043883,0.7093284;
racing,killCylinder,3,4,3,1802.979,-42.17024,1856.444,-0.018721,0.01843723,-0.7043883,0.7093284;
racing,killCylinder,3,4,3,1790.976,-55.61032,1735.284,-0.018721,0.01843723,-0.7043883,0.7093284;
racing,killCylinder,3,4,3,1786.213,-2.210336,1683.644,-0.018721,0.01843723,-0.7043883,0.7093284;
racing,killCylinder,3,4,3,1797.198,13.58966,1815.502,-0.018721,0.01843723,-0.7043883,0.7093284;
racing,killCylinder,3,4,3,1775.451,-12.8903,1522.325,-0.018721,0.01843723,-0.7043883,0.7093284;
racing,killCylinder,3,4,3,1861.49,-52.6103,2447.648,-0.018721,0.01843723,-0.7043883,0.7093284;
misc,barrier,15,2,15,1305.921,15.33092,2699.68,0,0.9989319,0,-0.04620687;
misc,barrier,2,10,15,1241.303,-26.97759,2707.784,0,0.9994537,0,-0.0330516;
misc,barrier,50,10,2,1589.972,-28.47099,2488.856,0,0.9989271,0,-0.04631129;
misc,barrier,70,10,2,1587.102,-27.07099,2749.747,0,0.9989271,0,-0.04631129;
misc,barrier,2,10,18,1656.386,-27.07099,2561.721,0,0.9989271,0,-0.04631129;
misc,barrier,2,10,18,1589.113,-17.67095,2665.104,0,0.9989271,0,-0.04631129;
misc,barrier,2,10,18,1837.297,-27.07099,2545.522,0,0.9989271,0,-0.04631129;
misc,barrier,2,10,18,1755.358,-27.07099,2645.143,0,0.9989271,0,-0.04631129;
misc,barrier,2,10,18,1508.895,-27.07099,2575.446,0,0.9989271,0,-0.04631129;
misc,barrier,2,10,18,1446.308,-27.07099,2673.893,0,0.9989271,0,-0.04631129;
misc,barrier,57,2,27,1641.109,-66.15094,2613.269,0,0.9989271,0,-0.04631129;
misc,barrier,57,2,27,1641.109,21.12906,2613.269,0,0.9989271,0,-0.04631129;
misc,barrier,2,10,27,1913.644,-27.07099,2588.95,0,0.9989271,0,-0.04631129;
misc,barrier,2,10,100,1855.106,-22.871,1957.258,0,0.9989271,0,-0.04631129;
misc,barrier,2,10,100,1776.377,-20.87099,1958.869,0,0.9989271,0,-0.04631129;
custom,cuboid,grass2,100,2,100,0,1,1,1,10,10,1253.043,-71.62073,921.8408,0,0.9981192,0,-0.06130358;
racing,killCuboid,100,2,10,1698.179,-67.74082,864.074,0,0.7491243,0,0.6624295;
racing,killCuboid,100,2,10,1277.207,-66.9408,921.5015,0,0.7491243,0,0.6624295;
racing,killCuboid,100,2,10,1064.256,-67.78082,949.0881,0,0.7491243,0,0.6624295;
racing,killCuboid,100,2,10,1487.258,-67.66082,896.7198,0,0.7491243,0,0.6624295;
racing,killCuboid,100,2,10,1197.671,-67.66082,475.5071,0,0.998183,0,-0.06025675;
racing,killCuboid,100,2,10,1308.007,-67.66082,1368.834,0,0.05921167,0,0.9982454;
racing,killCuboid,100,10,2,1200.493,-18.58075,434.141,0,0.05956109,0,0.9982247;
racing,killCuboid,100,10,2,1664.668,-20.8609,974.4775,0,0.7491243,0,0.6624295;
racing,killCuboid,100,10,2,1739.435,-22.14083,864.0488,0,0.7491243,0,0.6624295;
racing,killCuboid,91,10,2,1315.037,-17.90073,869.6703,0,0.7491243,0,0.6624295;
racing,killCuboid,91,10,2,1231.797,-17.90073,971.7774,0,0.7491243,0,0.6624295;
racing,killCuboid,91,10,2,1536.738,-17.90073,939.137,0,0.7491243,0,0.6624295;
racing,killCuboid,91,10,2,1434.74,-17.90073,846.6035,0,0.7491243,0,0.6624295;
racing,killCuboid,105,10,2,1123.342,-17.90073,1061.928,0,0.7491243,0,0.6624295;
racing,killCuboid,115,10,2,1030.904,-17.90073,1023.595,0,0.7491243,0,0.6624295;
racing,killCuboid,55,10,2,1445.411,-24.78078,1402.37,0,0.9982247,0,-0.05956028;
racing,killCuboid,14,10,2,1429.964,-24.78078,1298.995,0,0.9982247,0,-0.05956028;
racing,killCuboid,14,10,2,1116.424,-24.78078,543.1352,0,0.9982247,0,-0.05956028;
racing,killCuboid,14,10,2,1540.768,-24.78078,494.0205,0,0.9982247,0,-0.05956028;
misc,barrier,100,2,100,1253.043,38.49967,921.8408,0,0.9981192,0,-0.06130358;
misc,barrier,100,10,2,1200.493,-18.58075,434.141,0,0.05956109,0,0.9982247;
misc,barrier,100,10,2,1664.668,-20.8609,974.4775,0,0.7491243,0,0.6624295;
misc,barrier,100,10,2,1740.948,-22.98085,867.7336,0,0.7491243,0,0.6624295;
misc,barrier,91,10,2,1315.037,-17.90073,869.6703,0,0.7491243,0,0.6624295;
misc,barrier,91,10,2,1231.797,-17.90073,971.7774,0,0.7491243,0,0.6624295;
misc,barrier,91,10,2,1536.738,-17.90073,939.137,0,0.7491243,0,0.6624295;
misc,barrier,91,10,2,1434.74,-17.90073,846.6035,0,0.7491243,0,0.6624295;
misc,barrier,105,10,2,1123.342,-17.90073,1061.928,0,0.7491243,0,0.6624295;
misc,barrier,115,10,2,1030.904,-17.90073,1023.595,0,0.7491243,0,0.6624295;
misc,barrier,55,10,2,1445.411,-24.78078,1402.37,0,0.9982247,0,-0.05956028;
misc,barrier,14,10,2,1429.964,-24.78078,1298.995,0,0.9982247,0,-0.05956028;
misc,barrier,14,10,2,1116.424,-24.78078,543.1352,0,0.9982247,0,-0.05956028;
misc,barrier,14,10,2,1540.768,-24.78078,494.0205,0,0.9982247,0,-0.05956028;
custom,cylinder,default,3,4,3,1,0,1,0,10,10,1638.448,-22.5963,1263.052,0,0.07675918,0,0.9970497;
racing,killCuboid,10,22,2,1141.16,-77.25804,1579.202,0,0.9985086,0,-0.05459473;
custom,cylinder,default,3,4,3,1,0,1,0,10,10,1617.528,-28.37132,1064.93,0,0.06155765,0,0.9981036;
custom,cylinder,default,3,4,3,1,0,1,0,10,10,1586.895,-22.81335,816.2976,0,0.06155765,0,0.9981036;
custom,cylinder,default,3,4,3,1,0,1,0,10,10,1557.029,-22.65357,581.1338,0,0.07901437,0,0.9968735;
custom,cylinder,default,3,4,3,1,0,1,0,10,10,1402.973,-27.10162,1069.993,0,0.06410244,0,0.9979433;
custom,cylinder,default,3,4,3,1,0,1,0,10,10,1354.96,-24.51056,730.7621,0,0.04886117,0,0.9988056;
custom,cylinder,default,3,4,3,1,0,1,0,10,10,1163.304,-27.51776,910.9012,0,0.05760549,0,0.9983395;
custom,cylinder,default,4,0.5,4,1,0,1,0,10,10,1617.528,9.90871,1064.93,0,0.06155765,0,0.9981036;
custom,cylinder,default,4,0.5,4,1,0,1,0,10,10,1586.895,15.78665,816.2976,0,0.06155765,0,0.9981036;
custom,cylinder,default,4,0.5,4,1,0,1,0,10,10,1557.029,14.94643,581.1338,0,0.07901437,0,0.9968735;
custom,cylinder,default,4,0.5,4,1,0,1,0,10,10,1402.973,9.898407,1069.993,0,0.06410245,0,0.9979433;
custom,cylinder,default,4,0.5,4,1,0,1,0,10,10,1354.96,14.88945,730.7621,0,0.04886117,0,0.9988056;
custom,cylinder,default,4,0.5,4,1,0,1,0,10,10,1163.304,7.442271,910.9012,0,0.05760549,0,0.9983395;
custom,cylinder,default,4,0.5,4,1,0,1,0,10,10,1638.552,12.80561,1262.48,0,0.08302525,0,0.9965475;
custom,cuboid,brick1,2,2,2,1,1,0,0,0.3,0.3,1343.922,-5.037922,596.9874,0,0.04646016,0,0.9989201;
custom,cuboid,brick1,2,2,2,1,1,0,0,0.3,0.3,1345.743,-4.726553,615.4757,0,0.05740337,0,0.9983511;
custom,cuboid,brick1,2,2,2,1,1,0,0,0.3,0.3,1422.407,-9.772264,1238.026,0,0.06409862,0,0.9979436;
custom,cuboid,brick1,2,2,2,1,1,0,0,0.3,0.3,1420.1,-9.892263,1219.384,0,0.06409862,0,0.9979436;
custom,cuboid,default,2,2,2,1,1,0.9431818,0,0.3,0.3,1377.605,-9.926234,877.7274,0,0.9978604,0,-0.06538056;
custom,cuboid,brick1,2,2,2,1,1,0,0,0.3,0.3,1374.918,-9.94157,858.3095,0,0.9973088,0,-0.07331599;
custom,cuboid,brick1,2,2,2,1,1,0,0,0.3,0.3,1211.857,-11.94611,1301.764,0,0.06481289,0,0.9978974;
custom,cuboid,brick1,2,2,2,1,1,0,0,0.3,0.3,1206.721,-11.97661,1264.501,0,0.06481289,0,0.9978974;
custom,cuboid,default,2,2,2,1,1,1,0,0.3,0.3,1209.302,-12.08001,1283.181,0,0.9974473,0,-0.07140674;
custom,cuboid,brick1,2,2,2,1,1,0,0,0.3,0.3,1126.338,-11.55654,620.1622,0,0.9974369,0,-0.07155228;
custom,cuboid,brick1,2,2,2,1,1,0,0,0.3,0.3,1131.843,-11.63654,657.2788,0,0.997436,0,-0.07156406;
custom,cuboid,default,2,2,2,1,1,1,0,0.3,0.3,1129.271,-11.63654,639.4755,0,0.9974355,0,-0.07157131;
custom,cuboid,brick1,2,2,2,1,1,0,0,0.3,0.3,1177.74,-10.47437,1068.347,0,0.05870537,0,0.9982753;
custom,arc180,default,0.3,0.3,0.3,1,0,0,0,0.3,0.3,1387.235,-7.325098,878.1223,-0.4453122,0.5511457,0.5364192,0.4584648;
custom,arc90,default,0.3,0.3,0.3,1,0,0,0,0.3,0.3,1387.2,-5.885099,875.1756,-0.5559413,0.4743328,-0.4301085,-0.5300419;
custom,arc180,default,0.3,0.3,0.3,1,0,0,0,0.3,0.3,1367.159,-8.334852,876.8961,-0.5726342,-0.4201501,-0.4451607,0.5453403;
custom,arc90,default,0.3,0.3,0.3,1,0,0,0,0.3,0.3,1367.756,-7.13485,879.6853,-0.67948,0.7286243,0.07189713,-0.04737494;
custom,arc180,default,0.3,0.3,0.3,1,0,0,0,0.3,0.3,1377.889,-8.17848,887.7266,0.7197356,-0.05052397,-0.04962089,-0.6906271;
custom,arc90,default,0.3,0.3,0.3,1,0,0,0,0.3,0.3,1380.752,-6.818481,887.1646,-0.4814145,0.4954982,0.547708,-0.4719508;
custom,arc180,default,0.3,0.3,0.3,1,0,0,0,0.3,0.3,1218.937,-10.02919,1282.389,0.5044938,-0.4929411,-0.5129702,-0.4892409;
custom,arc90,default,0.3,0.3,0.3,1,0,0,0,0.3,0.3,1218.651,-8.509192,1280.075,0.001065672,-0.1007628,0.6868324,-0.7197965;
custom,arc180,default,0.3,0.3,0.3,1,0,0,0,0.3,0.3,1199.62,-10.14042,1283.154,0.5336844,0.4650051,0.4830239,-0.5154019;
custom,arc90,default,0.3,0.3,0.3,1,0,0,0,0.3,0.3,1200.434,-8.965897,1285.734,-0.707899,0.7028436,0.06937227,-0.008796113;
custom,arc180,default,0.3,0.3,0.3,1,0,0,0,0.3,0.3,1139.123,-9.561614,639.7043,0.4194682,-0.5755348,-0.532919,-0.4569502;
custom,arc90,default,0.3,0.3,0.3,1,0,0,0,0.3,0.3,1138.73,-8.401615,637.0953,0.1033936,-0.02320611,0.694499,-0.7116477;
custom,arc180,default,0.3,0.3,0.3,1,0,0,0,0.3,0.3,1118.938,-10.22664,639.3997,0.5750115,0.4225713,0.4787781,-0.511436;
custom,arc90,default,0.3,0.3,0.3,1,0,0,0,0.3,0.3,1119.473,-9.146644,641.8703,-0.6914521,0.7121499,0.1206765,0.01317692;
custom,cylinder,default,0.1,0.2,0.1,1,0,0,0,0.3,0.3,1119.487,-14.74664,640.5682,0,0.7594975,0,0.6505102;
custom,cylinder,default,0.1,0.2,0.1,1,0,0,0,0.3,0.3,1140.242,-14.07743,638.0204,0,0.6603744,0,-0.7509365;
custom,cylinder,default,0.1,0.2,0.1,1,0,0,0,0.3,0.3,1219.069,-14.46854,1281.308,0,0.6813808,0,-0.7319291;
custom,cylinder,default,0.1,0.2,0.1,1,0,0,0,0.3,0.3,1199.393,-14.77051,1284.445,0,0.7451947,0,0.6668469;
custom,cylinder,default,0.1,0.2,0.1,1,0,0,0,0.3,0.3,1379.358,-12.75492,887.7043,0,0.9987983,0,-0.04901035;
custom,cylinder,default,0.1,0.2,0.1,1,0,0,0,0.3,0.3,1387.301,-12.00378,876.4498,0,0.6601728,0,-0.7511138;
custom,cylinder,default,0.1,0.2,0.1,1,0,0,0,0.3,0.3,1367.797,-13.03492,878.3729,0,0.7525623,0,0.6585211;
custom,sphere,default,0.2,0.2,0.2,1,0,0,0,0.3,0.3,1379.328,-15.87134,886.6273,0,0.9980432,0,-0.06252909;
custom,sphere,default,0.2,0.2,0.2,1,0,0,0,0.3,0.3,1368.595,-16.18818,878.4639,0,0.7528595,0,0.6581813;
custom,sphere,default,0.2,0.2,0.2,1,0,0,0,0.3,0.3,1386.712,-15.17021,876.5784,0,0.6465648,0,-0.7628591;
custom,sphere,default,0.2,0.2,0.2,1,0,0,0,0.3,0.3,1138.46,-17.63219,638.4431,0,0.6646195,0,-0.7471821;
custom,sphere,default,0.2,0.2,0.2,1,0,0,0,0.3,0.3,1120.18,-17.92822,640.5626,0,0.7114004,0,0.7027869;
custom,sphere,default,0.2,0.2,0.2,1,0,0,0,0.3,0.3,1200.263,-18.29929,1284.466,0,0.7850534,0,0.6194281;
custom,sphere,default,0.2,0.2,0.2,1,0,0,0,0.3,0.3,1218.293,-18.09848,1281.488,0,0.6159722,0,-0.7877679;
racing,killCuboid,40,12,2,1075.078,-127.8529,1394.19,0,0.659735,0,-0.7514983;
racing,killCuboid,40,12,2,1162.973,-127.8529,1395.717,0,0.659735,0,-0.7514983;
racing,killCuboid,2,10,40,1127.161,-130.7494,1006.858,0,0.982928,0,0.1839904;
racing,killCuboid,2,10,40,1439.448,-129.6539,794.9023,0,0.8703988,0,0.4923474;
racing,killCuboid,2,10,40,1692.984,-130.8764,593.8545,0,0.6305456,0,-0.7761523;
racing,killCuboid,2,10,35,1202.173,-130.7494,1046.424,0,0.982928,0,0.1839904;
racing,killCuboid,2,10,35,1354.074,-129.6539,725.8506,0,0.8703988,0,0.4923474;
racing,killCuboid,2,10,35,1776.571,-130.8764,659.0991,0,0.627017,0,-0.7790056;
racing,killCuboid,12,2,40,1117.792,-181.6399,1399.873,0,0.9972522,0,-0.07408113;
racing,killCuboid,12,2,40,1166.659,-180.1584,1053.698,0,0.9812402,0,0.1927893;
racing,killCuboid,12,2,40,1354.486,-179.559,789.9517,0,0.8768751,0,0.4807184;
racing,killCuboid,12,2,40,1696.322,-179.6533,644.7163,0,0.7787545,0,0.6273288;
racing,killCuboid,12,2,40,1705.658,-71.68626,629.2854,0,0.6287611,0,-0.7775986;
misc,barrier,40,12,2,1075.078,-127.8529,1394.19,0,0.659735,0,-0.7514983;
misc,barrier,40,12,2,1162.617,-127.8529,1395.534,0,0.659735,0,-0.7514983;
misc,barrier,2,10,40,1127.161,-130.7494,1006.858,0,0.982928,0,0.1839904;
misc,barrier,2,10,40,1439.448,-129.6539,794.9023,0,0.8703988,0,0.4923474;
misc,barrier,2,10,40,1692.984,-130.8764,593.8545,0,0.6305456,0,-0.7761523;
misc,barrier,2,10,35,1202.173,-130.7494,1046.424,0,0.982928,0,0.1839904;
misc,barrier,2,10,35,1354.074,-129.6539,725.8506,0,0.8703988,0,0.4923474;
misc,barrier,2,10,35,1776.571,-130.8764,659.0991,0,0.627017,0,-0.7790056;
misc,barrier,12,2,40,1117.792,-181.6399,1399.873,0,0.9972522,0,-0.07408113;
misc,barrier,12,2,40,1166.659,-180.1584,1053.698,0,0.9812402,0,0.1927893;
misc,barrier,12,2,40,1354.486,-179.559,789.9517,0,0.8768751,0,0.4807184;
misc,barrier,12,2,40,1696.322,-179.6533,644.7163,0,0.7787545,0,0.6273288;
misc,barrier,12,2,40,1703.922,-71.92647,629.3965,0,0.6287611,0,-0.7775986;
misc,barrier,15,2,10,1133.853,39.16905,1512.402,0,0.7464286,0,0.6654656;
custom,cylinder,default,3,5,3,1,0,1,0,1.0,1.0,1145.09,-116.5515,1200.108,0,0.9999252,0,0.01223291;
custom,cylinder,default,3,5,3,1,0,1,0,1.0,1.0,1055.594,-115.6569,1174.553,0,0.9944287,0,-0.1054114;
custom,cylinder,default,3,5,3,1,0,1,0,1.0,1.0,1199.06,-114.2737,808.5313,0,0.9769753,0,0.2133524;
custom,cylinder,default,3,5,3,1,0,1,0,1.0,1.0,1269.772,-113.6631,900.1838,0,0.9103686,0,0.4137983;
custom,cylinder,default,3,5,3,1,0,1,0,1.0,1.0,1613.579,-117.6043,699.9277,0,0.8610294,0,0.5085552;
custom,cylinder,default,3,5,3,1,0,1,0,1.0,1.0,1518.648,-118.171,618.7012,0,0.902077,0,0.4315752;
custom,cylinder,default,4,0.5,4,1,0,1,0,1.0,1.0,1145.09,-166.9507,1200.108,0,0.9999252,0,0.01223291;
custom,cylinder,default,4,0.5,4,1,0,1,0,1.0,1.0,1055.594,-165.8561,1174.553,0,0.9944287,0,-0.1054114;
custom,cylinder,default,4,0.5,4,1,0,1,0,1.0,1.0,1199.06,-165.2729,808.5313,0,0.9769753,0,0.2133524;
custom,cylinder,default,4,0.5,4,1,0,1,0,1.0,1.0,1269.772,-167.2623,900.1838,0,0.9103686,0,0.4137983;
custom,cylinder,default,4,0.5,4,1,0,1,0,1.0,1.0,1613.579,-172.6035,699.9277,0,0.8610294,0,0.5085552;
custom,cylinder,default,4,0.5,4,1,0,1,0,1.0,1.0,1518.648,-174.1702,618.7012,0,0.902077,0,0.4315752;
custom,cuboid,grass2,10,2,25,1,0,1,0,1.0,1.0,2000.752,-174.5203,568.8056,0,0.6259457,0,-0.7798666;
custom,cuboid,wood2,10,2,25,0,0,1,0,1.0,1.0,2000.303,-88.45778,568.2631,0,0.6260122,0,-0.7798133;
custom,cuboid,wood2,2,8,25,0,0,1,0,1.0,1.0,1992.108,-129.3121,535.4335,0,0.6394058,0,-0.7688694;
custom,cuboid,wood2,2,8,25,0,0,1,0,1.0,1.0,2008.188,-129.9121,605.2819,0,0.6239823,0,-0.7814385;
racing,endCuboid,6,7,4,2099.248,-129.337,548.9128,0,0.7794399,0,0.6264771;
custom,cuboid,grass2,30,2,30,1,0,1,0,4,4,2269.19,-174.3157,512.5931,0,0.6274565,0,-0.7786516;
custom,cuboid,wood2,2,14,30,1,1,1,0,4,4,2299.509,-100.4855,650.0963,0,0.780093,0,0.6256636;
custom,cuboid,wood2,2,14,30,1,1,1,0,4,4,2407.972,-100.4826,485.517,0,-0.1097468,0,-0.9939596;
custom,cuboid,wood2,2,14,30,1,1,1,0,4,4,2237.844,-101.052,375.5011,0,0.7788774,0,0.6271762;
custom,cuboid,wood2,2,14,11,1,1,1,0,4,4,2109.696,-101.2842,450.8364,0,0.9930191,0,-0.1179539;
custom,cuboid,wood2,2,14,11,1,1,1,0,4,4,2151.99,-100.4794,637.1447,0,0.9942361,0,-0.1072134;
custom,cuboid,wood2,2,5,11,1,1,1,0,1,1,2131.941,-55.3998,544.9243,0,-0.1097035,0,-0.9939644;
misc,barrier,30,2,30,2268.36,-39.57514,513.9023,0,0.626265,0,-0.7796103;
custom,cylinder,metal3,0.3,0.4,0.3,1,0,0,0,1,1,2405.961,-101.0985,519.8833,-0.2277803,0.7789479,-0.1639815,0.560773;
custom,arc180,metal3,0.3,0.4,0.3,1,0,0,0,1,1,2411.906,-120.9471,550.0187,-0.5033206,0.4817568,-0.4448501,-0.5627496;
custom,arc90,metal3,0.3,0.4,0.3,1,0,0,0,1,1,2413.052,-119.587,552.5658,0.6740264,-0.7339966,-0.06995107,0.04521392;
custom,cylinder,metal3,0.1,0.3,0.1,1,0,0,0,1,1,2412.564,-126.6743,551.382,-0.5493428,0.551264,-0.4432572,0.4448074;
custom,arc90,metal3,0.3,0.3,0.3,1,0,0,0,1,1,2412.789,-124.927,552.2746,-0.7087595,0.6952345,0.0901705,-0.07860241;
custom,arc180,metal3,0.3,0.3,0.3,1,0,0,0,1,1,2395.879,-136.8646,477.5385,-0.6114631,0.4280214,-0.4462675,-0.4937164;
custom,arc180,metal3,0.3,0.3,0.3,1,0,0,0,1,1,2395.834,-142.6636,477.4937,-0.5191048,0.4567409,-0.4222157,-0.5862182;
custom,arc90,metal3,0.3,0.3,0.3,1,0,0,0,1,1,2396.651,-144.3383,480.3753,-0.4107456,0.5144692,0.5822084,0.4771194;
custom,arc90,metal3,0.3,0.3,0.3,1,0,0,0,1,1,2396.708,-135.4185,480.1244,-0.7146239,0.6908202,0.04717941,-0.09926859;
custom,pillar1,default,1,1,1,0,0,0,0,1,1,2177.638,-167.9675,657.2913,0,0.1169469,0,0.9931382;
custom,pillar1,default,1,1,1,0,0,0,0,1,1,2122.703,-165.0406,420.6102,0,0.9876025,0,-0.1569753;
custom,cylinder,default,0.5,3,0.5,1,1,1,1,1,1,2369.397,-125.2779,624.8636,0,0.1506061,0,0.9885939;
custom,pillar1,default,1,1,1,0,0,0,0,1,1,2408.95,-164.806,598.6764,0,0.7741087,0,0.6330528;
custom,cuboid,bombexplosiontex,3,0.01,3,0,0,0,0,1,1,2193.261,-37.22283,592.1289,0,0.7853258,0,0.6190827;
custom,cuboid,bombexplosiontex,3,0.01,3,0,0,0,0,1,1,2303.685,-41.7275,499.085,0,0.8064587,0,0.5912904;
custom,cuboid,bombexplosiontex,3,0.01,3,0,0,0,0,1,1,2336.671,-33.50813,587.0176,0,0.6675265,0,0.744586;
custom,cuboid,bombexplosiontex,3,0.01,3,0,0,0,0,1,1,2153.832,-39.93031,467.689,0,0.7660634,0,0.642765;
custom,cuboid,bombexplosiontex,3,0.01,3,1,1,0,0,1,1,2242.9,-37.84598,523.5938,0,0.7518605,0,0.6593222;
custom,cuboid,bombexplosiontex,3,0.01,3,1,1,0,0,1,1,2300.742,-54.94816,575.727,0,0.7132774,0,0.7008818;
custom,cuboid,bombexplosiontex,3,0.01,3,1,1,0,0,1,1,2307.438,-44.23045,420.3845,0,0.7880355,0,0.6156299;
custom,cuboid,bombexplosiontex,3,0.01,3,1,1,0,0,1,1,2398.921,-45.43045,512.585,0,0.7880355,0,0.6156299;
custom,cuboid,bombexplosiontex,3,0.01,3,1,1,0,0,1,1,2181.869,-41.92928,489.2854,0,0.786692,0,0.6173457;
custom,cuboid,bombexplosiontex,3,0.01,3,1,1,1,0,1,1,2212.11,-45.94938,529.2134,0,0.7646693,0,0.6444229;
custom,cuboid,bombexplosiontex,3,0.01,3,1,1,1,0,1,1,2318.969,-46.14934,610.6851,0,0.7646693,0,0.6444229;
custom,cuboid,bombexplosiontex,3,0.01,3,1,1,1,0,1,1,2345.732,-42.54935,438.674,0,0.7646693,0,0.6444229;
custom,cuboid,bombexplosiontex,3,0.01,3,1,1,1,0,1,1,2215.191,-32.34937,438.5842,0,0.7646693,0,0.6444229;
custom,cuboid,bombexplosiontex,3,0.01,3,1,0,1,0,1,1,2248.614,-36.48947,464.4962,0,0.7646693,0,0.6444229;
custom,cuboid,bombexplosiontex,3,0.01,3,1,0,1,0,1,1,2308.203,-38.88946,549.5952,0,0.7646693,0,0.6444229;
custom,cuboid,bombexplosiontex,3,0.01,3,1,0,1,0,1,1,2266.698,-56.8895,555.9182,0,0.7646693,0,0.6444229;
custom,cuboid,bombexplosiontex,3,0.01,3,1,0,1,0,1,1,2273.332,-34.75941,400.0961,0,0.8191797,0,0.5735369;
custom,cuboid,bombexplosiontex,3,0.01,3,1,0,1,0,1,1,2382.919,-40.95948,471.298,0,0.81918,0,0.5735366;
custom,cuboid,bombexplosiontex,3,0.01,3,1,0,1,1,1,1,2266.608,-52.26884,467.0294,0,0.81918,0,0.5735366;
custom,cuboid,bombexplosiontex,3,0.01,3,1,0,1,1,1,1,2280.879,-39.26891,605.8578,0,0.81918,0,0.5735366;
custom,cuboid,bombexplosiontex,3,0.01,3,1,0,1,1,1,1,2281.189,-41.46887,538.0619,0,0.81918,0,0.5735366;
custom,cuboid,bombexplosiontex,3,0.01,3,1,0,1,1,1,1,2163.711,-35.70399,446.8486,0,0.8788409,0,0.4771151;
custom,cuboid,bombexplosiontex,3,0.01,3,1,0,1,1,1,1,2389.978,-32.07687,555.3452,0,0.7561732,0,0.6543716;
custom,cuboid,bombexplosiontex,3,0.01,3,1,0,0,1,1,1,2228.339,-40.03391,619.7205,0,0.7632664,0,0.646084;
custom,cuboid,bombexplosiontex,3,0.01,3,1,0,0,1,1,1,2240.553,-35.83392,499.6642,0,0.7632664,0,0.6460838;
custom,cuboid,bombexplosiontex,3,0.01,3,1,0,0,1,1,1,2357.452,-38.23391,410.1249,0,0.7632664,0,0.6460838;
custom,cuboid,bombexplosiontex,3,0.01,3,1,0,0,1,1,1,2340.35,-43.0339,521.2648,0,0.7632664,0,0.6460838;
custom,cuboid,bombexplosiontex,3,0.01,3,1,0,0,1,1,1,2151.191,-32.23393,434.3206,0,0.7632664,0,0.6460838;
custom,sphere,default,3,3,3,1,1,1,1,1,1,2196.302,-125.1963,387.8275,0,0.9960688,0,-0.08858348;
custom,arc180,default,1,1,1,1,1,1,1,1,1,2223.298,-85.79975,387.6969,-0.1929803,0.6268321,0.6379842,-0.4035051;
custom,arc180,default,1,1,1,1,1,1,1,1,1,2168.282,-83.55943,400.0058,0.5718957,-0.2462161,-0.4221036,0.6588942;
custom,cuboid,default,4,1,0.2,1,1,1,1,1,1,2212.314,-107.8833,388.1664,-0.1985777,0.6306666,0.6895476,-0.2955516;
custom,cuboid,default,4,1,0.2,1,1,1,1,1,1,2204.904,-100.5576,389.2527,-0.3059822,0.5697036,0.6393694,-0.4159563;
custom,cuboid,default,4,1,0.2,1,1,1,1,1,1,2188.07,-99.91947,393.46,0.4121938,0.6708215,0.5572529,0.2637499;
custom,cuboid,default,4,1,0.2,1,1,1,1,1,1,2177.364,-105.3354,394.9857,0.3028384,0.7126943,0.6107669,0.1652864;
custom,sphere,default,0.2,0.2,0.2,1,0.8181818,0.25,1,1,1,2199.935,-124.4051,404.0283,0,0.9965259,0,-0.08328309;
custom,sphere,default,0.2,0.2,0.2,1,0.8181818,0.25,1,1,1,2200.267,-123.7438,403.901,0,0.9913653,0,-0.1311291;
custom,sphere,default,0.2,0.2,0.2,1,0.8181818,0.25,1,1,1,2199.313,-123.8238,404.1999,0,0.9913639,0,-0.1311398;
custom,cuboid,default,0.05,1,0.05,1,0,0,0,1,1,2193.794,-122.812,406.4966,-0.6413801,0.7573568,0.07926156,-0.09359407;
custom,cuboid,default,0.05,1,0.05,1,0,0,0,1,1,2193.846,-125.012,406.8004,-0.7293663,0.6730381,0.09014183,-0.08318032;
custom,cuboid,default,0.05,1,0.05,1,0,0,0,1,1,2206.627,-123.452,404.1307,0.6791253,0.7236996,-0.08394197,-0.08945154;
custom,cuboid,default,0.05,1,0.05,1,0,0,0,1,1,2206.298,-125.892,403.2351,0.7871497,0.6044373,-0.09730443,-0.07471818;
custom,cuboid,default,0.05,0.5,0.05,1,0,0,0,1,1,2200.175,-125.9006,405.2106,-0.6976832,0.7050277,0.08945662,-0.09039834;
custom,cuboid,default,0.05,0.09,0.05,1,1,1,0.375,1,1,2200.21,-126.5416,404.3515,0,0.9921277,0,-0.1252304;
custom,cuboid,default,0.05,0.09,0.05,1,1,1,0.375,1,1,2199.733,-126.5416,404.8116,0,0.9921263,0,-0.1252417;
custom,cuboid,default,0.5,0.5,0.3,1,0,0,0,1,1,2203.522,-117.8612,402.6075,0,0.9912612,0,-0.131914;
custom,cuboid,default,0.5,0.5,0.3,1,0,0,0,1,1,2196.187,-117.8612,404.8345,0,0.9912612,0,-0.131914;
custom,cuboid,default,0.3,0.1,0.3,1,0,0,0,1,1,2199.693,-116.9811,402.8094,0,0.9912612,0,-0.131914;
custom,cuboid,default,0.8,0.1,0.3,1,0,0,0,1,1,2190.257,-116.1677,402.4375,0.01102962,0.9838061,-0.01571272,0.1782048;
custom,cuboid,default,0.8,0.1,0.3,1,0,0,0,1,1,2207.636,-116.0689,397.9664,0,0.8453565,0,-0.5342027;
custom,cylinder,default,2,2,2,1,1,1,1,1,1,2178.005,-97.55972,391.2149,-0.3464572,0.9244977,0.04186155,-0.1533596;
custom,cylinder,default,2,2,2,1,1,1,1,1,1,2210.311,-100.8809,383.9378,0.3239744,0.9385316,0.003119808,-0.1191192;
custom,cylinder,default,0.5,2,0.5,1,1,1,1,1,1,2213.037,-85.99277,659.5748,0,0.09853917,0,0.9951332;
custom,cylinder,default,0.5,2,0.5,1,1,1,1,1,1,2234.064,-86.49109,654.7502,0,0.1310477,0,0.991376;
custom,cylinder,default,0.5,2,0.5,1,1,1,1,1,1,2250.384,-87.22562,652.1559,-0.01438048,0.1302568,-0.108788,0.9853891;
custom,cylinder,default,0.5,2,0.5,1,1,1,1,1,1,2260.161,-87.18562,649.2379,0.01764932,0.1298545,0.1335167,0.982344;
custom,cylinder,default,0.5,2,0.5,1,1,1,1,1,1,2283.398,-86.90486,644.8944,0,0.1245625,0,0.9922118;
custom,cylinder,default,0.5,2,0.5,1,1,1,1,1,1,2323.325,-89.10224,635.0724,0,0.1050627,0,0.9944656;
custom,cylinder,default,0.5,2,0.5,1,1,1,1,1,1,2218.934,-139.0908,658.1536,0,0.1180904,0,0.9930029;
custom,cylinder,default,0.5,2,0.5,1,1,1,1,1,1,2218.422,-120.6517,657.1133,-0.08370636,0.08329819,-0.7038731,0.7004409;
custom,cylinder,default,0.5,2,0.5,1,1,1,1,1,1,2245.414,-138.0448,653.1547,0,0.102917,0,0.9946899;
custom,torus,default,3,1,3,1,1,1,1,1,1,2293.879,-133.2345,638.2609,-0.6865999,0.1006829,0.09688944,0.7134817;
custom,torus,default,3,1,3,1,1,1,1,1,1,2332.299,-134.0048,630.0687,-0.6735787,0.09618354,0.08906698,0.7273977;
custom,arc180,default,2,1,1,1,1,1,1,1,1,2294.802,-77.52879,640.8853,0.1126064,0.7242143,0.6701294,-0.1173033;
custom,cuboid,default,2,0.5,1,1,1,1,1,1,1,2224.3,-83.54856,656.7964,0,0.116085,0,0.9932393;
custom,cuboid,default,1,0.5,1,1,1,1,1,1,1,2254.979,-90.71908,651.1869,0,0.1312402,0,0.9913506;
custom,cuboid,default,2,0.5,1,1,1,1,1,1,1,2299.565,-95.98058,643.7181,-0.04384903,0.1215961,-0.3866898,0.9131061;
custom,cuboid,default,2,0.5,1,1,1,1,1,1,1,2336.413,-71.46066,636.1074,0,0.133408,0,0.9910612;
custom,cuboid,default,2,0.5,1,1,1,1,1,1,1,2336.773,-106.3712,636.0132,0.01329572,0.1295905,0.004604649,0.9914678;
custom,cuboid,default,1.7,0.5,1,1,1,1,1,1,1,2334.19,-88.74222,636.1821,0,0.1571544,0,0.9875741;
custom,cuboid,default,2,0.5,1,1,1,1,1,1,1,2261.429,-145.8234,652.8882,-0.05252718,0.1319951,-0.3659973,0.9197088;
custom,statue1,wood4,4,4,4,1,1,0,0,1,1,2329.15,-166.667,435.1624,0,0.2361797,0,-0.9717094;
custom,cuboid,grass4,200,3,200,1,0,1,0,20,20,-198.2155,-13.95274,-289.5775,0,0.9999792,0,0.006447863;
custom,statue1,default,50,50,50,0,0,1,0,40,40,234.7876,-159.1763,-785.1706,0,0.1709583,0,-0.9852783;
custom,cylinder,default,1,4,1,1,0,0,1,1.0,1.0,125.224,321.6283,-56.22817,-0.1873814,0.9822872,3.020864E-05,-0.0001583593;
custom,cylinder,default,1,4,1,1,0,0,1,1.0,1.0,96.72977,322.2649,-56.98677,0.1873798,0.9822787,0.0007816724,0.004097671;
custom,cylinder,default,1,2,1,1,0,0,1,1.0,1.0,112.3853,312.384,-56.37597,-0.6971593,0.7169042,-0.002908266,0.002990634;
custom,cylinder,default,1,4,1,1,0,0,1,1.0,1.0,43.52334,328.7239,-58.73498,0,0.9999599,0,-0.008951948;
custom,cylinder,default,1,4,1,1,0,0,1,1.0,1.0,72.05919,325.5574,-59.85823,0,0.9999636,0,0.008533211;
custom,cylinder,default,1,4,1,1,0,0,1,1.0,1.0,56.08941,326.8839,-59.36643,0.1667621,0.9859566,-0.00149092,-0.008814847;
custom,cylinder,default,1,4,1,1,0,0,1,1.0,1.0,20.50822,327.8713,-62.0205,0,0.9998779,0,-0.01562906;
custom,arc180,default,6,1,6,1,0,0,1,1.0,1.0,-3.764165,329.2634,-59.06743,0.7090116,0.02159144,-0.02737621,0.7043344;
custom,cylinder,default,1,4,1,1,0,0,1,1.0,1.0,-69.23992,326.132,-60.72578,-0.2587949,0.9658358,0.003533692,-0.01318792;
custom,cylinder,default,1,2,1,1,0,0,1,1.0,1.0,-58.91765,345.7323,-58.5149,0.2334236,0.9722792,-0.003189238,-0.01328413;
custom,arc180,default,3,1,1,1,0,0,0,1.0,1.0,33.01564,436.6628,-22.87399,-0.6478582,0.0357905,-0.007312892,0.7608846;
custom,prism,default,9,1,9,1,0,0,0,1.0,1.0,36.38086,451.8103,-31.34066,0.04159843,0.7509161,-0.65731,0.04835445;
custom,prism,default,7,1,7,1,0,0,1,1.0,1.0,35.51493,450.6004,-28.18689,0.03124829,0.7761871,-0.6285444,0.03858843;
custom,arc180,default,4,1,2,1,0,0,0,1.0,1.0,33.04088,443.5691,-24.14392,-0.5518665,0.496533,0.4972987,-0.4489905;
racing,killCuboid,130,60,2,812.2129,1106.221,1903.734,-0.01747712,0.7323685,-0.005189714,0.6806644;
custom,cylinder,default,2,7,2,1,0,0,1,1.0,1.0,-41.00512,686.1245,1269.993,-0.02317793,0.02319412,-0.7064798,0.7069731;
custom,cylinder,default,2,7,2,1,0,0,1,1.0,1.0,67.28364,1152.271,3097.182,-0.02058899,0.03357507,-0.7045814,0.7085294;
misc,barrier,13,26,5,735.3231,958.8713,1489.695,0,0.9996312,0,-0.02715532;
custom,cylinder,default,2,5,2,1,0,0,1,1.0,1.0,727.3685,1000.243,1353.075,-0.02104891,0.02112251,-0.7055579,0.7080246;
