map,disablebounds;
custom,cuboid,stone10,7.75,1.0,139.75,1,1,1,1,7.75,139.75,4080.0,-3.75,3180.0,-0.0,-0.7071067690849304,-0.0,0.7071067690849304;
custom,cuboid,stone10,7.75,1.0,19.75,1,1,1,1,7.75,19.75,4740.0,-3.75,3060.0,-0.0,-0.0,-0.0,1.0;
custom,cuboid,stone10,7.75,1.0,18.0,1,1,1,1,7.75,18.0,3420.0,-3.75,3060.0,-0.0,-0.0,-0.0,1.0;
custom,cuboid,stone10,7.75,1.0,61.75,1,1,1,1,7.75,61.75,3150.0,-3.75,2940.0,-0.0,-0.7071067690849304,-0.0,0.7071067690849304;
custom,cuboid,stone10,7.75,1.0,72.0,1,1,1,1,7.75,72.0,2880.0,-3.75,2550.0,-0.0,-0.0,-0.0,1.0;
custom,cuboid,stone10,7.75,1.0,61.75,1,1,1,1,7.75,61.75,3150.0,-3.75,2160.0,-0.0,-0.7071067690849304,-0.0,0.7071067690849304;
custom,cuboid,stone10,7.75,1.0,18.0,1,1,1,1,7.75,18.0,3420.0,-3.75,2040.0,-0.0,-0.0,-0.0,1.0;
custom,cuboid,stone10,7.75,1.0,37.75,1,1,1,1,7.75,37.75,3570.0,-3.75,1920.0,-0.0,-0.7071067690849304,-0.0,0.7071067690849304;
custom,cuboid,stone10,7.75,1.0,19.75,1,1,1,1,7.75,19.75,3780.0,-3.75,1860.0,-0.0,-0.0,-0.0,1.0;
custom,cuboid,stone10,7.75,1.0,49.75,1,1,1,1,7.75,49.75,3510.0,-3.75,1800.0,-0.0,-0.7071067690849304,-0.0,0.7071067690849304;
custom,cuboid,stone10,7.75,1.0,18.0,1,1,1,1,7.75,18.0,3300.0,-3.75,1920.0,-0.0,-0.0,-0.0,1.0;
custom,cuboid,stone10,7.75,1.0,49.75,1,1,1,1,7.75,49.75,3090.0,-3.75,2040.0,-0.0,-0.7071067690849304,-0.0,0.7071067690849304;
custom,cuboid,stone10,7.75,1.0,115.75,1,1,1,1,7.75,115.75,2880.0,-3.75,1440.0,-0.0,-0.0,-0.0,1.0;
custom,cuboid,stone10,7.75,1.0,19.75,1,1,1,1,7.75,19.75,2880.0,-3.75,720.0,-0.0,-0.0,-0.0,1.0;
custom,cuboid,stone10,7.75,1.0,133.75,1,1,1,1,7.75,133.75,2190.0,-3.75,660.0,-0.0,-0.7071067690849304,-0.0,0.7071067690849304;
custom,cuboid,stone10,7.75,1.0,91.75,1,1,1,1,7.75,91.75,1560.0,-3.75,179.99996185302734,-0.0,-0.0,-0.0,1.0;
custom,cuboid,stone10,7.75,1.0,6.000000953674316,1,1,1,1,7.75,6.000000953674316,1500.0,-3.75,-240.0,-0.0,-0.7071067690849304,-0.0,0.7071067690849304;
custom,cuboid,stone10,7.75,1.0,6.000000953674316,1,1,1,1,7.75,6.000000953674316,480.0,-3.75,-240.0,-0.0,-0.7071067690849304,-0.0,0.7071067690849304;
custom,cuboid,stone10,7.75,1.0,25.75,1,1,1,1,7.75,25.75,420.0,-3.75,-150.0,-0.0,-0.0,-0.0,1.0;
custom,cuboid,stone10,7.75,1.0,49.75,1,1,1,1,7.75,49.75,210.0,-3.75,0.0,-0.0,-0.7071067690849304,-0.0,0.7071067690849304;
custom,cuboid,metal4,7.75,1.0,139.75,1,0.227,1,0.608,7.75,139.75,4080.0,63.75,3180.0,-0.0,-0.7071067690849304,-0.0,0.7071067690849304;
custom,cuboid,metal4,7.75,1.0,19.75,1,0.227,1,0.608,7.75,19.75,4740.0,63.75,3060.0,-0.0,-0.0,-0.0,1.0;
custom,cuboid,metal4,7.75,1.0,18.0,1,0.227,1,0.608,7.75,18.0,3420.0,63.75,3060.0,-0.0,-0.0,-0.0,1.0;
custom,cuboid,metal4,7.75,1.0,61.75,1,0.227,1,0.608,7.75,61.75,3150.0,63.75,2940.0,-0.0,-0.7071067690849304,-0.0,0.7071067690849304;
custom,cuboid,metal4,7.75,1.0,72.0,1,0.227,1,0.608,7.75,72.0,2880.0,63.75,2550.0,-0.0,-0.0,-0.0,1.0;
custom,cuboid,metal4,7.75,1.0,61.75,1,0.227,1,0.608,7.75,61.75,3150.0,63.75,2160.0,-0.0,-0.7071067690849304,-0.0,0.7071067690849304;
custom,cuboid,metal4,7.75,1.0,18.0,1,0.227,1,0.608,7.75,18.0,3420.0,63.75,2040.0,-0.0,-0.0,-0.0,1.0;
custom,cuboid,metal4,7.75,1.0,37.75,1,0.227,1,0.608,7.75,37.75,3570.0,63.75,1920.0,-0.0,-0.7071067690849304,-0.0,0.7071067690849304;
custom,cuboid,metal4,7.75,1.0,19.75,1,0.227,1,0.608,7.75,19.75,3780.0,63.75,1860.0,-0.0,-0.0,-0.0,1.0;
custom,cuboid,metal4,7.75,1.0,49.75,1,0.227,1,0.608,7.75,49.75,3510.0,63.75,1800.0,-0.0,-0.7071067690849304,-0.0,0.7071067690849304;
custom,cuboid,metal4,7.75,1.0,18.0,1,0.227,1,0.608,7.75,18.0,3300.0,63.75,1920.0,-0.0,-0.0,-0.0,1.0;
custom,cuboid,metal4,7.75,1.0,49.75,1,0.227,1,0.608,7.75,49.75,3090.0,63.75,2040.0,-0.0,-0.7071067690849304,-0.0,0.7071067690849304;
custom,cuboid,metal4,7.75,1.0,115.75,1,0.227,1,0.608,7.75,115.75,2880.0,63.75,1440.0,-0.0,-0.0,-0.0,1.0;
custom,cuboid,metal4,7.75,1.0,19.75,1,0.227,1,0.608,7.75,19.75,2880.0,63.75,720.0,-0.0,-0.0,-0.0,1.0;
custom,cuboid,metal4,7.75,1.0,133.75,1,0.227,1,0.608,7.75,133.75,2190.0,63.75,660.0,-0.0,-0.7071067690849304,-0.0,0.7071067690849304;
custom,cuboid,metal4,7.75,1.0,91.75,1,0.227,1,0.608,7.75,91.75,1560.0,63.75,179.99996185302734,-0.0,-0.0,-0.0,1.0;
custom,cuboid,metal4,7.75,1.0,5.999999523162842,1,0.227,1,0.608,7.75,5.999999523162842,1500.0,63.75,-240.0,-0.0,-0.7071067690849304,-0.0,0.7071067690849304;
custom,cuboid,metal4,7.75,1.0,5.999999523162842,1,0.227,1,0.608,7.75,5.999999523162842,480.0,63.75,-240.0,-0.0,-0.7071067690849304,-0.0,0.7071067690849304;
custom,cuboid,metal4,7.75,1.0,25.75,1,0.227,1,0.608,7.75,25.75,420.0,63.75,-150.0,-0.0,-0.0,-0.0,1.0;
custom,cuboid,metal4,7.75,1.0,49.75,1,0.227,1,0.608,7.75,49.75,210.0,63.75,0.0,-0.0,-0.7071067690849304,-0.0,0.7071067690849304;
custom,cuboid,default,6.0,1.0,138.0,1,0.682,0.882,0.549,1,1,4080.0,30.0,3213.75,0.5,0.5,0.5,0.4999999701976776;
custom,cuboid,default,6.0,1.0,126.0,1,0.682,0.882,0.549,1,1,4080.0,29.999971389770508,3146.2496948242188,0.5,0.5,0.5,0.4999999701976776;
custom,cuboid,default,6.000000953674316,0.9999999403953552,18.0,1,0.682,0.882,0.549,1,1,4706.25,30.0,3061.2496948242188,-0.0,-0.0,-0.7071067690849304,0.7071067690849304;
custom,cuboid,default,6.0,1.0,7.75,1,0.682,0.882,0.549,1,1,4740.0,30.0,2966.25,0.5,0.5,0.5,0.4999999701976776;
custom,cuboid,default,6.000000953674316,0.9999999403953552,25.0,1,0.682,0.882,0.549,1,1,3386.25,30.0,3093.75,-0.0,-0.0,-0.7071067690849304,0.7071067690849304;
custom,cuboid,default,6.000000953674316,0.9999999403953552,24.0,1,0.682,0.882,0.549,1,1,3453.75,30.0,3031.2496948242188,-0.0,-0.0,-0.7071067690849304,0.7071067690849304;
custom,cuboid,default,6.0,1.0,55.0,1,0.682,0.882,0.549,1,1,3183.75,29.999990463256836,2906.25,0.5,0.5,0.5,0.4999999701976776;
custom,cuboid,default,6.0,1.0,55.0,1,0.682,0.882,0.549,1,1,3116.25,30.000009536743164,2973.75,0.5,0.5,0.5,0.4999999701976776;
custom,cuboid,default,6.000000953674316,0.9999999403953552,84.0,1,0.682,0.882,0.549,1,1,2846.25,30.0,2550.0,-0.0,-0.0,-0.7071067690849304,0.7071067690849304;
custom,cuboid,default,6.000000953674316,0.9999999403953552,72.0,1,0.682,0.882,0.549,1,1,2913.75,30.0,2550.0001525878906,-0.0,-0.0,-0.7071067690849304,0.7071067690849304;
custom,cuboid,default,6.0,1.0,54.25,1,0.682,0.882,0.549,1,1,3180.0,30.000009536743164,2193.7501525878906,0.5,0.5,0.5,0.4999999701976776;
custom,cuboid,default,6.0,1.0,55.0,1,0.682,0.882,0.549,1,1,3116.25,30.000009536743164,2126.25,0.5,0.5,0.5,0.4999999701976776;
custom,cuboid,default,6.0,1.0,48.0,1,0.682,0.882,0.549,1,1,3090.0,30.000009536743164,2073.75,0.5,0.5,0.5,0.4999999701976776;
custom,cuboid,default,6.0,1.0,36.25,1,0.682,0.882,0.549,1,1,3090.0,30.000009536743164,2006.2501525878906,0.5,0.5,0.5,0.4999999701976776;
custom,cuboid,default,6.0,1.0,55.75,1,0.682,0.882,0.549,1,1,3540.0,29.999990463256836,1766.25,0.5,0.5,0.5,0.4999999701976776;
custom,cuboid,default,6.0,1.0,37.0,1,0.682,0.882,0.549,1,1,3633.75,29.999990463256836,1953.7501525878906,0.5,0.5,0.5,0.4999999701976776;
custom,cuboid,default,6.0,1.0,37.0,1,0.682,0.882,0.549,1,1,3566.25,29.999990463256836,1886.25,0.5,0.5,0.5,0.4999999701976776;
custom,cuboid,default,6.0,1.0,42.0,1,0.682,0.882,0.549,1,1,3540.0,29.999990463256836,1833.75,0.5,0.5,0.5,0.4999999701976776;
custom,cuboid,default,6.000000953674316,0.9999999403953552,18.0,1,0.682,0.882,0.549,1,1,3813.75,30.0,1860.0,-0.0,-0.0,-0.7071067690849304,0.7071067690849304;
custom,cuboid,default,6.000000953674316,0.9999999403953552,6.25,1,0.682,0.882,0.549,1,1,3746.25,30.0,1860.0,-0.0,-0.0,-0.7071067690849304,0.7071067690849304;
custom,cuboid,default,6.000000953674316,0.9999999403953552,25.0,1,0.682,0.882,0.549,1,1,3333.75,30.0,1953.75,-0.0,-0.0,-0.7071067690849304,0.7071067690849304;
custom,cuboid,default,6.000000953674316,0.9999999403953552,24.0,1,0.682,0.882,0.549,1,1,3386.25,30.0,2010.0,-0.0,-0.0,-0.7071067690849304,0.7071067690849304;
custom,cuboid,default,6.000000953674316,0.9999999403953552,25.0,1,0.682,0.882,0.549,1,1,3453.75,30.000019073486328,2073.7501525878906,-0.0,-0.0,-0.7071067690849304,0.7071067690849304;
custom,cuboid,default,6.000000953674316,0.9999999403953552,24.0,1,0.682,0.882,0.549,1,1,3266.25,30.0,1890.0,-0.0,-0.0,-0.7071067690849304,0.7071067690849304;
custom,cuboid,default,6.000000953674316,0.9999999403953552,121.75,1,0.682,0.882,0.549,1,1,2846.25,30.0,1470.0,-0.0,-0.0,-0.7071067690849304,0.7071067690849304;
custom,cuboid,default,6.000000953674316,0.9999999403953552,13.0,1,0.682,0.882,0.549,1,1,2846.25,30.0,753.75,-0.0,-0.0,-0.7071067690849304,0.7071067690849304;
custom,cuboid,default,6.000000953674316,0.9999999403953552,108.0,1,0.682,0.882,0.549,1,1,2913.75,30.0,1470.0,-0.0,-0.0,-0.7071067690849304,0.7071067690849304;
custom,cuboid,default,6.0,1.0,6.75,1,0.682,0.882,0.549,1,1,2885.0,30.000009536743164,866.25,0.5,0.5,0.5,0.4999999701976776;
custom,cuboid,default,6.0,1.0,6.75,1,0.682,0.882,0.549,1,1,2885.0,30.0,813.75,0.5,0.5,0.5,0.4999999701976776;
custom,cuboid,default,6.000000953674316,0.9999999403953552,12.0,1,0.682,0.882,0.549,1,1,2913.75,30.0,690.0000762939453,-0.0,-0.0,-0.7071067690849304,0.7071067690849304;
custom,cuboid,default,6.0,1.0,133.0,1,0.682,0.882,0.549,1,1,2253.75,30.00000238418579,626.2500762939453,0.5,0.5,0.5,0.4999999701976776;
custom,cuboid,default,6.0,1.0,133.0,1,0.682,0.882,0.549,1,1,2186.25,29.9999737739563,693.75,0.5,0.5,0.5,0.4999999701976776;
custom,cuboid,default,6.000000953674316,0.9999999403953552,90.25,1,0.682,0.882,0.549,1,1,1526.25,30.0,240.0,-0.0,-0.0,-0.7071067690849304,0.7071067690849304;
custom,cuboid,default,6.000000953674316,0.9999999403953552,91.0,1,0.682,0.882,0.549,1,1,1593.75,29.999971389770508,176.2500762939453,-0.0,-0.0,-0.7071067690849304,0.7071067690849304;
custom,cuboid,default,6.0,1.0,6.125,1,0.682,0.882,0.549,1,1,1500.625,30.0,-206.25,0.5,0.5,0.5,0.4999999701976776;
custom,cuboid,default,6.0,1.0,12.0,1,0.682,0.882,0.549,1,1,1530.0,29.999971389770508,-273.7499237060547,0.5,0.5,0.5,0.4999999701976776;
custom,cuboid,default,6.0,1.0,12.0,1,0.682,0.882,0.549,1,1,450.0,30.0,-273.75,0.5,0.5,0.5,0.4999999701976776;
custom,cuboid,default,6.0,1.0,6.125,1,0.682,0.882,0.549,1,1,479.375,30.0,-206.25,0.5,0.5,0.5,0.4999999701976776;
custom,cuboid,default,6.000000953674316,0.9999999403953552,25.0,1,0.682,0.882,0.549,1,1,386.25,30.0,-153.75,-0.0,-0.0,-0.7071067690849304,0.7071067690849304;
custom,cuboid,default,6.000000953674316,0.9999999403953552,25.0,1,0.682,0.882,0.549,1,1,453.75,30.0,-86.24998092651367,-0.0,-0.0,-0.7071067690849304,0.7071067690849304;
custom,cuboid,default,6.0,1.0,49.75,1,0.682,0.882,0.549,1,1,210.0,30.0,33.75001907348633,0.5,0.5,0.5,0.4999999701976776;
custom,cuboid,default,6.0,1.0,42.25,1,0.682,0.882,0.549,1,1,180.0,30.000009536743164,-33.75,0.5,0.5,0.5,0.4999999701976776;
custom,cuboid,default,6.000000953674316,0.9999999403953552,7.75,1,0.682,0.882,0.549,1,1,-33.75,30.0,0.0,-0.0,-0.0,-0.7071067690849304,0.7071067690849304;
custom,cuboid,default,6.000000953674316,0.9999999403953552,25.75,1,0.682,0.882,0.549,1,1,4773.75,30.0,3090.0,-0.0,-0.0,-0.7071067690849304,0.7071067690849304;
racing,killcuboid,24.25,6.25,0.25,3030.0,30.0,750.0,-0.0,-0.0,-0.0,1.0;
racing,killcuboid,24.25,6.25,0.25,3030.0,30.0,810.0,-0.0,-0.0,-0.0,1.0;
racing,killcuboid,0.25,6.25,6.249994277954102,3210.0,30.0,839.9999237060547,-0.0,-0.0,-0.0,1.0;
racing,killcuboid,0.25,6.25,6.249994277954102,3150.0,30.0,839.9999237060547,-0.0,-0.0,-0.0,1.0;
racing,killcuboid,24.25,6.25,0.25,3030.0,30.0,870.0,-0.0,-0.0,-0.0,1.0;
racing,killcuboid,24.25,6.25,0.25,3030.0,30.0,929.9999237060547,-0.0,-0.0,-0.0,1.0;
racing,killcuboid,0.25,6.25,6.249994277954102,3210.0,30.0,899.9998474121094,-0.0,-0.0,-0.0,1.0;
racing,killcuboid,6.25,6.25,0.25,3180.0,30.0,929.9999237060547,-0.0,-0.0,-0.0,1.0;
racing,killcuboid,0.25,6.25,6.249994277954102,3210.0,30.0,780.0,-0.0,-0.0,-0.0,1.0;
racing,killcuboid,6.25,6.25,0.25,3180.0,30.0,750.0,-0.0,-0.0,-0.0,1.0;
racing,killcuboid,6.25,0.25,6.25,3180.0,60.0,780.0,-0.0,-0.7071067690849304,-0.0,0.7071068286895752;
racing,killcuboid,6.25,0.25,6.25,3180.0,60.0,900.0,-0.0,-0.7071067690849304,-0.0,0.7071068286895752;
racing,killcuboid,6.25,0.25,24.25,3030.0,60.0,900.0,-0.0,-0.7071067690849304,-0.0,0.7071068286895752;
racing,killcuboid,6.25,0.25,6.25,3180.0,60.0,840.0,-0.0,-0.7071067690849304,-0.0,0.7071068286895752;
racing,killcuboid,6.25,0.25,24.25,3030.0,60.0,780.0,-0.0,-0.7071067690849304,-0.0,0.7071068286895752;
racing,killcuboid,6.25,0.25,24.25,3030.0,-2.5,780.0,-0.0,-0.7071067690849304,-0.0,0.7071068286895752;
racing,killcuboid,6.25,0.25,6.25,3180.0,-2.5,840.0,-0.0,-0.7071067690849304,-0.0,0.7071068286895752;
racing,killcuboid,6.25,0.25,24.25,3030.0,-2.5,900.0,-0.0,-0.7071067690849304,-0.0,0.7071068286895752;
racing,killcuboid,6.25,0.25,6.25,3180.0,-2.5,900.0,-0.0,-0.7071067690849304,-0.0,0.7071068286895752;
racing,killcuboid,6.25,0.25,6.25,3180.0,-2.5,780.0,-0.0,-0.7071067690849304,-0.0,0.7071068286895752;
racing,killcuboid,96.0,6.0,2.0,990.0,30.0,-220.0,-0.0,-0.0,-0.0,1.0;
racing,killcuboid,96.0,6.0,2.0,990.0,30.0,-260.0,-0.0,-0.0,-0.0,1.0;
racing,killcuboid,96.0,5.999999523162842,1.9999998807907104,990.0,10.0,-240.0,-1.0,-0.0,-0.0,1.0;
racing,killcuboid,96.0,5.999999523162842,1.9999998807907104,990.0,50.0,-240.0,-1.0,-0.0,-0.0,1.0;
racing,killcuboid,6.000000953674316,6.000001430511475,0.5890122056007385,1532.9450988769531,30.0,660.0,0.7071067690849304,-1.1520231879558196e-07,-0.7071067690849304,-1.152023116901546e-07;
racing,killcuboid,1.100000023841858,1.100000023841858,6.099999904632568,2900.0,10.0,2860.0,1.0,0.0,-0.0,-4.371138828673793e-08;
racing,killcuboid,1.100000023841858,1.100000023841858,6.099999904632568,2861.09130859375,34.54370975494385,2797.301025390625,1.0,0.0,-0.0,-4.371138828673793e-08;
racing,killcuboid,1.100000023841858,1.100000023841858,6.099999904632568,2866.6864013671875,11.163105964660645,2807.1243286132812,1.0,0.0,-0.0,-4.371138828673793e-08;
racing,killcuboid,1.100000023841858,1.100000023841858,6.099999904632568,2885.0732421875,37.50108480453491,2767.5820922851562,1.0,0.0,-0.0,-4.371138828673793e-08;
racing,killcuboid,1.100000023841858,1.100000023841858,6.099999904632568,2874.139404296875,25.801057815551758,2867.6651000976562,1.0,0.0,-0.0,-4.371138828673793e-08;
racing,killcuboid,1.100000023841858,1.100000023841858,6.099999904632568,2861.8048095703125,43.883090019226074,2668.646240234375,1.0,0.0,-0.0,-4.371138828673793e-08;
racing,killcuboid,1.100000023841858,1.100000023841858,6.099999904632568,2875.079345703125,27.004802227020264,2692.96142578125,1.0,0.0,-0.0,-4.371138828673793e-08;
racing,killcuboid,1.100000023841858,1.100000023841858,6.099999904632568,2890.5673217773438,11.132766008377075,2731.0418701171875,1.0,0.0,-0.0,-4.371138828673793e-08;
racing,killcuboid,1.100000023841858,1.100000023841858,6.099999904632568,2892.2869873046875,44.06848907470703,2685.01708984375,1.0,0.0,-0.0,-4.371138828673793e-08;
racing,killcuboid,1.100000023841858,1.100000023841858,6.099999904632568,2858.3773803710938,16.324498653411865,2632.4267578125,1.0,0.0,-0.0,-4.371138828673793e-08;
racing,killcuboid,1.100000023841858,1.100000023841858,6.099999904632568,2893.90869140625,16.758718490600586,2604.4869995117188,1.0,0.0,-0.0,-4.371138828673793e-08;
racing,killcuboid,1.100000023841858,1.100000023841858,6.099999904632568,2882.18994140625,36.287643909454346,2577.4301147460938,1.0,0.0,-0.0,-4.371138828673793e-08;
racing,killcuboid,1.100000023841858,1.100000023841858,6.099999904632568,2860.4080200195312,34.30192947387695,2546.5704345703125,1.0,0.0,-0.0,-4.371138828673793e-08;
racing,killcuboid,1.100000023841858,1.100000023841858,6.099999904632568,2879.5852661132812,15.339083671569824,2523.196258544922,1.0,0.0,-0.0,-4.371138828673793e-08;
racing,killcuboid,1.100000023841858,1.100000023841858,6.099999904632568,2898.3367919921875,39.9769926071167,2519.957275390625,1.0,0.0,-0.0,-4.371138828673793e-08;
racing,killcuboid,1.100000023841858,1.100000023841858,6.099999904632568,2863.7704467773438,40.6365966796875,2452.744903564453,1.0,0.0,-0.0,-4.371138828673793e-08;
racing,killcuboid,1.100000023841858,1.100000023841858,6.099999904632568,2883.4197998046875,33.973374366760254,2469.30419921875,1.0,0.0,-0.0,-4.371138828673793e-08;
racing,killcuboid,1.100000023841858,1.100000023841858,6.099999904632568,2901.7523193359375,40.35174369812012,2410.1629638671875,1.0,0.0,-0.0,-4.371138828673793e-08;
racing,killcuboid,1.100000023841858,1.100000023841858,6.099999904632568,2897.2384643554688,6.321732997894287,2425.892791748047,1.0,0.0,-0.0,-4.371138828673793e-08;
racing,killcuboid,1.100000023841858,1.100000023841858,6.099999904632568,2857.03857421875,14.379069805145264,2379.5668029785156,1.0,0.0,-0.0,-4.371138828673793e-08;
racing,killcuboid,1.100000023841858,1.100000023841858,6.099999904632568,2884.534912109375,20.537219047546387,2366.893768310547,1.0,0.0,-0.0,-4.371138828673793e-08;
racing,killcuboid,1.100000023841858,1.100000023841858,6.099999904632568,2867.4261474609375,31.688997745513916,2340.2220153808594,1.0,0.0,-0.0,-4.371138828673793e-08;
racing,killcuboid,1.100000023841858,1.100000023841858,6.099999904632568,2882.6412963867188,45.669050216674805,2305.23681640625,1.0,0.0,-0.0,-4.371138828673793e-08;
racing,killcuboid,1.100000023841858,1.100000023841858,6.099999904632568,2899.447021484375,9.008167386054993,2305.255584716797,1.0,0.0,-0.0,-4.371138828673793e-08;
racing,killcuboid,1.100000023841858,1.100000023841858,6.099999904632568,2858.4149169921875,12.111855745315552,2278.6012268066406,1.0,0.0,-0.0,-4.371138828673793e-08;
racing,killcuboid,1.100000023841858,1.100000023841858,6.099999904632568,2883.1051635742188,25.01391887664795,2246.4344787597656,1.0,0.0,-0.0,-4.371138828673793e-08;
racing,killcuboid,1.100000023841858,1.100000023841858,6.099999904632568,2860.5499267578125,45.83148002624512,2225.9591674804688,1.0,0.0,-0.0,-4.371138828673793e-08;
racing,killcuboid,0.20000001788139343,6.000000953674316,54.0,3180.0,30.0,2189.5001220703125,0.7071068286895752,3.0908619663705394e-08,0.7071067690849304,-3.090862321641907e-08;
racing,killcuboid,0.20000001788139343,6.0,54.0,3180.0,1.0000014305114746,2160.0,0.4999999701976776,-0.4999999701976776,0.5,-0.5000000596046448;
racing,killcuboid,0.20000001788139343,6.0,54.0,3180.0,59.00002479553223,2160.500030517578,0.4999999701976776,-0.4999999701976776,0.5,-0.5000000596046448;
racing,killcuboid,5.999999523162842,0.20000000298023224,48.0,3150.0,30.000011920928955,2130.9988403320312,-0.5,-0.5,0.5,0.4999999701976776;
racing,killcuboid,6.0,2.700000286102295,2.700000286102295,2880.0,60.0,1920.0001525878906,-0.27059805393218994,-0.6532815098762512,-0.27059805393218994,0.6532814502716064;
racing,killcuboid,6.0,2.700000286102295,2.700000286102295,2850.0,30.0,1920.0001525878906,-0.27059805393218994,-0.6532815098762512,-0.27059805393218994,0.6532814502716064;
racing,killcuboid,6.0,2.700000286102295,2.700000286102295,2880.0,0.0,1920.0001525878906,-0.27059805393218994,-0.6532815098762512,-0.27059805393218994,0.6532814502716064;
racing,killcuboid,6.0,2.700000286102295,2.700000286102295,2910.0,30.0,1920.0001525878906,-0.27059805393218994,-0.6532815098762512,-0.27059805393218994,0.6532814502716064;
racing,killcuboid,24.0,6.0,0.20000001788139343,3420.0,0.9999990463256836,2010.0,0.5,0.5,-0.5,0.4999999701976776;
racing,killcuboid,24.0,6.0,0.20000001788139343,3420.0,59.000020027160645,2009.998779296875,0.5,0.5,-0.5,0.4999999701976776;
racing,killcuboid,24.000003814697266,6.0,0.20000003278255463,3391.0000610351562,30.00002384185791,2011.9989013671875,-0.0,0.7071067690849304,0.0,0.7071067690849304;
racing,killcuboid,24.199996948242188,6.0,0.20000003278255463,3448.9999389648438,30.00002384185791,2069.0000915527344,-0.0,0.7071067690849304,0.0,0.7071067690849304;
racing,killcuboid,0.20000000298023224,6.000000953674316,36.0,3630.0,30.0,1948.9999389648438,0.7071068286895752,3.0908619663705394e-08,0.7071067690849304,-3.090862321641907e-08;
racing,killcuboid,0.20000000298023224,6.000000953674316,36.0,3570.0,30.000038146972656,1890.9988403320312,0.7071068286895752,3.0908619663705394e-08,0.7071067690849304,-3.090862321641907e-08;
racing,killcuboid,0.20000000298023224,6.0,36.0,3630.0,59.00001525878906,1920.0,0.5,-0.5,0.5,-0.5;
racing,killcuboid,0.20000000298023224,6.0,36.0,3630.0,0.9999990463256836,1920.0,0.5,-0.5,0.5,-0.5;
racing,killcuboid,0.20000001788139343,6.000000953674316,36.0,3090.0,30.0,2011.0000610351562,0.7071068286895752,3.0908619663705394e-08,0.7071067690849304,-3.090862321641907e-08;
racing,killcuboid,0.20000001788139343,6.000000953674316,42.0,3120.0,30.000019073486328,2068.9999389648438,0.7071068286895752,3.0908619663705394e-08,0.7071067690849304,-3.090862321641907e-08;
racing,killcuboid,0.20000001788139343,6.0,42.0,3120.0,1.0000014305114746,2040.0,0.5,-0.5,0.5,-0.5;
racing,killcuboid,0.20000001788139343,6.0,42.0,3120.0,59.0000057220459,2040.0,0.5,-0.5,0.5,-0.5;
racing,killcuboid,24.0,0.20000003278255463,6.0,3300.0,1.0000038146972656,1890.0,0.7071068286895752,3.0908619663705394e-08,0.7071067690849304,-3.090862321641907e-08;
racing,killcuboid,24.0,0.20000003278255463,6.0,3300.0,59.000000953674316,1890.0,0.7071068286895752,3.0908619663705394e-08,0.7071067690849304,-3.090862321641907e-08;
racing,killcuboid,24.0,0.20000001788139343,6.0,3271.0000610351562,30.000004768371582,1891.9999694824219,0.5,-0.4999999701976776,0.5,0.5;
racing,killcuboid,24.0,0.20000001788139343,6.0,3328.9999389648438,30.0,1948.0001831054688,0.5,-0.4999999701976776,0.5,0.5;
racing,killcuboid,0.20000001788139343,6.000000953674316,54.0,3540.0,30.0,1771.0000610351562,0.7071068286895752,3.0908619663705394e-08,0.7071067690849304,-3.090862321641907e-08;
racing,killcuboid,0.20000001788139343,6.0,48.0,3570.0,58.999996185302734,1800.0,0.5,-0.5,0.5,-0.5;
racing,killcuboid,0.20000001788139343,6.0,48.0,3570.0,0.9999990463256836,1800.0,0.5,-0.5,0.5,-0.5;
racing,killcuboid,0.20000001788139343,6.000000953674316,42.0,3540.0,29.999971389770508,1829.0000915527344,0.7071068286895752,3.0908619663705394e-08,0.7071067690849304,-3.090862321641907e-08;
racing,killcuboid,18.000001907348633,0.20000003278255463,6.000000476837158,3808.9999389648438,29.50000762939453,1860.0,-0.5,0.5,0.5000000596046448,0.5;
racing,killcuboid,0.20000001788139343,6.000005722045898,6.400000095367432,3751.0000610351562,30.000028610229492,1859.9993896484375,1.0,0.0,-0.0,-4.371138828673793e-08;
racing,killcuboid,0.20000003278255463,6.000006675720215,6.000001430511475,3780.0,58.999996185302734,1859.9993896484375,0.7071067690849304,-0.7071067690849304,3.0908619663705394e-08,-3.0908619663705394e-08;
racing,killcuboid,0.20000003278255463,6.000006675720215,6.000001430511475,3780.0,1.0000038146972656,1860.0,0.7071067690849304,-0.7071067690849304,3.0908619663705394e-08,-3.0908619663705394e-08;
racing,killcuboid,1.600000023841858,6.000000476837158,1.5999999046325684,3420.0,30.000004768371582,2020.0,-0.0,-0.0,1.0,-4.371138828673793e-08;
racing,killcuboid,1.600000023841858,6.000000476837158,1.5999999046325684,3400.0,30.000014305114746,2085.0,-0.0,-0.0,1.0,-4.371138828673793e-08;
racing,killcuboid,1.600000023841858,6.000000476837158,1.5999999046325684,3420.0,30.000014305114746,1920.0,-0.0,-0.0,1.0,-4.371138828673793e-08;
racing,killcuboid,1.600000023841858,6.000000476837158,1.5999999046325684,3510.0,29.999995231628418,1930.0,-0.0,-0.0,1.0,-4.371138828673793e-08;
racing,killcuboid,1.600000023841858,6.000000476837158,1.5999999046325684,3610.0,29.999995231628418,1910.0,-0.0,-0.0,1.0,-4.371138828673793e-08;
racing,killcuboid,1.600000023841858,6.000000476837158,1.5999999046325684,3670.0,29.999995231628418,1920.0,-0.0,-0.0,1.0,-4.371138828673793e-08;
racing,killcuboid,1.600000023841858,6.000000476837158,1.5999999046325684,3780.0,29.999995231628418,1920.0,-0.0,-0.0,1.0,-4.371138828673793e-08;
racing,killcuboid,1.600000023841858,6.000000476837158,1.5999999046325684,3770.0,29.999995231628418,1870.0,-0.0,-0.0,1.0,-4.371138828673793e-08;
racing,killcuboid,1.600000023841858,6.000000476837158,1.5999999046325684,3770.0,29.999995231628418,1790.0,-0.0,-0.0,1.0,-4.371138828673793e-08;
racing,killcuboid,1.600000023841858,6.000000476837158,1.5999999046325684,3640.0,29.999995231628418,1810.0,-0.0,-0.0,1.0,-4.371138828673793e-08;
racing,killcuboid,1.600000023841858,6.000000476837158,1.5999999046325684,3550.0,29.999995231628418,1790.0,-0.0,-0.0,1.0,-4.371138828673793e-08;
racing,killcuboid,1.600000023841858,6.000000476837158,1.5999999046325684,3450.0,29.999995231628418,1800.0,-0.0,-0.0,1.0,-4.371138828673793e-08;
racing,killcuboid,1.600000023841858,6.000000476837158,1.5999999046325684,3360.0,29.999995231628418,1810.0,-0.0,-0.0,1.0,-4.371138828673793e-08;
racing,killcuboid,1.600000023841858,6.000000476837158,1.5999999046325684,3290.0,29.999995231628418,1820.0,-0.0,-0.0,1.0,-4.371138828673793e-08;
racing,killcuboid,1.600000023841858,6.000000476837158,1.5999999046325684,3310.0,29.999995231628418,1920.0,-0.0,-0.0,1.0,-4.371138828673793e-08;
racing,killcuboid,1.600000023841858,6.000000476837158,1.5999999046325684,3290.0,29.999995231628418,2010.0,-0.0,-0.0,1.0,-4.371138828673793e-08;
racing,killcuboid,1.600000023841858,6.000000476837158,1.5999999046325684,3240.0,29.999995231628418,2050.0,-0.0,-0.0,1.0,-4.371138828673793e-08;
racing,killcuboid,1.600000023841858,6.000000476837158,1.5999999046325684,3140.0,29.999995231628418,2030.0,-0.0,-0.0,1.0,-4.371138828673793e-08;
racing,killcuboid,1.600000023841858,6.000000476837158,1.5999999046325684,3070.0,29.999995231628418,2050.0,-0.0,-0.0,1.0,-4.371138828673793e-08;
racing,killcuboid,1.600000023841858,6.000000476837158,1.5999999046325684,3430.0,29.999995231628418,2170.0,-0.0,-0.0,1.0,-4.371138828673793e-08;
racing,killcuboid,1.600000023841858,6.000000476837158,1.5999999046325684,3320.0,29.999995231628418,2150.0,-0.0,-0.0,1.0,-4.371138828673793e-08;
racing,killcuboid,1.600000023841858,6.000000476837158,1.5999999046325684,3200.0,29.999995231628418,2170.0,-0.0,-0.0,1.0,-4.371138828673793e-08;
racing,killcuboid,1.600000023841858,6.000000476837158,1.5999999046325684,3100.0,29.999995231628418,2150.0,-0.0,-0.0,1.0,-4.371138828673793e-08;
racing,killcuboid,1.600000023841858,6.000000476837158,1.5999999046325684,2970.0,29.999995231628418,2160.0,-0.0,-0.0,1.0,-4.371138828673793e-08;
racing,killcuboid,1.600000023841858,6.000000476837158,1.5999999046325684,3000.0,29.999995231628418,2030.0,-0.0,-0.0,1.0,-4.371138828673793e-08;
racing,killcuboid,1.100000023841858,6.100000381469727,1.100000023841858,2760.0,30.0,660.0,0.7071068286895752,3.0908619663705394e-08,0.7071067690849304,-3.090862321641907e-08;
racing,killcuboid,1.100000023841858,6.100000381469727,1.1000001430511475,2760.0,30.0,660.0,0.7071067690849304,-0.0,-0.0,0.7071067690849304;
racing,killcuboid,1.100000023841858,6.099999904632568,1.100000023841858,2660.0,30.0,660.0,0.6963642835617065,-0.12278777360916138,0.6963642239570618,-0.12278782576322556;
racing,killcuboid,1.100000023841858,6.099999904632568,1.100000023841858,2660.0,30.0,660.0,0.8191520571708679,-0.0,-0.0,0.5735764503479004;
racing,killcuboid,1.100000023841858,6.099999904632568,1.100000023841858,2610.0,30.0,660.0,0.6830127239227295,-0.1830126792192459,0.6830126643180847,-0.1830127239227295;
racing,killcuboid,1.100000023841858,6.100000381469727,1.100000023841858,2610.0,30.0,660.0,0.866025447845459,-0.0,-0.0,0.4999999701976776;
racing,killcuboid,1.1000001430511475,6.100001335144043,1.1000001430511475,2560.0,30.0,660.0,0.6644630432128906,-0.24184472858905792,0.6644629836082458,-0.2418447732925415;
racing,killcuboid,1.100000023841858,6.099999904632568,1.100000023841858,2560.0,30.0,660.0,0.9063078165054321,-0.0,-0.0,0.42261824011802673;
racing,killcuboid,1.100000262260437,6.100002288818359,1.100000262260437,2510.0,30.0,660.0,0.6408563852310181,-0.29883623123168945,0.6408563852310181,-0.29883626103401184;
racing,killcuboid,1.100000023841858,6.099999904632568,1.100000023841858,2510.0,30.0,660.0,0.9396926164627075,-0.0,-0.0,0.3420201539993286;
racing,killcuboid,1.0999999046325684,6.099999904632568,1.100000023841858,2460.0,30.0,660.0,0.6123724579811096,-0.3535533845424652,0.6123723983764648,-0.3535534143447876;
racing,killcuboid,1.100000023841858,6.099999904632568,1.0999999046325684,2460.0,30.0,660.0,0.9659258127212524,-0.0,-0.0,0.2588190734386444;
racing,killcuboid,1.1000001430511475,6.100001335144043,1.1000001430511475,2710.0,30.0,660.0,0.704416036605835,-0.06162838637828827,0.7044159770011902,-0.061628442257642746;
racing,killcuboid,1.100000023841858,6.099999904632568,1.100000023841858,2710.0,30.0,660.0,0.7660444378852844,-0.0,-0.0,0.6427876353263855;
racing,killcuboid,1.100000023841858,6.100000381469727,1.100000023841858,2410.0,30.0,660.0,0.5792279839515686,-0.4055797755718231,0.5792279839515686,-0.4055798053741455;
racing,killcuboid,1.100000023841858,6.100002288818359,1.1000003814697266,2410.0,30.0,660.0,0.9848077297210693,-0.0,-0.0,0.17364822328090668;
racing,killcuboid,1.100000262260437,6.100001335144043,1.100000262260437,2360.0,30.0,660.0,0.5416752099990845,-0.45451945066452026,0.5416752099990845,-0.45451948046684265;
racing,killcuboid,1.100000023841858,6.100000381469727,1.1000001430511475,2360.0,30.0,660.0,0.9961947202682495,-0.0,-0.0,0.08715580403804779;
racing,killcuboid,1.100000023841858,6.099999904632568,1.100000023841858,2310.0,30.0,660.0,0.5,-0.5,0.5,-0.5;
racing,killcuboid,1.100000023841858,6.099999904632568,1.100000023841858,2310.0,30.0,660.0,1.0,-0.0,0.0,-4.371138828673793e-08;
racing,killcuboid,1.100000023841858,6.099999904632568,1.100000023841858,2260.0,30.0,660.0,0.45451948046684265,-0.5416752099990845,0.45451948046684265,-0.5416752099990845;
racing,killcuboid,1.100000023841858,6.100000381469727,1.1000001430511475,2260.0,30.0,660.0,-0.9961947202682495,-0.0,-0.0,0.08715580403804779;
racing,killcuboid,1.100000023841858,6.099999904632568,1.100000023841858,2210.0,30.0,660.0,0.4055797755718231,-0.5792279839515686,0.4055798053741455,-0.5792279839515686;
racing,killcuboid,1.100000023841858,6.100002288818359,1.1000003814697266,2210.0,30.0,660.0,-0.9848077297210693,-0.0,-0.0,0.17364822328090668;
racing,killcuboid,1.100000023841858,6.099999904632568,1.100000023841858,2160.0,30.0,660.0,0.3535533547401428,-0.6123724579811096,0.3535533845424652,-0.6123724579811096;
racing,killcuboid,1.100000023841858,6.099999904632568,1.0999999046325684,2160.0,30.0,660.0,-0.9659258127212524,-0.0,-0.0,0.2588190734386444;
racing,killcuboid,1.100000023841858,6.099999904632568,1.100000023841858,2110.0,30.0,660.0,0.29883620142936707,-0.6408563852310181,0.29883626103401184,-0.6408563852310181;
racing,killcuboid,1.100000023841858,6.099999904632568,1.100000023841858,2110.0,30.0,660.0,-0.9396926164627075,-0.0,-0.0,0.3420201539993286;
racing,killcuboid,1.100000023841858,6.099999904632568,1.100000023841858,2060.0,30.0,660.0,0.24184474349021912,-0.6644630432128906,0.2418447881937027,-0.6644629836082458;
racing,killcuboid,1.100000023841858,6.099999904632568,1.100000023841858,2060.0,30.0,660.0,-0.9063078165054321,-0.0,-0.0,0.42261824011802673;
racing,killcuboid,1.100000023841858,6.099999904632568,1.100000023841858,2010.0,30.0,660.0,0.1830126941204071,-0.6830127239227295,0.18301273882389069,-0.6830126643180847;
racing,killcuboid,1.100000023841858,6.100000381469727,1.100000023841858,2010.0,30.0,660.0,-0.866025447845459,-0.0,-0.0,0.4999999701976776;
racing,killcuboid,1.100000023841858,6.099999904632568,1.100000023841858,1960.0,30.0,660.0,0.12278780341148376,-0.6963642835617065,0.12278785556554794,-0.6963642239570618;
racing,killcuboid,1.100000023841858,6.099999904632568,1.100000023841858,1960.0,30.0,660.0,-0.8191520571708679,-0.0,-0.0,0.5735764503479004;
racing,killcuboid,1.0999999046325684,6.099999904632568,1.0999999046325684,1910.0,30.0,660.0,0.06162842735648155,-0.704416036605835,0.06162848696112633,-0.7044159770011902;
racing,killcuboid,1.100000023841858,6.099999904632568,1.100000023841858,1910.0,30.0,660.0,-0.7660444378852844,-0.0,-0.0,0.6427876353263855;
racing,killcuboid,1.100000023841858,6.099999904632568,1.100000023841858,1860.0,30.0,660.0,-6.181723932741079e-08,-0.7071068286895752,2.3335359591370765e-15,-0.7071067690849304;
racing,killcuboid,1.100000023841858,6.100000381469727,1.1000001430511475,1860.0,30.0,660.0,-0.7071067690849304,-0.0,-0.0,0.7071067690849304;
racing,killcuboid,1.0999999046325684,6.099999904632568,1.0999999046325684,1810.0,30.0,660.0,-0.061628468334674835,-0.704416036605835,-0.06162840127944946,-0.7044159770011902;
racing,killcuboid,1.100000023841858,6.100001335144043,1.1000001430511475,1810.0,30.0,660.0,-0.6427875757217407,-0.0,-0.0,0.7660444378852844;
racing,killcuboid,1.100000023841858,6.099999904632568,1.100000023841858,1760.0,30.0,660.0,-0.12278784811496735,-0.6963642835617065,-0.12278777360916138,-0.6963642239570618;
racing,killcuboid,1.100000023841858,6.099999904632568,1.100000023841858,1760.0,30.0,660.0,-0.5735764503479004,-0.0,-0.0,0.8191520571708679;
racing,killcuboid,1.100000023841858,6.099999904632568,1.100000023841858,1710.0,30.0,660.0,-0.18301273882389069,-0.6830127239227295,-0.18301266431808472,-0.6830126643180847;
racing,killcuboid,1.100000023841858,6.099999904632568,1.0999999046325684,1710.0,30.0,660.0,-0.5,-0.0,-0.0,0.8660253882408142;
racing,killcuboid,6.0,6.0,2.0,3480.0,30.0,3199.9996948242188,7.549790836947068e-08,-3.3001185012921383e-15,1.0,-4.371138828673793e-08;
racing,killcuboid,6.0,6.0,2.0,3480.0,30.0,3160.0,7.549790836947068e-08,-3.3001185012921383e-15,1.0,-4.371138828673793e-08;
racing,killcuboid,6.000000953674316,6.0,2.0,3480.0,49.99969482421875,3180.0,5.338507591545749e-08,0.7071067690849304,0.7071068286895752,5.338507946817117e-08;
racing,killcuboid,6.000000953674316,6.0,2.0,3480.0,10.0,3180.0,5.338507591545749e-08,0.7071067690849304,0.7071068286895752,5.338507946817117e-08;
racing,killcuboid,2.0,2.0,6.0,3600.0,29.999842643737793,3180.0,0.7071068286895752,3.0908619663705394e-08,0.7071067690849304,-3.090862321641907e-08;
racing,killcuboid,6.0,6.0,2.0,3720.0,30.0,3199.9996948242188,7.549790836947068e-08,-3.3001185012921383e-15,1.0,-4.371138828673793e-08;
racing,killcuboid,6.0,6.0,2.0,3720.0,30.0,3160.0,7.549790836947068e-08,-3.3001185012921383e-15,1.0,-4.371138828673793e-08;
racing,killcuboid,6.000000953674316,6.0,2.0,3720.0,49.99969482421875,3180.0,5.338507591545749e-08,0.7071067690849304,0.7071068286895752,5.338507946817117e-08;
racing,killcuboid,6.000000953674316,6.0,2.0,3720.0,10.0,3180.0,5.338507591545749e-08,0.7071067690849304,0.7071068286895752,5.338507946817117e-08;
racing,killcuboid,2.0,2.0,6.0,3840.0,29.999842643737793,3180.0003051757812,0.7071068286895752,3.0908619663705394e-08,0.7071067690849304,-3.090862321641907e-08;
racing,killcuboid,6.0,6.0,2.0,3960.0,30.0,3200.0,7.549790836947068e-08,-3.3001185012921383e-15,1.0,-4.371138828673793e-08;
racing,killcuboid,6.0,6.0,2.0,3960.0,30.0,3160.0003051757812,7.549790836947068e-08,-3.3001185012921383e-15,1.0,-4.371138828673793e-08;
racing,killcuboid,6.000000953674316,6.0,2.0,3960.0,49.99969482421875,3180.0003051757812,5.338507591545749e-08,0.7071067690849304,0.7071068286895752,5.338507946817117e-08;
racing,killcuboid,6.000000953674316,6.0,2.0,3960.0,10.0,3180.0003051757812,5.338507591545749e-08,0.7071067690849304,0.7071068286895752,5.338507946817117e-08;
racing,killcuboid,6.099999904632568,7.59999942779541,0.19999998807907104,3340.0,20.0,2940.0,0.3535534143447876,-0.6123723983764648,0.3535533845424652,0.6123724579811096;
racing,killcuboid,6.099999904632568,7.59999942779541,0.19999998807907104,3260.0,40.0,2940.0,0.3535534143447876,-0.6123723983764648,0.3535533845424652,0.6123724579811096;
racing,killcuboid,6.099999904632568,7.59999942779541,0.19999998807907104,3240.0,20.0,2940.0,0.3535534143447876,-0.6123723983764648,0.3535533845424652,0.6123724579811096;
racing,killcuboid,6.099999904632568,7.59999942779541,0.19999998807907104,3160.0,40.0,2940.0,0.3535534143447876,-0.6123723983764648,0.3535533845424652,0.6123724579811096;
racing,killcuboid,6.099999904632568,7.59999942779541,0.19999998807907104,3140.0,20.0,2940.0,0.3535534143447876,-0.6123723983764648,0.3535533845424652,0.6123724579811096;
racing,killcuboid,6.099999904632568,7.59999942779541,0.19999998807907104,3060.0,40.0,2940.0,0.3535534143447876,-0.6123723983764648,0.3535533845424652,0.6123724579811096;
racing,killcuboid,6.099999904632568,7.59999942779541,0.19999998807907104,3040.0,20.0,2940.0,0.3535534143447876,-0.6123723983764648,0.3535533845424652,0.6123724579811096;
racing,killcuboid,6.099999904632568,7.59999942779541,0.19999998807907104,2960.0,40.0,2940.0,0.3535534143447876,-0.6123723983764648,0.3535533845424652,0.6123724579811096;
racing,killcuboid,1.100000023841858,1.100000023841858,6.099999904632568,2870.9173583984375,13.720448017120361,2233.0393981933594,1.0,0.0,-0.0,-4.371138828673793e-08;
racing,killcuboid,6.0,2.700000286102295,2.700000286102295,2877.38525390625,59.88584041595459,1860.0001525878906,-0.2418447732925415,-0.6644630432128906,-0.2418447881937027,0.6644629836082458;
racing,killcuboid,6.0,2.700000286102295,2.700000286102295,2850.1141357421875,27.38532781600952,1860.0001525878906,-0.2418447732925415,-0.6644630432128906,-0.2418447881937027,0.6644629836082458;
racing,killcuboid,6.0,2.700000286102295,2.700000286102295,2882.61474609375,0.11415958404541016,1860.0001525878906,-0.2418447732925415,-0.6644630432128906,-0.2418447881937027,0.6644629836082458;
racing,killcuboid,6.0,2.700000286102295,2.700000286102295,2909.8858642578125,32.61467218399048,1860.0001525878906,-0.2418447732925415,-0.6644630432128906,-0.2418447881937027,0.6644629836082458;
racing,killcuboid,6.0,2.700000286102295,2.700000286102295,2874.7903442382812,59.54422950744629,1800.0001525878906,-0.21263110637664795,-0.6743797659873962,-0.21263112127780914,0.6743797063827515;
racing,killcuboid,6.0,2.700000286102295,2.700000286102295,2850.4556274414062,24.79055404663086,1800.0001525878906,-0.21263110637664795,-0.6743797659873962,-0.21263112127780914,0.6743797063827515;
racing,killcuboid,6.0,2.700000286102295,2.700000286102295,2885.2096557617188,0.45577287673950195,1800.0001525878906,-0.21263110637664795,-0.6743797659873962,-0.21263112127780914,0.6743797063827515;
racing,killcuboid,6.0,2.700000286102295,2.700000286102295,2909.5443725585938,35.20944595336914,1800.0001525878906,-0.21263110637664795,-0.6743797659873962,-0.21263112127780914,0.6743797063827515;
racing,killcuboid,6.0,2.700000286102295,2.700000286102295,2872.235107421875,58.97775650024414,1740.0001525878906,-0.1830126941204071,-0.6830127239227295,-0.1830127090215683,0.6830126643180847;
racing,killcuboid,6.0,2.700000286102295,2.700000286102295,2851.0220336914062,22.235417366027832,1740.0001525878906,-0.1830126941204071,-0.6830127239227295,-0.1830127090215683,0.6830126643180847;
racing,killcuboid,6.0,2.700000286102295,2.700000286102295,2887.764892578125,1.0222482681274414,1740.0001525878906,-0.1830126941204071,-0.6830127239227295,-0.1830127090215683,0.6830126643180847;
racing,killcuboid,6.0,2.700000286102295,2.700000286102295,2908.9779663085938,37.76458263397217,1740.0001525878906,-0.1830126941204071,-0.6830127239227295,-0.1830127090215683,0.6830126643180847;
racing,killcuboid,6.0,2.700000286102295,2.700000286102295,2869.7390747070312,58.1907320022583,1680.0001525878906,-0.1530459225177765,-0.6903455257415771,-0.15304593741893768,0.6903455257415771;
racing,killcuboid,6.0,2.700000286102295,2.700000286102295,2851.80908203125,19.739367961883545,1680.0001525878906,-0.1530459225177765,-0.6903455257415771,-0.15304593741893768,0.6903455257415771;
racing,killcuboid,6.0,2.700000286102295,2.700000286102295,2890.2609252929688,1.8092727661132812,1680.0001525878906,-0.1530459225177765,-0.6903455257415771,-0.15304593741893768,0.6903455257415771;
racing,killcuboid,6.0,2.700000286102295,2.700000286102295,2908.19091796875,40.260629653930664,1680.0001525878906,-0.1530459225177765,-0.6903455257415771,-0.15304593741893768,0.6903455257415771;
racing,killcuboid,6.0,2.700000286102295,2.700000286102295,2867.3211669921875,57.18915939331055,1620.0001525878906,-0.12278780341148376,-0.6963642239570618,-0.12278781831264496,0.6963642239570618;
racing,killcuboid,6.0,2.700000286102295,2.700000286102295,2852.8106689453125,17.321407794952393,1620.0001525878906,-0.12278780341148376,-0.6963642239570618,-0.12278781831264496,0.6963642239570618;
racing,killcuboid,6.0,2.700000286102295,2.700000286102295,2892.6788330078125,2.810845375061035,1620.0001525878906,-0.12278780341148376,-0.6963642239570618,-0.12278781831264496,0.6963642239570618;
racing,killcuboid,6.0,2.700000286102295,2.700000286102295,2907.1893310546875,42.6785945892334,1620.0001525878906,-0.12278780341148376,-0.6963642239570618,-0.12278781831264496,0.6963642239570618;
racing,killcuboid,6.0,2.700000286102295,2.700000286102295,2864.9996948242188,55.98066329956055,1560.0001525878906,-0.09229594469070435,-0.7010573744773865,-0.09229596704244614,0.7010573744773865;
racing,killcuboid,6.0,2.700000286102295,2.700000286102295,2854.0191650390625,14.999940395355225,1560.0001525878906,-0.09229594469070435,-0.7010573744773865,-0.09229596704244614,0.7010573744773865;
racing,killcuboid,6.0,2.700000286102295,2.700000286102295,2895.0003051757812,4.019343852996826,1560.0001525878906,-0.09229594469070435,-0.7010573744773865,-0.09229596704244614,0.7010573744773865;
racing,killcuboid,6.0,2.700000286102295,2.700000286102295,2905.9808349609375,45.000057220458984,1560.0001525878906,-0.09229594469070435,-0.7010573744773865,-0.09229596704244614,0.7010573744773865;
racing,killcuboid,6.0,2.700000286102295,2.700000286102295,2862.7923583984375,54.574432373046875,1500.0001525878906,-0.06162841618061066,-0.704416036605835,-0.06162843480706215,0.704416036605835;
racing,killcuboid,6.0,2.700000286102295,2.700000286102295,2855.4254150390625,12.792631387710571,1500.0001525878906,-0.06162841618061066,-0.704416036605835,-0.06162843480706215,0.704416036605835;
racing,killcuboid,6.0,2.700000286102295,2.700000286102295,2897.2076416015625,5.425570011138916,1500.0001525878906,-0.06162841618061066,-0.704416036605835,-0.06162843480706215,0.704416036605835;
racing,killcuboid,6.0,2.700000286102295,2.700000286102295,2904.5745849609375,47.207369804382324,1500.0001525878906,-0.06162841618061066,-0.704416036605835,-0.06162843480706215,0.704416036605835;
racing,killcuboid,6.0,2.700000286102295,2.700000286102295,2860.7159423828125,52.981181144714355,1440.0001525878906,-0.030843568965792656,-0.7064337730407715,-0.030843589454889297,0.7064337730407715;
racing,killcuboid,6.0,2.700000286102295,2.700000286102295,2857.0184326171875,10.716280937194824,1440.0001525878906,-0.030843568965792656,-0.7064337730407715,-0.030843589454889297,0.7064337730407715;
racing,killcuboid,6.0,2.700000286102295,2.700000286102295,2899.2840576171875,7.018823623657227,1440.0001525878906,-0.030843568965792656,-0.7064337730407715,-0.030843589454889297,0.7064337730407715;
racing,killcuboid,6.0,2.700000286102295,2.700000286102295,2902.9815673828125,49.283719062805176,1440.0001525878906,-0.030843568965792656,-0.7064337730407715,-0.030843589454889297,0.7064337730407715;
racing,killcuboid,6.0,2.700000286102295,2.700000286102295,2858.78662109375,51.21302604675293,1380.0001525878906,1.121328629949403e-08,-0.7071067690849304,-1.121328629949403e-08,0.7071067690849304;
racing,killcuboid,6.0,2.700000286102295,2.700000286102295,2858.78662109375,8.78669261932373,1380.0001525878906,1.121328629949403e-08,-0.7071067690849304,-1.121328629949403e-08,0.7071067690849304;
racing,killcuboid,6.0,2.700000286102295,2.700000286102295,2901.21337890625,8.786978721618652,1380.0001525878906,1.121328629949403e-08,-0.7071067690849304,-1.121328629949403e-08,0.7071067690849304;
racing,killcuboid,6.0,2.700000286102295,2.700000286102295,2901.21337890625,51.21330738067627,1380.0001525878906,1.121328629949403e-08,-0.7071067690849304,-1.121328629949403e-08,0.7071067690849304;
racing,killcuboid,6.0,2.700000286102295,2.700000286102295,2857.0184326171875,49.28342819213867,1320.0001525878906,0.030843570828437805,-0.7064337730407715,0.030843546614050865,0.7064337730407715;
racing,killcuboid,6.0,2.700000286102295,2.700000286102295,2860.7162475585938,7.018547058105469,1320.0001525878906,0.030843570828437805,-0.7064337730407715,0.030843546614050865,0.7064337730407715;
racing,killcuboid,6.0,2.700000286102295,2.700000286102295,2902.9815673828125,10.71657419204712,1320.0001525878906,0.030843570828437805,-0.7064337730407715,0.030843546614050865,0.7064337730407715;
racing,killcuboid,6.0,2.700000286102295,2.700000286102295,2899.2837524414062,52.98145294189453,1320.0001525878906,0.030843570828437805,-0.7064337730407715,0.030843546614050865,0.7064337730407715;
racing,killcuboid,6.0,2.700000286102295,2.700000286102295,2855.4251098632812,47.20707416534424,1260.0001525878906,0.06162841618061066,-0.704416036605835,0.061628393828868866,0.704416036605835;
racing,killcuboid,6.0,2.700000286102295,2.700000286102295,2862.7926635742188,5.425307750701904,1260.0001525878906,0.06162841618061066,-0.704416036605835,0.061628393828868866,0.704416036605835;
racing,killcuboid,6.0,2.700000286102295,2.700000286102295,2904.5748901367188,12.792930603027344,1260.0001525878906,0.06162841618061066,-0.704416036605835,0.061628393828868866,0.704416036605835;
racing,killcuboid,6.0,2.700000286102295,2.700000286102295,2897.2073364257812,54.574689865112305,1260.0001525878906,0.06162841618061066,-0.704416036605835,0.061628393828868866,0.704416036605835;
racing,killcuboid,6.0,2.700000286102295,2.700000286102295,2854.0191650390625,44.9997615814209,1200.0001525878906,0.09229595214128494,-0.7010573744773865,0.09229592233896255,0.7010573744773865;
racing,killcuboid,6.0,2.700000286102295,2.700000286102295,2865.0,4.0190958976745605,1200.0001525878906,0.09229595214128494,-0.7010573744773865,0.09229592233896255,0.7010573744773865;
racing,killcuboid,6.0,2.700000286102295,2.700000286102295,2905.9808349609375,15.000243186950684,1200.0001525878906,0.09229595214128494,-0.7010573744773865,0.09229592233896255,0.7010573744773865;
racing,killcuboid,6.0,2.700000286102295,2.700000286102295,2895.0,55.98090171813965,1200.0001525878906,0.09229595214128494,-0.7010573744773865,0.09229592233896255,0.7010573744773865;
racing,killcuboid,6.0,2.700000286102295,2.700000286102295,2852.8106689453125,42.67828941345215,1140.0001525878906,0.12278778105974197,-0.6963642835617065,0.12278775870800018,0.6963642239570618;
racing,killcuboid,6.0,2.700000286102295,2.700000286102295,2867.3214721679688,2.8106141090393066,1140.0001525878906,0.12278778105974197,-0.6963642835617065,0.12278775870800018,0.6963642239570618;
racing,killcuboid,6.0,2.700000286102295,2.700000286102295,2907.1893310546875,17.32171058654785,1140.0001525878906,0.12278778105974197,-0.6963642835617065,0.12278775870800018,0.6963642239570618;
racing,killcuboid,6.0,2.700000286102295,2.700000286102295,2892.6785278320312,57.189388275146484,1140.0001525878906,0.12278778105974197,-0.6963642835617065,0.12278775870800018,0.6963642239570618;
racing,killcuboid,6.0,2.700000047683716,2.700000047683716,2851.80908203125,40.26033401489258,1080.0001525878906,0.15304593741893768,-0.6903455257415771,0.1530459076166153,0.6903455257415771;
racing,killcuboid,6.0,2.700000047683716,2.700000047683716,2869.7393798828125,1.8090558052062988,1080.0001525878906,0.15304593741893768,-0.6903455257415771,0.1530459076166153,0.6903455257415771;
racing,killcuboid,6.0,2.700000047683716,2.700000047683716,2908.19091796875,19.739673137664795,1080.0001525878906,0.15304593741893768,-0.6903455257415771,0.1530459076166153,0.6903455257415771;
racing,killcuboid,6.0,2.700000047683716,2.700000047683716,2890.2606201171875,58.19094657897949,1080.0001525878906,0.15304593741893768,-0.6903455257415771,0.1530459076166153,0.6903455257415771;
racing,killcuboid,6.0,2.700000286102295,2.700000286102295,2851.0220336914062,37.764291763305664,1020.0001525878906,0.1830126941204071,-0.6830127239227295,0.1830126792192459,0.6830126643180847;
racing,killcuboid,6.0,2.700000286102295,2.700000286102295,2872.2354125976562,1.0220575332641602,1020.0001525878906,0.1830126941204071,-0.6830127239227295,0.1830126792192459,0.6830126643180847;
racing,killcuboid,6.0,2.700000286102295,2.700000286102295,2908.9779663085938,22.2357177734375,1020.0001525878906,0.1830126941204071,-0.6830127239227295,0.1830126792192459,0.6830126643180847;
racing,killcuboid,6.0,2.700000286102295,2.700000286102295,2887.7645874023438,58.97794723510742,1020.0001525878906,0.1830126941204071,-0.6830127239227295,0.1830126792192459,0.6830126643180847;
racing,killcuboid,1.0,6.0,13.0,1585.0,30.0,565.0000381469727,-0.0,-0.0,-0.0,1.0;
racing,killcuboid,1.0,6.0,13.0,1535.0,30.0,565.0000381469727,-0.0,-0.0,-0.0,1.0;
racing,killcuboid,1.0,5.999999523162842,13.0,1560.0,55.0,565.0000762939453,-0.0,-0.0,-1.0,1.0;
racing,killcuboid,1.0,5.999999523162842,13.0,1560.0,5.0000011920928955,565.0,-0.0,-0.0,-1.0,1.0;
racing,killcuboid,2.25,6.0,13.0,1578.75,30.0,-84.99994277954102,-0.0,-0.0,-0.0,1.0;
racing,killcuboid,2.25,6.0,13.0,1541.25,30.0,-84.99998092651367,-0.0,-0.0,-0.0,1.0;
racing,killcuboid,2.25,5.999999523162842,13.0,1560.0,48.75,-84.99994277954102,-0.0,-0.0,-1.0,1.0;
racing,killcuboid,2.25,5.999999523162842,13.0,1560.0,11.250001192092896,-85.00001907348633,-0.0,-0.0,-1.0,1.0;
racing,killcuboid,1.25,6.0,13.0,1583.75,30.0,435.00003814697266,-0.0,-0.0,-0.0,1.0;
racing,killcuboid,1.25,6.0,13.0,1536.25,30.0,435.00003814697266,-0.0,-0.0,-0.0,1.0;
racing,killcuboid,1.25,5.999999523162842,13.0,1560.0,53.75,435.0000762939453,-0.0,-0.0,-1.0,1.0;
racing,killcuboid,1.25,5.999999523162842,13.0,1560.0,6.2500011920928955,435.0,-0.0,-0.0,-1.0,1.0;
racing,killcuboid,1.5,6.0,13.0,1582.5,30.0,305.0000190734863,-0.0,-0.0,-0.0,1.0;
racing,killcuboid,1.5,6.0,13.0,1537.5,30.0,305.0000190734863,-0.0,-0.0,-0.0,1.0;
racing,killcuboid,1.5,5.999999523162842,13.0,1560.0,52.5,305.000057220459,-0.0,-0.0,-1.0,1.0;
racing,killcuboid,1.5,5.999999523162842,13.0,1560.0,7.5000011920928955,304.9999809265137,-0.0,-0.0,-1.0,1.0;
racing,killcuboid,1.75,6.0,13.0,1581.25,30.0,175.00001907348633,-0.0,-0.0,-0.0,1.0;
racing,killcuboid,1.75,6.0,13.0,1538.75,30.0,175.00001907348633,-0.0,-0.0,-0.0,1.0;
racing,killcuboid,1.75,5.999999523162842,13.0,1560.0,51.25,175.00005722045898,-0.0,-0.0,-1.0,1.0;
racing,killcuboid,1.75,5.999999523162842,13.0,1560.0,8.750001192092896,174.99998092651367,-0.0,-0.0,-1.0,1.0;
racing,killcuboid,2.0,6.0,13.0,1580.0,30.0,45.00001907348633,-0.0,-0.0,-0.0,1.0;
racing,killcuboid,2.0,6.0,13.0,1540.0,30.0,45.00001907348633,-0.0,-0.0,-0.0,1.0;
racing,killcuboid,2.0,5.999999523162842,13.0,1560.0,50.0,45.000057220458984,-0.0,-0.0,-1.0,1.0;
racing,killcuboid,2.0,5.999999523162842,13.0,1560.0,10.000001192092896,44.99998092651367,-0.0,-0.0,-1.0,1.0;
custom,cuboid,default,108.0,0.25,0.25,1,0.894,0.745,0.510,108.0,0.25,990.0,30.0,-260.0,-0.0,-0.0,-0.0,1.0;
custom,cuboid,default,1.5,6.000000476837158,1.4999998807907104,1,0.894,0.745,0.510,1.5,1.4999998807907104,3420.0,30.000004768371582,2020.0,-0.0,-0.0,1.0,-4.371138828673793e-08;
custom,cuboid,default,1.5,6.000000476837158,1.4999998807907104,1,0.894,0.745,0.510,1.5,1.4999998807907104,3400.0,30.000014305114746,2085.0,-0.0,-0.0,1.0,-4.371138828673793e-08;
custom,cuboid,default,1.5,6.000000476837158,1.4999998807907104,1,0.894,0.745,0.510,1.5,1.4999998807907104,3420.0,30.000014305114746,1920.0,-0.0,-0.0,1.0,-4.371138828673793e-08;
custom,cuboid,default,1.5,6.000000476837158,1.4999998807907104,1,0.894,0.745,0.510,1.5,1.4999998807907104,3510.0,29.999995231628418,1930.0,-0.0,-0.0,1.0,-4.371138828673793e-08;
custom,cuboid,default,1.5,6.000000476837158,1.4999998807907104,1,0.894,0.745,0.510,1.5,1.4999998807907104,3610.0,29.999995231628418,1910.0,-0.0,-0.0,1.0,-4.371138828673793e-08;
custom,cuboid,default,1.5,6.000000476837158,1.4999998807907104,1,0.894,0.745,0.510,1.5,1.4999998807907104,3670.0,29.999995231628418,1920.0,-0.0,-0.0,1.0,-4.371138828673793e-08;
custom,cuboid,default,1.5,6.000000476837158,1.4999998807907104,1,0.894,0.745,0.510,1.5,1.4999998807907104,3780.0,29.999995231628418,1920.0,-0.0,-0.0,1.0,-4.371138828673793e-08;
custom,cuboid,default,1.5,6.000000476837158,1.4999998807907104,1,0.894,0.745,0.510,1.5,1.4999998807907104,3770.0,29.999995231628418,1870.0,-0.0,-0.0,1.0,-4.371138828673793e-08;
custom,cuboid,default,1.5,6.000000476837158,1.4999998807907104,1,0.894,0.745,0.510,1.5,1.4999998807907104,3770.0,29.999995231628418,1790.0,-0.0,-0.0,1.0,-4.371138828673793e-08;
custom,cuboid,default,1.5,6.000000476837158,1.4999998807907104,1,0.894,0.745,0.510,1.5,1.4999998807907104,3640.0,29.999995231628418,1810.0,-0.0,-0.0,1.0,-4.371138828673793e-08;
custom,cuboid,default,1.5,6.000000476837158,1.4999998807907104,1,0.894,0.745,0.510,1.5,1.4999998807907104,3550.0,29.999995231628418,1790.0,-0.0,-0.0,1.0,-4.371138828673793e-08;
custom,cuboid,default,1.5,6.000000476837158,1.4999998807907104,1,0.894,0.745,0.510,1.5,1.4999998807907104,3450.0,29.999995231628418,1800.0,-0.0,-0.0,1.0,-4.371138828673793e-08;
custom,cuboid,default,1.5,6.000000476837158,1.4999998807907104,1,0.894,0.745,0.510,1.5,1.4999998807907104,3360.0,29.999995231628418,1810.0,-0.0,-0.0,1.0,-4.371138828673793e-08;
custom,cuboid,default,1.5,6.000000476837158,1.4999998807907104,1,0.894,0.745,0.510,1.5,1.4999998807907104,3290.0,29.999995231628418,1820.0,-0.0,-0.0,1.0,-4.371138828673793e-08;
custom,cuboid,default,1.5,6.000000476837158,1.4999998807907104,1,0.894,0.745,0.510,1.5,1.4999998807907104,3310.0,29.999995231628418,1920.0,-0.0,-0.0,1.0,-4.371138828673793e-08;
custom,cuboid,default,1.5,6.000000476837158,1.4999998807907104,1,0.894,0.745,0.510,1.5,1.4999998807907104,3290.0,29.999995231628418,2010.0,-0.0,-0.0,1.0,-4.371138828673793e-08;
custom,cuboid,default,1.5,6.000000476837158,1.4999998807907104,1,0.894,0.745,0.510,1.5,1.4999998807907104,3240.0,29.999995231628418,2050.0,-0.0,-0.0,1.0,-4.371138828673793e-08;
custom,cuboid,default,1.5,6.000000476837158,1.4999998807907104,1,0.894,0.745,0.510,1.5,1.4999998807907104,3140.0,29.999995231628418,2030.0,-0.0,-0.0,1.0,-4.371138828673793e-08;
custom,cuboid,default,1.5,6.000000476837158,1.4999998807907104,1,0.894,0.745,0.510,1.5,1.4999998807907104,3070.0,29.999995231628418,2050.0,-0.0,-0.0,1.0,-4.371138828673793e-08;
custom,cuboid,default,1.5,6.000000476837158,1.4999998807907104,1,0.894,0.745,0.510,1.5,1.4999998807907104,3430.0,29.999995231628418,2170.0,-0.0,-0.0,1.0,-4.371138828673793e-08;
custom,cuboid,default,1.5,6.000000476837158,1.4999998807907104,1,0.894,0.745,0.510,1.5,1.4999998807907104,3320.0,29.999995231628418,2150.0,-0.0,-0.0,1.0,-4.371138828673793e-08;
custom,cuboid,default,1.5,6.000000476837158,1.4999998807907104,1,0.894,0.745,0.510,1.5,1.4999998807907104,3200.0,29.999995231628418,2170.0,-0.0,-0.0,1.0,-4.371138828673793e-08;
custom,cuboid,default,1.5,6.000000476837158,1.4999998807907104,1,0.894,0.745,0.510,1.5,1.4999998807907104,3100.0,29.999995231628418,2150.0,-0.0,-0.0,1.0,-4.371138828673793e-08;
custom,cuboid,default,1.5,6.000000476837158,1.4999998807907104,1,0.894,0.745,0.510,1.5,1.4999998807907104,2970.0,29.999995231628418,2160.0,-0.0,-0.0,1.0,-4.371138828673793e-08;
custom,cuboid,default,1.5,6.000000476837158,1.4999998807907104,1,0.894,0.745,0.510,1.5,1.4999998807907104,3000.0,29.999995231628418,2030.0,-0.0,-0.0,1.0,-4.371138828673793e-08;
custom,cuboid,default,1.0,1.0,6.0,1,0.894,0.745,0.510,1.0,6.0,2900.0,10.0,2860.0,1.0,0.0,-0.0,-4.371138828673793e-08;
custom,cuboid,default,1.0,1.0,6.0,1,0.894,0.745,0.510,1.0,6.0,2861.09130859375,34.54370975494385,2797.301025390625,1.0,0.0,-0.0,-4.371138828673793e-08;
custom,cuboid,default,1.0,1.0,6.0,1,0.894,0.745,0.510,1.0,6.0,2866.6864013671875,11.163105964660645,2807.1243286132812,1.0,0.0,-0.0,-4.371138828673793e-08;
custom,cuboid,default,1.0,1.0,6.0,1,0.894,0.745,0.510,1.0,6.0,2885.0732421875,37.50108480453491,2767.5820922851562,1.0,0.0,-0.0,-4.371138828673793e-08;
custom,cuboid,default,1.0,1.0,6.0,1,0.894,0.745,0.510,1.0,6.0,2874.139404296875,25.801057815551758,2867.6651000976562,1.0,0.0,-0.0,-4.371138828673793e-08;
custom,cuboid,default,1.0,1.0,6.0,1,0.894,0.745,0.510,1.0,6.0,2861.8048095703125,43.883090019226074,2668.646240234375,1.0,0.0,-0.0,-4.371138828673793e-08;
custom,cuboid,default,1.0,1.0,6.0,1,0.894,0.745,0.510,1.0,6.0,2875.079345703125,27.004802227020264,2692.96142578125,1.0,0.0,-0.0,-4.371138828673793e-08;
custom,cuboid,default,1.0,1.0,6.0,1,0.894,0.745,0.510,1.0,6.0,2890.5673217773438,11.132766008377075,2731.0418701171875,1.0,0.0,-0.0,-4.371138828673793e-08;
custom,cuboid,default,1.0,1.0,6.0,1,0.894,0.745,0.510,1.0,6.0,2892.2869873046875,44.06848907470703,2685.01708984375,1.0,0.0,-0.0,-4.371138828673793e-08;
custom,cuboid,default,1.0,1.0,6.0,1,0.894,0.745,0.510,1.0,6.0,2858.3773803710938,16.324498653411865,2632.4267578125,1.0,0.0,-0.0,-4.371138828673793e-08;
custom,cuboid,default,1.0,1.0,6.0,1,0.894,0.745,0.510,1.0,6.0,2893.90869140625,16.758718490600586,2604.4869995117188,1.0,0.0,-0.0,-4.371138828673793e-08;
custom,cuboid,default,1.0,1.0,6.0,1,0.894,0.745,0.510,1.0,6.0,2882.18994140625,36.287643909454346,2577.4301147460938,1.0,0.0,-0.0,-4.371138828673793e-08;
custom,cuboid,default,1.0,1.0,6.0,1,0.894,0.745,0.510,1.0,6.0,2860.4080200195312,34.30192947387695,2546.5704345703125,1.0,0.0,-0.0,-4.371138828673793e-08;
custom,cuboid,default,1.0,1.0,6.0,1,0.894,0.745,0.510,1.0,6.0,2860.4080200195312,34.30192947387695,2546.5704345703125,1.0,0.0,-0.0,-4.371138828673793e-08;
custom,cuboid,default,1.0,1.0,6.0,1,0.894,0.745,0.510,1.0,6.0,2879.5852661132812,15.339083671569824,2523.196258544922,1.0,0.0,-0.0,-4.371138828673793e-08;
custom,cuboid,default,1.0,1.0,6.0,1,0.894,0.745,0.510,1.0,6.0,2898.3367919921875,39.9769926071167,2519.957275390625,1.0,0.0,-0.0,-4.371138828673793e-08;
custom,cuboid,default,1.0,1.0,6.0,1,0.894,0.745,0.510,1.0,6.0,2863.7704467773438,40.6365966796875,2452.744903564453,1.0,0.0,-0.0,-4.371138828673793e-08;
custom,cuboid,default,1.0,1.0,6.0,1,0.894,0.745,0.510,1.0,6.0,2883.4197998046875,33.973374366760254,2469.30419921875,1.0,0.0,-0.0,-4.371138828673793e-08;
custom,cuboid,default,1.0,1.0,6.0,1,0.894,0.745,0.510,1.0,6.0,2901.7523193359375,40.35174369812012,2410.1629638671875,1.0,0.0,-0.0,-4.371138828673793e-08;
custom,cuboid,default,1.0,1.0,6.0,1,0.894,0.745,0.510,1.0,6.0,2897.2384643554688,6.321732997894287,2425.892791748047,1.0,0.0,-0.0,-4.371138828673793e-08;
custom,cuboid,default,1.0,1.0,6.0,1,0.894,0.745,0.510,1.0,6.0,2857.03857421875,14.379069805145264,2379.5668029785156,1.0,0.0,-0.0,-4.371138828673793e-08;
custom,cuboid,default,1.0,1.0,6.0,1,0.894,0.745,0.510,1.0,6.0,2884.534912109375,20.537219047546387,2366.893768310547,1.0,0.0,-0.0,-4.371138828673793e-08;
custom,cuboid,default,1.0,1.0,6.0,1,0.894,0.745,0.510,1.0,6.0,2867.4261474609375,31.688997745513916,2340.2220153808594,1.0,0.0,-0.0,-4.371138828673793e-08;
custom,cuboid,default,1.0,1.0,6.0,1,0.894,0.745,0.510,1.0,6.0,2882.6412963867188,45.669050216674805,2305.23681640625,1.0,0.0,-0.0,-4.371138828673793e-08;
custom,cuboid,default,1.0,1.0,6.0,1,0.894,0.745,0.510,1.0,6.0,2899.447021484375,9.008167386054993,2305.255584716797,1.0,0.0,-0.0,-4.371138828673793e-08;
custom,cuboid,default,1.0,1.0,6.0,1,0.894,0.745,0.510,1.0,6.0,2858.4149169921875,12.111855745315552,2278.6012268066406,1.0,0.0,-0.0,-4.371138828673793e-08;
custom,cuboid,default,1.0,1.0,6.0,1,0.894,0.745,0.510,1.0,6.0,2883.1051635742188,25.01391887664795,2246.4344787597656,1.0,0.0,-0.0,-4.371138828673793e-08;
custom,cuboid,default,1.0,1.0,6.0,1,0.894,0.745,0.510,1.0,6.0,2870.9173583984375,13.720448017120361,2233.0393981933594,1.0,0.0,-0.0,-4.371138828673793e-08;
custom,cuboid,default,1.0,1.0,6.0,1,0.894,0.745,0.510,1.0,6.0,2860.5499267578125,45.83148002624512,2225.9591674804688,1.0,0.0,-0.0,-4.371138828673793e-08;
custom,cuboid,default,33.0,0.20000001788139343,0.20000000298023224,1,0.894,0.745,0.510,33.0,0.20000000298023224,3016.0000610351562,30.0,899.0000152587891,1.0,0.0,-0.0,-4.371138828673793e-08;
custom,cuboid,default,12.0,0.20000003278255463,0.20000001788139343,1,0.894,0.745,0.510,12.0,0.20000001788139343,3180.0,30.0,840.0,0.7071068286895752,3.0908619663705394e-08,0.7071067690849304,-3.090862321641907e-08;
custom,cuboid,default,33.0,0.20000001788139343,0.20000000298023224,1,0.894,0.745,0.510,33.0,0.20000000298023224,3016.0000610351562,30.0,780.9999847412109,1.0,0.0,-0.0,-4.371138828673793e-08;
custom,cuboid,default,1.0,6.000000953674316,1.0,1,0.894,0.745,0.510,1.0,1.0,2760.0,30.0,660.0,0.7071068286895752,3.0908619663705394e-08,0.7071067690849304,-3.090862321641907e-08;
custom,cuboid,default,1.0,6.000000953674316,1.0000001192092896,1,0.894,0.745,0.510,1.0,1.0000001192092896,2760.0,30.0,660.0,0.7071067690849304,-0.0,-0.0,0.7071067690849304;
custom,cuboid,default,1.0,6.0,1.0,1,0.894,0.745,0.510,1.0,1.0,2660.0,30.0,660.0,0.6963642835617065,-0.12278777360916138,0.6963642239570618,-0.12278782576322556;
custom,cuboid,default,1.0,6.0,1.0000001192092896,1,0.894,0.745,0.510,1.0,1.0000001192092896,2660.0,30.0,660.0,0.8191520571708679,-0.0,-0.0,0.5735764503479004;
custom,cuboid,default,0.9999999403953552,6.0,1.0,1,0.894,0.745,0.510,0.9999999403953552,1.0,2610.0,30.0,660.0,0.6830127239227295,-0.1830126792192459,0.6830126643180847,-0.1830127239227295;
custom,cuboid,default,1.0,6.000000953674316,1.0000001192092896,1,0.894,0.745,0.510,1.0,1.0000001192092896,2610.0,30.0,660.0,0.866025447845459,-0.0,-0.0,0.4999999701976776;
custom,cuboid,default,1.000000238418579,6.000001430511475,1.0000001192092896,1,0.894,0.745,0.510,1.000000238418579,1.0000001192092896,2560.0,30.0,660.0,0.6644630432128906,-0.24184472858905792,0.6644629836082458,-0.2418447732925415;
custom,cuboid,default,1.0,6.0,1.0000001192092896,1,0.894,0.745,0.510,1.0,1.0000001192092896,2560.0,30.0,660.0,0.9063078165054321,-0.0,-0.0,0.42261824011802673;
custom,cuboid,default,1.000000238418579,6.000001907348633,1.000000238418579,1,0.894,0.745,0.510,1.000000238418579,1.000000238418579,2510.0,30.0,660.0,0.6408563852310181,-0.29883623123168945,0.6408563852310181,-0.29883626103401184;
custom,cuboid,default,1.0,6.0,1.0,1,0.894,0.745,0.510,1.0,1.0,2510.0,30.0,660.0,0.9396926164627075,-0.0,-0.0,0.3420201539993286;
custom,cuboid,default,0.9999999403953552,6.0,1.0,1,0.894,0.745,0.510,0.9999999403953552,1.0,2460.0,30.0,660.0,0.6123724579811096,-0.3535533845424652,0.6123723983764648,-0.3535534143447876;
custom,cuboid,default,1.0,5.999999523162842,1.0,1,0.894,0.745,0.510,1.0,1.0,2460.0,30.0,660.0,0.9659258127212524,-0.0,-0.0,0.2588190734386444;
custom,cuboid,default,1.000000238418579,6.000001430511475,1.0000001192092896,1,0.894,0.745,0.510,1.000000238418579,1.0000001192092896,2710.0,30.0,660.0,0.704416036605835,-0.06162838637828827,0.7044159770011902,-0.061628442257642746;
custom,cuboid,default,1.0,6.0,1.0,1,0.894,0.745,0.510,1.0,1.0,2710.0,30.0,660.0,0.7660444378852844,-0.0,-0.0,0.6427876353263855;
custom,cuboid,default,1.0000001192092896,6.0,1.0,1,0.894,0.745,0.510,1.0000001192092896,1.0,2410.0,30.0,660.0,0.5792279839515686,-0.4055797755718231,0.5792279839515686,-0.4055798053741455;
custom,cuboid,default,1.0,6.000001907348633,1.0000003576278687,1,0.894,0.745,0.510,1.0,1.0000003576278687,2410.0,30.0,660.0,0.9848077297210693,-0.0,-0.0,0.17364822328090668;
custom,cuboid,default,1.000000238418579,6.000001430511475,1.000000238418579,1,0.894,0.745,0.510,1.000000238418579,1.000000238418579,2360.0,30.0,660.0,0.5416752099990845,-0.45451945066452026,0.5416752099990845,-0.45451948046684265;
custom,cuboid,default,1.0,6.000000953674316,1.0000001192092896,1,0.894,0.745,0.510,1.0,1.0000001192092896,2360.0,30.0,660.0,0.9961947202682495,-0.0,-0.0,0.08715580403804779;
custom,cuboid,default,1.0,6.0,1.0,1,0.894,0.745,0.510,1.0,1.0,2310.0,30.0,660.0,0.5,-0.5,0.5,-0.5;
custom,cuboid,default,1.0,6.0,1.0,1,0.894,0.745,0.510,1.0,1.0,2310.0,30.0,660.0,1.0,-0.0,0.0,-4.371138828673793e-08;
custom,cuboid,default,0.9999999403953552,5.999999523162842,1.0,1,0.894,0.745,0.510,0.9999999403953552,1.0,2260.0,30.0,660.0,0.45451948046684265,-0.5416752099990845,0.45451948046684265,-0.5416752099990845;
custom,cuboid,default,1.0,6.000000953674316,1.0000001192092896,1,0.894,0.745,0.510,1.0,1.0000001192092896,2260.0,30.0,660.0,-0.9961947202682495,-0.0,-0.0,0.08715580403804779;
custom,cuboid,default,1.0000001192092896,6.0,1.0,1,0.894,0.745,0.510,1.0000001192092896,1.0,2210.0,30.0,660.0,0.4055797755718231,-0.5792279839515686,0.4055798053741455,-0.5792279839515686;
custom,cuboid,default,1.0,6.000001907348633,1.0000003576278687,1,0.894,0.745,0.510,1.0,1.0000003576278687,2210.0,30.0,660.0,-0.9848077297210693,-0.0,-0.0,0.17364822328090668;
custom,cuboid,default,1.0,6.0,1.0,1,0.894,0.745,0.510,1.0,1.0,2160.0,30.0,660.0,0.3535533547401428,-0.6123724579811096,0.3535533845424652,-0.6123724579811096;
custom,cuboid,default,1.0,5.999999523162842,1.0,1,0.894,0.745,0.510,1.0,1.0,2160.0,30.0,660.0,-0.9659258127212524,-0.0,-0.0,0.2588190734386444;
custom,cuboid,default,1.0,6.0,1.0,1,0.894,0.745,0.510,1.0,1.0,2110.0,30.0,660.0,0.29883620142936707,-0.6408563852310181,0.29883626103401184,-0.6408563852310181;
custom,cuboid,default,1.0,6.0,1.0,1,0.894,0.745,0.510,1.0,1.0,2110.0,30.0,660.0,-0.9396926164627075,-0.0,-0.0,0.3420201539993286;
custom,cuboid,default,1.0,6.0,1.0,1,0.894,0.745,0.510,1.0,1.0,2060.0,30.0,660.0,0.24184474349021912,-0.6644630432128906,0.2418447881937027,-0.6644629836082458;
custom,cuboid,default,1.0,6.0,1.0000001192092896,1,0.894,0.745,0.510,1.0,1.0000001192092896,2060.0,30.0,660.0,-0.9063078165054321,-0.0,-0.0,0.42261824011802673;
custom,cuboid,default,1.0,6.0,1.0,1,0.894,0.745,0.510,1.0,1.0,2010.0,30.0,660.0,0.1830126941204071,-0.6830127239227295,0.18301273882389069,-0.6830126643180847;
custom,cuboid,default,1.0,6.000000953674316,1.0000001192092896,1,0.894,0.745,0.510,1.0,1.0000001192092896,2010.0,30.0,660.0,-0.866025447845459,-0.0,-0.0,0.4999999701976776;
custom,cuboid,default,1.0,6.0,1.0,1,0.894,0.745,0.510,1.0,1.0,1960.0,30.0,660.0,0.12278780341148376,-0.6963642835617065,0.12278785556554794,-0.6963642239570618;
custom,cuboid,default,1.0,6.0,1.0000001192092896,1,0.894,0.745,0.510,1.0,1.0000001192092896,1960.0,30.0,660.0,-0.8191520571708679,-0.0,-0.0,0.5735764503479004;
custom,cuboid,default,1.0,6.0,0.9999999403953552,1,0.894,0.745,0.510,1.0,0.9999999403953552,1910.0,30.0,660.0,0.06162842735648155,-0.704416036605835,0.06162848696112633,-0.7044159770011902;
custom,cuboid,default,1.0,6.0,1.0,1,0.894,0.745,0.510,1.0,1.0,1910.0,30.0,660.0,-0.7660444378852844,-0.0,-0.0,0.6427876353263855;
custom,cuboid,default,1.0,6.0,1.0,1,0.894,0.745,0.510,1.0,1.0,1860.0,30.0,660.0,-6.181723932741079e-08,-0.7071068286895752,2.3335359591370765e-15,-0.7071067690849304;
custom,cuboid,default,1.0,6.000000953674316,1.0000001192092896,1,0.894,0.745,0.510,1.0,1.0000001192092896,1860.0,30.0,660.0,-0.7071067690849304,-0.0,-0.0,0.7071067690849304;
custom,cuboid,default,1.0,5.999999523162842,0.9999999403953552,1,0.894,0.745,0.510,1.0,0.9999999403953552,1810.0,30.0,660.0,-0.061628468334674835,-0.704416036605835,-0.06162840127944946,-0.7044159770011902;
custom,cuboid,default,1.0,6.000000953674316,1.000000238418579,1,0.894,0.745,0.510,1.0,1.000000238418579,1810.0,30.0,660.0,-0.6427875757217407,-0.0,-0.0,0.7660444378852844;
custom,cuboid,default,1.0000001192092896,6.0,1.0,1,0.894,0.745,0.510,1.0000001192092896,1.0,1760.0,30.0,660.0,-0.12278784811496735,-0.6963642835617065,-0.12278777360916138,-0.6963642239570618;
custom,cuboid,default,1.0,6.0,1.0000001192092896,1,0.894,0.745,0.510,1.0,1.0000001192092896,1760.0,30.0,660.0,-0.5735764503479004,-0.0,-0.0,0.8191520571708679;
custom,cuboid,default,0.9999999403953552,6.0,1.0,1,0.894,0.745,0.510,0.9999999403953552,1.0,1710.0,30.0,660.0,-0.18301273882389069,-0.6830127239227295,-0.18301266431808472,-0.6830126643180847;
custom,cuboid,default,1.0,6.0,1.0,1,0.894,0.745,0.510,1.0,1.0,1710.0,30.0,660.0,-0.5,-0.0,-0.0,0.8660253882408142;
custom,cuboid,default,6.0,6.0,2.0,1,0.894,0.745,0.510,6.0,2.0,4020.0,30.0,3199.9996948242188,-0.0,-0.0,1.0,-4.371138828673793e-08;
custom,cuboid,default,6.0,6.0,2.0,1,0.894,0.745,0.510,6.0,2.0,4020.0,30.0,3160.0,-0.0,-0.0,1.0,-4.371138828673793e-08;
custom,cuboid,default,6.000001430511475,6.000000953674316,2.000000238418579,1,0.894,0.745,0.510,6.000001430511475,2.000000238418579,4020.0,49.99969482421875,3180.0,3.0908619663705394e-08,-0.7071067690849304,0.7071067690849304,-3.0908619663705394e-08;
custom,cuboid,default,6.000001430511475,6.000000953674316,2.000000238418579,1,0.894,0.745,0.510,6.000001430511475,2.000000238418579,4020.0,10.0,3180.0,3.0908619663705394e-08,-0.7071067690849304,0.7071067690849304,-3.0908619663705394e-08;
custom,cuboid,default,2.000000238418579,2.000000476837158,6.000000953674316,1,0.894,0.745,0.510,2.000000238418579,6.000000953674316,4140.0,29.999842643737793,3180.0,-0.7071067690849304,3.0908619663705394e-08,0.7071067690849304,-3.0908619663705394e-08;
custom,cuboid,default,6.0,6.0,2.0,1,0.894,0.745,0.510,6.0,2.0,4260.0,30.0,3199.9996948242188,-0.0,-0.0,1.0,-4.371138828673793e-08;
custom,cuboid,default,6.0,6.0,2.0,1,0.894,0.745,0.510,6.0,2.0,4260.0,30.0,3160.0,-0.0,-0.0,1.0,-4.371138828673793e-08;
custom,cuboid,default,6.000001430511475,6.000000953674316,2.000000238418579,1,0.894,0.745,0.510,6.000001430511475,2.000000238418579,4260.0,49.99969482421875,3180.0,3.0908619663705394e-08,-0.7071067690849304,0.7071067690849304,-3.0908619663705394e-08;
custom,cuboid,default,6.000001430511475,6.000000953674316,2.000000238418579,1,0.894,0.745,0.510,6.000001430511475,2.000000238418579,4260.0,10.0,3180.0,3.0908619663705394e-08,-0.7071067690849304,0.7071067690849304,-3.0908619663705394e-08;
custom,cuboid,default,2.000000238418579,2.000000476837158,6.000000953674316,1,0.894,0.745,0.510,2.000000238418579,6.000000953674316,4380.0,29.999842643737793,3180.0003051757812,-0.7071067690849304,3.0908619663705394e-08,0.7071067690849304,-3.0908619663705394e-08;
custom,cuboid,default,6.0,6.0,2.0,1,0.894,0.745,0.510,6.0,2.0,4500.0,30.0,3200.0,-0.0,-0.0,1.0,-4.371138828673793e-08;
custom,cuboid,default,6.0,6.0,2.0,1,0.894,0.745,0.510,6.0,2.0,4500.0,30.0,3160.0003051757812,-0.0,-0.0,1.0,-4.371138828673793e-08;
custom,cuboid,default,6.000001430511475,6.000000953674316,2.000000238418579,1,0.894,0.745,0.510,6.000001430511475,2.000000238418579,4500.0,49.99969482421875,3180.0003051757812,3.0908619663705394e-08,-0.7071067690849304,0.7071067690849304,-3.0908619663705394e-08;
custom,cuboid,default,6.000001430511475,6.000000953674316,2.000000238418579,1,0.894,0.745,0.510,6.000001430511475,2.000000238418579,4500.0,10.0,3180.0003051757812,3.0908619663705394e-08,-0.7071067690849304,0.7071067690849304,-3.0908619663705394e-08;
custom,cuboid,default,1.0,6.0,1.0,1,0.894,0.745,0.510,1.0,1.0,4740.0,30.0,3060.0,-0.0,-0.0,1.0,-4.371138828673793e-08;
custom,cuboid,default,6.0,7.499999046325684,0.09999999403953552,1,0.894,0.745,0.510,6.0,0.09999999403953552,3340.0,20.0,2940.0,0.3535534143447876,-0.6123723983764648,0.3535533845424652,0.6123724579811096;
custom,cuboid,default,6.0,7.499999046325684,0.09999999403953552,1,0.894,0.745,0.510,6.0,0.09999999403953552,2960.0,40.0,2940.0,0.3535534143447876,-0.6123723983764648,0.3535533845424652,0.6123724579811096;
custom,cuboid,default,6.0,7.499999046325684,0.09999999403953552,1,0.894,0.745,0.510,6.0,0.09999999403953552,3260.0,40.0,2940.0,0.3535534143447876,-0.6123723983764648,0.3535533845424652,0.6123724579811096;
custom,cuboid,default,6.0,7.499999046325684,0.09999999403953552,1,0.894,0.745,0.510,6.0,0.09999999403953552,3240.0,20.0,2940.0,0.3535534143447876,-0.6123723983764648,0.3535533845424652,0.6123724579811096;
custom,cuboid,default,6.0,7.499999046325684,0.09999999403953552,1,0.894,0.745,0.510,6.0,0.09999999403953552,3160.0,40.0,2940.0,0.3535534143447876,-0.6123723983764648,0.3535533845424652,0.6123724579811096;
custom,cuboid,default,6.0,7.499999046325684,0.09999999403953552,1,0.894,0.745,0.510,6.0,0.09999999403953552,3140.0,20.0,2940.0,0.3535534143447876,-0.6123723983764648,0.3535533845424652,0.6123724579811096;
custom,cuboid,default,6.0,7.499999046325684,0.09999999403953552,1,0.894,0.745,0.510,6.0,0.09999999403953552,3060.0,40.0,2940.0,0.3535534143447876,-0.6123723983764648,0.3535533845424652,0.6123724579811096;
custom,cuboid,default,6.0,7.499999046325684,0.09999999403953552,1,0.894,0.745,0.510,6.0,0.09999999403953552,3040.0,20.0,2940.0,0.3535534143447876,-0.6123723983764648,0.3535533845424652,0.6123724579811096;
custom,cuboid,default,108.0,0.25,0.25,1,0.894,0.745,0.510,108.0,0.25,990.0,30.0,-220.0,-0.0,-0.0,-0.0,1.0;
custom,cuboid,default,108.0,0.25,0.25,1,0.894,0.745,0.510,108.0,0.25,990.0,50.0,-240.0,-0.0,-0.0,-0.0,1.0;
custom,cuboid,default,108.0,0.25,0.25,1,0.894,0.745,0.510,108.0,0.25,990.0,10.0,-240.0,-0.0,-0.0,-0.0,1.0;
custom,cuboid,default,0.25,0.875,0.25,1,0.894,0.745,0.510,0.25,0.25,1528.75,55.625,-240.0,-0.0,-0.0,-0.0,1.0;
custom,cuboid,default,0.25,0.875,0.25,1,0.894,0.745,0.510,0.25,0.25,1528.75,4.375,-240.0,-0.0,-0.0,-0.0,1.0;
custom,cuboid,default,0.25,0.8749998807907104,0.2499999850988388,1,0.894,0.745,0.510,0.25,0.2499999850988388,1528.75,30.0,-265.625,-1.0,-0.0,-0.0,1.0;
custom,cuboid,default,0.25,0.8749998807907104,0.2499999850988388,1,0.894,0.745,0.510,0.25,0.2499999850988388,1528.75,30.0,-214.375,-1.0,-0.0,-0.0,1.0;
custom,cuboid,default,0.25,0.875,0.25,1,0.894,0.745,0.510,0.25,0.25,451.25,55.625,-240.0,-0.0,-0.0,-0.0,1.0;
custom,cuboid,default,0.25,0.875,0.25,1,0.894,0.745,0.510,0.25,0.25,451.25,4.375,-240.0,-0.0,-0.0,-0.0,1.0;
custom,cuboid,default,0.25,0.8749998807907104,0.2499999850988388,1,0.894,0.745,0.510,0.25,0.2499999850988388,451.25,30.0,-265.625,-1.0,-0.0,-0.0,1.0;
custom,cuboid,default,0.25,0.8749998807907104,0.2499999850988388,1,0.894,0.745,0.510,0.25,0.2499999850988388,451.25,30.0,-214.375,-1.0,-0.0,-0.0,1.0;
custom,cuboid,default,6.0,6.0,6.099999904632568,1,0.894,0.745,0.510,6.0,6.099999904632568,2880.0,30.0,840.0,-0.5,-0.5,0.5,0.4999999701976776;
custom,cuboid,default,6.0,6.0,6.0,1,0.894,0.745,0.510,6.0,6.0,2880.0,30.0,2100.0,-0.5,-0.5,0.5,0.4999999701976776;
custom,cuboid,default,0.25,2.8399996757507324,0.25,1,0.894,0.745,0.510,0.25,0.25,1278.0000305175781,40.40703296661377,-249.67479705810547,0.3826834559440613,-0.0,0.0,0.9238795042037964;
custom,cuboid,default,0.25,2.8399996757507324,0.25,1,0.894,0.745,0.510,0.25,0.25,1085.999984741211,40.40703296661377,-249.67479705810547,0.3826834559440613,-0.0,0.0,0.9238795042037964;
custom,cuboid,default,0.25,2.8399996757507324,0.25,1,0.894,0.745,0.510,0.25,0.25,894.0000152587891,40.40703296661377,-249.67479705810547,0.3826834559440613,-0.0,0.0,0.9238795042037964;
custom,cuboid,default,0.25,2.8399996757507324,0.25,1,0.894,0.745,0.510,0.25,0.25,701.9999694824219,40.40703296661377,-249.67479705810547,0.3826834559440613,-0.0,0.0,0.9238795042037964;
custom,cuboid,default,0.25,2.8399996757507324,0.25,1,0.894,0.745,0.510,0.25,0.25,701.9999694824219,20.32520294189453,-229.67479705810547,0.3826834559440613,-0.0,0.0,0.9238795042037964;
custom,cuboid,default,0.25,2.8399996757507324,0.25,1,0.894,0.745,0.510,0.25,0.25,894.0000152587891,20.32520294189453,-229.67479705810547,0.3826834559440613,-0.0,0.0,0.9238795042037964;
custom,cuboid,default,0.25,2.8399996757507324,0.25,1,0.894,0.745,0.510,0.25,0.25,1085.999984741211,20.32520294189453,-229.67479705810547,0.3826834559440613,-0.0,0.0,0.9238795042037964;
custom,cuboid,default,0.25,2.8399996757507324,0.25,1,0.894,0.745,0.510,0.25,0.25,1278.0000305175781,20.32520294189453,-229.67479705810547,0.3826834559440613,-0.0,0.0,0.9238795042037964;
custom,cuboid,default,0.25,2.8399996757507324,0.25,1,0.894,0.745,0.510,0.25,0.25,1278.0000305175781,39.59296703338623,-229.67479705810547,-0.3826834559440613,-0.0,-0.0,0.9238795042037964;
custom,cuboid,default,0.25,2.8399996757507324,0.25,1,0.894,0.745,0.510,0.25,0.25,1085.999984741211,39.59296703338623,-229.67479705810547,-0.3826834559440613,-0.0,-0.0,0.9238795042037964;
custom,cuboid,default,0.25,2.8399996757507324,0.25,1,0.894,0.745,0.510,0.25,0.25,894.0000152587891,39.59296703338623,-229.67479705810547,-0.3826834559440613,-0.0,-0.0,0.9238795042037964;
custom,cuboid,default,0.25,2.8399996757507324,0.25,1,0.894,0.745,0.510,0.25,0.25,701.9999694824219,39.59296703338623,-229.67479705810547,-0.3826834559440613,-0.0,-0.0,0.9238795042037964;
custom,cuboid,default,0.25,2.8399996757507324,0.25,1,0.894,0.745,0.510,0.25,0.25,701.9999694824219,19.67479705810547,-249.67479705810547,-0.3826834559440613,-0.0,-0.0,0.9238795042037964;
custom,cuboid,default,0.25,2.8399996757507324,0.25,1,0.894,0.745,0.510,0.25,0.25,894.0000152587891,19.67479705810547,-249.67479705810547,-0.3826834559440613,-0.0,-0.0,0.9238795042037964;
custom,cuboid,default,0.25,2.8399996757507324,0.25,1,0.894,0.745,0.510,0.25,0.25,1085.999984741211,19.67479705810547,-249.67479705810547,-0.3826834559440613,-0.0,-0.0,0.9238795042037964;
custom,cuboid,default,0.25,2.8399996757507324,0.25,1,0.894,0.745,0.510,0.25,0.25,1278.0000305175781,19.67479705810547,-249.67479705810547,-0.3826834559440613,-0.0,-0.0,0.9238795042037964;
custom,cuboid,default,3.0,6.0,0.25,1,0.894,0.745,0.510,3.0,0.25,2895.0,30.0,1770.0,-0.0,-0.0,-0.0,1.0;
custom,cuboid,default,3.0,6.0,0.25,1,0.894,0.745,0.510,3.0,0.25,2865.0,30.0,1470.0,-0.0,-0.0,-0.0,1.0;
custom,cuboid,default,3.0,6.0,0.25,1,0.894,0.745,0.510,3.0,0.25,2895.0,30.0,1170.0,-0.0,-0.0,-0.0,1.0;
spawnpoint,playerC,4740.0,10.0,3000.0,-0.0,-0.0,-0.0,1.0;
spawnpoint,playerM,4740.0,10.0,3000.0,-0.0,-0.0,-0.0,1.0;
racing,startcuboid,1.0000001192092896,6.0,6.000000953674316,4740.0,30.0,3145.0,-0.0,-0.7071067690849304,-0.0,0.7071067690849304;
racing,endcuboid,6.000000953674316,6.0,0.9999999403953552,-25.000004768371582,30.0,0.0,-0.0,-0.7071067690849304,-0.0,0.7071067690849304;
racing,checkpointcuboid,6.0,6.0,0.75,2880.0,30.0,746.2500762939453,-0.0,-0.0,-0.0,1.0;
racing,checkpointcuboid,6.000000953674316,6.000001430511475,0.75,2911.25,30.0,2940.0,0.7071067690849304,-3.0908619663705394e-08,-0.7071067690849304,-3.0908619663705394e-08;
custom,cuboid,default,0.40000003576278687,0.4000000059604645,140.0,1,0.894,0.745,0.510,0.40000003576278687,140.0,4078.75,58.75,3208.75,0.27059805393218994,-0.6532815098762512,-0.27059805393218994,0.6532814502716064;
custom,cuboid,default,0.40000003576278687,0.4000000059604645,126.25,1,0.894,0.745,0.510,0.40000003576278687,126.25,4080.0,58.75,3151.2496948242188,0.27059805393218994,-0.6532815098762512,-0.27059805393218994,0.6532814502716064;
custom,cuboid,default,0.40000003576278687,0.4000000059604645,24.0,1,0.894,0.745,0.510,0.40000003576278687,24.0,3448.75,58.75,3031.2496948242188,-0.0,-0.0,-0.3826834559440613,0.9238795042037964;
custom,cuboid,default,0.40000003576278687,0.4000000059604645,24.0,1,0.894,0.745,0.510,0.40000003576278687,24.0,3391.25,58.75,3088.75,-0.0,-0.0,-0.3826834559440613,0.9238795042037964;
custom,cuboid,default,0.40000003576278687,0.4000000059604645,55.0,1,0.894,0.745,0.510,0.40000003576278687,55.0,3183.75,58.75,2911.25,0.27059805393218994,-0.6532815098762512,-0.27059805393218994,0.6532814502716064;
custom,cuboid,default,0.40000003576278687,0.4000000059604645,55.0,1,0.894,0.745,0.510,0.40000003576278687,55.0,3116.25,58.75,2968.75,0.27059805393218994,-0.6532815098762512,-0.27059805393218994,0.6532814502716064;
custom,cuboid,default,0.40000003576278687,0.4000000059604645,72.25,1,0.894,0.745,0.510,0.40000003576278687,72.25,2908.75,58.75,2550.0,-0.0,-0.0,-0.3826834559440613,0.9238795042037964;
custom,cuboid,default,0.40000003576278687,0.4000000059604645,84.0,1,0.894,0.745,0.510,0.40000003576278687,84.0,2851.25,58.75,2550.0,-0.0,-0.0,-0.3826834559440613,0.9238795042037964;
custom,cuboid,default,0.40000003576278687,0.4000000059604645,55.0,1,0.894,0.745,0.510,0.40000003576278687,55.0,3183.75,58.75,2188.7501525878906,0.27059805393218994,-0.6532815098762512,-0.27059805393218994,0.6532814502716064;
custom,cuboid,default,0.40000003576278687,0.4000000059604645,55.0,1,0.894,0.745,0.510,0.40000003576278687,55.0,3116.25,58.75,2131.25,0.27059805393218994,-0.6532815098762512,-0.27059805393218994,0.6532814502716064;
custom,cuboid,default,0.40000003576278687,0.4000000059604645,48.0,1,0.894,0.745,0.510,0.40000003576278687,48.0,3090.0,58.75,2068.75,0.27059805393218994,-0.6532815098762512,-0.27059805393218994,0.6532814502716064;
custom,cuboid,default,0.40000003576278687,0.4000000059604645,36.25,1,0.894,0.745,0.510,0.40000003576278687,36.25,3090.0,58.75,2011.2501525878906,0.27059805393218994,-0.6532815098762512,-0.27059805393218994,0.6532814502716064;
custom,cuboid,default,0.40000003576278687,0.4000000059604645,36.25,1,0.894,0.745,0.510,0.40000003576278687,36.25,3630.0,58.75,1948.7501525878906,0.27059805393218994,-0.6532815098762512,-0.27059805393218994,0.6532814502716064;
custom,cuboid,default,0.40000003576278687,0.4000000059604645,36.25,1,0.894,0.745,0.510,0.40000003576278687,36.25,3570.0,58.75,1891.25,0.27059805393218994,-0.6532815098762512,-0.27059805393218994,0.6532814502716064;
custom,cuboid,default,0.40000003576278687,0.4000000059604645,42.25,1,0.894,0.745,0.510,0.40000003576278687,42.25,3540.0,58.75,1828.75,0.27059805393218994,-0.6532815098762512,-0.27059805393218994,0.6532814502716064;
custom,cuboid,default,0.40000003576278687,0.4000000059604645,55.0,1,0.894,0.745,0.510,0.40000003576278687,55.0,3540.0,58.75,1771.25,0.27059805393218994,-0.6532815098762512,-0.27059805393218994,0.6532814502716064;
custom,cuboid,default,0.40000003576278687,0.4000000059604645,24.0,1,0.894,0.745,0.510,0.40000003576278687,24.0,3271.25,58.75,1891.2501525878906,-0.0,-0.0,-0.3826834559440613,0.9238795042037964;
custom,cuboid,default,0.40000003576278687,0.4000000059604645,24.0,1,0.894,0.745,0.510,0.40000003576278687,24.0,3328.75,58.75,1948.75,-0.0,-0.0,-0.3826834559440613,0.9238795042037964;
custom,cuboid,default,0.40000003576278687,0.4000000059604645,24.0,1,0.894,0.745,0.510,0.40000003576278687,24.0,3391.25,58.75,2011.25,-0.0,-0.0,-0.3826834559440613,0.9238795042037964;
custom,cuboid,default,0.40000003576278687,0.4000000059604645,24.0,1,0.894,0.745,0.510,0.40000003576278687,24.0,3448.75,58.75,2068.7501525878906,-0.0,-0.0,-0.3826834559440613,0.9238795042037964;
custom,cuboid,default,0.40000003576278687,0.4000000059604645,18.0,1,0.894,0.745,0.510,0.40000003576278687,18.0,3808.75,58.75,1860.0,-0.0,-0.0,-0.3826834559440613,0.9238795042037964;
custom,cuboid,default,0.40000003576278687,0.4000000059604645,6.25,1,0.894,0.745,0.510,0.40000003576278687,6.25,3751.25,58.75,1860.0,-0.0,-0.0,-0.3826834559440613,0.9238795042037964;
custom,cuboid,default,0.40000003576278687,0.4000000059604645,122.0,1,0.894,0.745,0.510,0.40000003576278687,122.0,2851.25,58.75,1471.25,-0.0,-0.0,-0.3826834559440613,0.9238795042037964;
custom,cuboid,default,0.40000003576278687,0.4000000059604645,108.125,1,0.894,0.745,0.510,0.40000003576278687,108.125,2908.75,58.75,1470.625,-0.0,-0.0,-0.3826834559440613,0.9238795042037964;
custom,cuboid,default,0.40000003576278687,0.4000000059604645,6.75,1,0.894,0.745,0.510,0.40000003576278687,6.75,2885.0,58.75,871.25,0.27059805393218994,-0.6532815098762512,-0.27059805393218994,0.6532814502716064;
custom,cuboid,default,0.40000003576278687,0.4000000059604645,6.75,1,0.894,0.745,0.510,0.40000003576278687,6.75,2885.0,58.75,808.75,0.27059805393218994,-0.6532815098762512,-0.27059805393218994,0.6532814502716064;
custom,cuboid,default,0.40000003576278687,0.4000000059604645,12.5,1,0.894,0.745,0.510,0.40000003576278687,12.5,2851.25,58.75,751.25,-0.0,-0.0,-0.3826834559440613,0.9238795042037964;
custom,cuboid,default,0.40000003576278687,0.4000000059604645,12.5,1,0.894,0.745,0.510,0.40000003576278687,12.5,2908.75,58.75,687.5000762939453,-0.0,-0.0,-0.3826834559440613,0.9238795042037964;
custom,cuboid,default,0.40000003576278687,0.4000000059604645,133.0,1,0.894,0.745,0.510,0.40000003576278687,133.0,2253.75,58.75,631.2500762939453,0.27059805393218994,-0.6532815098762512,-0.27059805393218994,0.6532814502716064;
custom,cuboid,default,0.40000003576278687,0.4000000059604645,133.0,1,0.894,0.745,0.510,0.40000003576278687,133.0,2186.25,58.75,688.75,0.27059805393218994,-0.6532815098762512,-0.27059805393218994,0.6532814502716064;
custom,cuboid,default,0.40000003576278687,0.4000000059604645,90.0,1,0.894,0.745,0.510,0.40000003576278687,90.0,1588.75,58.75,181.2500762939453,-0.0,-0.0,-0.3826834559440613,0.9238795042037964;
custom,cuboid,default,0.40000003576278687,0.4000000059604645,90.0,1,0.894,0.745,0.510,0.40000003576278687,90.0,1531.25,58.75,238.75,-0.0,-0.0,-0.3826834559440613,0.9238795042037964;
custom,cuboid,default,0.40000003576278687,0.4000000059604645,6.125,1,0.894,0.745,0.510,0.40000003576278687,6.125,1500.625,58.75,-211.25,0.27059805393218994,-0.6532815098762512,-0.27059805393218994,0.6532814502716064;
custom,cuboid,default,0.40000003576278687,0.4000000059604645,12.0,1,0.894,0.745,0.510,0.40000003576278687,12.0,1530.0,58.75,-268.7499237060547,0.27059805393218994,-0.6532815098762512,-0.27059805393218994,0.6532814502716064;
custom,cuboid,default,0.40000003576278687,0.4000000059604645,12.0,1,0.894,0.745,0.510,0.40000003576278687,12.0,450.0,58.75,-268.7499237060547,0.27059805393218994,-0.6532815098762512,-0.27059805393218994,0.6532814502716064;
custom,cuboid,default,0.40000003576278687,0.4000000059604645,6.125,1,0.894,0.745,0.510,0.40000003576278687,6.125,479.375,58.75,-211.25,0.27059805393218994,-0.6532815098762512,-0.27059805393218994,0.6532814502716064;
custom,cuboid,default,0.40000003576278687,0.4000000059604645,25.0,1,0.894,0.745,0.510,0.40000003576278687,25.0,391.25,58.75,-153.75,-0.0,-0.0,-0.3826834559440613,0.9238795042037964;
custom,cuboid,default,0.40000003576278687,0.4000000059604645,25.0,1,0.894,0.745,0.510,0.40000003576278687,25.0,448.75,58.75,-86.25,-0.0,-0.0,-0.3826834559440613,0.9238795042037964;
custom,cuboid,default,0.40000003576278687,0.4000000059604645,6.0,1,0.894,0.745,0.510,0.40000003576278687,6.0,-28.75,58.75,0.0,-0.0,-0.0,-0.3826834559440613,0.9238795042037964;
custom,cuboid,default,0.40000003576278687,0.4000000059604645,42.0,1,0.894,0.745,0.510,0.40000003576278687,42.0,181.25,58.75,-28.75,0.27059805393218994,-0.6532815098762512,-0.27059805393218994,0.6532814502716064;
custom,cuboid,default,0.40000003576278687,0.4000000059604645,48.0,1,0.894,0.745,0.510,0.40000003576278687,48.0,208.75,58.75,28.750019073486328,0.27059805393218994,-0.6532815098762512,-0.27059805393218994,0.6532814502716064;
custom,cuboid,default,0.40000003576278687,0.4000000059604645,18.0,1,0.894,0.745,0.510,0.40000003576278687,18.0,4711.25,58.75,3061.2496948242188,-0.0,-0.0,-0.3826834559440613,0.9238795042037964;
custom,cuboid,default,0.40000003576278687,0.4000000059604645,24.0,1,0.894,0.745,0.510,0.40000003576278687,24.0,4768.75,58.75,3091.25,-0.0,-0.0,-0.3826834559440613,0.9238795042037964;
custom,cuboid,default,0.40000003576278687,0.4000000059604645,6.0,1,0.894,0.745,0.510,0.40000003576278687,6.0,4738.75,58.75,2971.2496948242188,0.27059805393218994,-0.6532815098762512,-0.27059805393218994,0.6532814502716064;
custom,cuboid,default,0.40000003576278687,0.4000000059604645,140.0,1,0.894,0.745,0.510,0.40000003576278687,140.0,4078.75,1.25,3208.75,0.27059805393218994,-0.6532815098762512,-0.27059805393218994,0.6532814502716064;
custom,cuboid,default,0.40000003576278687,0.4000000059604645,126.25,1,0.894,0.745,0.510,0.40000003576278687,126.25,4080.0,1.25,3151.2496948242188,0.27059805393218994,-0.6532815098762512,-0.27059805393218994,0.6532814502716064;
custom,cuboid,default,0.40000003576278687,0.4000000059604645,24.0,1,0.894,0.745,0.510,0.40000003576278687,24.0,3448.75,1.25,3031.2496948242188,-0.0,-0.0,-0.3826834559440613,0.9238795042037964;
custom,cuboid,default,0.40000003576278687,0.4000000059604645,24.0,1,0.894,0.745,0.510,0.40000003576278687,24.0,3391.25,1.25,3088.75,-0.0,-0.0,-0.3826834559440613,0.9238795042037964;
custom,cuboid,default,0.40000003576278687,0.4000000059604645,55.0,1,0.894,0.745,0.510,0.40000003576278687,55.0,3183.75,1.25,2911.25,0.27059805393218994,-0.6532815098762512,-0.27059805393218994,0.6532814502716064;
custom,cuboid,default,0.40000003576278687,0.4000000059604645,55.0,1,0.894,0.745,0.510,0.40000003576278687,55.0,3116.25,1.25,2968.75,0.27059805393218994,-0.6532815098762512,-0.27059805393218994,0.6532814502716064;
custom,cuboid,default,0.40000003576278687,0.4000000059604645,72.25,1,0.894,0.745,0.510,0.40000003576278687,72.25,2908.75,1.25,2550.0,-0.0,-0.0,-0.3826834559440613,0.9238795042037964;
custom,cuboid,default,0.40000003576278687,0.4000000059604645,84.0,1,0.894,0.745,0.510,0.40000003576278687,84.0,2851.25,1.25,2550.0,-0.0,-0.0,-0.3826834559440613,0.9238795042037964;
custom,cuboid,default,0.40000003576278687,0.4000000059604645,55.0,1,0.894,0.745,0.510,0.40000003576278687,55.0,3183.75,1.25,2188.7501525878906,0.27059805393218994,-0.6532815098762512,-0.27059805393218994,0.6532814502716064;
custom,cuboid,default,0.40000003576278687,0.4000000059604645,55.0,1,0.894,0.745,0.510,0.40000003576278687,55.0,3116.25,1.25,2131.25,0.27059805393218994,-0.6532815098762512,-0.27059805393218994,0.6532814502716064;
custom,cuboid,default,0.40000003576278687,0.4000000059604645,48.0,1,0.894,0.745,0.510,0.40000003576278687,48.0,3090.0,1.25,2068.75,0.27059805393218994,-0.6532815098762512,-0.27059805393218994,0.6532814502716064;
custom,cuboid,default,0.40000003576278687,0.4000000059604645,36.25,1,0.894,0.745,0.510,0.40000003576278687,36.25,3090.0,1.25,2011.2501525878906,0.27059805393218994,-0.6532815098762512,-0.27059805393218994,0.6532814502716064;
custom,cuboid,default,0.40000003576278687,0.4000000059604645,36.25,1,0.894,0.745,0.510,0.40000003576278687,36.25,3630.0,1.25,1948.7501525878906,0.27059805393218994,-0.6532815098762512,-0.27059805393218994,0.6532814502716064;
custom,cuboid,default,0.40000003576278687,0.4000000059604645,36.25,1,0.894,0.745,0.510,0.40000003576278687,36.25,3570.0,1.25,1891.25,0.27059805393218994,-0.6532815098762512,-0.27059805393218994,0.6532814502716064;
custom,cuboid,default,0.40000003576278687,0.4000000059604645,42.25,1,0.894,0.745,0.510,0.40000003576278687,42.25,3540.0,1.25,1828.75,0.27059805393218994,-0.6532815098762512,-0.27059805393218994,0.6532814502716064;
custom,cuboid,default,0.40000003576278687,0.4000000059604645,55.0,1,0.894,0.745,0.510,0.40000003576278687,55.0,3540.0,1.25,1771.25,0.27059805393218994,-0.6532815098762512,-0.27059805393218994,0.6532814502716064;
custom,cuboid,default,0.40000003576278687,0.4000000059604645,24.0,1,0.894,0.745,0.510,0.40000003576278687,24.0,3271.25,1.25,1891.2501525878906,-0.0,-0.0,-0.3826834559440613,0.9238795042037964;
custom,cuboid,default,0.40000003576278687,0.4000000059604645,24.0,1,0.894,0.745,0.510,0.40000003576278687,24.0,3328.75,1.25,1948.75,-0.0,-0.0,-0.3826834559440613,0.9238795042037964;
custom,cuboid,default,0.40000003576278687,0.4000000059604645,24.0,1,0.894,0.745,0.510,0.40000003576278687,24.0,3391.25,1.25,2011.25,-0.0,-0.0,-0.3826834559440613,0.9238795042037964;
custom,cuboid,default,0.40000003576278687,0.4000000059604645,24.0,1,0.894,0.745,0.510,0.40000003576278687,24.0,3448.75,1.25,2068.7501525878906,-0.0,-0.0,-0.3826834559440613,0.9238795042037964;
custom,cuboid,default,0.40000003576278687,0.4000000059604645,18.0,1,0.894,0.745,0.510,0.40000003576278687,18.0,3808.75,1.25,1860.0,-0.0,-0.0,-0.3826834559440613,0.9238795042037964;
custom,cuboid,default,0.40000003576278687,0.4000000059604645,6.25,1,0.894,0.745,0.510,0.40000003576278687,6.25,3751.25,1.25,1860.0,-0.0,-0.0,-0.3826834559440613,0.9238795042037964;
custom,cuboid,default,0.40000003576278687,0.4000000059604645,122.0,1,0.894,0.745,0.510,0.40000003576278687,122.0,2851.25,1.25,1471.25,-0.0,-0.0,-0.3826834559440613,0.9238795042037964;
custom,cuboid,default,0.40000003576278687,0.4000000059604645,108.125,1,0.894,0.745,0.510,0.40000003576278687,108.125,2908.75,1.25,1470.625,-0.0,-0.0,-0.3826834559440613,0.9238795042037964;
custom,cuboid,default,0.40000003576278687,0.4000000059604645,6.75,1,0.894,0.745,0.510,0.40000003576278687,6.75,2885.0,1.25,871.25,0.27059805393218994,-0.6532815098762512,-0.27059805393218994,0.6532814502716064;
custom,cuboid,default,0.40000003576278687,0.4000000059604645,6.75,1,0.894,0.745,0.510,0.40000003576278687,6.75,2885.0,1.25,808.75,0.27059805393218994,-0.6532815098762512,-0.27059805393218994,0.6532814502716064;
custom,cuboid,default,0.40000003576278687,0.4000000059604645,12.5,1,0.894,0.745,0.510,0.40000003576278687,12.5,2851.25,1.25,751.25,-0.0,-0.0,-0.3826834559440613,0.9238795042037964;
custom,cuboid,default,0.40000003576278687,0.4000000059604645,12.5,1,0.894,0.745,0.510,0.40000003576278687,12.5,2908.75,1.25,687.5000762939453,-0.0,-0.0,-0.3826834559440613,0.9238795042037964;
custom,cuboid,default,0.40000003576278687,0.4000000059604645,133.0,1,0.894,0.745,0.510,0.40000003576278687,133.0,2253.75,1.25,631.2500762939453,0.27059805393218994,-0.6532815098762512,-0.27059805393218994,0.6532814502716064;
custom,cuboid,default,0.40000003576278687,0.4000000059604645,133.0,1,0.894,0.745,0.510,0.40000003576278687,133.0,2186.25,1.25,688.75,0.27059805393218994,-0.6532815098762512,-0.27059805393218994,0.6532814502716064;
custom,cuboid,default,0.40000003576278687,0.4000000059604645,90.0,1,0.894,0.745,0.510,0.40000003576278687,90.0,1588.75,1.25,181.2500762939453,-0.0,-0.0,-0.3826834559440613,0.9238795042037964;
custom,cuboid,default,0.40000003576278687,0.4000000059604645,90.0,1,0.894,0.745,0.510,0.40000003576278687,90.0,1531.25,1.25,238.75,-0.0,-0.0,-0.3826834559440613,0.9238795042037964;
custom,cuboid,default,0.40000003576278687,0.4000000059604645,6.125,1,0.894,0.745,0.510,0.40000003576278687,6.125,1500.625,1.25,-211.25,0.27059805393218994,-0.6532815098762512,-0.27059805393218994,0.6532814502716064;
custom,cuboid,default,0.40000003576278687,0.4000000059604645,12.0,1,0.894,0.745,0.510,0.40000003576278687,12.0,1530.0,1.25,-268.7499237060547,0.27059805393218994,-0.6532815098762512,-0.27059805393218994,0.6532814502716064;
custom,cuboid,default,0.40000003576278687,0.4000000059604645,12.0,1,0.894,0.745,0.510,0.40000003576278687,12.0,450.0,1.25,-268.7499237060547,0.27059805393218994,-0.6532815098762512,-0.27059805393218994,0.6532814502716064;
custom,cuboid,default,0.40000003576278687,0.4000000059604645,6.125,1,0.894,0.745,0.510,0.40000003576278687,6.125,479.375,1.25,-211.25,0.27059805393218994,-0.6532815098762512,-0.27059805393218994,0.6532814502716064;
custom,cuboid,default,0.40000003576278687,0.4000000059604645,25.0,1,0.894,0.745,0.510,0.40000003576278687,25.0,391.25,1.25,-153.75,-0.0,-0.0,-0.3826834559440613,0.9238795042037964;
custom,cuboid,default,0.40000003576278687,0.4000000059604645,25.0,1,0.894,0.745,0.510,0.40000003576278687,25.0,448.75,1.25,-86.25,-0.0,-0.0,-0.3826834559440613,0.9238795042037964;
custom,cuboid,default,0.40000003576278687,0.4000000059604645,6.0,1,0.894,0.745,0.510,0.40000003576278687,6.0,-28.75,1.25,0.0,-0.0,-0.0,-0.3826834559440613,0.9238795042037964;
custom,cuboid,default,0.40000003576278687,0.4000000059604645,42.0,1,0.894,0.745,0.510,0.40000003576278687,42.0,181.25,1.25,-28.75,0.27059805393218994,-0.6532815098762512,-0.27059805393218994,0.6532814502716064;
custom,cuboid,default,0.40000003576278687,0.4000000059604645,48.0,1,0.894,0.745,0.510,0.40000003576278687,48.0,208.75,1.25,28.750019073486328,0.27059805393218994,-0.6532815098762512,-0.27059805393218994,0.6532814502716064;
custom,cuboid,default,0.40000003576278687,0.4000000059604645,18.0,1,0.894,0.745,0.510,0.40000003576278687,18.0,4711.25,1.25,3061.2496948242188,-0.0,-0.0,-0.3826834559440613,0.9238795042037964;
custom,cuboid,default,0.40000003576278687,0.4000000059604645,24.0,1,0.894,0.745,0.510,0.40000003576278687,24.0,4768.75,1.25,3091.25,-0.0,-0.0,-0.3826834559440613,0.9238795042037964;
custom,cuboid,default,0.40000003576278687,0.4000000059604645,6.0,1,0.894,0.745,0.510,0.40000003576278687,6.0,4738.75,1.25,2971.2496948242188,0.27059805393218994,-0.6532815098762512,-0.27059805393218994,0.6532814502716064;
