custom,cuboid,default,0.5,6,10,0,1,1,1,250,250,-345.2097,78.05464,-1069.237,0,0.6753551,0,0.7374927;
custom,cuboid,default,0.5,6,10,0,1,1,1,250,250,-317.2668,78.3035,-1021.419,0,0.2290551,0,-0.9734135;
custom,cuboid,default,0.5,6,10,0,1,1,1,250,250,-395.1938,78.19712,-1023.928,0,0.02647082,0,-0.9996496;
racing,killCuboid,0.5,8,10,-400.0227,72.84744,-935.6399,0,0.9997891,0,0.02053723;
racing,killCuboid,0.5,8,10,-414.3456,69.00474,-935.6078,0,0.9923159,0,-0.1237298;
racing,killCuboid,0.5,8,10,-379.4492,68.41969,-845.6724,0,0.400194,0,-0.9164305;
racing,killCuboid,0.5,8,10,-442.2698,68.83125,-846.1429,0,0.9373704,0,-0.3483342;
racing,killCuboid,0.5,8,10,-487.8079,67.8125,-924.3568,0,0.9858083,0,-0.1678752;
racing,killCuboid,0.5,8,10,-513.2318,68.43771,-1005.455,0,0.9892312,0,-0.1463614;
racing,killCuboid,0.5,8,10,-440.4638,76.30658,-1023.933,0,0.9901487,0,-0.1400201;
racing,killCuboid,0.5,8,10,-541.7014,72.80313,-1097.337,0,0.1287557,0,0.9916764;
racing,killCuboid,0.5,8,10,-600.3119,73.07669,-1132.455,0,0.5869042,0,-0.8096564;
racing,killCuboid,0.5,8,10,-634.2349,69.86676,-1078.068,0,0.7929014,0,0.60935;
racing,killCuboid,0.5,8,10,-574.8596,72.52135,-1042.421,0,0.1379122,0,0.9904445;
racing,killCuboid,0.5,8,15,-473.439,74.8375,-1143.204,0,0.1393261,0,0.9902466;
racing,killCuboid,0.5,8,19,-584.5275,74.63522,-1189.648,0,0.6079124,0,-0.7940041;
racing,killCuboid,100,2,100,-281.4946,41.52617,-936.108,0,0.03269538,0,0.9994653;
racing,killCuboid,0.5,8,10,-695.1454,71.00607,-1092.969,0,0.9413583,0,-0.3374088;
racing,killCuboid,0.5,8,10,-571.0021,72.60163,-947.5662,0,0.08092856,0,-0.9967199;
racing,killCuboid,0.5,8,10,-518.5257,60.67191,-943.6918,0,0.07432173,0,-0.9972343;
racing,killCuboid,0.5,8,10,-547.1156,71.15858,-851.3103,0,0.2166029,0,-0.9762598;
racing,killCuboid,0.5,8,10,-603.8599,69.09086,-855.0773,0,0.2376727,0,-0.9713453;
racing,killCuboid,0.5,8,10,-546.0297,72.81994,-764.5547,0,0.244068,0,0.9697582;
racing,killCuboid,0.5,8,10,-605.9886,70.47664,-776.2939,0,0.2336264,0,0.9723265;
racing,killCuboid,0.5,8,10,-548.5091,70.80551,-698.8293,0,0.3919528,0,0.9199854;
racing,killCuboid,0.5,8,35,-348.1359,69.20737,-669.873,0,0.7001315,0,0.714014;
custom,cuboid,default,0.5,3,5,0,1,1,1,1.0,1.0,-233.455,64.25912,-688.7261,0,0.9999262,0,0.01215003;
custom,cuboid,default,0.5,3,5,0,1,1,1,1.0,1.0,-186.2318,92.58742,-689.3406,0,-0.009489667,0,-0.999955;
custom,cuboid,default,0.5,3,5,0,1,1,1,1.0,1.0,-208.2106,93.80714,-667.1329,0,0.7127848,0,-0.7013828;
custom,cuboid,default,0.5,3,5,0,1,1,1,1.0,1.0,-207.6783,64.09305,-666.8982,0,0.7112299,0,-0.7029595;
custom,cuboid,default,0.5,20,6,0,1,1,1,1.0,1.0,-156.1204,147.7474,-666.4674,0,0.7105697,0,-0.7036269;
custom,cuboid,default,0.5,20,6,0,1,1,1,1.0,1.0,-157.4793,147.3134,-711.8351,0,0.7118245,0,-0.7023575;
custom,cuboid,default,0.5,20,5,0,1,1,1,1.0,1.0,-129.8493,121.6332,-687.8646,0,0.9999342,0,0.01147452;
custom,cuboid,default,0.5,20,2,0,1,1,1,1.0,1.0,-185.1505,147.1919,-704.4147,0,-0.01433151,0,0.9998973;
custom,cuboid,default,0.5,20,2,0,1,1,1,1.0,1.0,-185.21,147.3413,-674.0697,0,0.999995,0,0.00317135;
racing,killCuboid,40,0.2,40,67.08611,246.0941,-529.2101,0,0.7124822,0,0.7016902;
racing,startCuboid,0.5,10,6,-371.0847,59.57541,-976.4366,0,-0.6948866,0,-0.7191194;
custom,pillar1,empty,1,1,1,1,1,0.6363637,0,1.0,1.0,-349.752,8.416121,-1047.398,0,0.9947559,0,0.1022778;
spawnpoint,playerC,-349.8817,70.38593,-1048.604,0,0.1724143,0,-0.9850245;
custom,sphere,default,0.5,0.5,0.5,0,1,1,1,1.0,1.0,-553.8362,76.87254,-1140.491,0,0.4940042,0,-0.8694595;
custom,sphere,default,0.5,0.5,0.5,0,1,1,1,1.0,1.0,-403.4986,78.24889,-921.8094,0,0.5681141,0,-0.8229498;
custom,cylinder,default,0.5,4,0.5,1,1,0.6022727,0,1.0,1.0,-301.3699,70.29938,-1061.744,0,0.8772246,0,0.4800802;
custom,cylinder,default,0.5,4,0.5,1,1,0.6022727,0,1.0,1.0,-389.5102,70.92876,-1070.108,0,0.9520804,0,-0.305848;
custom,cylinder,default,0.5,4,0.5,1,1,0.6022727,0,1.0,1.0,-341.9827,70.33427,-976.8181,0,0.4933164,0,0.86985;
custom,cylinder,default,0.5,4,0.5,1,1,0.6022727,0,1.0,1.0,-395.3872,70.06241,-978.439,0,0.6891956,0,-0.7245754;
custom,cylinder,default,0.5,4,0.5,1,1,0.6022727,0,1.0,1.0,-564.0643,73.54561,-996.161,0,0.6877614,0,-0.7259368;
custom,cylinder,default,0.5,4,0.5,1,1,0.6022727,0,1.0,1.0,-509.3019,66.97699,-991.3387,0,0.5580567,0,0.8298029;
custom,cylinder,default,0.5,4,0.5,1,1,0.6022727,0,1.0,1.0,-528.7498,68.8626,-893.0481,0,0.5434649,0,0.8394319;
custom,cylinder,default,0.5,4,0.5,1,1,0.6022727,0,1.0,1.0,-578.3687,69.39077,-898.1928,0,0.8047342,0,-0.5936353;
custom,cylinder,default,0.5,4,0.5,1,1,0.6022727,0,1.0,1.0,-622.9719,69.65432,-815.1783,0,0.7627843,0,-0.646653;
custom,cylinder,default,0.5,4,0.5,1,1,0.6022727,0,1.0,1.0,-569.0045,68.22223,-806.093,0,0.727347,0,0.6862699;
custom,cylinder,default,0.5,4,0.5,1,1,0.6022727,0,1.0,1.0,-522.6537,68.07964,-720.3609,0,0.9552167,0,0.2959072;
racing,killCuboid,0.5,8,35,-351.3268,70.69261,-715.093,0,0.7018099,0,0.7123643;
racing,killCuboid,0.5,8,10,-691.1921,69.51278,-1134.183,0,0.2065595,0,-0.978434;
custom,cylinder,default,0.5,4,0.5,1,1,0.6022727,0,1.0,1.0,-324.3379,67.75713,-713.5645,0,0.9977558,0,0.06695855;
custom,cylinder,default,0.5,4,0.5,1,1,0.6022727,0,1.0,1.0,-323.2961,68.90238,-670.1544,0,0.03769872,0,0.9992892;
custom,cylinder,default,0.5,4,0.5,1,1,0.6022727,0,1.0,1.0,-185.92,68.95792,-668.8774,0,0.4680787,0,0.8836868;
custom,cylinder,default,0.5,4,0.5,1,1,0.6022727,0,1.0,1.0,-186.4918,69.39522,-708.1534,0,0.9322255,0,0.361878;
custom,cylinder,default,0.5,10,0.5,1,1,0.6022727,0,1.0,1.0,-181.366,147.7704,-669.9705,0,0.5238789,0,-0.8517928;
custom,cylinder,default,0.5,10,0.5,1,1,0.6022727,0,1.0,1.0,-181.1629,148.8072,-709.3902,0,0.8857517,0,-0.4641595;
custom,cylinder,default,0.5,10,0.5,1,1,0.6022727,0,1.0,1.0,-131.1634,148.682,-709.074,0,0.8769787,0,0.4805292;
custom,cylinder,default,0.5,10,0.5,1,1,0.6022727,0,1.0,1.0,-132.0355,148.0494,-668.0927,0,0.4092062,0,0.912442;
racing,killCuboid,0.5,8,3,-323.9263,67.64957,-703.9603,0,0.011156,0,-0.9999378;
custom,sphere,default,0.5,0.5,0.5,0,1,1,1,1.0,1.0,-499.4279,73.77781,-1008.053,0,0.8423381,0,-0.5389495;
custom,sphere,default,0.5,0.5,0.5,0,1,1,1,1.0,1.0,-483.0824,71.31461,-893.2172,0,0.4353852,0,-0.9002443;
custom,sphere,default,0.5,0.5,0.5,0,1,1,1,1.0,1.0,-401.4649,27.78365,-922.2978,0,0.9974692,0,-0.07110056;
racing,killCuboid,0.3,8,5,-442.9862,65.66954,-961.996,0,0.8277158,0,0.5611476;
racing,killCuboid,0.3,8,5,-458.2113,66.12199,-898.5913,0,0.6007527,0,-0.799435;
racing,killCuboid,0.3,8,5,-491.7228,60.98885,-1008.956,0,0.6539912,0,-0.7565022;
racing,killCuboid,0.3,8,5,-475.1926,57.65015,-1066.09,0,0.763864,0,0.6453773;
racing,killCuboid,0.3,8,5,-520.373,60.2147,-1100.934,0,0.6034589,0,-0.7973941;
custom,cuboid,default,0.5,10,6,0,1,1,1,1.0,1.0,-543.1061,58.85488,-957.184,0,0.09293016,0,-0.9956726;
racing,killCuboid,0.5,8,2,-378.7566,73.05615,-708.953,0,0.01385161,0,0.9999041;
racing,killCuboid,0.5,2,2,-323.7522,56.27958,-680.0842,0,0.9998882,0,-0.01495584;
racing,killCuboid,0.5,2,2,-377.0008,101.2696,-690.4299,0,0.01445378,0,-0.9998956;
racing,killCuboid,0.5,3,2,-378.9237,61.99995,-689.8328,0,-0.002445588,0,-0.999997;
racing,killCuboid,0.5,8,2,-377.7731,72.78027,-671.412,0,0.9998885,0,-0.0149395;
spawnpoint,playerM,-349.309,71.17755,-1047.66,0,0.151572,0,-0.9884462;
racing,killPlane,10,3,15,-554.5096,53.29108,-723.8073,0,0.2182294,0,0.9758975;
racing,killPlane,10,3,15,-578.9949,53.12073,-854.1276,0,0.2570524,0,-0.9663975;
racing,killPlane,10,3,15,-421.4268,53.12415,-693.6157,0,0.7114481,0,0.7027387;
racing,killPlane,5,3,5,-545.6974,52.75196,-935.6318,0,0.08498575,0,-0.9963822;
racing,killCuboid,0.5,20,5,-157.0362,147.2175,-711.2209,0,0.7025988,0,0.7115862;
racing,killCuboid,0.5,20,5,-157.7463,147.4926,-666.722,0,0.703586,0,0.7106102;
racing,killCuboid,0.5,18,5,-130.3487,131.6524,-688.4183,0,0.9999571,0,0.00925861;
custom,cuboid,stone6,250,5,250,0,1,1,1,250,250,121.5928,23.13062,-104.4591,0,0.9995816,0,-0.02892376;
custom,cuboid,default,5,0.5,5,0,1,1,1,250,250,-162.6637,246.3326,-690.0159,0,0.706238,0,0.7079746;
custom,cylinder,default,1,10,1,1,1,0.625,0,250,250,258.183,150.4066,-717.5553,0,0.38956,0,-0.9210011;
custom,cylinder,default,1,10,1,1,1,0.625,0,250,250,258.6502,150.7271,-329.626,0,0.9057842,0,-0.4237393;
custom,cylinder,default,1,10,1,1,1,0.625,0,250,250,-134.3835,153.7428,-328.7215,0,0.999953,0,0.009694261;
custom,cylinder,default,1,10,1,1,1,0.625,0,250,250,-48.48748,150.0874,-664.7101,0,0.7364945,0,-0.6764436;
map,disablebounds;
racing,killCuboid,0.5,1,3,-287.874,51.74325,-701.8201,0,0.001576574,0,-0.9999987;
misc,barrier,5,20,5,-209.6061,207.4248,-689.171,0,-0.02669278,0,0.9996437;
custom,cuboid,default,0.5,0.1,0.1,0,1,1,1,1.0,1.0,121.4998,231.317,-664.3365,0.1633501,0.7075475,0.1546598,0.6699057;
custom,cuboid,default,0.5,0.1,0.1,0,1,1,1,1.0,1.0,121.7196,229.3562,-664.2344,-0.1884354,0.6906986,-0.1837551,0.6735441;
custom,cylinder,default,1,10,1,1,1,0.6590909,0,1.0,1.0,21.19603,151.2963,-608.2325,0,0.708451,0,0.7057601;
custom,cylinder,default,1,10,1,1,1,0.6590909,0,1.0,1.0,-6.225605,155.2218,-553.934,0,0.7345167,0,-0.6785907;
custom,cylinder,default,1,10,1,1,1,0.6590909,0,1.0,1.0,6.587636,149.4312,-505.8028,0,0.7022271,0,0.711953;
custom,cylinder,default,1,10,1,1,1,0.6590909,0,1.0,1.0,-18.41486,148.7604,-451.7198,0,0.7180589,0,-0.6959823;
custom,cylinder,default,1,10,1,1,1,0.6590909,0,1.0,1.0,1.495448,148.8461,-396.2306,0,0.6928405,0,0.7210909;
racing,killCuboid,0.5,6,10,214.6827,230.56,-328.5876,0,0.6824855,0,-0.7308991;
custom,cuboid,default,1,5,40,0,1,0.6590909,0,1.0,1.0,57.48063,232.9805,-717.0932,0,0.7067463,0,-0.7074671;
racing,killCuboid,0.5,6,35,-10.37094,221.8671,-336.0966,0,0.705721,0,0.7084899;
custom,cuboid,default,0.1,0.1,1,0,1,1,1,1.0,1.0,121.9338,230.3337,-667.399,0,0.01588508,0,-0.9998739;
custom,cylinder,default,1,10,1,1,1,0.6477273,0,1.0,1.0,126.1163,155.6481,-371.9944,0,0.727326,0,-0.6862922;
racing,checkpointCuboid,5,5,0.4,197.2211,223.898,-349.3941,0,0.7024243,0,0.7117584;
racing,killCuboid,0.3,5,20,30.55003,224.6533,-396.8995,0,0.7060069,0,0.708205;
racing,killCuboid,0.3,5,20,-22.15289,224.93,-451.1696,0,0.7115339,0,-0.7026519;
racing,killCuboid,0.3,5,20,28.42625,224.6954,-506.5434,0,0.7038041,0,0.7103941;
racing,killCuboid,0.3,5,20,-22.8708,224.8263,-553.7537,0,0.7096828,0,-0.7045214;
racing,killCuboid,0.3,5,20,31.24928,224.9002,-607.6734,0,0.7050005,0,0.7092069;
racing,killCuboid,0.3,5,20,-52.52025,223.2534,-665.1883,0,0.7109365,0,-0.7032562;
custom,tower1,empty,0.1,0.1,0.1,1,0,0,1,1.0,1.0,-330.7627,86.83473,-1065.054,0,0.9979795,0,0.06353693;
custom,arc180,empty,0.5,0.5,0.5,1,0,0,1,1.0,1.0,-333.2581,86.7159,-1066.487,0.7015815,-0.02885979,0.02060014,0.7117065;
custom,tower1,empty,0.1,0.1,0.1,1,0,0,1,1.0,1.0,-337.6905,86.56345,-1066.036,-0.1196759,0.9889484,-0.01051374,0.08688083;
custom,tower1,empty,0.1,0.1,0.1,1,0,0,1,1.0,1.0,-340.9172,86.60203,-1066.371,0.1457455,0.9869865,0.009924954,0.06721165;
custom,tower1,empty,0.1,0.1,0.1,1,0,0,1,1.0,1.0,-351.1567,86.46577,-1067.007,0,0.9998776,0,0.01564554;
custom,tower1,empty,0.1,0.1,0.1,1,0,0,1,1.0,1.0,-345.5047,86.62578,-1066.631,0,0.9998776,0,0.01564554;
custom,tower1,empty,0.1,0.05,0.1,1,0,0,1,1.0,1.0,-356.6162,83.98584,-1067.608,0,0.9998776,0,0.01564554;
custom,tower1,empty,0.1,0.05,0.1,1,0,0,1,1.0,1.0,-339.3258,84.71549,-1066.048,0.7047827,0.7047825,0.05728515,0.05728512;
custom,tower1,empty,0.1,0.05,0.1,1,0,0,1,1.0,1.0,-357.9268,89.05527,-1067.63,-0.2334304,0.9723079,-0.002637108,0.01098435;
custom,tower1,empty,0.1,0.05,0.1,1,0,0,1,1.0,1.0,-355.3265,88.80579,-1067.551,0.2537299,0.9671607,-0.003776502,-0.01439517;
custom,tower1,empty,0.1,0.1,0.1,1,0,0,1,1.0,1.0,-348.3651,85.90806,-1066.667,0.2591085,0.9629705,0.01935808,0.07194388;
custom,sphere,default,0.4,0.4,0.4,0,1,1,1,1.0,1.0,161.1458,232.3501,-586.1711,0,0.01167511,0,0.9999319;
racing,killCuboid,0.5,5,35,161.9783,235.6821,-488.3288,0,0.9999951,0,-0.003159742;
racing,killCuboid,0.5,5,35,120.0328,235.4504,-548.4581,0,0.9999991,0,0.001339036;
racing,killCuboid,3.5,0.5,40,145.5684,216.2694,-526.5238,0,0.9999845,0,-0.00557112;
racing,killCuboid,3.5,0.5,40,142.7482,246.9872,-513.1707,0,-0.008921482,0,-0.9999602;
custom,cuboid,default,0.5,5,35,0,0,0,0,1.0,1.0,196.7161,231.1981,-542.613,0,0.9999967,0,-0.002612413;
racing,killCuboid,0.5,5,35,196.6134,230.3589,-542.6516,0,0.9999967,0,-0.002588678;
racing,killCuboid,0.5,5,35,162.4016,230.9506,-488.5672,0,0.9999941,0,-0.003458861;
racing,killCuboid,40,0.5,4,177.0416,247.177,-522.2216,0,0.7060291,0,-0.7081829;
racing,killCuboid,40,0.5,4,179.6333,216.288,-524.2823,0,-0.7072399,0,-0.7069737;
racing,killCuboid,0.5,5,10,171.8443,235.6951,-714.2372,0,0.7035965,0,-0.7105998;
racing,killCylinder,1,2,1,161.3019,236.4752,-659.2352,0,0.01342534,0,-0.9999099;
racing,killCuboid,0.5,6,10,249.796,217.9747,-370.3794,0,0.707181,0,-0.7070325;
racing,killCuboid,0.5,6,10,315.7771,230.2301,-336.179,0,0.6805203,0,-0.7327293;
racing,killCuboid,0.5,6,10,303.0016,222.4034,-371.7989,0,0.710956,0,-0.7032365;
racing,killCuboid,5,0.5,10,270.2915,209.6423,-353.1703,0,0.7139277,0,-0.7002195;
racing,killCuboid,5,0.5,10,323.8943,206.5866,-353.6846,0,0.7017688,0,-0.7124048;
racing,killCuboid,5,0.5,10,396.6525,200.6239,-250.6313,0,0.9999323,0,-0.01163425;
racing,killCuboid,0.5,6,15,247.9313,220.7646,-202.8894,0,0.6888205,0,-0.7249319;
racing,killCuboid,5,0.5,10,365.5636,196.0989,-231.3321,0,0.7408383,0,0.6716834;
racing,killCuboid,5.5,0.5,11,270.827,195.0711,-224.4669,0,0.7172281,0,0.6968386;
custom,cuboid,default,0.5,20,5,0,1,0.5795454,0,1.0,1.0,218.9112,96.46095,-223.7464,0,0.9997739,0,-0.021266;
custom,cuboid,default,0.5,20,5,0,1,0.5795454,0,1.0,1.0,194.9179,143.579,-245.6626,0,0.7186512,0,0.6953708;
custom,cuboid,default,0.5,20,5,0,1,0.5795454,0,1.0,1.0,197.2727,143.532,-200.6447,0,0.7159109,0,0.6981917;
custom,cuboid,default,0.5,15,5,0,1,0.5795454,0,1.0,1.0,173.2325,168.4803,-222.6993,0,0.9998268,0,-0.01861052;
custom,cuboid,default,0.5,2,4,1,1,0.5795454,0,1.0,1.0,217.9946,233.6814,-224.1858,0,0.999806,0,-0.01969448;
racing,killCuboid,0.5,6,10,125.634,72.73217,-244.1263,0,0.7006909,0,-0.713465;
racing,killCuboid,0.5,6,10,34.05983,73.40325,-222.3582,0,0.5425296,0,-0.8400367;
racing,killCuboid,0.5,6,10,-21.49924,73.99498,-177.6531,0,0.2584704,0,-0.9660192;
racing,killCuboid,0.5,6,10,126.7808,74.9772,-199.3513,0,0.7035506,0,-0.7106451;
racing,killCuboid,0.5,6,10,44.71919,74.77692,-166.8826,0,0.38869,0,-0.9213686;
racing,killCuboid,0.5,6,10,8.992808,72.98905,-83.50142,0,0.01082844,0,-0.9999414;
racing,killCuboid,0.5,6,10,-42.2065,74.81522,-86.36794,0,0.03327959,0,0.9994461;
custom,cylinder,default,0.5,5,0.5,1,1,0.6477273,0,1.0,1.0,-58.44329,59.1156,-81.50076,0,0.9709397,0,-0.2393245;
racing,killCuboid,15,0.5,8,332.5759,101.196,220.3848,0,0.2259444,0,-0.9741402;
misc,barrier,6,0.5,6,198.0753,241.5624,-219.9602,0,0.7187915,0,0.6952258;
custom,cuboid,default,0.5,2,0.5,1,1,0.5795454,0,1.0,1.0,174.0699,213.404,-219.5765,0,0.6822823,0,-0.7310889;
custom,cuboid,default,0.5,1,0.5,1,1,0.5795454,0,1.0,1.0,173.7579,204.1624,-223.5303,0.2174125,0.6815085,-0.1666898,-0.678596;
custom,cuboid,default,0.5,1,0.5,1,1,0.5795454,0,1.0,1.0,174.3748,203.9974,-216.4073,-0.2243798,0.693865,0.2105377,-0.6510599;
custom,cuboid,default,0.5,0.5,0.5,1,1,0.5795454,0,1.0,1.0,173.4592,200.7804,-219.8696,0,0.6797395,0,-0.7334536;
racing,killCuboid,0.5,6,15,293.3761,218.8925,-250.1303,0,0.7362961,0,0.6766596;
racing,killCuboid,0.5,6,8,367.9157,220.1757,-295.0172,0,0.02810171,0,0.9996051;
racing,killCuboid,0.5,6,20,417.1676,222.422,-271.3315,0,0.001843869,0,0.9999983;
racing,killCuboid,0.5,6,15,353.7211,222.3264,-206.9563,0,0.693884,0,-0.7200868;
racing,killCuboid,0.5,6,8,383.0598,221.9971,-369.9525,0,0.6923096,0,0.7216007;
racing,killCuboid,25,0.5,25,316.0698,246.9813,-268.1889,0,0.9999438,0,0.01060373;
custom,cylinder,default,0.5,5,0.5,1,1,0.7045454,0,1.0,1.0,-537.6179,58.84734,-986.3316,0,0.1088856,0,-0.9940543;
custom,cylinder,default,0.5,5,0.5,1,1,0.7045454,0,1.0,1.0,-548.5663,58.75601,-926.837,0,0.9935681,0,0.1132364;
custom,cylinder,default,0.5,5,0.5,1,1,0.7045454,0,1.0,1.0,120.6702,222.5617,-711.7856,0,0.9016145,0,0.4325405;
custom,cylinder,default,0.5,5,0.5,1,1,0.7045454,0,1.0,1.0,121.1165,223.7108,-607.0024,0,0.2057002,0,0.9786151;
custom,cylinder,default,0.5,5,0.5,1,1,0.7045454,0,1.0,1.0,-127.6747,202.5222,-664.866,0,0.8746617,0,-0.4847339;
custom,cylinder,default,0.5,5,0.5,1,1,0.7045454,0,1.0,1.0,-123.2441,200.8221,-553.7896,0,0.05025286,0,-0.9987365;
custom,cylinder,default,0.5,5,0.5,1,1,0.7045454,0,1.0,1.0,121.1582,220.6327,-505.6854,0,0.06965555,0,0.9975711;
custom,cylinder,default,0.5,5,0.5,1,1,0.7045454,0,1.0,1.0,-122.1512,198.8136,-452.0329,0,0.2144214,0,-0.9767413;
custom,cylinder,default,0.5,5,0.5,1,1,0.7045454,0,1.0,1.0,120.903,229.2375,-396.6979,0,0.2481376,0,0.9687248;
customb,arch1,empty,0.5,0.5,0.5,1,1,0.7045454,0,1.0,1.0,126.354,216.7459,-354.3179,0,0.9999476,0,-0.01023681;
customb,arch1,empty,0.5,0.5,0.5,1,1,0.7045454,0,1.0,1.0,125.4163,244.4904,-351.4831,0,0.9999768,0,-0.006818647;
customb,arch1,empty,0.5,0.5,0.5,1,1,0.7045454,0,1.0,1.0,-127.9749,218.1832,-690.3735,0,0.9999563,0,0.00935525;
customb,arch1,empty,0.5,0.5,0.5,1,1,0.7045454,0,1.0,1.0,198.2715,218.6638,-350.4628,0,0.9998499,0,-0.01732853;
customb,arch1,empty,0.5,0.5,0.5,1,1,0.7045454,0,1.0,1.0,-570.0011,49.52413,-1095.998,0,0.8011017,0,0.5985284;
customb,arch1,empty,0.5,0.5,0.5,1,1,0.7045454,0,1.0,1.0,-562.6178,49.56958,-1096.532,0,0.5985315,0,-0.8010992;
custom,dummy1,default,0.5,0.5,0.5,0,1,0.7045454,0,1.0,1.0,-378.9314,50.21091,-1055.847,0,0.4044881,0,0.9145433;
custom,statue1,stone4,0.5,0.5,0.5,1,1,0.2840909,0,1.0,1.0,-317.9183,49.98299,-1048.51,0,-0.3602676,0,0.932849;
custom,cylinder,default,0.5,3,0.5,1,1,0.6477273,0,1.0,1.0,79.94991,75.01328,-198.4859,0,0.1302093,0,0.9914865;
custom,cylinder,default,0.5,3,0.5,1,1,0.6477273,0,1.0,1.0,80.71098,73.51979,-241.9257,0,0.9992417,0,-0.03893623;
custom,cylinder,default,0.5,3,0.5,1,1,0.6477273,0,1.0,1.0,8.443778,75.22279,-131.368,0,0.5259219,0,0.8505329;
custom,cylinder,default,0.5,3,0.5,1,1,0.6477273,0,1.0,1.0,172.6207,69.07285,-200.2737,0,0.02582493,0,0.9996665;
custom,cylinder,default,0.5,3,0.5,1,1,0.6477273,0,1.0,1.0,173.0538,66.28939,-244.118,0,0.9999889,0,0.004726825;
custom,cylinder,default,0.5,3,0.5,1,1,0.6477273,0,1.0,1.0,365.9643,216.9743,-258.6562,0,0.9470554,0,-0.3210702;
custom,cylinder,default,0.5,10,0.5,1,1,0.6477273,0,1.0,1.0,422.4873,145.1798,-209.9313,0,0.404301,0,0.914626;
custom,cylinder,default,0.5,10,0.5,1,1,0.6477273,0,1.0,1.0,217.3223,143.5138,-243.5283,0,0.9998899,0,-0.01484153;
custom,cylinder,default,0.5,10,0.5,1,1,0.6477273,0,1.0,1.0,218.5179,142.5986,-203.1828,0,0.3701541,0,0.9289704;
custom,cylinder,default,1,10,1,1,1,0.6477273,0,1.0,1.0,363.5973,152.4732,-336.019,0,0.352669,0,-0.9357482;
custom,cylinder,default,0.5,10,0.5,1,1,0.6477273,0,1.0,1.0,297.8006,141.1441,-248.3451,0,0.9998392,0,0.01793141;
custom,cylinder,default,0.5,10,0.5,1,1,0.6477273,0,1.0,1.0,300.4521,144.3827,-201.4136,0,0.0234933,0,0.999724;
racing,killCuboid,0.5,6,10,-74.44416,74.89054,-69.39949,0,0.9185089,0,-0.3954002;
racing,killCuboid,0.5,6,10,-79.79127,74.58401,-13.22598,0,0.9286876,0,-0.3708629;
racing,killCuboid,0.5,6,10,-26.53278,72.5115,2.487718,0,0.3903271,0,-0.9206763;
racing,killCuboid,0.5,6,10,-162.9683,75.01765,-38.04437,0,0.661442,0,-0.7499963;
racing,killCuboid,0.5,6,10,-151.7823,73.78096,-95.28013,0,0.6512061,0,-0.7589009;
racing,killCuboid,0.5,6,10,-211.202,71.33643,18.12403,0,0.01908184,0,0.9998179;
racing,killCuboid,0.5,6,10,-235.5327,73.84413,-82.41174,0,0.6512061,0,-0.7589009;
racing,killCuboid,0.5,6,20,-355.5505,75.06366,77.9006,0,0.6839033,0,-0.7295728;
racing,killCuboid,0.5,6,20,-300.3569,76.5924,125.4601,0,0.7399993,0,0.6726077;
racing,killCuboid,0.5,6,17,-264.1888,74.55693,-13.85619,0,0.9988964,0,-0.04696866;
racing,killCuboid,0.5,6,20,-358.0417,74.05424,219.4879,0,0.2314473,0,0.9728475;
racing,killCuboid,0.5,6,20,-410.1508,77.27211,221.8719,0,0.2102885,0,0.9776394;
racing,killCuboid,0.5,4,4,-176.1493,88.69576,868.2463,0,0.4141688,0,0.9102001;
racing,killCuboid,0.5,6,6,-445.1956,77.6874,109.2947,0,0.01557952,0,0.9998786;
racing,killCuboid,0.5,6,10,-206.7583,72.58853,92.79302,0,0.02781573,0,0.999613;
custom,cuboid,default,5,0.5,20,0,1,1,1,1.0,1.0,-318.7441,77.44201,356.5424,-0.0369934,0.9637555,-0.1519977,-0.2161099;
custom,cuboid,default,5,0.5,20,0,1,1,1,1.0,1.0,-233.1902,108.3146,533.698,0,0.9782085,0,-0.2076248;
custom,cuboid,default,5,0.5,20,0,1,1,1,1.0,1.0,-156.8565,68.27551,705.71,0.2033999,0.2026687,-0.04307856,0.9569212;
racing,killCuboid,0.5,20,20,-328.9249,101.7217,391.2542,0,0.2246923,0,0.9744298;
racing,killCuboid,0.5,20,20,-274.5401,115.6286,395.0518,0,0.2141102,0,0.9768095;
racing,killCuboid,0.5,6,20,-199.2918,122.2421,552.5482,0,0.2096559,0,0.9777752;
custom,cuboid,default,0.5,6,5,0,1,1,1,1.0,1.0,-173.4698,74.62636,726.7968,0,0.9764775,0,-0.2156194;
custom,cuboid,default,0.5,6,5,0,1,1,1,1.0,1.0,-191.0629,102.3414,687.3585,0,0.9829302,0,-0.183979;
custom,cuboid,default,0.5,6,5,0,1,1,1,1.0,1.0,-173.2226,113.3539,729.4752,0,0.9762944,0,-0.2164468;
custom,cuboid,default,0.5,15,5,0,1,1,1,1.0,1.0,-128.2782,68.02415,711.7153,0,0.9749578,0,-0.2223901;
custom,cuboid,default,0.5,7,5,0,1,1,1,1.0,1.0,-149.1387,107.9832,666.2407,0,0.9782416,0,-0.2074692;
custom,cylinder,default,0.5,5,0.5,1,1,0.6477273,0,1.0,1.0,8.868814,53.26807,-33.20689,0,0.6638634,0,0.7478538;
custom,cylinder,default,0.5,5,0.5,1,1,0.6477273,0,1.0,1.0,-161.3228,56.4834,1.820205,0,0.4534842,0,0.8912643;
custom,cylinder,default,0.5,5,0.5,1,1,0.6477273,0,1.0,1.0,-292.0685,56.1522,42.16934,0,0.9249329,0,-0.3801304;
custom,cylinder,default,0.5,5,0.5,1,1,0.6477273,0,1.0,1.0,-371.854,56.058,155.5602,0,0.390181,0,0.9207382;
racing,killCapsule,1,1,1,-248.1283,84.55582,728.5844,0,0.9044356,0,0.4266102;
racing,killCapsule,1,1,1,-309.5883,72.25888,748.4675,0,0.9044356,0,0.4266102;
custom,cylinder,default,0.5,5,0.5,1,1,0.6477273,0,1.0,1.0,-183.9669,53.401,706.932,0,0.2072772,0,0.9782823;
custom,cylinder,default,0.5,5,0.5,1,1,0.6477273,0,1.0,1.0,-200.0596,57.26625,663.9669,0,0.9759634,0,-0.2179344;
custom,cylinder,default,0.5,5,0.5,1,1,0.6477273,0,1.0,1.0,-139.2211,54.66108,688.7753,0,0.2391567,0,0.970981;
custom,cylinder,default,0.5,5,0.5,1,1,0.6477273,0,1.0,1.0,-158.889,54.22305,644.2899,0,0.9769093,0,-0.2136547;
customb,arch1,empty,0.5,0.5,1,1,1,0.6477273,0,1.0,1.0,-266.8434,109.2177,436.9582,0,0.8448389,0,0.5350209;
customb,arch1,empty,0.5,0.5,1,1,1,0.6477273,0,1.0,1.0,-181.2258,110.3801,620.1165,0,0.5442175,0,-0.8389442;
customb,arch1,empty,0.5,0.5,1,1,1,0.6477273,0,1.0,1.0,173.9565,49.42986,-206.8263,0,0.00397853,0,0.9999921;
customb,arch1,empty,0.5,0.5,1,1,1,0.6477273,0,1.0,1.0,-153.1076,70.96768,660.3751,0,0.9778806,0,-0.2091639;
customb,arch1,empty,0.5,0.5,1,1,1,0.6477273,0,1.0,1.0,-192.9147,70.71295,683.6813,0,0.9822291,0,-0.1876864;
racing,killPyramid,1,1,1,-172.0225,54.59887,788.09,0,0.9930498,0,0.1176953;
racing,killPyramid,1,1,1,-143.1433,54.59887,795.1865,0,0.9930498,0,0.1176953;
racing,killPyramid,1,1,1,-129.1312,53.14373,799.1518,0,0.9950048,0,0.09982662;
racing,killCuboid,0.5,6,10,-121.4591,74.87611,783.2488,0,0.05489156,0,-0.9984924;
racing,killCuboid,0.5,6,15,-273.8722,76.96457,856.3297,0,0.7836143,0,0.6212477;
racing,killCuboid,0.5,6,10,-162.096,76.4481,864.561,0,0.4169547,0,-0.9089273;
racing,killCuboid,0.5,6,10,-248.0657,74.09854,909.3403,0,0.6192954,0,-0.7851581;
racing,killCuboid,7,5,7,-283.27,37.21519,889.6163,0,0.6349357,0,-0.772565;
racing,killCuboid,7,5,7,-282.3528,94.42037,889.001,0,0.6263251,0,-0.7795621;
racing,killCuboid,0.5,6,10,-318.265,73.96983,830.8015,0,0.9593738,0,0.282138;
racing,killCuboid,0.5,6,10,-344.9503,73.39031,929.9417,0,0.7713842,0,0.6363697;
racing,killCuboid,0.5,6,10,-381.8724,74.84383,883.5014,0,0.9992639,0,0.03836342;
racing,killCuboid,0.5,6,10,-354.8302,74.00813,794.972,0,0.9639762,0,0.2659887;
racing,killCuboid,0.5,6,10,-247.748,72.28912,684.8684,0,0.8370147,0,0.5471804;
racing,killCuboid,0.5,6,10,-302.7195,74.96574,724.7521,0,0.9355055,0,0.3533121;
racing,killCuboid,0.5,6,10,-178.1008,42.33125,704.4326,0,0.8289654,0,0.5592999;
racing,killCuboid,0.5,6,10,-256.296,79.12225,757.2785,0,0.9150568,0,0.4033251;
racing,killPyramid,1,1,1,-157.5704,54.91888,791.3308,0,0.9930498,0,0.1176953;
racing,killCuboid,0.5,6,10,-124.9776,41.14307,686.4745,0,0.8296781,0,0.5582421;
racing,killCuboid,0.5,6,10,-157.6052,65.4364,643.7426,0,0.5655127,0,-0.8247396;
racing,killCuboid,0.5,7,26,-11.79971,62.29472,593.1152,0,0.8133937,0,0.5817136;
racing,killCuboid,0.5,7,26,19.93649,63.10164,631.7241,0,0.822186,0,0.5692191;
racing,killCuboid,0.5,6,20,198.9546,62.6685,563.4526,0,0.5677803,0,-0.8231801;
racing,killCuboid,0.5,6,20,179.1998,71.0785,524.6443,0,0.5735199,0,-0.8191917;
racing,killCuboid,0.5,6,20,296.2895,67.94637,526.3977,0,0.5663756,0,-0.8241473;
racing,killCuboid,0.5,6,20,293.4678,67.2737,483.6969,0,0.5735551,0,-0.819167;
racing,killCuboid,0.5,7,10,435.6993,65.07504,474.9766,0,0.5652217,0,-0.8249391;
racing,killCuboid,0.5,7,10,424.9957,62.35912,436.3535,0,0.8182125,0,0.5749159;
racing,checkpointCuboid,1,2,4.5,-194.3439,120.0858,622.9501,0,0.5462868,0,-0.8375983;
custom,cylinder,default,0.5,6,0.5,1,1,0.6363636,0,1.0,1.0,-386.7288,38.68686,935.726,0,0.3343917,0,-0.9424342;
custom,cylinder,default,0.5,6,0.5,1,1,0.6363636,0,1.0,1.0,-199.9993,48.77949,838.0847,0,0.9464302,0,-0.3229085;
racing,killCuboid,0.5,6,10,-181.9211,78.79311,794.0555,0,0.9800305,0,0.1988473;
custom,cylinder,default,0.5,6,0.5,1,1,0.6363636,0,1.0,1.0,-344.3436,49.50944,872.3682,0,0.8500023,0,0.526779;
custom,cylinder,default,0.5,6,0.5,1,1,0.6363636,0,1.0,1.0,-291.1014,47.5504,789.8503,0,0.437751,0,0.8990963;
custom,cylinder,default,0.5,6,0.5,1,1,0.6363636,0,1.0,1.0,-219.8604,47.70284,723.6234,0,0.2475908,0,0.9688647;
custom,cylinder,default,0.5,6,0.5,1,1,0.6363636,0,1.0,1.0,381.1371,40.59301,452.1035,0,0.7942194,0,0.6076311;
custom,cylinder,default,0.5,6,0.5,1,1,0.6363636,0,1.0,1.0,388.9594,39.82808,490.6165,0,0.7994914,0,0.6006775;
racing,killCuboid,50,0.5,70,-152.5652,102.7353,31.2967,0,0.7438869,0,0.6683055;
misc,barrier,50,0.5,50,124.9218,92.56024,656.8218,0,0.220342,0,0.9754227;
misc,barrier,25,0.5,25,-295.2596,101.0662,814.2934,0,0.1370598,0,0.9905628;
racing,killCuboid,0.5,6,20,-244.563,127.7985,572.1519,0,0.9776857,0,-0.210073;
custom,cylinder,default,0.5,6,0.5,1,1,0.6363636,0,1.0,1.0,-282.1909,97.52332,486.6213,0,0.9694481,0,-0.2452966;
custom,cylinder,default,0.5,6,0.5,1,1,0.6363636,0,1.0,1.0,-200.5814,88.38234,662.8278,0,0.2113108,0,0.9774189;
misc,barrier,10,0.5,20,-141.3981,102.9119,818.1825,0,-0.1303847,0,-0.9914635;
misc,barrier,10,0.5,20,-302.4422,153.1473,383.5545,0,0.9708314,0,-0.2397632;
misc,barrier,10,0.5,20,-215.3043,154.0122,554.9857,0,0.2027434,0,0.9792319;
misc,barrier,1,3,15,-155.9578,102.2826,856.7772,0,0.9743163,0,-0.225184;
custom,cuboid,default,0.5,5,7,1,1,0.6363636,0,1.0,1.0,-166.38,128.0165,698.8843,0,0.8283214,0,0.5602532;
racing,killCuboid,100,1,100,-21.63208,45.01819,528.6694,0,-0.1565556,0,-0.9876692;
racing,killCuboid,0.5,7,10,495.7877,63.01413,502.4909,0,0.1578652,0,0.9874607;
customb,arch1,empty,1,1,1,1,1,0.6363636,0,1.0,1.0,-169.3096,45.31685,687.2816,0,0.9846282,0,-0.1746637;
racing,killCuboid,20,1,20,588.1638,44.27956,480.3366,0,0.5805814,0,-0.8142022;
racing,killCuboid,6,0.5,10,124.7374,45.88402,-228.2878,0,0.7098929,0,-0.7043097;
racing,killCuboid,19,0.5,19,22.35695,45.84411,-172.8216,0,0.01430812,0,-0.9998977;
racing,killCuboid,10,0.5,20,-7.810168,46.23786,-15.57124,0,0.06762195,0,-0.997711;
racing,killCuboid,10,0.5,20,-136.3426,46.59718,-54.90827,0,0.9108889,0,-0.4126518;
racing,killCuboid,10,0.5,20,-233.1549,46.10852,11.10197,0,0.0631605,0,0.9980034;
racing,killCuboid,10,0.5,25,-339.8189,48.30909,61.61139,0,0.6002499,0,-0.7998126;
racing,killCuboid,10,0.5,25,-269.6092,45.78368,94.34431,0,0.7312502,0,0.6821094;
racing,killSphere,0.5,0.5,0.5,-394.2396,77.02859,94.43063,0,0.7433158,0,-0.6689407;
racing,killSphere,0.5,0.5,0.5,-372.9506,69.06647,103.9421,0,0.7088296,0,-0.7053797;
racing,killSphere,0.5,0.5,0.5,-352.1109,63.74882,94.00001,0,0.8830699,0,-0.4692415;
racing,killSphere,0.5,0.5,0.5,-350.6444,70.23383,117.5315,0,0.4831336,0,-0.8755467;
racing,killSphere,0.5,0.5,0.5,-321.4096,64.08201,109.6854,0,0.6853786,0,-0.7281869;
racing,killSphere,0.5,0.5,0.5,-304.0712,61.63595,86.9529,0,0.9883205,0,0.1523896;
racing,killSphere,0.5,0.5,0.5,-256.6982,56.4608,108.6532,0,0.7221768,0,0.6917086;
racing,killSphere,0.5,0.5,0.5,-238.5205,56.55452,60.31441,0,0.9981514,0,-0.06077635;
racing,killSphere,0.5,0.5,0.5,-226.7955,55.46483,9.798716,0,0.9999179,0,-0.01281719;
racing,killSphere,0.5,0.5,0.5,-230.3431,69.24621,21.09816,0,0.1690737,0,0.9856035;
racing,killSphere,0.5,0.5,0.5,-230.4908,74.87368,80.461,0,0.145371,0,0.9893772;
racing,killSphere,0.5,0.5,0.5,-285.4569,67.22644,92.81725,0,0.683802,0,-0.7296676;
racing,killSphere,0.5,0.5,0.5,-266.7393,55.85159,82.05293,0,0.7548987,0,-0.6558414;
racing,killSphere,0.5,0.5,0.5,-219.0831,61.10484,103.3326,0,0.07163843,0,0.9974307;
racing,killSphere,0.5,0.5,0.5,-292.2507,66.16062,110.6777,0,0.5612528,0,-0.8276444;
racing,killSphere,0.5,0.5,0.5,-421.6088,76.61528,120.7834,0,0.6193403,0,-0.7851227;
racing,killSphere,0.5,0.5,0.5,-423.1058,63.76052,96.39063,0,0.8562056,0,-0.5166353;
racing,killSphere,0.5,0.5,0.5,-420.0229,58.0089,128.4754,0,0.3196793,0,-0.9475259;
racing,killSphere,0.5,0.5,0.5,-262.8549,80.54387,107.0011,0,0.6290653,0,0.7773525;
racing,killSphere,0.5,0.5,0.5,-321.361,81.21399,91.23515,0,0.7053287,0,0.7088805;
racing,killSphere,0.5,0.5,0.5,-390.0925,81.73324,111.6457,0,0.7904871,0,0.6124787;
racing,killSphere,0.5,0.5,0.5,-250.1857,74.00641,-16.32438,0,0.01124731,0,-0.9999368;
racing,killSphere,0.5,0.5,0.5,-242.6211,85.3534,44.61922,0,0.0548568,0,-0.9984943;
racing,killPyramid,1,1,1,-33.11767,57.32183,-72.50528,0,-0.02005493,0,-0.9997989;
racing,killPyramid,1,1,1,-17.6513,57.27807,-73.26504,0,0.008272906,0,0.9999658;
racing,killPyramid,1,1,1,-1.219623,58.88067,-72.61645,0,0.01045448,0,0.9999453;
racing,killPrism,1,1,1,-28.00345,78.08887,-78.68024,0,0.02789504,0,0.9996109;
racing,killPrism,1,1,1,-10.54691,74.98714,-97.71949,0,0.03007586,0,0.9995477;
misc,barrier,10,3,20,-133.349,146.42,706.3091,0,0.1851191,0,0.9827161;
misc,barrier,10,3,20,-376.2346,191.162,294.5354,-0.1428009,0.6943007,-0.691385,-0.1397902;
custom,cylinder,default,1,5,1,1,1,0.6363636,0,1.0,1.0,-350.5648,92.90706,291.9848,0.1415817,0.1430722,0.6889983,0.6962516;
custom,cylinder,default,1,5,1,1,1,0.6363636,0,1.0,1.0,-172.0332,132.2547,611.3992,0.09039652,0.2003178,0.6951751,0.6844217;
custom,cylinder,default,0.5,3,0.5,1,1,0.6363636,0,1.0,1.0,-159.1524,103.4334,696.2229,-0.6236057,0.7117197,0.3151716,0.072374;
custom,cylinder,default,0.5,3,0.5,1,1,0.6363636,0,1.0,1.0,-165.4573,99.02444,698.6267,-0.05258363,0.2990073,0.7051491,0.6407765;
racing,killCuboid,0.5,7,10,472.2083,61.79772,421.971,0,0.7994606,0,0.6007184;
racing,killCuboid,0.5,7,10,530.1373,62.99477,456.1814,0,0.1596889,0,0.9871674;
custom,cuboid,default,0.5,7,3,1,1,0.75,0,1.0,1.0,554.7607,61.64857,514.4837,0,0.8968348,0,0.4423658;
racing,killCuboid,0.5,6,10,447.2798,72.19725,-93.44769,0,0.4115277,0,0.9113973;
racing,killSphere,1,1,1,288.605,84.52194,4.831991,0,0.8087588,0,0.5881405;
racing,killSphere,1,1,1,180.6653,53.59695,29.46456,0,0.9042616,0,0.4269789;
racing,killCuboid,0.5,7,10,598.7219,62.62662,512.9576,0,0.9996399,0,0.02683373;
racing,killCuboid,0.5,7,10,549.2271,62.75743,554.8547,0,0.6621154,0,0.7494019;
racing,killCuboid,7,0.07,0.07,422.093,75.69077,351.5552,0,0.9890743,0,-0.147418;
racing,killCuboid,0.5,7,10,582.7554,66.61578,430.284,0,0.984723,0,-0.1741282;
racing,killCuboid,0.5,7,10,507.0996,61.45493,365.418,0,0.8112896,0,0.5846445;
racing,killCuboid,0.5,7,10,406.4224,59.11544,393.3536,0,0.9851927,0,-0.1714511;
custom,cuboid,default,0.5,5,5,0,1,1,1,1.0,1.0,461.0058,67.97728,338.551,0,0.587719,0,-0.8090652;
racing,killCuboid,0.5,7,16,538.1049,67.24162,309.1693,0,0.9844252,0,-0.1758041;
racing,killCuboid,0.5,7,10,472.0027,79.18654,278.0675,0,0.809237,0,0.5874824;
racing,killCuboid,0.5,7,10,372.0382,55.97435,301.6078,0,0.9845306,0,-0.1752129;
racing,killCuboid,0.5,7,10,410.8208,72.18026,247.6078,0,0.9865386,0,-0.1635284;
racing,killPyramid,2,2,2,384.1176,64.79939,257.9471,0,0.9811031,0,-0.1934859;
racing,killCuboid,0.5,7,10,358.663,72.56271,192.6453,0,0.8433391,0,-0.5373819;
racing,killCuboid,0.5,7,10,316.0598,64.68192,234.0404,0,0.8529465,0,-0.5219983;
custom,bridge1,default,0.5,7,10,0,1,0.75,0,1.0,1.0,235.7603,15.31363,528.8433,0,-0.1718497,0,-0.9851232;
racing,killCuboid,0.5,7,10,262.739,72.3448,170.9505,0,0.7203358,0,-0.6936255;
racing,killCuboid,0.5,7,10,225.3853,67.05362,228.6839,0,0.5649329,0,-0.8251368;
racing,killCuboid,0.5,7,10,147.5504,73.79514,226.9632,0,0.8539662,0,-0.5203286;
racing,killCuboid,0.5,7,10,86.8153,68.34681,176.0398,0,0.9595377,0,-0.2815802;
racing,killCuboid,0.5,7,10,68.95085,67.68565,103.0195,0,0.9912313,0,0.1321388;
racing,killCuboid,0.5,7,10,331.0994,64.45595,-51.63274,0,0.8833703,0,0.4686756;
racing,killCuboid,7,0.07,0.07,325.7426,66.64281,-6.4635,0.04444631,0.766185,0.03712661,0.6400053;
racing,killCuboid,7,0.07,0.07,327.0527,73.99689,-6.500937,0.1842487,0.6620423,-0.3362422,-0.6439672;
racing,killCuboid,4,0.07,0.07,325.0032,74.8353,-4.300554,0.2344924,0.68803,0.2215431,0.650036;
racing,killCuboid,4,0.07,0.07,330.1262,58.35942,-8.73199,0,0.6992794,0,0.7148485;
racing,killCuboid,4,0.07,0.07,326.2899,69.07967,-8.816468,0,0.6992794,0,0.7148485;
racing,killCuboid,0.5,7,10,178.6253,68.40141,15.24979,0,0.8269452,0,0.5622826;
racing,killCuboid,0.5,7,10,127.6239,67.98164,34.11314,0,0.8358139,0,0.5490129;
racing,killCuboid,4,0.07,0.07,322.2,53.7375,-6.808328,0,0.7374995,0,0.6753477;
custom,cylinder,default,0.5,5,0.5,1,1,0.75,0,1.0,1.0,481.0498,43.0327,456.9669,0,0.1773449,0,-0.9841488;
custom,cylinder,default,0.5,5,0.5,1,1,0.75,0,1.0,1.0,196.437,57.49445,115.7579,0,0.9961526,0,-0.08763542;
racing,killPyramid,1,3,1,114.4731,71.03254,118.2998,0,-0.4273066,0,-0.9041068;
custom,cylinder,default,0.5,6,0.5,1,1,0.7954546,0,1.0,1.0,116.251,44.57759,225.9317,0,0.9942423,0,-0.1071553;
custom,cylinder,default,0.5,5,0.5,1,1,0.75,0,1.0,1.0,459.0946,50.67009,382.2367,0,0.8015894,0,0.5978751;
custom,cylinder,default,0.5,5,0.5,1,1,0.75,0,1.0,1.0,395.5667,47.92257,363.961,0,0.8500601,0,-0.5266857;
custom,cylinder,default,0.5,5,0.5,1,1,0.75,0,1.0,1.0,421.5966,48.36371,436.8319,0,0.2308026,0,-0.9730006;
custom,cylinder,default,0.5,5,0.5,1,1,0.75,0,1.0,1.0,485.6194,44.4114,330.5081,0,0.5784966,0,-0.8156848;
custom,cylinder,default,0.5,5,0.5,1,1,0.75,0,1.0,1.0,424.6987,46.51929,292.9106,0,0.9570896,0,0.2897921;
custom,cylinder,default,0.5,5,0.5,1,1,0.75,0,1.0,1.0,516.2228,53.38409,262.6128,0,0.9791479,0,0.2031491;
custom,cylinder,default,0.5,5,0.5,1,1,0.75,0,1.0,1.0,275.6358,45.01508,267.5255,0,0.1495094,0,-0.9887604;
racing,killCuboid,0.5,6,10,194.1825,76.23489,147.8011,0,0.4289776,0,-0.9033151;
racing,killSphere,1,1,1,298.1162,54.91491,21.29877,0,0.7128797,0,0.7012864;
custom,cylinder,default,0.5,5,0.5,1,1,0.75,0,1.0,1.0,79.44772,51.07093,182.937,0,0.9768576,0,0.2138906;
racing,killSphere,1,1,1,264.4861,69.91901,-0.5675569,0,0.8395633,0,0.5432619;
racing,killCuboid,0.5,6,10,145.6902,67.88555,139.4795,0,0.4232829,0,-0.9059976;
racing,killCuboid,0.5,6,10,134.9496,75.13558,175.4279,0,0.9122488,0,0.4096367;
racing,killSphere,1,1,1,202.3569,64.96243,46.137,0,0.8323771,0,0.5542096;
custom,wall1,empty,1,1,1,1,1,0.75,0,1.0,1.0,485.745,41.37231,-9.388096,0,0.706849,0,-0.7073645;
racing,killCuboid,0.5,7,10,288.9543,70.22536,37.28484,0,0.801898,0,0.597461;
racing,killCuboid,0.5,7,10,253.228,69.60748,-12.55534,0,0.8055331,0,0.5925508;
custom,cylinder,empty,0.5,5,0.5,1,1,0.75,0,1.0,1.0,208.5776,45.44232,2.12325,0,0.9542878,0,-0.2988892;
misc,barrier,30,0.5,30,461.6478,95.80153,457.7066,0,0.9775564,0,-0.2106741;
racing,killCuboid,15,0.5,8,256.5132,101.8296,189.0321,0,0.9998019,0,-0.01990109;
racing,killCuboid,15,0.5,8,265.8085,100.5487,12.92487,0,0.9897162,0,-0.1430452;
racing,killCuboid,0.5,6,11,426.6069,72.90981,-170.7277,0,0.7042902,0,0.7099122;
racing,killCuboid,0.5,6,35,-126.7087,235.6101,-489.6701,0,0.01080135,0,0.9999417;
racing,killCuboid,0.5,4,6,-144.191,81.42263,792.7131,0,0.7991859,0,-0.6010839;
racing,killCuboid,0.5,6,2,-194.0994,73.10289,846.9818,0,0.9194217,0,-0.3932732;
racing,killCuboid,5,2,5,-185.8284,141.6427,643.6082,0,0.1839443,0,0.9829367;
custom,cuboid,default,0.5,1,5,0,1,1,1,1.0,1.0,415.6879,53.64487,353.8539,0,0.5779391,0,-0.8160799;
custom,cuboid,default,0.5,1,5,0,1,1,1,1.0,1.0,415.0087,87.92573,354.1429,0,0.8168851,0,0.5768006;
custom,cuboid,default,0.5,5,1,0,1,1,1,1.0,1.0,399.625,67.90638,359.6164,0,0.5805079,0,-0.8142546;
racing,killCuboid,7,0.07,0.07,421.3123,63.86547,351.5804,0,0.9874203,0,-0.1581179;
racing,killCuboid,7,0.07,0.07,422.0771,69.13194,353.0319,0,0.9871235,0,-0.15996;
racing,killCuboid,0.5,7,10,187.9107,72.81467,132.6726,0,0.9369695,0,-0.3494112;
racing,killCuboid,0.5,7,10,199.5386,71.90211,74.4666,0,0.860265,0,0.5098473;
racing,killCapsule,1,1,1,-337.7329,67.29632,825.1034,0,0.9697718,0,0.2440137;
racing,killPlane,20,1,20,449.0435,50.27898,328.1275,0,0.5971253,0,-0.802148;
racing,killCuboid,20,0.1,20,463.9624,93.09516,326.45,0,0.9859894,0,-0.1668081;
custom,cuboid,default,0.5,4,0.5,1,1,0.5568182,0,1.0,1.0,237.3007,200.5642,586.6154,0,0.8064199,0,0.5913434;
custom,cuboid,default,0.5,4,0.5,1,1,0.5568182,0,1.0,1.0,232.6392,201.1201,571.5338,0,0.8274973,0,0.5614697;
custom,cuboid,default,0.5,4,0.5,1,1,0.5568182,0,1.0,1.0,235.0563,200.1603,579.0382,0.1573619,0.8020803,0.1109141,0.565334;
custom,cuboid,default,0.5,4,0.5,1,1,0.5568182,0,1.0,1.0,228.2225,200.917,559.6613,0,0.8167162,0,0.5770395;
custom,cuboid,default,0.5,4,0.5,1,1,0.5568182,0,1.0,1.0,221.9079,200.317,542.3232,0,0.8288166,0,0.5595204;
custom,cuboid,default,0.5,4,0.5,1,1,0.5568182,0,1.0,1.0,217.227,199.6454,528.5547,0,0.8138347,0,0.5810965;
custom,cuboid,default,0.5,4,0.5,1,1,0.5568182,0,1.0,1.0,206.0697,200.0868,497.7287,0,0.8299856,0,0.5577848;
custom,cuboid,default,2.5,0.5,0.5,1,1,0.5568182,0,1.0,1.0,225.4059,182.1376,550.6928,0,0.8184225,0,0.574617;
custom,cuboid,default,2.5,0.5,0.5,1,1,0.5568182,0,1.0,1.0,213.9339,208.8754,519.0238,0.3341817,0.754461,0.2139814,0.5228032;
custom,cuboid,default,2.5,0.5,0.5,1,1,0.5568182,0,1.0,1.0,214.229,191.2139,520.1448,-0.3329241,0.7523042,-0.2223532,0.5232198;
custom,cuboid,default,2.5,0.5,0.5,1,1,0.5568182,0,1.0,1.0,201.6278,182.2496,486.6877,0,0.8359175,0,0.5488552;
custom,cuboid,default,2.5,0.5,0.5,1,1,0.5568182,0,1.0,1.0,201.6384,200.2762,486.712,0,0.8395385,0,0.5433003;
custom,cuboid,default,2.5,0.5,0.5,1,1,0.5568182,0,1.0,1.0,201.3931,217.7065,486.8209,0,0.8446216,0,0.5353639;
racing,killCuboid,0.5,6,10,366.2579,64.21091,-9.067582,0,0.4936071,0,-0.8696851;
racing,killCuboid,0.5,6,10,372.4375,69.64172,-126.1951,0,0.9999086,0,0.0135283;
racing,killCuboid,0.5,6,10,499.2495,68.34478,-143.2033,0,0.2616778,0,0.9651553;
racing,killCuboid,0.5,6,10,410.2388,65.40131,-76.38195,0,0.9999141,0,0.01310903;
racing,killCuboid,0.5,6,10,488.1838,69.07603,17.9926,0,0.3283973,0,-0.9445397;
racing,killCuboid,0.5,6,10,417.2171,76.05344,63.52281,0,0.9997981,0,0.02009657;
custom,cuboid,empty,0.5,5,10,0,1,0.5568182,0,1.0,1.0,505.4568,71.47663,58.72015,0,0.6934669,0,0.7204885;
custom,cuboid,empty,0.5,5,10,0,1,0.5568182,0,1.0,1.0,465.0062,71.66697,107.2365,0,0.6834677,0,-0.7299808;
racing,endCuboid,0.5,5,10,511.3687,70.70004,107.3646,0,0.0007298394,0,-0.9999998;
custom,sphere,default,0.5,0.5,0.5,0,1,0.7954546,0,1.0,1.0,420.0757,66.57024,-107.7065,0,0.2684704,0,0.9632879;
racing,killCuboid,0.5,6,10,521.2618,68.48735,-58.11166,0,0.0559097,0,-0.9984359;
custom,cuboid,empty,0.5,5,10,0,1,0.5568182,0,1.0,1.0,597.1459,68.83406,54.01976,0,0.7166742,0,0.6974082;
custom,cuboid,empty,0.5,5,5,0,1,0.5568182,0,1.0,1.0,513.2258,72.26055,128.8424,0,0.01307721,0,0.9999145;
custom,cylinder,empty,0.5,0.5,0.5,1,0.6704546,0.3522727,0,1.0,1.0,520.4323,46.92148,121.2355,0,0.7108403,0,-0.7033534;
custom,cylinder,empty,0.5,0.5,0.5,1,0.3295455,0.3181818,0.3295454,1.0,1.0,520.7443,48.16399,129.4296,0,0.7062247,0,-0.7079878;
custom,cylinder,empty,0.5,0.5,0.5,1,1,0.875,0,1.0,1.0,520.5574,49.96402,125.2757,0,0.7062247,0,-0.7079878;
custom,leaf2,grass2,1,1,1,0,0,0,0,1.0,1.0,600.5599,48.84914,126.1342,0,0.581629,0,0.8134543;
custom,tree2,default,0.1,0.1,0.1,0,0,0,0,1.0,1.0,592.0986,57.60159,118.3834,0,0.6302044,0,0.7764292;
custom,tree2,default,0.1,0.1,0.1,0,0,0,0,1.0,1.0,603.3051,58.06325,134.7824,0,0.7482638,0,0.6634012;
custom,tree2,default,0.1,0.1,0.1,0,0,0,0,1.0,1.0,590.5001,55.46832,132.3693,0,0.9527414,0,0.3037825;
custom,tree2,default,0.1,0.1,0.1,0,0,0,0,1.0,1.0,603.9874,59.83554,119.0245,0,0.007679794,0,0.9999705;
customb,house1,default,0.1,0.1,0.1,0,0,0,0,1.0,1.0,610.3833,49.96709,93.27304,0,0.6869555,0,0.7266995;
customb,house1,default,0.1,0.1,0.1,0,0,0,0,1.0,1.0,610.3008,49.85906,97.67305,0,0.6847335,0,0.7287936;
custom,wall1,default,0.1,0.1,0.1,0,0,0,0,1.0,1.0,601.8514,49.53865,84.75426,0,0.7139874,0,-0.7001586;
customb,house1,default,0.1,0.1,0.1,0,0,0,0,1.0,1.0,610.4793,50.17252,89.10057,0,0.6907508,0,0.7230929;
customb,house1,default,0.1,0.1,0.1,0,0,0,0,1.0,1.0,610.6715,49.80569,80.06185,0,0.6959066,0,0.7181323;
customb,house1,default,0.1,0.1,0.1,0,0,0,0,1.0,1.0,610.7374,49.99718,76.0659,0,0.6956559,0,0.7183753;
customb,house1,default,0.1,0.1,0.1,0,0,0,0,1.0,1.0,610.9988,49.87717,71.88094,0,0.6875883,0,0.7261007;
custom,house5,default,0.1,0.1,0.1,0,0,0,0,1.0,1.0,600.198,51.63192,84.58849,0,0.6970229,0,0.7170489;
custom,tower1,default,0.1,0.1,0.1,0,0,0,0,1.0,1.0,597.0307,50.93149,82.44093,0,0.7094234,0,0.7047826;
custom,tower1,default,0.1,0.1,0.1,0,0,0,0,1.0,1.0,597.1281,50.8515,86.8068,0,0.7094234,0,0.7047826;
custom,tower1,default,0.1,0.1,0.1,0,0,0,0,1.0,1.0,604.1152,50.76043,86.94305,0,0.7170616,0,-0.6970098;
custom,tower1,default,0.1,0.1,0.1,0,0,0,0,1.0,1.0,604.2906,50.68289,82.70885,0,0.7200977,0,-0.6938727;
customb,house1,default,0.1,0.1,0.1,0,0,0,0,1.0,1.0,592.9039,49.96387,91.47035,0,0.7153684,0,-0.6987475;
customb,house1,default,0.1,0.1,0.1,0,0,0,0,1.0,1.0,592.7037,49.96387,96.9242,0,0.7050477,0,-0.70916;
customb,house1,default,0.1,0.1,0.1,0,0,0,0,1.0,1.0,604.6699,50.26577,93.88528,0,0.01813235,0,-0.9998356;
customb,house1,default,0.1,0.1,0.1,0,0,0,0,1.0,1.0,599.5282,49.48172,93.64272,0,0.0164112,0,-0.9998654;
customb,house1,default,0.1,0.1,0.1,0,0,0,0,1.0,1.0,594.5246,50.54949,76.48857,0,0.707925,0,-0.7062877;
customb,house1,default,0.1,0.1,0.1,0,0,0,0,1.0,1.0,594.0688,50.04644,71.81069,0,0.7094643,0,-0.7047414;
customb,house1,default,0.1,0.1,0.1,0,0,0,0,1.0,1.0,600.2706,50.13439,74.00731,0,0.9998985,0,0.01425059;
customb,house1,default,0.1,0.1,0.1,0,0,0,0,1.0,1.0,604.5792,50.13439,74.02949,0,0.9998985,0,0.01425059;
customb,house1,default,0.1,0.1,0.09,0,0,0,0,1.0,1.0,600.3882,53.27728,84.49464,0,0.6914908,0,0.7223853;
custom,tower1,default,0.2,0.1,0.2,0,0,0,0,1.0,1.0,594.2552,49.13207,94.78455,0,0.9999322,0,0.01164235;
custom,tower1,default,0.2,0.1,0.2,0,0,0,0,1.0,1.0,598.6675,48.5733,73.80038,0,0.999929,0,-0.01191914;
custom,tower1,default,0.2,0.1,0.2,0,0,0,0,1.0,1.0,610.8143,49.27683,78.1806,0,0.6804377,0,0.732806;
custom,tower1,default,0.2,0.1,0.2,0,0,0,0,1.0,1.0,608.7657,48.71888,91.70784,0,0.6843292,0,0.7291733;
custom,cuboid,wood1,3,0.3,2,0,0,0,0,1.0,1.0,518.3987,48.9916,124.8513,0,0.7073935,0,-0.70682;
racing,killCuboid,0.5,8,10,-341.8788,67.23995,-927.2312,0,0.007851154,0,-0.9999692;
custom,sphere,default,0.5,0.5,0.5,0,1,1,1,1.0,1.0,-460.398,74.17415,-955.2155,0,0.9856411,0,-0.1688538;
racing,killCuboid,0.5,3,2,-323.506,93.21599,-679.4413,0,0.9996942,0,0.02472798;
racing,killCuboid,0.5,8,3,-287.0838,66.75568,-685.8701,0,0.9999994,0,-0.001123233;
racing,killCuboid,0.5,4,3,-286.8956,90.0786,-699.6957,0,0.009724615,0,-0.9999527;
racing,killCuboid,50,1,60,-466.2776,104.5158,-958.9381,0,0.9999019,0,-0.01400978;
racing,killCuboid,0.1,6,5,-235.7509,49.19159,-686.5664,0,0.008242903,0,-0.999966;
racing,killCuboid,0.1,6,5,-188.476,107.1245,-688.9614,0,-0.01057143,0,-0.9999442;
racing,killCuboid,40,0.2,40,69.65605,217.1201,-537.0261,0,0.7029775,0,0.7112122;
racing,killCuboid,5,0.5,10,391.6525,202.4836,-320.1188,0,0.9997137,0,-0.02393007;
custom,sphere,default,0.5,0.5,0.5,0,1,1,1,1.0,1.0,-594.6055,74.23318,-1075.641,0,0.1710017,0,-0.9852707;
racing,killCuboid,0.5,6,10,450.0822,66.06857,-23.20424,0,0.3414412,0,-0.9399031;
racing,killSphere,0.6,0.6,0.6,419.974,66.73506,-108.1602,0,0.9941972,0,0.1075732;
racing,killCuboid,20,0.5,30,428.7376,46.85928,-31.1937,0,-0.008413718,0,0.9999647;
racing,killCuboid,20,0.5,30,425.2813,90.83888,-45.17697,0,-0.004736511,0,0.9999888;
