map,disablebounds;
racing,killCuboid,1,8,278,-35,3048.682,-1790,0,0,0,1;
racing,killCuboid,1,8,278,35,3048.682,-1790,0,0,0,1;
racing,killCuboid,8,1,278,0,3083.682,-1790,0,0,0,1;
racing,killCuboid,8,1,278,0,3013.682,-1790,0,0,0,1;
racing,killCuboid,0.9,0.5,251,-35,3048.682,-1700,0,0,0,1;
racing,killCuboid,0.9,0.5,251,35,3048.682,-1700,0,0,0,1;
racing,killCuboid,0.5,0.9,251,0,3083.682,-1700,0,0,0,1;
racing,killCuboid,0.5,0.9,251,0,3013.682,-1700,0,0,0,1;
racing,killCuboid,0.9,0.5,251,35,3083.682,-1700,0,0,0.382515,0.9239493;
racing,killCuboid,0.9,0.5,251,-35,3083.682,-1700,0,0,-0.382515,0.9239493;
racing,killCuboid,0.5,0.9,251,35,3013.682,-1700,0,0,0.382515,0.9239493;
racing,killCuboid,0.5,0.9,251,-35,3013.682,-1700,0,0,-0.382515,0.9239493;
custom,cuboid,wallmat,19,6,1,1,0.75,0.75,0.75,9.5,6,-35,3048.682,-3295,0,0.7071068,0,0.7071068;
custom,cuboid,wallmat,19,6,1,1,0.75,0.75,0.75,9.5,6,35,3048.682,-3295,0,0.7071068,0,0.7071068;
custom,cuboid,wood1,6,1,19,0,1,1,1,1,4,0,3028.182,-3300,0.04993762,0,0,0.9987524;
custom,cuboid,wood1,6,1,4,0,1,1,1,2,1,0,3028.682,-3220,0,0,0,1;
custom,cuboid,wood1,6,0.5,1,0,1,1,1,1,0.25,0,3028.682,-3245,0,0,0,1;
custom,cuboid,wood1,6,0.25,1,0,1,1,1,1,0.25,0,3028.682,-3255,0,0,0,1;
custom,cylinder,metal1,0.2,0.5,0.2,0,1,1,1,0.01,1,-10,3038.682,-3230,0,0,0,1;
custom,cylinder,metal1,0.2,0.5,0.2,0,1,1,1,0.01,1,10,3038.682,-3230,0,0,0,1;
custom,cylinder,metal1,0.2,0.5,0.2,0,1,1,1,0.01,1,-10,3038.682,-3220,0,0,0,1;
custom,cylinder,metal1,0.2,0.5,0.2,0,1,1,1,0.01,1,10,3038.682,-3220,0,0,0,1;
custom,cuboid,metal1,2.25,0.25,1.25,0,1,1,1,0.01,1,0,3043.682,-3225,0,0,0,1;
custom,cylinder,metal1,0.05,0.5,0.05,0,1,1,1,0.01,1,-2.5,3034.182,-3215,0,0,0,1;
custom,cylinder,metal1,0.05,0.5,0.05,0,1,1,1,0.01,1,2.5,3034.182,-3215,0,0,0,1;
custom,cylinder,metal1,0.05,0.5,0.05,0,1,1,1,0.01,1,-2.5,3034.182,-3210,0,0,0,1;
custom,cylinder,metal1,0.05,0.5,0.05,0,1,1,1,0.01,1,2.5,3034.182,-3210,0,0,0,1;
custom,cuboid,metal1,0.6,0.1,0.6,0,1,1,1,0.01,1,0,3038.682,-3212.5,0,0,0,1;
custom,cuboid,metal1,0.6,0.1,0.8,0,1,1,1,0.01,1,0,3043.182,-3210,0.7071068,0,0,0.7071068;
custom,cuboid,wallmat,6,0.75,0.5,1,0.75,0.75,0.75,3,0.75,0,3037.432,-3202.5,0,0,0,1;
custom,cuboid,wallmat,6,1,0.5,1,0.75,0.75,0.75,3,1,0,3073.682,-3202.5,0,0,0,1;
custom,cuboid,wallmat,1,2.75,0.5,1,0.75,0.75,0.75,0.5,2.75,-25,3054.932,-3202.5,0,0,0,1;
custom,cuboid,wallmat,1,2.75,0.5,1,0.75,0.75,0.75,0.5,2.75,25,3054.932,-3202.5,0,0,0,1;
custom,cuboid,metal1,4.25,0.25,0.25,0,1,1,1,0.01,1,0,3068.682,-3205,0,0,0,1;
custom,cuboid,metal1,4.25,0.25,0.25,0,1,1,1,0.01,1,0,3041.182,-3205,0,0,0,1;
custom,cuboid,metal1,0.25,2.5,0.25,0,1,1,1,1,0.01,-20,3054.932,-3205,0,0,0,1;
custom,cuboid,metal1,0.25,2.5,0.25,0,1,1,1,1,0.01,20,3054.932,-3205,0,0,0,1;
custom,leaf0,metal3,0.9,1,0.7,1,0.53,0.7,0.42,0.01,0.01,0,3053.682,-3204.5,0.7071068,0,0,-0.7071068;
custom,cuboid,wood1,2.5,0.5,1.5,0,1,1,1,0.5,0.5,-17.5,3029.182,-3280,0,0,0,1;
custom,cuboid,metal1,0.4,0.25,2.5,0,1,1,1,0.01,1,-17.5,3032.932,-3285.5,0,0.7071068,0,0.7071068;
custom,cuboid,metal1,0.25,0.75,0.75,0,1,1,1,0.01,1,-25,3035.182,-3277.5,0,0,0,1;
custom,cuboid,metal1,0.25,0.75,0.75,0,1,1,1,0.01,1,-10,3035.182,-3277.5,0,0,0,1;
custom,cuboid,metal1,2.5,0.25,1,0,1,1,1,0.01,1,-17.5,3038.682,-3277.5,0,0,0,1;
custom,cuboid,wood1,2.5,0.5,1.5,0,1,1,1,0.5,0.5,-17.5,3032.182,-3310,0,0,0,1;
custom,cuboid,metal1,0.4,0.25,2.5,0,1,1,1,0.01,1,-17.5,3035.932,-3315.5,0,0.7071068,0,0.7071068;
custom,cuboid,metal1,0.25,0.75,0.75,0,1,1,1,0.01,1,-25,3038.182,-3307.5,0,0,0,1;
custom,cuboid,metal1,0.25,0.75,0.75,0,1,1,1,0.01,1,-10,3038.182,-3307.5,0,0,0,1;
custom,cuboid,metal1,2.5,0.25,1,0,1,1,1,0.01,1,-17.5,3041.682,-3307.5,0,0,0,1;
custom,cuboid,wood1,2.5,0.5,1.5,0,1,1,1,0.5,0.5,-17.5,3035.182,-3340,0,0,0,1;
custom,cuboid,metal1,0.4,0.25,2.5,0,1,1,1,0.01,1,-17.5,3038.932,-3345.5,0,0.7071068,0,0.7071068;
custom,cuboid,metal1,0.25,0.75,0.75,0,1,1,1,0.01,1,-25,3041.182,-3337.5,0,0,0,1;
custom,cuboid,metal1,0.25,0.75,0.75,0,1,1,1,0.01,1,-10,3041.182,-3337.5,0,0,0,1;
custom,cuboid,metal1,2.5,0.25,1,0,1,1,1,0.01,1,-17.5,3044.682,-3337.5,0,0,0,1;
custom,cuboid,wood1,2.5,0.5,1.5,0,1,1,1,0.5,0.5,17.5,3029.182,-3280,0,0,0,1;
custom,cuboid,metal1,0.4,0.25,2.5,0,1,1,1,0.01,1,17.5,3032.932,-3285.5,0,0.7071068,0,0.7071068;
custom,cuboid,metal1,0.25,0.75,0.75,0,1,1,1,0.01,1,25,3035.182,-3277.5,0,0,0,1;
custom,cuboid,metal1,0.25,0.75,0.75,0,1,1,1,0.01,1,10,3035.182,-3277.5,0,0,0,1;
custom,cuboid,metal1,2.5,0.25,1,0,1,1,1,0.01,1,17.5,3038.682,-3277.5,0,0,0,1;
custom,cuboid,wood1,2.5,0.5,1.5,0,1,1,1,0.5,0.5,17.5,3032.182,-3310,0,0,0,1;
custom,cuboid,metal1,0.4,0.25,2.5,0,1,1,1,0.01,1,17.5,3035.932,-3315.5,0,0.7071068,0,0.7071068;
custom,cuboid,metal1,0.25,0.75,0.75,0,1,1,1,0.01,1,25,3038.182,-3307.5,0,0,0,1;
custom,cuboid,metal1,0.25,0.75,0.75,0,1,1,1,0.01,1,10,3038.182,-3307.5,0,0,0,1;
custom,cuboid,metal1,2.5,0.25,1,0,1,1,1,0.01,1,17.5,3041.682,-3307.5,0,0,0,1;
custom,cuboid,wood1,2.5,0.5,1.5,0,1,1,1,0.5,0.5,17.5,3035.182,-3340,0,0,0,1;
custom,cuboid,metal1,0.4,0.25,2.5,0,1,1,1,0.01,1,17.5,3038.932,-3345.5,0,0.7071068,0,0.7071068;
custom,cuboid,metal1,0.25,0.75,0.75,0,1,1,1,0.01,1,25,3041.182,-3337.5,0,0,0,1;
custom,cuboid,metal1,0.25,0.75,0.75,0,1,1,1,0.01,1,10,3041.182,-3337.5,0,0,0,1;
custom,cuboid,metal1,2.5,0.25,1,0,1,1,1,0.01,1,17.5,3044.682,-3337.5,0,0,0,1;
custom,cylinder,default,0.7,0.01,0.7,1,1,1,1,1,1,0,3074.182,-3205,0.7071068,0,0,0.7071068;
custom,cylinder,default,0.65,0.01,0.65,1,0,0,0,1,1,0,3074.182,-3205.1,0.7071068,0,0,0.7071068;
custom,cylinder,default,0.6,0.01,0.6,1,0,0,0,1,1,0,3074.182,-3205.2,0.7071068,0,0,0.7071068;
custom,cylinder,default,0.05,0.01,0.05,1,1,1,1,1,1,0,3074.182,-3205.3,0.7071068,0,0,0.7071068;
custom,cuboid,default,0.05,0.3,0.01,1,1,1,1,1,1,0,3075.682,-3205.3,0,0,0,1;
custom,cuboid,default,0.05,0.2,0.01,1,1,1,1,1,1,0.75,3073.432,-3205.3,0,0,0.382515,0.9239493;
custom,cuboid,wallmat,2,6,2,1,0.75,0.75,0.75,1,6,30,3048.682,-3190,0,0,0,1;
custom,cuboid,wallmat,2,6,2,1,0.75,0.75,0.75,1,6,-30,3048.682,-3190,0,0,0,1;
custom,cuboid,wallmat,4,1,2,1,0.75,0.75,0.75,2,1,0,3073.682,-3190,0,0,0,1;
custom,cuboid,wallmat,4,2,2,1,0.75,0.75,0.75,2,2,0,3028.682,-3190,0,0,0,1;
spawnpoint,playerC,0,3045,-3385,0,0,0,1;
spawnpoint,playerM,0,3045,-3385,0,0,0,1;
custom,cuboid,wallmat,6,0.1,18.5,0,1,1,1,4,15,0,3078.182,-3297.5,0,0,0,1;
custom,cuboid,wallmat,8,1,21,0,1,1,1,4,10,0,3083.682,-3285,0,0,0,1;
custom,cuboid,wood1,8,1,21,0,1,1,1,1,2,0,3013.682,-3285,0,0,0,1;
custom,cuboid,wood1,6,0.25,1,0,1,1,1,1,0.5,0,3040.682,-3370,0,0,0,1;
custom,cuboid,wood1,6,0.25,1.5,0,1,1,1,1,0.5,0,3042.682,-3382.5,0,0,0,1;
custom,cuboid,default,3.14,3.14,3.14,0,1,1,1,0.01,0.01,3.14,16.82214,3.14,0,0,0,1;
racing,killCuboid,1,8,260,-35,3048.682,900,0,0,0,1;
racing,killCuboid,1,8,260,35,3048.682,900,0,0,0,1;
racing,killCuboid,8,1,260,0,3083.682,900,0,0,0,1;
racing,killCuboid,8,1,260,0,3013.682,900,0,0,0,1;
racing,killCuboid,0.9,0.5,251,-35,3048.682,900,0,0,0,1;
racing,killCuboid,0.9,0.5,251,35,3048.682,900,0,0,0,1;
racing,killCuboid,0.5,0.9,251,0,3083.682,900,0,0,0,1;
racing,killCuboid,0.5,0.9,251,0,3013.682,900,0,0,0,1;
racing,killCuboid,0.9,0.5,251,35,3083.682,900,0,0,0.382515,0.9239493;
racing,killCuboid,0.9,0.5,251,-35,3083.682,900,0,0,-0.382515,0.9239493;
racing,killCuboid,0.5,0.9,251,35,3013.682,900,0,0,0.382515,0.9239493;
racing,killCuboid,0.5,0.9,251,-35,3013.682,900,0,0,-0.382515,0.9239493;
racing,endCuboid,8,8,4,0,3048.682,2180,0,0,0,1;
racing,killCuboid,1,100,100,-540,3013.682,2195,0,0.7071068,0,0.7071068;
racing,killCuboid,1,100,100,540,3013.682,2195,0,0.7071068,0,0.7071068;
racing,killCuboid,8,42.5,1,0,3301.181,2195,0,0,0,1;
racing,killCuboid,8,49.5,1,0,2761.181,2195,0,0,0,1;
custom,cuboid,default,3.14,3.14,3.14,0,1,1,1,0.01,0.01,3.14,16.82214,3.14,0,0,0,1;
racing,killTorus,2.95,2.95,2.95,0,3049.682,2150,0,0.7071068,0.7071068,0;
racing,killTorus,4.95,2.95,4.95,0,3050.182,2150,0,0.7071068,0.7071068,0;
racing,killTorus,6.95,2.95,6.95,0,3050.682,2150,0,0.7071068,0.7071068,0;
racing,killTorus,9.95,2.95,9.95,0,3051.182,2150,0,0.7071068,0.7071068,0;
racing,killTorus,12.95,2.95,12.95,0,3051.682,2150,0,0.7071068,0.7071068,0;
racing,killTorus,3,3,3,0,3049.682,2150,0,0.7071068,0.7071068,0;
racing,killTorus,5,3,5,0,3050.182,2150,0,0.7071068,0.7071068,0;
racing,killTorus,7,3,7,0,3050.682,2150,0,0.7071068,0.7071068,0;
racing,killTorus,10,3,10,0,3051.182,2150,0,0.7071068,0.7071068,0;
racing,killTorus,13,3,13,0,3051.682,2150,0,0.7071068,0.7071068,0;
custom,leaf0,grass3,107,1,107,0,1,1,1,32,32,0,3008.682,-520,0,0,0,1;
custom,leaf0,crystal2,5,1,107,0,1,1,1,0.01,0.01,0.01,3009.182,-520,0,0,0,1;
custom,leaf0,statuemat,0.125,1,107,0,1,1,1,0.5,228,-125,3009.682,-520,0,0,0,1;
custom,leaf0,statuemat,0.125,1,107,0,1,1,1,0.5,228,125,3009.682,-520,0,0,0,1;
custom,tree2,default,1,1,1,0,1,1,1,1,1,-375,3076.182,-3100,0,0,0,1;
custom,tree2,default,1.5,1.5,1.5,0,1,1,1,1,1,-450,3108.682,-2900,0,0,0,1;
customb,house1,default,2,2,2,0,1,1,1,1,1,-400,3039.682,-2710,0,0,0,1;
custom,windmill1,default,3,3,3,0,1,1,1,1,1,-500,3003.682,-2400,0,-0.1483405,0,-0.9889364;
custom,tree2,default,1,1,1,0,1,1,1,1,1,-375,3076.182,-2100,0,0,0,1;
custom,tree2,default,1.5,1.5,1.5,0,1,1,1,1,1,-450,3108.682,-1900,0,0,0,1;
customb,house1,default,2,2,2,0,1,1,1,1,1,-400,3039.682,-1710,0,0,0,1;
custom,windmill1,default,3,3,3,0,1,1,1,1,1,-500,3003.682,-1400,0,-0.1483405,0,-0.9889364;
custom,tree2,default,1,1,1,0,1,1,1,1,1,-375,3076.182,-1100,0,0,0,1;
custom,tree2,default,1.5,1.5,1.5,0,1,1,1,1,1,-450,3108.682,-900,0,0,0,1;
customb,house1,default,2,2,2,0,1,1,1,1,1,-400,3039.682,-710,0,0,0,1;
custom,windmill1,default,3,3,3,0,1,1,1,1,1,-500,3003.682,-400,0,-0.1483405,0,-0.9889364;
custom,tree2,default,1,1,1,0,1,1,1,1,1,-375,3076.182,1100,0,0,0,1;
custom,tree2,default,1.5,1.5,1.5,0,1,1,1,1,1,-450,3108.682,900,0,0,0,1;
customb,house1,default,2,2,2,0,1,1,1,1,1,-400,3039.682,710,0,0,0,1;
custom,windmill1,default,3,3,3,0,1,1,1,1,1,-500,3003.682,400,0,-0.1483405,0,-0.9889364;
custom,tree2,default,1,1,1,0,1,1,1,1,1,-375,3076.182,2100,0,0,0,1;
custom,tree2,default,1.5,1.5,1.5,0,1,1,1,1,1,-450,3108.682,1900,0,0,0,1;
customb,house1,default,2,2,2,0,1,1,1,1,1,-400,3039.682,1710,0,0,0,1;
custom,windmill1,default,3,3,3,0,1,1,1,1,1,-500,3003.682,1400,0,-0.1483405,0,-0.9889364;
custom,tree2,default,-1,1,1,0,1,1,1,1,1,375,3076.182,-3100,0,0,0,1;
custom,tree2,default,-1.5,1.5,1.5,0,1,1,1,1,1,450,3108.682,-2900,0,0,0,1;
customb,house1,default,-2,2,2,0,1,1,1,1,1,400,3039.682,-2710,0,0,0,1;
custom,windmill1,default,-3,3,3,0,1,1,1,1,1,500,3003.682,-2400,0,-0.1483405,0,-0.9889364;
custom,tree2,default,-1,1,1,0,1,1,1,1,1,375,3076.182,-2100,0,0,0,1;
custom,tree2,default,-1.5,1.5,1.5,0,1,1,1,1,1,450,3108.682,-1900,0,0,0,1;
customb,house1,default,-2,2,2,0,1,1,1,1,1,400,3039.682,-1710,0,0,0,1;
custom,windmill1,default,-3,3,3,0,1,1,1,1,1,500,3003.682,-1400,0,-0.1483405,0,-0.9889364;
custom,tree2,default,-1,1,1,0,1,1,1,1,1,375,3076.182,-1100,0,0,0,1;
custom,tree2,default,-1.5,1.5,1.5,0,1,1,1,1,1,450,3108.682,-900,0,0,0,1;
customb,house1,default,-2,2,2,0,1,1,1,1,1,400,3039.682,-710,0,0,0,1;
custom,windmill1,default,-3,3,3,0,1,1,1,1,1,500,3003.682,-400,0,-0.1483405,0,-0.9889364;
custom,tree2,default,-1,1,1,0,1,1,1,1,1,375,3076.182,1100,0,0,0,1;
custom,tree2,default,-1.5,1.5,1.5,0,1,1,1,1,1,450,3108.682,900,0,0,0,1;
customb,house1,default,-2,2,2,0,1,1,1,1,1,400,3039.682,710,0,0,0,1;
custom,windmill1,default,-3,3,3,0,1,1,1,1,1,500,3003.682,400,0,-0.1483405,0,-0.9889364;
custom,tree2,default,-1,1,1,0,1,1,1,1,1,375,3076.182,2100,0,0,0,1;
custom,tree2,default,-1.5,1.5,1.5,0,1,1,1,1,1,450,3108.682,1900,0,0,0,1;
customb,house1,default,-2,2,2,0,1,1,1,1,1,400,3039.682,1710,0,0,0,1;
custom,windmill1,default,-3,3,3,0,1,1,1,1,1,500,3003.682,1400,0,-0.1483405,0,-0.9889364;
custom,castle1,default,5,5,5,0,1,1,1,1,1,-750,3028.682,0,0,0,0,1;
custom,tree2,default,1.5,1.5,1.5,0,1,1,1,1,1,-450,3108.682,100,0,0,0,1;
custom,tree2,default,1.5,1.5,1.5,0,1,1,1,1,1,-450,3108.682,-100,0,0,0,1;
custom,castle1,default,-5,5,5,0,1,1,1,1,1,750,3028.682,0,0,0,0,1;
custom,tree2,default,-1.5,1.5,1.5,0,1,1,1,1,1,450,3108.682,100,0,0,0,1;
custom,tree2,default,-1.5,1.5,1.5,0,1,1,1,1,1,450,3108.682,-100,0,0,0,1;
custom,boulder1,grass3,5,20,5,0,1,1,1,1,1,160,3147.182,2181,0,0,0,1;
custom,boulder1,grass3,-5,20,5,0,1,1,1,1,1,-160,3147.182,2181,0,0,0,1;
custom,trunk1,grass3,80,20,80,0,1,1,1,32,8,1000,2817.182,2451,0,0,0,1;
custom,trunk1,grass3,-80,20,80,0,1,1,1,32,8,-1000,2817.182,2451,0,0,0,1;
custom,trunk1,grass3,80,20,-80,0,1,1,1,32,8,0,2827.182,3951,0,0,0,1;
custom,trunk1,grass3,-80,20,-80,0,1,1,1,32,8,0,2827.182,3951,0,0,0,1;
custom,boulder1,grass3,20,20,20,0,1,1,1,4,4,-600,3117.182,3316,0,0,0,1;
custom,boulder1,grass3,-20,20,20,0,1,1,1,4,4,600,3117.182,3316,0,0,0,1;
custom,boulder1,grass3,20,20,20,0,1,1,1,4,4,-600,3117.182,2316,0,0,0,1;
custom,boulder1,grass3,-20,20,20,0,1,1,1,4,4,600,3117.182,2316,0,0,0,1;
custom,boulder1,grass3,30,40,30,0,1,1,1,4,4,-300,3117.182,3916,0,0,0,1;
custom,boulder1,grass3,-30,40,30,0,1,1,1,4,4,300,3117.182,3916,0,0,0,1;
custom,cuboid,grass3,17,10,2,0,1,1,1,1,1,0,2957.182,2146,0,0,0,1;
custom,cylinder,crystal2,80,2,80,0,1,1,1,0.01,0.01,0,2837.182,2706,0,0,0,1;
misc,barrier,80,2.5,80,0,2847.182,2706,0,0,0,1;
custom,cuboid,crystal2,19,2,40,0,1,1,1,0.01,0.01,0,2916.182,2332,0,0.9766445,0.2148618,0;
misc,barrier,19,2.5,40,0,2915.182,2332,0,0.9766445,0.2148618,0;
custom,trunk1,brick2,8,2.25,8,0,1,1,1,0.01,0.01,0,2827.182,2781,0,0,0,1;
custom,cuboid,metal1,0.5,1,0.5,0,1,1,1,0.01,0.01,0,2869.682,2782.5,0,0,0,1;
custom,cuboid,brick2,0.5,0.8,0.5,0,1,1,1,0.01,0.01,-5,2868.682,2782.5,0,0,0,1;
custom,cuboid,brick1,0.5,0.6,0.5,0,1,1,1,0.01,0.01,5,2867.682,2782.5,0,0,0,1;
custom,cuboid,stone7,0.5,0.4,0.5,0,1,1,1,0.01,0.01,-10,2866.682,2782.5,0,0,0,1;
custom,cuboid,stone4,0.5,0.05,0.5,0,1,1,1,0.01,0.01,0,2874.932,2782.5,0,0,0,1;
custom,cuboid,stone4,0.5,0.05,0.5,0,1,1,1,0.01,0.01,-5,2872.932,2782.5,0,0,0,1;
custom,cuboid,stone4,0.5,0.05,0.5,0,1,1,1,0.01,0.01,5,2870.932,2782.5,0,0,0,1;
custom,cuboid,stone4,0.5,0.05,0.5,0,1,1,1,0.01,0.01,-10,2868.932,2782.5,0,0,0,1;
custom,cuboid,wallmat,8,5,0.5,0,1,1,1,4,5,-0.008142046,3063.679,-3392.5,0,0,0,1;
custom,cuboid,default,6,1,2.5,0,1,1,1,1,1,0,3018.682,-400,0,0,0,1;
custom,cuboid,default,5.75,1.175,2.25,1,0,1,0,1,1,0,3018.682,-400,0,0,0,1;
racing,checkpointCuboid,0.5,3,0.5,-18.25,3038.682,-400,0,0.7071068,0,0.7071068;
racing,checkpointCuboid,2,0.5,0.5,-10.75,3026.182,-400,0,0,0,1;
racing,checkpointCuboid,0.5,0.5,2,-10.75,3051.182,-400,0,0.7071068,0,0.7071068;
racing,checkpointCuboid,0.5,3,0.5,5.25,3038.682,-400,0,0,0,1;
racing,checkpointCuboid,0.5,0.5,2,12.75,3051.182,-400,0,0.7071068,0,0.7071068;
racing,checkpointCuboid,0.5,0.5,2,12.75,3038.682,-400,0,0.7071068,0,0.7071068;
racing,checkpointCuboid,0.5,1.75,0.5,20.25,3044.932,-400,0,0,0,1;
custom,boulder3,grass3,16,16,16,0,1,1,1,1,1,-205.7022,3072.724,-3229.866,0,0.9957114,0,0.0925137;
custom,boulder2,grass3,16,16,16,0,1,1,1,1,1,-431.9733,3096.098,-3240.993,0,0.9995267,0,0.0307618;
custom,boulder4,grass3,16,16,16,0,1,1,1,1,1,-553.8226,2962.129,-3229.941,0,0.9999381,0,0.0111326;
custom,boulder1,grass3,6,6,6,0,1,1,1,1,1,-7.83747,3138.049,-3260.543,0,0.6481997,0,0.7614704;
custom,boulder3,grass3,16,16,16,0,1,1,1,1,1,205.7022,3072.724,-3229.866,0,0.1265761,0,0.9919569;
custom,boulder2,grass3,16,16,16,0,1,1,1,1,1,431.9733,3096.098,-3240.993,0,0.9995267,0,0.0307618;
custom,boulder4,grass3,16,16,16,0,1,1,1,1,1,553.8226,2962.129,-3229.941,0,0.9999381,0,0.0111326;
custom,boulder3,grass3,6,6,6,0,1,1,1,1,1,84.31149,3190.389,-3227.433,0,0.9999821,0,-0.0059828;
custom,boulder3,grass3,6,6,6,0,1,1,1,1,1,-84.31149,3190.389,-3227.433,0,0.9999821,0,-0.0059828;
custom,boulder4,grass3,6,6,6,0,1,1,1,1,1,-4.156682,3145.57,-3247.939,0,0.110018,0,0.9939297;
custom,cuboid,metal1,17,0.15,0.25,0,1,1,1,0.01,0.5,0,3069.682,-3390.015,0,0,0,1;
custom,cuboid,metal1,17,0.15,0.25,0,1,1,1,0.01,0.5,0,3072.682,-3390.015,0,0,0,1;
custom,cuboid,metal3,1,7,1,1,0.03,0.91,0.87,0.01,0.01,2.780729,3044.723,-343.6695,-0.06938901,0.9431791,-0.09751701,0.309982;
custom,cuboid,metal3,1,7,1.01,1,0.03,0.91,0.87,0.01,0.01,-11.32234,3052.222,-355.7058,0.46125,0.8256209,0.089218,0.312472;
custom,cuboid,metal3,6,1,0.99,1,0.03,0.91,0.87,0.01,0.01,-7.125056,3041.6,-350.6247,-0.2045571,-0.9233404,0.004332001,-0.3249311;
custom,cuboid,metal3,1,6,1,1,1,0.96,0,0.01,0.01,11.8439,3050.082,-261.203,-0.161522,-0.7506682,-0.3254521,0.5518051;
custom,cuboid,metal3,1,4,1.01,1,1,0.96,0,0.01,0.01,18.49385,3062.683,-241.1473,-0.5628041,-0.5223441,0.04981901,0.6386911;
custom,cuboid,metal3,1,4,0.99,1,1,0.96,0,0.01,0.01,-4.971353,3033.98,-253.2512,0.2981552,-0.7075983,-0.5830603,0.2654221;
custom,cuboid,metal3,1,4,1.01,1,1,0.96,0,0.01,0.01,3.452052,3044.284,-248.9062,-0.5628041,-0.5223441,0.04981901,0.6386911;
custom,cuboid,metal3,1,4,0.99,1,1,0.96,0,0.01,0.01,10.07044,3052.379,-245.4923,0.2981552,-0.7075983,-0.5830603,0.2654221;
custom,cuboid,metal3,1,6,1,1,0.74,0.2,0.64,0.01,0.01,7.477822,3045.018,-134.3385,-0.131121,-0.7942963,-0.009736003,-0.5931323;
custom,cuboid,metal3,4,1,1,1,0.74,0.2,0.64,0.01,0.01,-3.990925,3026.378,-162.106,-0.131121,-0.7942963,-0.009736003,-0.5931323;
custom,cuboid,metal3,4,1,1,1,0.74,0.2,0.64,0.01,0.01,5.846437,3074.649,-153.5555,-0.131121,-0.7942963,-0.009736003,-0.5931323;
custom,cuboid,metal3,1,6,1,1,0.91,0.45,0.32,0.01,0.01,4.449658,3048.114,-66.60256,0.01753601,-0.7336004,0.04409302,0.6779224;
custom,cuboid,metal3,1,6,0.99,1,0.91,0.45,0.32,0.01,0.01,1.370809,3061.459,-42.2112,-0.3623979,-0.6380789,0.3865979,0.5586279;
custom,cuboid,metal3,1,6,0.98,1,0.91,0.45,0.32,0.01,0.01,3.512867,3036.522,-41.18623,0.392471,-0.6200352,-0.3109791,0.6039991;
custom,cuboid,metal3,1,6,1,1,0,0,1,0.01,0.01,14.30398,3058.115,40,0.1729169,-0.8954367,-0.2476859,0.3270239;
custom,cuboid,metal3,5,1,1,1,0,0,1,0.01,0.01,-11.17718,3064.402,68.91676,0.1729169,-0.8954367,-0.2476859,0.3270239;
custom,cuboid,metal3,3,1,1,1,0,0,1,0.01,0.01,-0.222222,3048.682,50,0.1729169,-0.8954367,-0.2476859,0.3270239;
custom,cuboid,metal3,5,1,1,1,0,0,1,0.01,0.01,-3.793468,3023.527,41.08324,0.1729169,-0.8954367,-0.2476859,0.3270239;
custom,cuboid,metal3,1,6,1,1,0.5,1,0,0.01,0.01,7.468219,3048.742,133.8881,0.112799,-0.7341338,0.144441,0.6538048;
custom,cuboid,metal3,5,1,1,1,0.5,1,0,0.01,0.01,-4.982953,3072.76,162.05,0.112799,-0.7341338,0.144441,0.6538048;
custom,cuboid,metal3,3,1,1,1,0.5,1,0,0.01,0.01,6.848067,3044.543,154.0619,0.112799,-0.7341338,0.144441,0.6538048;
custom,cuboid,metal3,1,6,1,1,0.75,0.52,0.89,0.01,0.01,-4.077616,3048.282,274.529,0.3537969,-0.6470399,-0.3732179,-0.5629169;
custom,cuboid,metal3,5,1,1,1,0.75,0.52,0.89,0.01,0.01,-29.50533,3058.929,246.8691,0.3537969,-0.6470399,-0.3732179,-0.5629169;
custom,cuboid,metal3,3.5,1,1,1,0.75,0.52,0.89,0.01,0.01,15.26511,3035.658,250.0803,0.3537969,-0.6470399,-0.3732179,-0.5629169;
custom,cuboid,metal3,1,1.5,1,1,0.75,0.52,0.89,0.01,0.01,2.841011,3041.076,238.7317,0.3537969,-0.6470399,-0.3732179,-0.5629169;
custom,cuboid,metal3,3.5,1,1,1,0.75,0.52,0.89,0.01,0.01,-8.134278,3046.964,239.7899,0.3537969,-0.6470399,-0.3732179,-0.5629169;
custom,cuboid,metal3,1,6,1,1,0.77,0.12,0.23,0.01,0.01,16.84572,3057.153,358.1392,0.23148,-0.8661991,-0.437102,-0.07111902;
custom,cuboid,metal3,1,6,1,1,0.77,0.12,0.23,0.01,0.01,-27.29016,3040.211,341.8608,0.23148,-0.8661991,-0.437102,-0.07111902;
custom,cuboid,metal3,4,1,1,1,0.77,0.12,0.23,0.01,0.01,-5.222222,3048.682,350,0.23148,-0.8661991,-0.437102,-0.07111902;
custom,cuboid,metal3,6,1,1,1,0,0.2,0.13,0.01,0.01,-12.73385,3064.828,467.5459,0.167331,-0.907149,-0.386089,0.004046;
custom,cuboid,metal3,6,1,1,1,0,0.2,0.13,0.01,0.01,2.289402,3032.535,432.4541,0.167331,-0.907149,-0.386089,0.004046;
custom,cuboid,metal3,1,4,1,1,0,0.2,0.13,0.01,0.01,-5.222222,3048.682,450,0.167331,-0.907149,-0.386089,0.004046;
custom,cuboid,metal3,6,1,1,1,0.72,0.53,0.04,0.01,0.01,-23.89495,3043.583,557.1212,0.5371009,-0.555495,0.4746269,0.4215178;
custom,cuboid,metal3,3.5,1,1,1,0.72,0.53,0.04,0.01,0.01,26.79324,3047.415,548.6198,0.5371009,-0.555495,0.4746269,0.4215178;
custom,cuboid,metal3,1,4,1,1,0.72,0.53,0.04,0.01,0.01,1.026087,3044.27,558.9839,0.5371009,-0.555495,0.4746269,0.4215178;
custom,cuboid,metal3,1,2,1,1,0.72,0.53,0.04,0.01,0.01,12.68673,3049.459,535.2753,0.5371009,-0.555495,0.4746269,0.4215178;
custom,cuboid,metal3,1,6,1,1,0.85,0.2,0.53,0.01,0.01,8.257025,3049.062,638.3405,0.5855372,-0.4124491,0.5797752,0.3884491;
custom,cuboid,metal3,1,4,1,1,0.85,0.2,0.53,0.01,0.01,-5.96336,3043.122,655.4795,0.708173,-0.107045,0.344847,0.6067232;
custom,cuboid,metal3,1,4,1,1,0.85,0.2,0.53,0.01,0.01,22.03967,3053.861,656.1801,0.339268,-0.630765,0.692287,0.088156;
custom,cuboid,metal3,1,6,1,1,0.56,0,1,0.01,0.01,12.78307,3053.776,747.2455,0.1873541,-0.9241683,-0.144612,0.2998311;
custom,cuboid,metal3,5,1,1,1,0.56,0,1,0.01,0.01,-3.227513,3018.587,752.7545,0.1873541,-0.9241683,-0.144612,0.2998311;
custom,cuboid,metal3,1,6,1,1,0.24,0.17,0.12,0.01,0.01,-0.851727,3045.143,825.6407,0.2144351,-0.6781622,0.3570801,0.6054812;
custom,cuboid,metal3,1,6,1,1,0.24,0.17,0.12,0.01,0.01,-9.592717,3052.221,874.3593,0.2144351,-0.6781622,0.3570801,0.6054812;
custom,cuboid,metal3,1,6,0.98,1,0.24,0.17,0.12,0.01,0.01,-3.299204,3047.125,839.2819,0.04355401,-0.7099232,0.4932681,0.5007981;
custom,cuboid,metal3,1,6,0.99,1,0.24,0.17,0.12,0.01,0.01,-7.14524,3050.239,860.7181,0.372511,-0.605906,0.199567,0.674008;
custom,cuboid,metal3,1,6,1,1,0.19,0.55,0.91,0.01,0.01,-5.222222,3049.99,925.0342,0.5129172,-0.5129172,0.4867401,0.4867401;
custom,cuboid,metal3,1,6,1,1,0.19,0.55,0.91,0.01,0.01,-5.222222,3047.373,974.9658,0.5129172,-0.5129172,0.4867401,0.4867401;
custom,cuboid,metal3,1,7,0.99,1,0.19,0.55,0.91,0.01,0.01,-5.222222,3048.682,950,0.27771,-0.670108,0.635909,0.263538;
custom,cuboid,metal3,1,6,1,1,0.94,0.86,0.51,0.01,0.01,3.969002,3029.837,1036.384,-0.216424,-0.7049768,0.4322399,0.5189769;
custom,cuboid,metal3,1,6,1,1,0.94,0.86,0.51,0.01,0.01,-14.41345,3067.526,1063.616,-0.216424,-0.7049768,0.4322399,0.5189769;
custom,cuboid,metal3,4,1,1,1,0.94,0.86,0.51,0.01,0.01,-1.634808,3035.365,1070.852,-0.216424,-0.7049768,0.4322399,0.5189769;
custom,cuboid,metal3,4,1,1,1,0.94,0.86,0.51,0.01,0.01,-8.809636,3061.998,1029.148,-0.216424,-0.7049768,0.4322399,0.5189769;
custom,cuboid,metal3,1,6,1,1,0.24,0.82,0.44,0.01,0.01,12.87751,3073.828,1143.5,0.4753228,-0.8522887,-0.1455019,0.1627929;
custom,cuboid,metal3,4,1,1,1,0.24,0.82,0.44,0.01,0.01,4.313405,3049.859,1144.965,0.4753228,-0.8522887,-0.1455019,0.1627929;
custom,cuboid,metal3,4,1,1,1,0.24,0.82,0.44,0.01,0.01,-18.5721,3065.033,1157.049,0.4753228,-0.8522887,-0.1455019,0.1627929;
custom,cuboid,metal3,1,4,1,1,0.24,0.82,0.44,0.01,0.01,-19.5077,3036.007,1154.486,0.4753228,-0.8522887,-0.1455019,0.1627929;
custom,cuboid,metal3,1,5,1,1,0.89,0.26,0.2,0.01,0.01,-0.320826,3052.729,1229.56,-0.05498103,-0.7648884,-0.2345841,0.5974053;
custom,cuboid,metal3,1,5,1,1,0.89,0.26,0.2,0.01,0.01,-11.52748,3044.882,1267.147,-0.05498103,-0.7648884,-0.2345841,0.5974053;
custom,cuboid,metal3,3,1,1,1,0.89,0.26,0.2,0.01,0.01,1.36368,3066.484,1254.217,-0.05498103,-0.7648884,-0.2345841,0.5974053;
custom,cuboid,metal3,3,1,1,1,0.89,0.26,0.2,0.01,0.01,-13.21199,3031.128,1242.49,-0.05498103,-0.7648884,-0.2345841,0.5974053;
custom,cuboid,metal3,1,4,0.99,1,0.89,0.26,0.2,0.01,0.01,-17.41449,3028.185,1256.586,-0.3433799,-0.6856869,0.01177299,0.6417049;
custom,cuboid,metal3,1,6,1,1,0,0.26,0.26,0.01,0.01,5.457946,3045.754,1326.68,-0.03982699,-0.8570917,0.03982598,0.5120758;
custom,cuboid,metal3,4,1,1,1,0,0.26,0.26,0.01,0.01,-6.489062,3043.512,1349.09,-0.03982699,-0.8570917,0.03982598,0.5120758;
custom,cuboid,metal3,4,1,1,1,0,0.26,0.26,0.01,0.01,-5.664616,3073.322,1345.819,-0.03982699,-0.8570917,0.03982598,0.5120758;
custom,cuboid,metal3,1,4,1,1,0,0.26,0.26,0.01,0.01,-17.88644,3061.144,1369.32,-0.03982699,-0.8570917,0.03982598,0.5120758;
custom,cuboid,metal3,4,1,0.99,1,0,0.26,0.26,0.01,0.01,-11.52894,3033.176,1359.091,0.208137,-0.8323881,-0.108997,0.5019251;
custom,cuboid,metal3,1,3.5,1,1,0,0.18,0.39,0.01,0.01,21.13406,3057.931,1451.021,-0.05941601,-0.9859021,-0.150113,0.04396502;
custom,cuboid,metal3,1,3.5,1,1,0,0.18,0.39,0.01,0.01,-31.5785,3039.432,1448.979,-0.05941601,-0.9859021,-0.150113,0.04396502;
custom,cuboid,metal3,4,1,1,1,0,0.18,0.39,0.01,0.01,-5.222222,3048.682,1450,-0.05941601,-0.9859021,-0.150113,0.04396502;
custom,cuboid,metal3,5,1,1,1,0,0.18,0.39,0.01,0.01,-6.90872,3072.898,1457.792,-0.05941601,-0.9859021,-0.150113,0.04396502;
custom,cuboid,metal3,5,1,1,1,0,0.18,0.39,0.01,0.01,-3.535724,3024.465,1442.208,-0.05941601,-0.9859021,-0.150113,0.04396502;
custom,cuboid,metal3,1,5,1,1,1,0.74,0.85,0.01,0.01,5.173516,3065.582,1541.675,0.5274041,-0.5058851,-0.672206,-0.118593;
custom,cuboid,metal3,6,1,1,1,1,0.74,0.85,0.01,0.01,-15.61796,3051.781,1558.325,0.5274041,-0.5058851,-0.672206,-0.118593;
custom,cuboid,metal3,1,6,1,1,0.75,0,0.2,0.01,0.01,15.75394,3055.499,1645.009,0.05592198,-0.7666777,-0.5320388,0.3549829;
custom,cuboid,metal3,1,6,1,1,0.75,0,0.2,0.01,0.01,-21.33204,3032.325,1669.25,0.05592198,-0.7666777,-0.5320388,0.3549829;
custom,cuboid,metal3,4,1,1,1,0.75,0,0.2,0.01,0.01,-10.08857,3033.221,1635.742,0.05592198,-0.7666777,-0.5320388,0.3549829;
custom,cuboid,metal3,1,6,1,1,0.9,0.88,0.19,0.01,0.01,0.017983,3059.426,1753.655,0.2322661,-0.9462393,0.003996002,-0.2250951;
custom,cuboid,metal3,1,6,0.99,1,0.9,0.88,0.19,0.01,0.01,-10.46243,3037.938,1746.345,0.7147748,-0.6621279,0.127241,-0.185724;
custom,cuboid,metal3,1,6,1,1,0.18,0.38,0.55,0.01,0.01,10.09867,3048.009,1837.162,-0.2167851,-0.8711484,-0.2371171,0.3713222;
custom,cuboid,metal3,1,6,1,1,0.18,0.38,0.55,0.01,0.01,-20.54311,3049.354,1862.838,0.04834901,-0.8964133,-0.3356281,0.2854111;
custom,cuboid,metal3,1,6,0.99,1,0.18,0.38,0.55,0.01,0.01,-1.392,3048.514,1846.791,0.100322,-0.8920938,-0.3516339,0.2654389;
custom,cuboid,metal3,1,6,0.98,1,0.18,0.38,0.55,0.01,0.01,-9.052444,3048.85,1853.209,-0.2670069,-0.8570896,-0.2151549,0.3844648;
custom,cuboid,metal3,1,7,1,1,0.38,0.25,0.32,0.01,0.01,-5.222222,3048.682,1950,-0.4065922,-0.6184083,-0.1076011,-0.6638343;
custom,cuboid,metal3,1,7,0.99,1,0.38,0.25,0.32,0.01,0.01,-5.222222,3048.682,1950,0.149512,-0.7248392,0.3931171,-0.5456311;
custom,cuboid,metal3,1,4,0.99,1,0.42,0.33,0.12,0.01,0.01,4.099787,3058.468,2045.924,-0.3657729,-0.9170108,0.146945,0.06089799;
custom,cuboid,metal3,1,4,0.98,1,0.42,0.33,0.12,0.01,0.01,-15.38761,3058.468,2050.423,0.3894531,-0.9072073,0.06089801,0.146945;
custom,cuboid,metal3,1,3,1,1,0.42,0.33,0.12,0.01,0.01,-4.378839,3034.109,2053.653,0.012815,-0.9871851,0.112475,0.112476;
custom,cuboid,metal3,6,1,1,1,0,0,0,0.01,0.01,-5.68457,3073.667,2149.26,-0.004810002,-0.9611154,-0.01677601,0.2755951;
custom,cuboid,metal3,6,1,1,1,0,0,0,0.01,0.01,-4.759874,3023.697,2150.74,-0.004810002,-0.9611154,-0.01677601,0.2755951;
custom,cuboid,metal3,8,1,0.99,1,0,0,0,0.01,0.01,-5.222222,3048.682,2150,-0.3720861,-0.8861813,0.08991904,0.2610541;
custom,killcuboid,transparent0.5,1.1,1.6,1.1,1,0.75,0.52,0.89,0.01,0.01,2.841011,3041.076,238.7317,0.3537969,-0.6470399,-0.3732179,-0.5629169;
custom,killcuboid,transparent0.5,1.1,2.1,1.1,1,0.72,0.53,0.04,0.01,0.01,12.68673,3049.459,535.2753,0.5371009,-0.555495,0.4746269,0.4215178;
custom,killcuboid,transparent0.5,1.1,3.1,1.1,1,0.42,0.33,0.12,0.01,0.01,-4.378839,3034.109,2053.653,0.012815,-0.9871851,0.112475,0.112476;
custom,killcuboid,transparent0.5,1.1,3.6,1.1,1,0,0.18,0.39,0.01,0.01,-31.5785,3039.432,1448.979,-0.05941601,-0.9859021,-0.150113,0.04396502;
custom,killcuboid,transparent0.5,1.1,3.6,1.1,1,0,0.18,0.39,0.01,0.01,21.13406,3057.931,1451.021,-0.05941601,-0.9859021,-0.150113,0.04396502;
custom,killcuboid,transparent0.5,1.1,4.1,1.08,1,0.42,0.33,0.12,0.01,0.01,-15.38761,3058.468,2050.423,0.3894531,-0.9072073,0.06089801,0.146945;
custom,killcuboid,transparent0.5,1.1,4.1,1.09,1,0.42,0.33,0.12,0.01,0.01,4.099787,3058.468,2045.924,-0.3657729,-0.9170108,0.146945,0.06089799;
custom,killcuboid,transparent0.5,1.1,4.1,1.09,1,0.89,0.26,0.2,0.01,0.01,-17.41449,3028.185,1256.586,-0.3433799,-0.6856869,0.01177299,0.6417049;
custom,killcuboid,transparent0.5,1.1,4.1,1.09,1,1,0.96,0,0.01,0.01,-4.971353,3033.98,-253.2512,0.2981552,-0.7075983,-0.5830603,0.2654221;
custom,killcuboid,transparent0.5,1.1,4.1,1.09,1,1,0.96,0,0.01,0.01,10.07044,3052.379,-245.4923,0.2981552,-0.7075983,-0.5830603,0.2654221;
custom,killcuboid,transparent0.5,1.1,4.1,1.1,1,0,0.2,0.13,0.01,0.01,-5.222222,3048.682,450,0.167331,-0.907149,-0.386089,0.004046;
custom,killcuboid,transparent0.5,1.1,4.1,1.1,1,0,0.26,0.26,0.01,0.01,-17.88644,3061.144,1369.32,-0.03982699,-0.8570917,0.03982598,0.5120758;
custom,killcuboid,transparent0.5,1.1,4.1,1.1,1,0.24,0.82,0.44,0.01,0.01,-19.5077,3036.007,1154.486,0.4753228,-0.8522887,-0.1455019,0.1627929;
custom,killcuboid,transparent0.5,1.1,4.1,1.1,1,0.72,0.53,0.04,0.01,0.01,1.026087,3044.27,558.9839,0.5371009,-0.555495,0.4746269,0.4215178;
custom,killcuboid,transparent0.5,1.1,4.1,1.1,1,0.85,0.2,0.53,0.01,0.01,-5.96336,3043.122,655.4795,0.708173,-0.107045,0.344847,0.6067232;
custom,killcuboid,transparent0.5,1.1,4.1,1.1,1,0.85,0.2,0.53,0.01,0.01,22.03967,3053.861,656.1801,0.339268,-0.630765,0.692287,0.088156;
custom,killcuboid,transparent0.5,1.1,4.1,1.11,1,1,0.96,0,0.01,0.01,18.49385,3062.683,-241.1473,-0.5628041,-0.5223441,0.04981901,0.6386911;
custom,killcuboid,transparent0.5,1.1,4.1,1.11,1,1,0.96,0,0.01,0.01,3.452052,3044.284,-248.9062,-0.5628041,-0.5223441,0.04981901,0.6386911;
custom,killcuboid,transparent0.5,1.1,5.1,1.1,1,0.89,0.26,0.2,0.01,0.01,-0.320826,3052.729,1229.56,-0.05498103,-0.7648884,-0.2345841,0.5974053;
custom,killcuboid,transparent0.5,1.1,5.1,1.1,1,0.89,0.26,0.2,0.01,0.01,-11.52748,3044.882,1267.147,-0.05498103,-0.7648884,-0.2345841,0.5974053;
custom,killcuboid,transparent0.5,1.1,5.1,1.1,1,1,0.74,0.85,0.01,0.01,5.173516,3065.582,1541.675,0.5274041,-0.5058851,-0.672206,-0.118593;
custom,killcuboid,transparent0.5,1.1,6.1,1.08,1,0.18,0.38,0.55,0.01,0.01,-9.052444,3048.85,1853.209,-0.2670069,-0.8570896,-0.2151549,0.3844648;
custom,killcuboid,transparent0.5,1.1,6.1,1.08,1,0.24,0.17,0.12,0.01,0.01,-3.299204,3047.125,839.2819,0.04355401,-0.7099232,0.4932681,0.5007981;
custom,killcuboid,transparent0.5,1.1,6.1,1.08,1,0.91,0.45,0.32,0.01,0.01,3.512867,3036.522,-41.18623,0.392471,-0.6200352,-0.3109791,0.6039991;
custom,killcuboid,transparent0.5,1.1,6.1,1.09,1,0.9,0.88,0.19,0.01,0.01,-10.46243,3037.938,1746.345,0.7147748,-0.6621279,0.127241,-0.185724;
custom,killcuboid,transparent0.5,1.1,6.1,1.09,1,0.18,0.38,0.55,0.01,0.01,-1.392,3048.514,1846.791,0.100322,-0.8920938,-0.3516339,0.2654389;
custom,killcuboid,transparent0.5,1.1,6.1,1.09,1,0.24,0.17,0.12,0.01,0.01,-7.14524,3050.239,860.7181,0.372511,-0.605906,0.199567,0.674008;
custom,killcuboid,transparent0.5,1.1,6.1,1.09,1,0.91,0.45,0.32,0.01,0.01,1.370809,3061.459,-42.2112,-0.3623979,-0.6380789,0.3865979,0.5586279;
custom,killcuboid,transparent0.5,1.1,6.1,1.1,1,0,0,1,0.01,0.01,14.30398,3058.115,40,0.1729169,-0.8954367,-0.2476859,0.3270239;
custom,killcuboid,transparent0.5,1.1,6.1,1.1,1,0,0.26,0.26,0.01,0.01,5.457946,3045.754,1326.68,-0.03982699,-0.8570917,0.03982598,0.5120758;
custom,killcuboid,transparent0.5,1.1,6.1,1.1,1,0.18,0.38,0.55,0.01,0.01,-20.54311,3049.354,1862.838,0.04834901,-0.8964133,-0.3356281,0.2854111;
custom,killcuboid,transparent0.5,1.1,6.1,1.1,1,0.18,0.38,0.55,0.01,0.01,10.09867,3048.009,1837.162,-0.2167851,-0.8711484,-0.2371171,0.3713222;
custom,killcuboid,transparent0.5,1.1,6.1,1.1,1,0.19,0.55,0.91,0.01,0.01,-5.222222,3047.373,974.9658,0.5129172,-0.5129172,0.4867401,0.4867401;
custom,killcuboid,transparent0.5,1.1,6.1,1.1,1,0.19,0.55,0.91,0.01,0.01,-5.222222,3049.99,925.0342,0.5129172,-0.5129172,0.4867401,0.4867401;
custom,killcuboid,transparent0.5,1.1,6.1,1.1,1,0.24,0.17,0.12,0.01,0.01,-0.851727,3045.143,825.6407,0.2144351,-0.6781622,0.3570801,0.6054812;
custom,killcuboid,transparent0.5,1.1,6.1,1.1,1,0.24,0.17,0.12,0.01,0.01,-9.592717,3052.221,874.3593,0.2144351,-0.6781622,0.3570801,0.6054812;
custom,killcuboid,transparent0.5,1.1,6.1,1.1,1,0.24,0.82,0.44,0.01,0.01,12.87751,3073.828,1143.5,0.4753228,-0.8522887,-0.1455019,0.1627929;
custom,killcuboid,transparent0.5,1.1,6.1,1.1,1,0.5,1,0,0.01,0.01,7.468219,3048.742,133.8881,0.112799,-0.7341338,0.144441,0.6538048;
custom,killcuboid,transparent0.5,1.1,6.1,1.1,1,0.56,0,1,0.01,0.01,12.78307,3053.776,747.2455,0.1873541,-0.9241683,-0.144612,0.2998311;
custom,killcuboid,transparent0.5,1.1,6.1,1.1,1,0.74,0.2,0.64,0.01,0.01,7.477822,3045.018,-134.3385,-0.131121,-0.7942963,-0.009736003,-0.5931323;
custom,killcuboid,transparent0.5,1.1,6.1,1.1,1,0.75,0,0.2,0.01,0.01,-21.33204,3032.325,1669.25,0.05592198,-0.7666777,-0.5320388,0.3549829;
custom,killcuboid,transparent0.5,1.1,6.1,1.1,1,0.75,0,0.2,0.01,0.01,15.75394,3055.499,1645.009,0.05592198,-0.7666777,-0.5320388,0.3549829;
custom,killcuboid,transparent0.5,1.1,6.1,1.1,1,0.75,0.52,0.89,0.01,0.01,-4.077616,3048.282,274.529,0.3537969,-0.6470399,-0.3732179,-0.5629169;
custom,killcuboid,transparent0.5,1.1,6.1,1.1,1,0.77,0.12,0.23,0.01,0.01,-27.29016,3040.211,341.8608,0.23148,-0.8661991,-0.437102,-0.07111902;
custom,killcuboid,transparent0.5,1.1,6.1,1.1,1,0.77,0.12,0.23,0.01,0.01,16.84572,3057.153,358.1392,0.23148,-0.8661991,-0.437102,-0.07111902;
custom,killcuboid,transparent0.5,1.1,6.1,1.1,1,0.85,0.2,0.53,0.01,0.01,8.257025,3049.062,638.3405,0.5855372,-0.4124491,0.5797752,0.3884491;
custom,killcuboid,transparent0.5,1.1,6.1,1.1,1,0.9,0.88,0.19,0.01,0.01,0.017983,3059.426,1753.655,0.2322661,-0.9462393,0.003996002,-0.2250951;
custom,killcuboid,transparent0.5,1.1,6.1,1.1,1,0.91,0.45,0.32,0.01,0.01,4.449658,3048.114,-66.60256,0.01753601,-0.7336004,0.04409302,0.6779224;
custom,killcuboid,transparent0.5,1.1,6.1,1.1,1,0.94,0.86,0.51,0.01,0.01,-14.41345,3067.526,1063.616,-0.216424,-0.7049768,0.4322399,0.5189769;
custom,killcuboid,transparent0.5,1.1,6.1,1.1,1,0.94,0.86,0.51,0.01,0.01,3.969002,3029.837,1036.384,-0.216424,-0.7049768,0.4322399,0.5189769;
custom,killcuboid,transparent0.5,1.1,6.1,1.1,1,1,0.96,0,0.01,0.01,11.8439,3050.082,-261.203,-0.161522,-0.7506682,-0.3254521,0.5518051;
custom,killcuboid,transparent0.5,1.1,7.1,1.09,1,0.19,0.55,0.91,0.01,0.01,-5.222222,3048.682,950,0.27771,-0.670108,0.635909,0.263538;
custom,killcuboid,transparent0.5,1.1,7.1,1.09,1,0.38,0.25,0.32,0.01,0.01,-5.222222,3048.682,1950,0.149512,-0.7248392,0.3931171,-0.5456311;
custom,killcuboid,transparent0.5,1.1,7.1,1.1,1,0.03,0.91,0.87,0.01,0.01,2.780729,3044.723,-343.6695,-0.06938901,0.9431791,-0.09751701,0.309982;
custom,killcuboid,transparent0.5,1.1,7.1,1.1,1,0.38,0.25,0.32,0.01,0.01,-5.222222,3048.682,1950,-0.4065922,-0.6184083,-0.1076011,-0.6638343;
custom,killcuboid,transparent0.5,1.1,7.1,1.11,1,0.03,0.91,0.87,0.01,0.01,-11.32234,3052.222,-355.7058,0.46125,0.8256209,0.089218,0.312472;
custom,killcuboid,transparent0.5,3.1,1.1,1.1,1,0,0,1,0.01,0.01,-0.222222,3048.682,50,0.1729169,-0.8954367,-0.2476859,0.3270239;
custom,killcuboid,transparent0.5,3.1,1.1,1.1,1,0.5,1,0,0.01,0.01,6.848067,3044.543,154.0619,0.112799,-0.7341338,0.144441,0.6538048;
custom,killcuboid,transparent0.5,3.1,1.1,1.1,1,0.89,0.26,0.2,0.01,0.01,-13.21199,3031.128,1242.49,-0.05498103,-0.7648884,-0.2345841,0.5974053;
custom,killcuboid,transparent0.5,3.1,1.1,1.1,1,0.89,0.26,0.2,0.01,0.01,1.36368,3066.484,1254.217,-0.05498103,-0.7648884,-0.2345841,0.5974053;
custom,killcuboid,transparent0.5,3.6,1.1,1.1,1,0.72,0.53,0.04,0.01,0.01,26.79324,3047.415,548.6198,0.5371009,-0.555495,0.4746269,0.4215178;
custom,killcuboid,transparent0.5,3.6,1.1,1.1,1,0.75,0.52,0.89,0.01,0.01,-8.134278,3046.964,239.7899,0.3537969,-0.6470399,-0.3732179,-0.5629169;
custom,killcuboid,transparent0.5,3.6,1.1,1.1,1,0.75,0.52,0.89,0.01,0.01,15.26511,3035.658,250.0803,0.3537969,-0.6470399,-0.3732179,-0.5629169;
custom,killcuboid,transparent0.5,4.1,1.1,1.09,1,0,0.26,0.26,0.01,0.01,-11.52894,3033.176,1359.091,0.208137,-0.8323881,-0.108997,0.5019251;
custom,killcuboid,transparent0.5,4.1,1.1,1.1,1,0,0.18,0.39,0.01,0.01,-5.222222,3048.682,1450,-0.05941601,-0.9859021,-0.150113,0.04396502;
custom,killcuboid,transparent0.5,4.1,1.1,1.1,1,0,0.26,0.26,0.01,0.01,-5.664616,3073.322,1345.819,-0.03982699,-0.8570917,0.03982598,0.5120758;
custom,killcuboid,transparent0.5,4.1,1.1,1.1,1,0,0.26,0.26,0.01,0.01,-6.489062,3043.512,1349.09,-0.03982699,-0.8570917,0.03982598,0.5120758;
custom,killcuboid,transparent0.5,4.1,1.1,1.1,1,0.24,0.82,0.44,0.01,0.01,-18.5721,3065.033,1157.049,0.4753228,-0.8522887,-0.1455019,0.1627929;
custom,killcuboid,transparent0.5,4.1,1.1,1.1,1,0.24,0.82,0.44,0.01,0.01,4.313405,3049.859,1144.965,0.4753228,-0.8522887,-0.1455019,0.1627929;
custom,killcuboid,transparent0.5,4.1,1.1,1.1,1,0.74,0.2,0.64,0.01,0.01,-3.990925,3026.378,-162.106,-0.131121,-0.7942963,-0.009736003,-0.5931323;
custom,killcuboid,transparent0.5,4.1,1.1,1.1,1,0.74,0.2,0.64,0.01,0.01,5.846437,3074.649,-153.5555,-0.131121,-0.7942963,-0.009736003,-0.5931323;
custom,killcuboid,transparent0.5,4.1,1.1,1.1,1,0.75,0,0.2,0.01,0.01,-10.08857,3033.221,1635.742,0.05592198,-0.7666777,-0.5320388,0.3549829;
custom,killcuboid,transparent0.5,4.1,1.1,1.1,1,0.77,0.12,0.23,0.01,0.01,-5.222222,3048.682,350,0.23148,-0.8661991,-0.437102,-0.07111902;
custom,killcuboid,transparent0.5,4.1,1.1,1.1,1,0.94,0.86,0.51,0.01,0.01,-1.634808,3035.365,1070.852,-0.216424,-0.7049768,0.4322399,0.5189769;
custom,killcuboid,transparent0.5,4.1,1.1,1.1,1,0.94,0.86,0.51,0.01,0.01,-8.809636,3061.998,1029.148,-0.216424,-0.7049768,0.4322399,0.5189769;
custom,killcuboid,transparent0.5,5.1,1.1,1.1,1,0,0,1,0.01,0.01,-11.17718,3064.402,68.91676,0.1729169,-0.8954367,-0.2476859,0.3270239;
custom,killcuboid,transparent0.5,5.1,1.1,1.1,1,0,0,1,0.01,0.01,-3.793468,3023.527,41.08324,0.1729169,-0.8954367,-0.2476859,0.3270239;
custom,killcuboid,transparent0.5,5.1,1.1,1.1,1,0,0.18,0.39,0.01,0.01,-3.535724,3024.465,1442.208,-0.05941601,-0.9859021,-0.150113,0.04396502;
custom,killcuboid,transparent0.5,5.1,1.1,1.1,1,0,0.18,0.39,0.01,0.01,-6.90872,3072.898,1457.792,-0.05941601,-0.9859021,-0.150113,0.04396502;
custom,killcuboid,transparent0.5,5.1,1.1,1.1,1,0.5,1,0,0.01,0.01,-4.982953,3072.76,162.05,0.112799,-0.7341338,0.144441,0.6538048;
custom,killcuboid,transparent0.5,5.1,1.1,1.1,1,0.56,0,1,0.01,0.01,-3.227513,3018.587,752.7545,0.1873541,-0.9241683,-0.144612,0.2998311;
custom,killcuboid,transparent0.5,5.1,1.1,1.1,1,0.75,0.52,0.89,0.01,0.01,-29.50533,3058.929,246.8691,0.3537969,-0.6470399,-0.3732179,-0.5629169;
custom,killcuboid,transparent0.5,6.1,1.1,1.09,1,0.03,0.91,0.87,0.01,0.01,-7.125056,3041.6,-350.6247,-0.2045571,-0.9233404,0.004332001,-0.3249311;
custom,killcuboid,transparent0.5,6.1,1.1,1.1,1,0,0,0,0.01,0.01,-4.759874,3023.697,2150.74,-0.004810002,-0.9611154,-0.01677601,0.2755951;
custom,killcuboid,transparent0.5,6.1,1.1,1.1,1,0,0,0,0.01,0.01,-5.68457,3073.667,2149.26,-0.004810002,-0.9611154,-0.01677601,0.2755951;
custom,killcuboid,transparent0.5,6.1,1.1,1.1,1,0,0.2,0.13,0.01,0.01,-12.73385,3064.828,467.5459,0.167331,-0.907149,-0.386089,0.004046;
custom,killcuboid,transparent0.5,6.1,1.1,1.1,1,0,0.2,0.13,0.01,0.01,2.289402,3032.535,432.4541,0.167331,-0.907149,-0.386089,0.004046;
custom,killcuboid,transparent0.5,6.1,1.1,1.1,1,0.72,0.53,0.04,0.01,0.01,-23.89495,3043.583,557.1212,0.5371009,-0.555495,0.4746269,0.4215178;
custom,killcuboid,transparent0.5,6.1,1.1,1.1,1,1,0.74,0.85,0.01,0.01,-15.61796,3051.781,1558.325,0.5274041,-0.5058851,-0.672206,-0.118593;
custom,killcuboid,transparent0.5,8.1,1.1,1.09,1,0,0,0,0.01,0.01,-5.222222,3048.682,2150,-0.3720861,-0.8861813,0.08991904,0.2610541;
base,levelBottom,default,0.001,0.25,0.001,1,0.75,0.52,0.89,0.01,0.01,2.841011,3041.076,238.7317,0.3537969,-0.6470399,-0.3732179,-0.5629169;
base,levelBottom,default,0.001,0.3333333,0.001,1,0.72,0.53,0.04,0.01,0.01,12.68673,3049.459,535.2753,0.5371009,-0.555495,0.4746269,0.4215178;
base,levelBottom,default,0.001,0.5,0.001,1,0.42,0.33,0.12,0.01,0.01,-4.378839,3034.109,2053.653,0.012815,-0.9871851,0.112475,0.112476;
base,levelBottom,default,0.001,0.5833333,0.001,1,0,0.18,0.39,0.01,0.01,-31.5785,3039.432,1448.979,-0.05941601,-0.9859021,-0.150113,0.04396502;
base,levelBottom,default,0.001,0.5833333,0.001,1,0,0.18,0.39,0.01,0.01,21.13406,3057.931,1451.021,-0.05941601,-0.9859021,-0.150113,0.04396502;
base,levelBottom,default,0.001,0.6666667,0.00098,1,0.42,0.33,0.12,0.01,0.01,-15.38761,3058.468,2050.423,0.3894531,-0.9072073,0.06089801,0.146945;
base,levelBottom,default,0.001,0.6666667,0.00099,1,0.42,0.33,0.12,0.01,0.01,4.099787,3058.468,2045.924,-0.3657729,-0.9170108,0.146945,0.06089799;
base,levelBottom,default,0.001,0.6666667,0.00099,1,0.89,0.26,0.2,0.01,0.01,-17.41449,3028.185,1256.586,-0.3433799,-0.6856869,0.01177299,0.6417049;
base,levelBottom,default,0.001,0.6666667,0.00099,1,1,0.96,0,0.01,0.01,-4.971353,3033.98,-253.2512,0.2981552,-0.7075983,-0.5830603,0.2654221;
base,levelBottom,default,0.001,0.6666667,0.00099,1,1,0.96,0,0.01,0.01,10.07044,3052.379,-245.4923,0.2981552,-0.7075983,-0.5830603,0.2654221;
base,levelBottom,default,0.001,0.6666667,0.001,1,0,0.2,0.13,0.01,0.01,-5.222222,3048.682,450,0.167331,-0.907149,-0.386089,0.004046;
base,levelBottom,default,0.001,0.6666667,0.001,1,0,0.26,0.26,0.01,0.01,-17.88644,3061.144,1369.32,-0.03982699,-0.8570917,0.03982598,0.5120758;
base,levelBottom,default,0.001,0.6666667,0.001,1,0.24,0.82,0.44,0.01,0.01,-19.5077,3036.007,1154.486,0.4753228,-0.8522887,-0.1455019,0.1627929;
base,levelBottom,default,0.001,0.6666667,0.001,1,0.72,0.53,0.04,0.01,0.01,1.026087,3044.27,558.9839,0.5371009,-0.555495,0.4746269,0.4215178;
base,levelBottom,default,0.001,0.6666667,0.001,1,0.85,0.2,0.53,0.01,0.01,-5.96336,3043.122,655.4795,0.708173,-0.107045,0.344847,0.6067232;
base,levelBottom,default,0.001,0.6666667,0.001,1,0.85,0.2,0.53,0.01,0.01,22.03967,3053.861,656.1801,0.339268,-0.630765,0.692287,0.088156;
base,levelBottom,default,0.001,0.6666667,0.00101,1,1,0.96,0,0.01,0.01,18.49385,3062.683,-241.1473,-0.5628041,-0.5223441,0.04981901,0.6386911;
base,levelBottom,default,0.001,0.6666667,0.00101,1,1,0.96,0,0.01,0.01,3.452052,3044.284,-248.9062,-0.5628041,-0.5223441,0.04981901,0.6386911;
base,levelBottom,default,0.001,0.8333333,0.001,1,0.89,0.26,0.2,0.01,0.01,-0.320826,3052.729,1229.56,-0.05498103,-0.7648884,-0.2345841,0.5974053;
base,levelBottom,default,0.001,0.8333333,0.001,1,0.89,0.26,0.2,0.01,0.01,-11.52748,3044.882,1267.147,-0.05498103,-0.7648884,-0.2345841,0.5974053;
base,levelBottom,default,0.001,0.8333333,0.001,1,1,0.74,0.85,0.01,0.01,5.173516,3065.582,1541.675,0.5274041,-0.5058851,-0.672206,-0.118593;
base,levelBottom,default,0.001,1,0.00098,1,0.18,0.38,0.55,0.01,0.01,-9.052444,3048.85,1853.209,-0.2670069,-0.8570896,-0.2151549,0.3844648;
base,levelBottom,default,0.001,1,0.00098,1,0.24,0.17,0.12,0.01,0.01,-3.299204,3047.125,839.2819,0.04355401,-0.7099232,0.4932681,0.5007981;
base,levelBottom,default,0.001,1,0.00098,1,0.91,0.45,0.32,0.01,0.01,3.512867,3036.522,-41.18623,0.392471,-0.6200352,-0.3109791,0.6039991;
base,levelBottom,default,0.001,1,0.00099,1,0.9,0.88,0.19,0.01,0.01,-10.46243,3037.938,1746.345,0.7147748,-0.6621279,0.127241,-0.185724;
base,levelBottom,default,0.001,1,0.00099,1,0.18,0.38,0.55,0.01,0.01,-1.392,3048.514,1846.791,0.100322,-0.8920938,-0.3516339,0.2654389;
base,levelBottom,default,0.001,1,0.00099,1,0.24,0.17,0.12,0.01,0.01,-7.14524,3050.239,860.7181,0.372511,-0.605906,0.199567,0.674008;
base,levelBottom,default,0.001,1,0.00099,1,0.91,0.45,0.32,0.01,0.01,1.370809,3061.459,-42.2112,-0.3623979,-0.6380789,0.3865979,0.5586279;
base,levelBottom,default,0.001,1,0.001,1,0,0,1,0.01,0.01,14.30398,3058.115,40,0.1729169,-0.8954367,-0.2476859,0.3270239;
base,levelBottom,default,0.001,1,0.001,1,0,0.26,0.26,0.01,0.01,5.457946,3045.754,1326.68,-0.03982699,-0.8570917,0.03982598,0.5120758;
base,levelBottom,default,0.001,1,0.001,1,0.18,0.38,0.55,0.01,0.01,-20.54311,3049.354,1862.838,0.04834901,-0.8964133,-0.3356281,0.2854111;
base,levelBottom,default,0.001,1,0.001,1,0.18,0.38,0.55,0.01,0.01,10.09867,3048.009,1837.162,-0.2167851,-0.8711484,-0.2371171,0.3713222;
base,levelBottom,default,0.001,1,0.001,1,0.19,0.55,0.91,0.01,0.01,-5.222222,3047.373,974.9658,0.5129172,-0.5129172,0.4867401,0.4867401;
base,levelBottom,default,0.001,1,0.001,1,0.19,0.55,0.91,0.01,0.01,-5.222222,3049.99,925.0342,0.5129172,-0.5129172,0.4867401,0.4867401;
base,levelBottom,default,0.001,1,0.001,1,0.24,0.17,0.12,0.01,0.01,-0.851727,3045.143,825.6407,0.2144351,-0.6781622,0.3570801,0.6054812;
base,levelBottom,default,0.001,1,0.001,1,0.24,0.17,0.12,0.01,0.01,-9.592717,3052.221,874.3593,0.2144351,-0.6781622,0.3570801,0.6054812;
base,levelBottom,default,0.001,1,0.001,1,0.24,0.82,0.44,0.01,0.01,12.87751,3073.828,1143.5,0.4753228,-0.8522887,-0.1455019,0.1627929;
base,levelBottom,default,0.001,1,0.001,1,0.5,1,0,0.01,0.01,7.468219,3048.742,133.8881,0.112799,-0.7341338,0.144441,0.6538048;
base,levelBottom,default,0.001,1,0.001,1,0.56,0,1,0.01,0.01,12.78307,3053.776,747.2455,0.1873541,-0.9241683,-0.144612,0.2998311;
base,levelBottom,default,0.001,1,0.001,1,0.74,0.2,0.64,0.01,0.01,7.477822,3045.018,-134.3385,-0.131121,-0.7942963,-0.009736003,-0.5931323;
base,levelBottom,default,0.001,1,0.001,1,0.75,0,0.2,0.01,0.01,-21.33204,3032.325,1669.25,0.05592198,-0.7666777,-0.5320388,0.3549829;
base,levelBottom,default,0.001,1,0.001,1,0.75,0,0.2,0.01,0.01,15.75394,3055.499,1645.009,0.05592198,-0.7666777,-0.5320388,0.3549829;
base,levelBottom,default,0.001,1,0.001,1,0.75,0.52,0.89,0.01,0.01,-4.077616,3048.282,274.529,0.3537969,-0.6470399,-0.3732179,-0.5629169;
base,levelBottom,default,0.001,1,0.001,1,0.77,0.12,0.23,0.01,0.01,-27.29016,3040.211,341.8608,0.23148,-0.8661991,-0.437102,-0.07111902;
base,levelBottom,default,0.001,1,0.001,1,0.77,0.12,0.23,0.01,0.01,16.84572,3057.153,358.1392,0.23148,-0.8661991,-0.437102,-0.07111902;
base,levelBottom,default,0.001,1,0.001,1,0.85,0.2,0.53,0.01,0.01,8.257025,3049.062,638.3405,0.5855372,-0.4124491,0.5797752,0.3884491;
base,levelBottom,default,0.001,1,0.001,1,0.9,0.88,0.19,0.01,0.01,0.017983,3059.426,1753.655,0.2322661,-0.9462393,0.003996002,-0.2250951;
base,levelBottom,default,0.001,1,0.001,1,0.91,0.45,0.32,0.01,0.01,4.449658,3048.114,-66.60256,0.01753601,-0.7336004,0.04409302,0.6779224;
base,levelBottom,default,0.001,1,0.001,1,0.94,0.86,0.51,0.01,0.01,-14.41345,3067.526,1063.616,-0.216424,-0.7049768,0.4322399,0.5189769;
base,levelBottom,default,0.001,1,0.001,1,0.94,0.86,0.51,0.01,0.01,3.969002,3029.837,1036.384,-0.216424,-0.7049768,0.4322399,0.5189769;
base,levelBottom,default,0.001,1,0.001,1,1,0.96,0,0.01,0.01,11.8439,3050.082,-261.203,-0.161522,-0.7506682,-0.3254521,0.5518051;
base,levelBottom,default,0.001,1.166667,0.00099,1,0.19,0.55,0.91,0.01,0.01,-5.222222,3048.682,950,0.27771,-0.670108,0.635909,0.263538;
base,levelBottom,default,0.001,1.166667,0.00099,1,0.38,0.25,0.32,0.01,0.01,-5.222222,3048.682,1950,0.149512,-0.7248392,0.3931171,-0.5456311;
base,levelBottom,default,0.001,1.166667,0.001,1,0.03,0.91,0.87,0.01,0.01,2.780729,3044.723,-343.6695,-0.06938901,0.9431791,-0.09751701,0.309982;
base,levelBottom,default,0.001,1.166667,0.001,1,0.38,0.25,0.32,0.01,0.01,-5.222222,3048.682,1950,-0.4065922,-0.6184083,-0.1076011,-0.6638343;
base,levelBottom,default,0.001,1.166667,0.00101,1,0.03,0.91,0.87,0.01,0.01,-11.32234,3052.222,-355.7058,0.46125,0.8256209,0.089218,0.312472;
base,levelBottom,default,0.003,0.1666667,0.001,1,0,0,1,0.01,0.01,-0.222222,3048.682,50,0.1729169,-0.8954367,-0.2476859,0.3270239;
base,levelBottom,default,0.003,0.1666667,0.001,1,0.5,1,0,0.01,0.01,6.848067,3044.543,154.0619,0.112799,-0.7341338,0.144441,0.6538048;
base,levelBottom,default,0.003,0.1666667,0.001,1,0.89,0.26,0.2,0.01,0.01,-13.21199,3031.128,1242.49,-0.05498103,-0.7648884,-0.2345841,0.5974053;
base,levelBottom,default,0.003,0.1666667,0.001,1,0.89,0.26,0.2,0.01,0.01,1.36368,3066.484,1254.217,-0.05498103,-0.7648884,-0.2345841,0.5974053;
base,levelBottom,default,0.0035,0.1666667,0.001,1,0.72,0.53,0.04,0.01,0.01,26.79324,3047.415,548.6198,0.5371009,-0.555495,0.4746269,0.4215178;
base,levelBottom,default,0.0035,0.1666667,0.001,1,0.75,0.52,0.89,0.01,0.01,-8.134278,3046.964,239.7899,0.3537969,-0.6470399,-0.3732179,-0.5629169;
base,levelBottom,default,0.0035,0.1666667,0.001,1,0.75,0.52,0.89,0.01,0.01,15.26511,3035.658,250.0803,0.3537969,-0.6470399,-0.3732179,-0.5629169;
base,levelBottom,default,0.004,0.1666667,0.00099,1,0,0.26,0.26,0.01,0.01,-11.52894,3033.176,1359.091,0.208137,-0.8323881,-0.108997,0.5019251;
base,levelBottom,default,0.004,0.1666667,0.001,1,0,0.18,0.39,0.01,0.01,-5.222222,3048.682,1450,-0.05941601,-0.9859021,-0.150113,0.04396502;
base,levelBottom,default,0.004,0.1666667,0.001,1,0,0.26,0.26,0.01,0.01,-5.664616,3073.322,1345.819,-0.03982699,-0.8570917,0.03982598,0.5120758;
base,levelBottom,default,0.004,0.1666667,0.001,1,0,0.26,0.26,0.01,0.01,-6.489062,3043.512,1349.09,-0.03982699,-0.8570917,0.03982598,0.5120758;
base,levelBottom,default,0.004,0.1666667,0.001,1,0.24,0.82,0.44,0.01,0.01,-18.5721,3065.033,1157.049,0.4753228,-0.8522887,-0.1455019,0.1627929;
base,levelBottom,default,0.004,0.1666667,0.001,1,0.24,0.82,0.44,0.01,0.01,4.313405,3049.859,1144.965,0.4753228,-0.8522887,-0.1455019,0.1627929;
base,levelBottom,default,0.004,0.1666667,0.001,1,0.74,0.2,0.64,0.01,0.01,-3.990925,3026.378,-162.106,-0.131121,-0.7942963,-0.009736003,-0.5931323;
base,levelBottom,default,0.004,0.1666667,0.001,1,0.74,0.2,0.64,0.01,0.01,5.846437,3074.649,-153.5555,-0.131121,-0.7942963,-0.009736003,-0.5931323;
base,levelBottom,default,0.004,0.1666667,0.001,1,0.75,0,0.2,0.01,0.01,-10.08857,3033.221,1635.742,0.05592198,-0.7666777,-0.5320388,0.3549829;
base,levelBottom,default,0.004,0.1666667,0.001,1,0.77,0.12,0.23,0.01,0.01,-5.222222,3048.682,350,0.23148,-0.8661991,-0.437102,-0.07111902;
base,levelBottom,default,0.004,0.1666667,0.001,1,0.94,0.86,0.51,0.01,0.01,-1.634808,3035.365,1070.852,-0.216424,-0.7049768,0.4322399,0.5189769;
base,levelBottom,default,0.004,0.1666667,0.001,1,0.94,0.86,0.51,0.01,0.01,-8.809636,3061.998,1029.148,-0.216424,-0.7049768,0.4322399,0.5189769;
base,levelBottom,default,0.005,0.1666667,0.001,1,0,0,1,0.01,0.01,-11.17718,3064.402,68.91676,0.1729169,-0.8954367,-0.2476859,0.3270239;
base,levelBottom,default,0.005,0.1666667,0.001,1,0,0,1,0.01,0.01,-3.793468,3023.527,41.08324,0.1729169,-0.8954367,-0.2476859,0.3270239;
base,levelBottom,default,0.005,0.1666667,0.001,1,0,0.18,0.39,0.01,0.01,-3.535724,3024.465,1442.208,-0.05941601,-0.9859021,-0.150113,0.04396502;
base,levelBottom,default,0.005,0.1666667,0.001,1,0,0.18,0.39,0.01,0.01,-6.90872,3072.898,1457.792,-0.05941601,-0.9859021,-0.150113,0.04396502;
base,levelBottom,default,0.005,0.1666667,0.001,1,0.5,1,0,0.01,0.01,-4.982953,3072.76,162.05,0.112799,-0.7341338,0.144441,0.6538048;
base,levelBottom,default,0.005,0.1666667,0.001,1,0.56,0,1,0.01,0.01,-3.227513,3018.587,752.7545,0.1873541,-0.9241683,-0.144612,0.2998311;
base,levelBottom,default,0.005,0.1666667,0.001,1,0.75,0.52,0.89,0.01,0.01,-29.50533,3058.929,246.8691,0.3537969,-0.6470399,-0.3732179,-0.5629169;
base,levelBottom,default,0.006,0.1666667,0.00099,1,0.03,0.91,0.87,0.01,0.01,-7.125056,3041.6,-350.6247,-0.2045571,-0.9233404,0.004332001,-0.3249311;
base,levelBottom,default,0.006,0.1666667,0.001,1,0,0,0,0.01,0.01,-4.759874,3023.697,2150.74,-0.004810002,-0.9611154,-0.01677601,0.2755951;
base,levelBottom,default,0.006,0.1666667,0.001,1,0,0,0,0.01,0.01,-5.68457,3073.667,2149.26,-0.004810002,-0.9611154,-0.01677601,0.2755951;
base,levelBottom,default,0.006,0.1666667,0.001,1,0,0.2,0.13,0.01,0.01,-12.73385,3064.828,467.5459,0.167331,-0.907149,-0.386089,0.004046;
base,levelBottom,default,0.006,0.1666667,0.001,1,0,0.2,0.13,0.01,0.01,2.289402,3032.535,432.4541,0.167331,-0.907149,-0.386089,0.004046;
base,levelBottom,default,0.006,0.1666667,0.001,1,0.72,0.53,0.04,0.01,0.01,-23.89495,3043.583,557.1212,0.5371009,-0.555495,0.4746269,0.4215178;
base,levelBottom,default,0.006,0.1666667,0.001,1,1,0.74,0.85,0.01,0.01,-15.61796,3051.781,1558.325,0.5274041,-0.5058851,-0.672206,-0.118593;
base,levelBottom,default,0.008,0.1666667,0.00099,1,0,0,0,0.01,0.01,-5.222222,3048.682,2150,-0.3720861,-0.8861813,0.08991904,0.2610541;
custom,cuboid,metal3,1,7,1,1,0.03,0.91,0.87,0.01,0.01,-10,3048.682,-450,0,0,0.2873479,-0.9578263;
custom,cuboid,metal3,1,7,1.01,1,0.03,0.91,0.87,0.01,0.01,10,3048.682,-450,0,0,-0.2873479,-0.9578263;
custom,cuboid,metal3,6,1,0.99,1,0.03,0.91,0.87,0.01,0.01,0,3041.182,-450,0,0,0,1;
custom,cuboid,metal3,1,6,1,1,1,0.96,0,0.01,0.01,-25,3048.682,-550,0,0,0,1;
custom,cuboid,metal3,1,4,1.01,1,1,0.96,0,0.01,0.01,-10,3068.182,-550,0,0,0.5734623,0.8192319;
custom,cuboid,metal3,1,4,0.99,1,1,0.96,0,0.01,0.01,-10,3029.182,-550,0,0,-0.5734623,0.8192319;
custom,cuboid,metal3,1,4,1.01,1,1,0.96,0,0.01,0.01,-10,3043.182,-550,0,0,0.5734623,0.8192319;
custom,cuboid,metal3,1,4,0.99,1,1,0.96,0,0.01,0.01,-10,3054.182,-550,0,0,-0.5734623,0.8192319;
custom,cuboid,metal3,1,6,1,1,0.74,0.2,0.64,0.01,0.01,-25,3048.682,-650,0,0,0,1;
custom,cuboid,metal3,4,1,1,1,0.74,0.2,0.64,0.01,0.01,0,3023.682,-650,0,0,0,1;
custom,cuboid,metal3,4,1,1,1,0.74,0.2,0.64,0.01,0.01,0,3073.682,-650,0,0,0,1;
custom,cuboid,metal3,1,6,1,1,0.91,0.45,0.32,0.01,0.01,-25,3048.682,-750,0,0,0,1;
custom,cuboid,metal3,1,6,0.99,1,0.91,0.45,0.32,0.01,0.01,0,3061.231,-750,0,0,0.5144958,0.8574929;
custom,cuboid,metal3,1,6,0.98,1,0.91,0.45,0.32,0.01,0.01,0,3036.182,-750,0,0,-0.5144958,0.8574929;
custom,cuboid,metal3,1,6,1,1,0,0,1,0.01,0.01,-25,3048.682,-850,0,0,0,1;
custom,cuboid,metal3,5,1,1,1,0,0,1,0.01,0.01,5,3073.682,-850,0,0,0,1;
custom,cuboid,metal3,3,1,1,1,0,0,1,0.01,0.01,-5,3048.682,-850,0,0,0,1;
custom,cuboid,metal3,5,1,1,1,0,0,1,0.01,0.01,5,3023.682,-850,0,0,0,1;
custom,cuboid,metal3,1,6,1,1,0.5,1,0,0.01,0.01,-25,3048.682,-950,0,0,0,1;
custom,cuboid,metal3,5,1,1,1,0.5,1,0,0.01,0.01,5,3073.682,-950,0,0,0,1;
custom,cuboid,metal3,3,1,1,1,0.5,1,0,0.01,0.01,-5,3043.682,-950,0,0,0,1;
custom,cuboid,metal3,1,6,1,1,0.75,0.52,0.89,0.01,0.01,-25,3048.682,-1050,0,0,0,1;
custom,cuboid,metal3,5,1,1,1,0.75,0.52,0.89,0.01,0.01,5,3073.682,-1050,0,0,0,1;
custom,cuboid,metal3,3.5,1,1,1,0.75,0.52,0.89,0.01,0.01,-2.5,3023.682,-1050,0,0,0,1;
custom,cuboid,metal3,1,1.5,1,1,0.75,0.52,0.89,0.01,0.01,10,3036.182,-1050,0,0,0,1;
custom,cuboid,metal3,3.5,1,1,1,0.75,0.52,0.89,0.01,0.01,10,3048.682,-1050,0,0,0,1;
custom,cuboid,metal3,1,6,1,1,0.77,0.12,0.23,0.01,0.01,-25,3048.682,-1150,0,0,0,1;
custom,cuboid,metal3,1,6,1,1,0.77,0.12,0.23,0.01,0.01,25,3048.682,-1150,0,0,0,1;
custom,cuboid,metal3,4,1,1,1,0.77,0.12,0.23,0.01,0.01,0,3048.682,-1150,0,0,0,1;
custom,cuboid,metal3,6,1,1,1,0,0.2,0.13,0.01,0.01,0,3073.682,-1250,0,0,0,1;
custom,cuboid,metal3,6,1,1,1,0,0.2,0.13,0.01,0.01,0,3023.682,-1250,0,0,0,1;
custom,cuboid,metal3,1,4,1,1,0,0.2,0.13,0.01,0.01,0,3048.682,-1250,0,0,0,1;
custom,cuboid,metal3,6,1,1,1,0.72,0.53,0.04,0.01,0.01,0,3073.682,-1350,0,0,0,1;
custom,cuboid,metal3,3.5,1,1,1,0.72,0.53,0.04,0.01,0.01,-12.5,3023.682,-1350,0,0,0,1;
custom,cuboid,metal3,1,4,1,1,0.72,0.53,0.04,0.01,0.01,0,3048.682,-1350,0,0,0,1;
custom,cuboid,metal3,1,2,1,1,0.72,0.53,0.04,0.01,0.01,-25,3038.682,-1350,0,0,0,1;
custom,cuboid,metal3,1,6,1,1,0.85,0.2,0.53,0.01,0.01,-25,3048.682,-1450,0,0,0,1;
custom,cuboid,metal3,1,4,1,1,0.85,0.2,0.53,0.01,0.01,-7.5,3063.682,-1450,0,0,-0.4472136,0.8944272;
custom,cuboid,metal3,1,4,1,1,0.85,0.2,0.53,0.01,0.01,-7.5,3033.682,-1450,0,0,0.4472136,0.8944272;
custom,cuboid,metal3,1,6,1,1,0.56,0,1,0.01,0.01,-25,3048.682,-1550,0,0,0,1;
custom,cuboid,metal3,5,1,1,1,0.56,0,1,0.01,0.01,5,3023.682,-1550,0,0,0,1;
custom,cuboid,metal3,1,6,1,1,0.24,0.17,0.12,0.01,0.01,-25,3048.682,-1650,0,0,0,1;
custom,cuboid,metal3,1,6,1,1,0.24,0.17,0.12,0.01,0.01,25,3048.682,-1650,0,0,0,1;
custom,cuboid,metal3,1,6,0.98,1,0.24,0.17,0.12,0.01,0.01,-11,3048.682,-1650,0,0,0.2425356,0.9701425;
custom,cuboid,metal3,1,6,0.99,1,0.24,0.17,0.12,0.01,0.01,11,3048.682,-1650,0,0,-0.2425356,0.9701425;
custom,cuboid,metal3,1,6,1,1,0.19,0.55,0.91,0.01,0.01,-25,3048.682,-1750,0,0,0,1;
custom,cuboid,metal3,1,6,1,1,0.19,0.55,0.91,0.01,0.01,25,3048.682,-1750,0,0,0,1;
custom,cuboid,metal3,1,7,0.99,1,0.19,0.55,0.91,0.01,0.01,0,3048.682,-1750,0,0,0.382515,0.9239493;
custom,cuboid,metal3,1,6,1,1,0.94,0.86,0.51,0.01,0.01,-25,3048.682,-1850,0,0,0,1;
custom,cuboid,metal3,1,6,1,1,0.94,0.86,0.51,0.01,0.01,25,3048.682,-1850,0,0,0,1;
custom,cuboid,metal3,4,1,1,1,0.94,0.86,0.51,0.01,0.01,0,3023.682,-1850,0,0,0,1;
custom,cuboid,metal3,4,1,1,1,0.94,0.86,0.51,0.01,0.01,0,3073.682,-1850,0,0,0,1;
custom,cuboid,metal3,1,6,1,1,0.24,0.82,0.44,0.01,0.01,-25,3048.682,-1950,0,0,0,1;
custom,cuboid,metal3,4,1,1,1,0.24,0.82,0.44,0.01,0.01,0,3043.682,-1950,0,0,0,1;
custom,cuboid,metal3,4,1,1,1,0.24,0.82,0.44,0.01,0.01,0,3073.682,-1950,0,0,0,1;
custom,cuboid,metal3,1,4,1,1,0.24,0.82,0.44,0.01,0.01,25,3058.682,-1950,0,0,0,1;
custom,cuboid,metal3,1,5,1,1,0.89,0.26,0.2,0.01,0.01,-20,3048.682,-2050,0,0,0,1;
custom,cuboid,metal3,1,5,1,1,0.89,0.26,0.2,0.01,0.01,20,3048.682,-2050,0,0,0,1;
custom,cuboid,metal3,3,1,1,1,0.89,0.26,0.2,0.01,0.01,0,3068.682,-2050,0,0,0,1;
custom,cuboid,metal3,3,1,1,1,0.89,0.26,0.2,0.01,0.01,0,3028.682,-2050,0,0,0,1;
custom,cuboid,metal3,1,4,0.99,1,0.89,0.26,0.2,0.01,0.01,15,3028.682,-2050,0,0,0.382515,0.9239493;
custom,cuboid,metal3,1,6,1,1,0,0.26,0.26,0.01,0.01,-25,3048.682,-2150,0,0,0,1;
custom,cuboid,metal3,4,1,1,1,0,0.26,0.26,0.01,0.01,0,3043.682,-2150,0,0,0,1;
custom,cuboid,metal3,4,1,1,1,0,0.26,0.26,0.01,0.01,0,3073.682,-2150,0,0,0,1;
custom,cuboid,metal3,1,4,1,1,0,0.26,0.26,0.01,0.01,25,3058.682,-2150,0,0,0,1;
custom,cuboid,metal3,4,1,0.99,1,0,0.26,0.26,0.01,0.01,10,3032.182,-2150,0,0,-0.2873479,0.9578263;
custom,cuboid,metal3,1,3.5,1,1,0,0.18,0.39,0.01,0.01,-25,3061.182,-2250,0,0,0,1;
custom,cuboid,metal3,1,3.5,1,1,0,0.18,0.39,0.01,0.01,25,3036.182,-2250,0,0,0,1;
custom,cuboid,metal3,4,1,1,1,0,0.18,0.39,0.01,0.01,0,3048.682,-2250,0,0,0,1;
custom,cuboid,metal3,5,1,1,1,0,0.18,0.39,0.01,0.01,5,3073.682,-2250,0,0,0,1;
custom,cuboid,metal3,5,1,1,1,0,0.18,0.39,0.01,0.01,-5,3023.682,-2250,0,0,0,1;
custom,cuboid,metal3,1,5,1,1,1,0.74,0.85,0.01,0.01,0,3043.682,-2350,0,0,0,1;
custom,cuboid,metal3,6,1,1,1,1,0.74,0.85,0.01,0.01,0,3073.682,-2350,0,0,0,1;
custom,cuboid,metal3,1,6,1,1,0.75,0,0.2,0.01,0.01,-25,3048.682,-2450,0,0,0,1;
custom,cuboid,metal3,1,6,1,1,0.75,0,0.2,0.01,0.01,25,3048.682,-2450,0,0,0,1;
custom,cuboid,metal3,4,1,1,1,0.75,0,0.2,0.01,0.01,0,3023.682,-2450,0,0,0,1;
custom,cuboid,metal3,1,6,1,1,0.9,0.88,0.19,0.01,0.01,-12.5,3048.682,-2550,0,0,0.2873479,0.9578263;
custom,cuboid,metal3,1,6,0.99,1,0.9,0.88,0.19,0.01,0.01,12.5,3048.682,-2550,0,0,-0.2873479,0.9578263;
custom,cuboid,metal3,1,6,1,1,0.18,0.38,0.55,0.01,0.01,-20,3048.682,-2650,0,0,0.1483405,0.9889364;
custom,cuboid,metal3,1,6,1,1,0.18,0.38,0.55,0.01,0.01,20,3048.682,-2650,0,0,-0.1483405,0.9889364;
custom,cuboid,metal3,1,6,0.99,1,0.18,0.38,0.55,0.01,0.01,-5,3048.682,-2650,0,0,-0.2055172,0.9786536;
custom,cuboid,metal3,1,6,0.98,1,0.18,0.38,0.55,0.01,0.01,5,3048.682,-2650,0,0,0.2055172,0.9786536;
custom,cuboid,metal3,1,7,1,1,0.38,0.25,0.32,0.01,0.01,0,3048.682,-2750,0,0,0.382515,0.9239493;
custom,cuboid,metal3,1,7,0.99,1,0.38,0.25,0.32,0.01,0.01,0,3048.682,-2750,0,0,-0.382515,0.9239493;
custom,cuboid,metal3,1,4,0.99,1,0.42,0.33,0.12,0.01,0.01,-10,3058.682,-2850,0,0,0.382515,0.9239493;
custom,cuboid,metal3,1,4,0.98,1,0.42,0.33,0.12,0.01,0.01,10,3058.682,-2850,0,0,-0.382515,0.9239493;
custom,cuboid,metal3,1,3,1,1,0.42,0.33,0.12,0.01,0.01,0,3033.682,-2850,0,0,0,1;
custom,cuboid,metal3,6,1,1,1,0,0,0,0.01,0.01,0,3073.682,-2950,0,0,0,1;
custom,cuboid,metal3,6,1,1,1,0,0,0,0.01,0.01,0,3023.682,-2950,0,0,0,1;
custom,cuboid,metal3,8,1,0.99,1,0,0,0,0.01,0.01,0,3048.682,-2950,0,0,0.382515,0.9239493;
custom,killcuboid,transparent0.5,1.1,1.6,1.1,1,0.75,0.52,0.89,0.01,0.01,10,3036.182,-1050,0,0,0,1;
custom,killcuboid,transparent0.5,1.1,2.1,1.1,1,0.72,0.53,0.04,0.01,0.01,-25,3038.682,-1350,0,0,0,1;
custom,killcuboid,transparent0.5,1.1,3.1,1.1,1,0.42,0.33,0.12,0.01,0.01,0,3033.682,-2850,0,0,0,1;
custom,killcuboid,transparent0.5,1.1,3.6,1.1,1,0,0.18,0.39,0.01,0.01,-25,3061.182,-2250,0,0,0,1;
custom,killcuboid,transparent0.5,1.1,3.6,1.1,1,0,0.18,0.39,0.01,0.01,25,3036.182,-2250,0,0,0,1;
custom,killcuboid,transparent0.5,1.1,4,1.08,1,0.42,0.33,0.12,0.01,0.01,10,3058.682,-2850,0,0,-0.382515,0.9239493;
custom,killcuboid,transparent0.5,1.1,4.1,1.09,1,0.42,0.33,0.12,0.01,0.01,-10,3058.682,-2850,0,0,0.382515,0.9239493;
custom,killcuboid,transparent0.5,1.1,4.1,1.09,1,0.89,0.26,0.2,0.01,0.01,15,3028.682,-2050,0,0,0.382515,0.9239493;
custom,killcuboid,transparent0.5,1.1,4.1,1.09,1,1,0.96,0,0.01,0.01,-10,3029.182,-550,0,0,-0.5734623,0.8192319;
custom,killcuboid,transparent0.5,1.1,4.1,1.09,1,1,0.96,0,0.01,0.01,-10,3054.182,-550,0,0,-0.5734623,0.8192319;
custom,killcuboid,transparent0.5,1.1,4.1,1.1,1,0,0.2,0.13,0.01,0.01,0,3048.682,-1250,0,0,0,1;
custom,killcuboid,transparent0.5,1.1,4.1,1.1,1,0,0.26,0.26,0.01,0.01,25,3058.682,-2150,0,0,0,1;
custom,killcuboid,transparent0.5,1.1,4.1,1.1,1,0.24,0.82,0.44,0.01,0.01,25,3058.682,-1950,0,0,0,1;
custom,killcuboid,transparent0.5,1.1,4.1,1.1,1,0.72,0.53,0.04,0.01,0.01,0,3048.682,-1350,0,0,0,1;
custom,killcuboid,transparent0.5,1.1,4.1,1.1,1,0.85,0.2,0.53,0.01,0.01,-7.5,3033.682,-1450,0,0,0.4472136,0.8944272;
custom,killcuboid,transparent0.5,1.1,4.1,1.1,1,0.85,0.2,0.53,0.01,0.01,-7.5,3063.682,-1450,0,0,-0.4472136,0.8944272;
custom,killcuboid,transparent0.5,1.1,4.1,1.11,1,1,0.96,0,0.01,0.01,-10,3043.182,-550,0,0,0.5734623,0.8192319;
custom,killcuboid,transparent0.5,1.1,4.1,1.11,1,1,0.96,0,0.01,0.01,-10,3068.182,-550,0,0,0.5734623,0.8192319;
custom,killcuboid,transparent0.5,1.1,5.1,1.1,1,0.89,0.26,0.2,0.01,0.01,-20,3048.682,-2050,0,0,0,1;
custom,killcuboid,transparent0.5,1.1,5.1,1.1,1,0.89,0.26,0.2,0.01,0.01,20,3048.682,-2050,0,0,0,1;
custom,killcuboid,transparent0.5,1.1,5.1,1.1,1,1,0.74,0.85,0.01,0.01,0,3043.682,-2350,0,0,0,1;
custom,killcuboid,transparent0.5,1.1,6.1,1.08,1,0.18,0.38,0.55,0.01,0.01,5,3048.682,-2650,0,0,0.2055172,0.9786536;
custom,killcuboid,transparent0.5,1.1,6.1,1.08,1,0.24,0.17,0.12,0.01,0.01,-11,3048.682,-1650,0,0,0.2425356,0.9701425;
custom,killcuboid,transparent0.5,1.1,6.1,1.08,1,0.91,0.45,0.32,0.01,0.01,0,3036.182,-750,0,0,-0.5144958,0.8574929;
custom,killcuboid,transparent0.5,1.1,6.1,1.09,1,0.9,0.88,0.19,0.01,0.01,12.5,3048.682,-2550,0,0,-0.2873479,0.9578263;
custom,killcuboid,transparent0.5,1.1,6.1,1.09,1,0.18,0.38,0.55,0.01,0.01,-5,3048.682,-2650,0,0,-0.2055172,0.9786536;
custom,killcuboid,transparent0.5,1.1,6.1,1.09,1,0.24,0.17,0.12,0.01,0.01,11,3048.682,-1650,0,0,-0.2425356,0.9701425;
custom,killcuboid,transparent0.5,1.1,6.1,1.09,1,0.91,0.45,0.32,0.01,0.01,0,3061.231,-750,0,0,0.5144958,0.8574929;
custom,killcuboid,transparent0.5,1.1,6.1,1.1,1,0,0,1,0.01,0.01,-25,3048.682,-850,0,0,0,1;
custom,killcuboid,transparent0.5,1.1,6.1,1.1,1,0,0.26,0.26,0.01,0.01,-25,3048.682,-2150,0,0,0,1;
custom,killcuboid,transparent0.5,1.1,6.1,1.1,1,0.18,0.38,0.55,0.01,0.01,-20,3048.682,-2650,0,0,0.1483405,0.9889364;
custom,killcuboid,transparent0.5,1.1,6.1,1.1,1,0.18,0.38,0.55,0.01,0.01,20,3048.682,-2650,0,0,-0.1483405,0.9889364;
custom,killcuboid,transparent0.5,1.1,6.1,1.1,1,0.19,0.55,0.91,0.01,0.01,-25,3048.682,-1750,0,0,0,1;
custom,killcuboid,transparent0.5,1.1,6.1,1.1,1,0.19,0.55,0.91,0.01,0.01,25,3048.682,-1750,0,0,0,1;
custom,killcuboid,transparent0.5,1.1,6.1,1.1,1,0.24,0.17,0.12,0.01,0.01,-25,3048.682,-1650,0,0,0,1;
custom,killcuboid,transparent0.5,1.1,6.1,1.1,1,0.24,0.17,0.12,0.01,0.01,25,3048.682,-1650,0,0,0,1;
custom,killcuboid,transparent0.5,1.1,6.1,1.1,1,0.24,0.82,0.44,0.01,0.01,-25,3048.682,-1950,0,0,0,1;
custom,killcuboid,transparent0.5,1.1,6.1,1.1,1,0.5,1,0,0.01,0.01,-25,3048.682,-950,0,0,0,1;
custom,killcuboid,transparent0.5,1.1,6.1,1.1,1,0.56,0,1,0.01,0.01,-25,3048.682,-1550,0,0,0,1;
custom,killcuboid,transparent0.5,1.1,6.1,1.1,1,0.74,0.2,0.64,0.01,0.01,-25,3048.682,-650,0,0,0,1;
custom,killcuboid,transparent0.5,1.1,6.1,1.1,1,0.75,0,0.2,0.01,0.01,-25,3048.682,-2450,0,0,0,1;
custom,killcuboid,transparent0.5,1.1,6.1,1.1,1,0.75,0,0.2,0.01,0.01,25,3048.682,-2450,0,0,0,1;
custom,killcuboid,transparent0.5,1.1,6.1,1.1,1,0.75,0.52,0.89,0.01,0.01,-25,3048.682,-1050,0,0,0,1;
custom,killcuboid,transparent0.5,1.1,6.1,1.1,1,0.77,0.12,0.23,0.01,0.01,-25,3048.682,-1150,0,0,0,1;
custom,killcuboid,transparent0.5,1.1,6.1,1.1,1,0.77,0.12,0.23,0.01,0.01,25,3048.682,-1150,0,0,0,1;
custom,killcuboid,transparent0.5,1.1,6.1,1.1,1,0.85,0.2,0.53,0.01,0.01,-25,3048.682,-1450,0,0,0,1;
custom,killcuboid,transparent0.5,1.1,6.1,1.1,1,0.9,0.88,0.19,0.01,0.01,-12.5,3048.682,-2550,0,0,0.2873479,0.9578263;
custom,killcuboid,transparent0.5,1.1,6.1,1.1,1,0.91,0.45,0.32,0.01,0.01,-25,3048.682,-750,0,0,0,1;
custom,killcuboid,transparent0.5,1.1,6.1,1.1,1,0.94,0.86,0.51,0.01,0.01,-25,3048.682,-1850,0,0,0,1;
custom,killcuboid,transparent0.5,1.1,6.1,1.1,1,0.94,0.86,0.51,0.01,0.01,25,3048.682,-1850,0,0,0,1;
custom,killcuboid,transparent0.5,1.1,6.1,1.1,1,1,0.96,0,0.01,0.01,-25,3048.682,-550,0,0,0,1;
custom,killcuboid,transparent0.5,1.1,7.1,1.09,1,0.19,0.55,0.91,0.01,0.01,0,3048.682,-1750,0,0,0.382515,0.9239493;
custom,killcuboid,transparent0.5,1.1,7.1,1.09,1,0.38,0.25,0.32,0.01,0.01,0,3048.682,-2750,0,0,-0.382515,0.9239493;
custom,killcuboid,transparent0.5,1.1,7.1,1.1,1,0.03,0.91,0.87,0.01,0.01,-10,3048.682,-450,0,0,0.2873479,-0.9578263;
custom,killcuboid,transparent0.5,1.1,7.1,1.1,1,0.38,0.25,0.32,0.01,0.01,0,3048.682,-2750,0,0,0.382515,0.9239493;
custom,killcuboid,transparent0.5,1.1,7.1,1.11,1,0.03,0.91,0.87,0.01,0.01,10,3048.682,-450,0,0,-0.2873479,-0.9578263;
custom,killcuboid,transparent0.5,3.1,1.1,1.1,1,0,0,1,0.01,0.01,-5,3048.682,-850,0,0,0,1;
custom,killcuboid,transparent0.5,3.1,1.1,1.1,1,0.5,1,0,0.01,0.01,-5,3043.682,-950,0,0,0,1;
custom,killcuboid,transparent0.5,3.1,1.1,1.1,1,0.89,0.26,0.2,0.01,0.01,0,3028.682,-2050,0,0,0,1;
custom,killcuboid,transparent0.5,3.1,1.1,1.1,1,0.89,0.26,0.2,0.01,0.01,0,3068.682,-2050,0,0,0,1;
custom,killcuboid,transparent0.5,3.6,1.1,1.1,1,0.72,0.53,0.04,0.01,0.01,-12.5,3023.682,-1350,0,0,0,1;
custom,killcuboid,transparent0.5,3.6,1.1,1.1,1,0.75,0.52,0.89,0.01,0.01,-2.5,3023.682,-1050,0,0,0,1;
custom,killcuboid,transparent0.5,3.6,1.1,1.1,1,0.75,0.52,0.89,0.01,0.01,10,3048.682,-1050,0,0,0,1;
custom,killcuboid,transparent0.5,4.1,1.1,1.09,1,0,0.26,0.26,0.01,0.01,10,3032.182,-2150,0,0,-0.2873479,0.9578263;
custom,killcuboid,transparent0.5,4.1,1.1,1.1,1,0,0.18,0.39,0.01,0.01,0,3048.682,-2250,0,0,0,1;
custom,killcuboid,transparent0.5,4.1,1.1,1.1,1,0,0.26,0.26,0.01,0.01,0,3043.682,-2150,0,0,0,1;
custom,killcuboid,transparent0.5,4.1,1.1,1.1,1,0,0.26,0.26,0.01,0.01,0,3073.682,-2150,0,0,0,1;
custom,killcuboid,transparent0.5,4.1,1.1,1.1,1,0.24,0.82,0.44,0.01,0.01,0,3043.682,-1950,0,0,0,1;
custom,killcuboid,transparent0.5,4.1,1.1,1.1,1,0.24,0.82,0.44,0.01,0.01,0,3073.682,-1950,0,0,0,1;
custom,killcuboid,transparent0.5,4.1,1.1,1.1,1,0.74,0.2,0.64,0.01,0.01,0,3023.682,-650,0,0,0,1;
custom,killcuboid,transparent0.5,4.1,1.1,1.1,1,0.74,0.2,0.64,0.01,0.01,0,3073.682,-650,0,0,0,1;
custom,killcuboid,transparent0.5,4.1,1.1,1.1,1,0.75,0,0.2,0.01,0.01,0,3023.682,-2450,0,0,0,1;
custom,killcuboid,transparent0.5,4.1,1.1,1.1,1,0.77,0.12,0.23,0.01,0.01,0,3048.682,-1150,0,0,0,1;
custom,killcuboid,transparent0.5,4.1,1.1,1.1,1,0.94,0.86,0.51,0.01,0.01,0,3023.682,-1850,0,0,0,1;
custom,killcuboid,transparent0.5,4.1,1.1,1.1,1,0.94,0.86,0.51,0.01,0.01,0,3073.682,-1850,0,0,0,1;
custom,killcuboid,transparent0.5,5.1,1.1,1.1,1,0,0,1,0.01,0.01,5,3023.682,-850,0,0,0,1;
custom,killcuboid,transparent0.5,5.1,1.1,1.1,1,0,0,1,0.01,0.01,5,3073.682,-850,0,0,0,1;
custom,killcuboid,transparent0.5,5.1,1.1,1.1,1,0,0.18,0.39,0.01,0.01,-5,3023.682,-2250,0,0,0,1;
custom,killcuboid,transparent0.5,5.1,1.1,1.1,1,0,0.18,0.39,0.01,0.01,5,3073.682,-2250,0,0,0,1;
custom,killcuboid,transparent0.5,5.1,1.1,1.1,1,0.5,1,0,0.01,0.01,5,3073.682,-950,0,0,0,1;
custom,killcuboid,transparent0.5,5.1,1.1,1.1,1,0.56,0,1,0.01,0.01,5,3023.682,-1550,0,0,0,1;
custom,killcuboid,transparent0.5,5.1,1.1,1.1,1,0.75,0.52,0.89,0.01,0.01,5,3073.682,-1050,0,0,0,1;
custom,killcuboid,transparent0.5,6.1,1.1,1.09,1,0.03,0.91,0.87,0.01,0.01,0,3041.182,-450,0,0,0,1;
custom,killcuboid,transparent0.5,6.1,1.1,1.1,1,0,0,0,0.01,0.01,0,3023.682,-2950,0,0,0,1;
custom,killcuboid,transparent0.5,6.1,1.1,1.1,1,0,0,0,0.01,0.01,0,3073.682,-2950,0,0,0,1;
custom,killcuboid,transparent0.5,6.1,1.1,1.1,1,0,0.2,0.13,0.01,0.01,0,3023.682,-1250,0,0,0,1;
custom,killcuboid,transparent0.5,6.1,1.1,1.1,1,0,0.2,0.13,0.01,0.01,0,3073.682,-1250,0,0,0,1;
custom,killcuboid,transparent0.5,6.1,1.1,1.1,1,0.72,0.53,0.04,0.01,0.01,0,3073.682,-1350,0,0,0,1;
custom,killcuboid,transparent0.5,6.1,1.1,1.1,1,1,0.74,0.85,0.01,0.01,0,3073.682,-2350,0,0,0,1;
custom,killcuboid,transparent0.5,8.1,1.1,1.09,1,0,0,0,0.01,0.01,0,3048.682,-2950,0,0,0.382515,0.9239493;
base,levelBottom,default,0.001,0.25,0.001,1,0.75,0.52,0.89,0.01,0.01,10,3036.182,-1050,0,0,0,1;
base,levelBottom,default,0.001,0.3333333,0.001,1,0.72,0.53,0.04,0.01,0.01,-25,3038.682,-1350,0,0,0,1;
base,levelBottom,default,0.001,0.5,0.001,1,0.42,0.33,0.12,0.01,0.01,0,3033.682,-2850,0,0,0,1;
base,levelBottom,default,0.001,0.5833333,0.001,1,0,0.18,0.39,0.01,0.01,-25,3061.182,-2250,0,0,0,1;
base,levelBottom,default,0.001,0.5833333,0.001,1,0,0.18,0.39,0.01,0.01,25,3036.182,-2250,0,0,0,1;
base,levelBottom,default,0.001,0.6666667,0.00098,1,0.42,0.33,0.12,0.01,0.01,10,3058.682,-2850,0,0,-0.382515,0.9239493;
base,levelBottom,default,0.001,0.6666667,0.00099,1,0.42,0.33,0.12,0.01,0.01,-10,3058.682,-2850,0,0,0.382515,0.9239493;
base,levelBottom,default,0.001,0.6666667,0.00099,1,0.89,0.26,0.2,0.01,0.01,15,3028.682,-2050,0,0,0.382515,0.9239493;
base,levelBottom,default,0.001,0.6666667,0.00099,1,1,0.96,0,0.01,0.01,-10,3029.182,-550,0,0,-0.5734623,0.8192319;
base,levelBottom,default,0.001,0.6666667,0.00099,1,1,0.96,0,0.01,0.01,-10,3054.182,-550,0,0,-0.5734623,0.8192319;
base,levelBottom,default,0.001,0.6666667,0.001,1,0,0.2,0.13,0.01,0.01,0,3048.682,-1250,0,0,0,1;
base,levelBottom,default,0.001,0.6666667,0.001,1,0,0.26,0.26,0.01,0.01,25,3058.682,-2150,0,0,0,1;
base,levelBottom,default,0.001,0.6666667,0.001,1,0.24,0.82,0.44,0.01,0.01,25,3058.682,-1950,0,0,0,1;
base,levelBottom,default,0.001,0.6666667,0.001,1,0.72,0.53,0.04,0.01,0.01,0,3048.682,-1350,0,0,0,1;
base,levelBottom,default,0.001,0.6666667,0.001,1,0.85,0.2,0.53,0.01,0.01,-7.5,3033.682,-1450,0,0,0.4472136,0.8944272;
base,levelBottom,default,0.001,0.6666667,0.001,1,0.85,0.2,0.53,0.01,0.01,-7.5,3063.682,-1450,0,0,-0.4472136,0.8944272;
base,levelBottom,default,0.001,0.6666667,0.00101,1,1,0.96,0,0.01,0.01,-10,3043.182,-550,0,0,0.5734623,0.8192319;
base,levelBottom,default,0.001,0.6666667,0.00101,1,1,0.96,0,0.01,0.01,-10,3068.182,-550,0,0,0.5734623,0.8192319;
base,levelBottom,default,0.001,0.8333333,0.001,1,0.89,0.26,0.2,0.01,0.01,-20,3048.682,-2050,0,0,0,1;
base,levelBottom,default,0.001,0.8333333,0.001,1,0.89,0.26,0.2,0.01,0.01,20,3048.682,-2050,0,0,0,1;
base,levelBottom,default,0.001,0.8333333,0.001,1,1,0.74,0.85,0.01,0.01,0,3043.682,-2350,0,0,0,1;
base,levelBottom,default,0.001,1,0.00098,1,0.18,0.38,0.55,0.01,0.01,5,3048.682,-2650,0,0,0.2055172,0.9786536;
base,levelBottom,default,0.001,1,0.00098,1,0.24,0.17,0.12,0.01,0.01,-11,3048.682,-1650,0,0,0.2425356,0.9701425;
base,levelBottom,default,0.001,1,0.00098,1,0.91,0.45,0.32,0.01,0.01,0,3036.182,-750,0,0,-0.5144958,0.8574929;
base,levelBottom,default,0.001,1,0.00099,1,0.9,0.88,0.19,0.01,0.01,12.5,3048.682,-2550,0,0,-0.2873479,0.9578263;
base,levelBottom,default,0.001,1,0.00099,1,0.18,0.38,0.55,0.01,0.01,-5,3048.682,-2650,0,0,-0.2055172,0.9786536;
base,levelBottom,default,0.001,1,0.00099,1,0.24,0.17,0.12,0.01,0.01,11,3048.682,-1650,0,0,-0.2425356,0.9701425;
base,levelBottom,default,0.001,1,0.00099,1,0.91,0.45,0.32,0.01,0.01,0,3061.231,-750,0,0,0.5144958,0.8574929;
base,levelBottom,default,0.001,1,0.001,1,0,0,1,0.01,0.01,-25,3048.682,-850,0,0,0,1;
base,levelBottom,default,0.001,1,0.001,1,0,0.26,0.26,0.01,0.01,-25,3048.682,-2150,0,0,0,1;
base,levelBottom,default,0.001,1,0.001,1,0.18,0.38,0.55,0.01,0.01,-20,3048.682,-2650,0,0,0.1483405,0.9889364;
base,levelBottom,default,0.001,1,0.001,1,0.18,0.38,0.55,0.01,0.01,20,3048.682,-2650,0,0,-0.1483405,0.9889364;
base,levelBottom,default,0.001,1,0.001,1,0.19,0.55,0.91,0.01,0.01,-25,3048.682,-1750,0,0,0,1;
base,levelBottom,default,0.001,1,0.001,1,0.19,0.55,0.91,0.01,0.01,25,3048.682,-1750,0,0,0,1;
base,levelBottom,default,0.001,1,0.001,1,0.24,0.17,0.12,0.01,0.01,-25,3048.682,-1650,0,0,0,1;
base,levelBottom,default,0.001,1,0.001,1,0.24,0.17,0.12,0.01,0.01,25,3048.682,-1650,0,0,0,1;
base,levelBottom,default,0.001,1,0.001,1,0.24,0.82,0.44,0.01,0.01,-25,3048.682,-1950,0,0,0,1;
base,levelBottom,default,0.001,1,0.001,1,0.5,1,0,0.01,0.01,-25,3048.682,-950,0,0,0,1;
base,levelBottom,default,0.001,1,0.001,1,0.56,0,1,0.01,0.01,-25,3048.682,-1550,0,0,0,1;
base,levelBottom,default,0.001,1,0.001,1,0.74,0.2,0.64,0.01,0.01,-25,3048.682,-650,0,0,0,1;
base,levelBottom,default,0.001,1,0.001,1,0.75,0,0.2,0.01,0.01,-25,3048.682,-2450,0,0,0,1;
base,levelBottom,default,0.001,1,0.001,1,0.75,0,0.2,0.01,0.01,25,3048.682,-2450,0,0,0,1;
base,levelBottom,default,0.001,1,0.001,1,0.75,0.52,0.89,0.01,0.01,-25,3048.682,-1050,0,0,0,1;
base,levelBottom,default,0.001,1,0.001,1,0.77,0.12,0.23,0.01,0.01,-25,3048.682,-1150,0,0,0,1;
base,levelBottom,default,0.001,1,0.001,1,0.77,0.12,0.23,0.01,0.01,25,3048.682,-1150,0,0,0,1;
base,levelBottom,default,0.001,1,0.001,1,0.85,0.2,0.53,0.01,0.01,-25,3048.682,-1450,0,0,0,1;
base,levelBottom,default,0.001,1,0.001,1,0.9,0.88,0.19,0.01,0.01,-12.5,3048.682,-2550,0,0,0.2873479,0.9578263;
base,levelBottom,default,0.001,1,0.001,1,0.91,0.45,0.32,0.01,0.01,-25,3048.682,-750,0,0,0,1;
base,levelBottom,default,0.001,1,0.001,1,0.94,0.86,0.51,0.01,0.01,-25,3048.682,-1850,0,0,0,1;
base,levelBottom,default,0.001,1,0.001,1,0.94,0.86,0.51,0.01,0.01,25,3048.682,-1850,0,0,0,1;
base,levelBottom,default,0.001,1,0.001,1,1,0.96,0,0.01,0.01,-25,3048.682,-550,0,0,0,1;
base,levelBottom,default,0.001,1.166667,0.00099,1,0.19,0.55,0.91,0.01,0.01,0,3048.682,-1750,0,0,0.382515,0.9239493;
base,levelBottom,default,0.001,1.166667,0.00099,1,0.38,0.25,0.32,0.01,0.01,0,3048.682,-2750,0,0,-0.382515,0.9239493;
base,levelBottom,default,0.001,1.166667,0.001,1,0.03,0.91,0.87,0.01,0.01,-10,3048.682,-450,0,0,0.2873479,-0.9578263;
base,levelBottom,default,0.001,1.166667,0.001,1,0.38,0.25,0.32,0.01,0.01,0,3048.682,-2750,0,0,0.382515,0.9239493;
base,levelBottom,default,0.001,1.166667,0.00101,1,0.03,0.91,0.87,0.01,0.01,10,3048.682,-450,0,0,-0.2873479,-0.9578263;
base,levelBottom,default,0.003,0.1666667,0.001,1,0,0,1,0.01,0.01,-5,3048.682,-850,0,0,0,1;
base,levelBottom,default,0.003,0.1666667,0.001,1,0.5,1,0,0.01,0.01,-5,3043.682,-950,0,0,0,1;
base,levelBottom,default,0.003,0.1666667,0.001,1,0.89,0.26,0.2,0.01,0.01,0,3028.682,-2050,0,0,0,1;
base,levelBottom,default,0.003,0.1666667,0.001,1,0.89,0.26,0.2,0.01,0.01,0,3068.682,-2050,0,0,0,1;
base,levelBottom,default,0.0035,0.1666667,0.001,1,0.72,0.53,0.04,0.01,0.01,-12.5,3023.682,-1350,0,0,0,1;
base,levelBottom,default,0.0035,0.1666667,0.001,1,0.75,0.52,0.89,0.01,0.01,-2.5,3023.682,-1050,0,0,0,1;
base,levelBottom,default,0.0035,0.1666667,0.001,1,0.75,0.52,0.89,0.01,0.01,10,3048.682,-1050,0,0,0,1;
base,levelBottom,default,0.004,0.1666667,0.00099,1,0,0.26,0.26,0.01,0.01,10,3032.182,-2150,0,0,-0.2873479,0.9578263;
base,levelBottom,default,0.004,0.1666667,0.001,1,0,0.18,0.39,0.01,0.01,0,3048.682,-2250,0,0,0,1;
base,levelBottom,default,0.004,0.1666667,0.001,1,0,0.26,0.26,0.01,0.01,0,3043.682,-2150,0,0,0,1;
base,levelBottom,default,0.004,0.1666667,0.001,1,0,0.26,0.26,0.01,0.01,0,3073.682,-2150,0,0,0,1;
base,levelBottom,default,0.004,0.1666667,0.001,1,0.24,0.82,0.44,0.01,0.01,0,3043.682,-1950,0,0,0,1;
base,levelBottom,default,0.004,0.1666667,0.001,1,0.24,0.82,0.44,0.01,0.01,0,3073.682,-1950,0,0,0,1;
base,levelBottom,default,0.004,0.1666667,0.001,1,0.74,0.2,0.64,0.01,0.01,0,3023.682,-650,0,0,0,1;
base,levelBottom,default,0.004,0.1666667,0.001,1,0.74,0.2,0.64,0.01,0.01,0,3073.682,-650,0,0,0,1;
base,levelBottom,default,0.004,0.1666667,0.001,1,0.75,0,0.2,0.01,0.01,0,3023.682,-2450,0,0,0,1;
base,levelBottom,default,0.004,0.1666667,0.001,1,0.77,0.12,0.23,0.01,0.01,0,3048.682,-1150,0,0,0,1;
base,levelBottom,default,0.004,0.1666667,0.001,1,0.94,0.86,0.51,0.01,0.01,0,3023.682,-1850,0,0,0,1;
base,levelBottom,default,0.004,0.1666667,0.001,1,0.94,0.86,0.51,0.01,0.01,0,3073.682,-1850,0,0,0,1;
base,levelBottom,default,0.005,0.1666667,0.001,1,0,0,1,0.01,0.01,5,3023.682,-850,0,0,0,1;
base,levelBottom,default,0.005,0.1666667,0.001,1,0,0,1,0.01,0.01,5,3073.682,-850,0,0,0,1;
base,levelBottom,default,0.005,0.1666667,0.001,1,0,0.18,0.39,0.01,0.01,-5,3023.682,-2250,0,0,0,1;
base,levelBottom,default,0.005,0.1666667,0.001,1,0,0.18,0.39,0.01,0.01,5,3073.682,-2250,0,0,0,1;
base,levelBottom,default,0.005,0.1666667,0.001,1,0.5,1,0,0.01,0.01,5,3073.682,-950,0,0,0,1;
base,levelBottom,default,0.005,0.1666667,0.001,1,0.56,0,1,0.01,0.01,5,3023.682,-1550,0,0,0,1;
base,levelBottom,default,0.005,0.1666667,0.001,1,0.75,0.52,0.89,0.01,0.01,5,3073.682,-1050,0,0,0,1;
base,levelBottom,default,0.006,0.1666667,0.00099,1,0.03,0.91,0.87,0.01,0.01,0,3041.182,-450,0,0,0,1;
base,levelBottom,default,0.006,0.1666667,0.001,1,0,0,0,0.01,0.01,0,3023.682,-2950,0,0,0,1;
base,levelBottom,default,0.006,0.1666667,0.001,1,0,0,0,0.01,0.01,0,3073.682,-2950,0,0,0,1;
base,levelBottom,default,0.006,0.1666667,0.001,1,0,0.2,0.13,0.01,0.01,0,3023.682,-1250,0,0,0,1;
base,levelBottom,default,0.006,0.1666667,0.001,1,0,0.2,0.13,0.01,0.01,0,3073.682,-1250,0,0,0,1;
base,levelBottom,default,0.006,0.1666667,0.001,1,0.72,0.53,0.04,0.01,0.01,0,3073.682,-1350,0,0,0,1;
base,levelBottom,default,0.006,0.1666667,0.001,1,1,0.74,0.85,0.01,0.01,0,3073.682,-2350,0,0,0,1;
base,levelBottom,default,0.008,0.1666667,0.00099,1,0,0,0,0.01,0.01,0,3048.682,-2950,0,0,0.382515,0.9239493;
racing,killcuboid,6,3,0.9,0,3021.182,-450,0,0,0,1;
racing,killcuboid,3,7,0.9,25,3058.682,-450,0,0,-0.2873479,-0.9578263;
racing,killcuboid,3,7,0.9,-25,3058.682,-450,0,0,0.2873479,-0.9578263;
racing,killcuboid,6,3,0.9,0,3021.182,-450,0,0,0,1;
racing,killcuboid,3,7,0.9,25,3058.682,-450,0,0,-0.2873479,-0.9578263;
racing,killcuboid,3,7,0.9,-25,3058.682,-450,0,0,0.2873479,-0.9578263;
racing,killcuboid,1.5,1.5,0.9,-12.5,3059.182,-550,0,0,0,1;
racing,killcuboid,1.5,1.5,0.9,-12.5,3036.182,-550,0,0,0,1;
racing,killcuboid,1.5,1.5,0.9,-12.5,3059.182,-550,0,0,0,1;
racing,killcuboid,1.5,1.5,0.9,-12.5,3036.182,-550,0,0,0,1;
racing,killcuboid,4,6,0.9,7,3076.231,-750,0,0,0.5144958,0.8574929;
racing,killcuboid,4,6,0.9,7,3021.182,-750,0,0,-0.5144958,0.8574929;
racing,killcuboid,4,6,0.9,7,3076.231,-750,0,0,0.5144958,0.8574929;
racing,killcuboid,4,6,0.9,7,3021.182,-750,0,0,-0.5144958,0.8574929;
racing,killcuboid,3,4,0.9,-5,3048.682,-850,0,0,0,1;
racing,killcuboid,3,4,0.9,-5,3048.682,-850,0,0,0,1;
racing,killcuboid,2,6,0.9,20,3048.682,-950,0,0,0,1;
racing,killcuboid,3,2,0.9,-5,3028.682,-950,0,0,0,1;
racing,killcuboid,2,6,0.9,20,3048.682,-950,0,0,0,1;
racing,killcuboid,3,2,0.9,-5,3028.682,-950,0,0,0,1;
racing,killcuboid,3.5,2,0.9,-3,3033.682,-1050,0,0,0,1;
racing,killcuboid,5,3,0.9,2.5,3058.682,-1050,0,0,0,1;
racing,killcuboid,3.5,2,0.9,-3,3033.682,-1050,0,0,0,1;
racing,killcuboid,5,3,0.9,2.5,3058.682,-1050,0,0,0,1;
racing,killcuboid,4,3,0.9,0,3033.682,-1150,0,0,0,1;
racing,killcuboid,4,3,0.9,0,3033.682,-1150,0,0,0,1;
racing,killcuboid,3,4,0.9,-15,3048.682,-1250,0,0,0,1;
racing,killcuboid,3,4,0.9,-15,3048.682,-1250,0,0,0,1;
racing,killcuboid,1.5,2,0.9,-12.5,3038.682,-1350,0,0,0,1;
racing,killcuboid,4,6,0.9,20,3048.682,-1350,0,0,0,1;
racing,killcuboid,1.5,2,0.9,-12.5,3038.682,-1350,0,0,0,1;
racing,killcuboid,4,6,0.9,20,3048.682,-1350,0,0,0,1;
racing,killcuboid,6,9,0.9,15,3053.682,-1450,0,0,0.3826834,0.9238796;
racing,killcuboid,6,9,0.9,15,3053.682,-1450,0,0,0.3826834,0.9238796;
racing,killcuboid,3,6,0.9,-5,3048.682,-1550,0,0,0,1;
racing,killcuboid,3,6,0.9,-5,3048.682,-1550,0,0,0,1;
racing,killcuboid,5,6,0.9,30,3038.682,-1650,0,0,-0.2425356,0.9701425;
racing,killcuboid,5,5,0.9,0,3068.682,-1650,0,0,0.3826834,0.9238796;
racing,killcuboid,5,6,0.9,30,3038.682,-1650,0,0,-0.2425356,0.9701425;
racing,killcuboid,5,5,0.9,0,3068.682,-1650,0,0,0.3826834,0.9238796;
racing,killcuboid,5,7,0.9,-15,3028.682,-1750,0,0,0.382515,0.9239493;
racing,killcuboid,5,7,0.9,-15,3028.682,-1750,0,0,0.382515,0.9239493;
racing,killcuboid,4,2,0.9,0,3058.682,-1950,0,0,0,1;
racing,killcuboid,4,2,0.9,0,3058.682,-1950,0,0,0,1;
racing,killcuboid,5,3,0.9,-10,3022.182,-2150,0,0,-0.2873479,0.9578263;
racing,killcuboid,4,3,0.9,0,3063.682,-2150,0,0,0,1;
racing,killcuboid,5,3,0.9,-10,3022.182,-2150,0,0,-0.2873479,0.9578263;
racing,killcuboid,4,3,0.9,0,3063.682,-2150,0,0,0,1;
racing,killcuboid,5,2,0.9,-5,3033.682,-2250,0,0,0,1;
racing,killcuboid,5,2,0.9,-5,3033.682,-2250,0,0,0,1;
racing,killcuboid,3,5,0.9,15,3043.682,-2350,0,0,0,1;
racing,killcuboid,3,5,0.9,15,3043.682,-2350,0,0,0,1;
racing,killcuboid,4.5,4.5,0.9,0,3068.682,-2550,0,0,-0.3826834,0.9238796;
racing,killcuboid,4.5,4.5,0.9,0,3068.682,-2550,0,0,-0.3826834,0.9238796;
racing,killcuboid,5,6,0.9,32.5,3038.682,-2550,0,0,-0.2873479,0.9578263;
racing,killcuboid,5,6,0.9,32.5,3038.682,-2550,0,0,-0.2873479,0.9578263;
racing,killcuboid,5,6,0.9,30,3048.682,-2650,0,0,0.2055172,0.9786536;
racing,killcuboid,5,6,0.9,-30,3048.682,-2650,0,0,-0.2055172,0.9786536;
racing,killcuboid,5,6,0.9,30,3048.682,-2650,0,0,0.2055172,0.9786536;
racing,killcuboid,5,6,0.9,-30,3048.682,-2650,0,0,-0.2055172,0.9786536;
racing,killcuboid,5,7,0.9,15,3033.682,-2750,0,0,-0.382515,0.9239493;
racing,killcuboid,5,7,0.9,-15,3033.682,-2750,0,0,0.382515,0.9239493;
racing,killcuboid,5,7,0.9,15,3033.682,-2750,0,0,-0.382515,0.9239493;
racing,killcuboid,5,7,0.9,-15,3033.682,-2750,0,0,0.382515,0.9239493;
racing,killcuboid,5,6,0.9,25,3043.682,-2850,0,0,0,1;
racing,killcuboid,5,6,0.9,5,3073.682,-2850,0,0,0.3826834,0.9238796;
racing,killcuboid,5,6,0.9,25,3043.682,-2850,0,0,0,1;
racing,killcuboid,5,6,0.9,5,3073.682,-2850,0,0,0.3826834,0.9238796;
racing,killcuboid,8,5,0.9,-15,3068.682,-2950,0,0,0.382515,0.9239493;
racing,killcuboid,8,5,0.9,-15,3068.682,-2950,0,0,0.382515,0.9239493;
racing,killcuboid,5,10,0.7,-12.88472,3075.003,-360.8689,0.4612499,0.8256209,0.08921802,0.312472;
racing,killcuboid,10,5,0.7,-11.79055,3018.058,-350.2818,-0.2045571,-0.9233404,0.004332,-0.3249311;
racing,killcuboid,2,2,0.7,-5.862511,3052.222,-351.9137,0.4166528,0.8360374,0.08526582,0.3466579;
racing,killCuboid,5,10,0.7,28.43412,3036.554,-265.1273,0.1849838,0.0498606,-0.311869,0.9306088;
racing,killCuboid,5,10,0.7,-18.69565,3053.24,-135.7864,0,0.0161106,0,-0.9998702;
racing,killCuboid,5,10,0.7,28.04395,3053.313,-65.11176,0,0.0037755,0,-0.9999929;
racing,killCuboid,5,10,0.7,-23.00837,3053.372,-24.18237,0,0.0004862,0,0.9999999;
racing,killCuboid,3,6,0.7,5.355369,3017.54,-37.0521,0.3044377,0.61119,0.4087298,0.6055613;
racing,killCuboid,3,6,0.7,0.7726805,3077.905,-32.73903,-0.3653432,0.6075523,-0.3634515,0.6044069;
racing,killCuboid,6,10,0.7,-10.20412,3048.459,60.3468,0.2577766,0.3365823,0.1953017,0.884376;
racing,killCuboid,10,5,0.7,1.538616,3067.795,561.36,0,0.0130453,0,-0.9999149;
racing,killCuboid,3,5,0.7,16.92922,3019.797,155.5045,-0.1504337,0.6298783,0.1260908,0.7514814;
racing,killCuboid,5,10,0.7,25.84968,3060.209,136.2606,0.0007576002,0.0043589,-0.1712405,-0.9852194;
racing,killCuboid,5,10,0.7,-15.00366,3035.958,171.8554,0.0023681,0.0128023,0.1818771,0.9832351;
racing,killCuboid,5,10,0.7,18.76134,3060.561,457.3824,-0.3826481,-0.007933,-0.1493692,-0.9117052;
racing,killCuboid,2,2,0.7,-0.3548628,3038.133,-256.0666,0.2809401,0.5548274,-0.2063374,0.7554232;
racing,killCuboid,2,2,0.7,16.18727,3056.76,-247.5929,0.3036019,0.5685842,-0.1928455,0.7398301;
racing,killCuboid,6,10,0.7,2.347265,3034.289,330.0319,-0.2715153,0.3514429,-0.765967,-0.4648247;
racing,killCuboid,10,5,0.7,-2.830562,3022.322,639.554,0.0287378,0.0096997,-0.1304513,-0.9909907;
racing,killCuboid,10,5,0.7,-18.13292,3067.238,755.5332,0.0099243,-0.1446201,0.6085331,-0.7801757;
racing,killCuboid,10,5,0.7,19.35755,3055.992,827.6038,0.0258107,0.094887,0.353514,-0.9302463;
racing,killCuboid,10,5,0.7,-21.99481,3029.658,870.8704,0.3623473,0.9228595,0.0361339,0.125416;
racing,killCuboid,10,5,0.7,-6.768102,3026.583,950.1427,0,0.3817288,0,-0.9242744;
racing,killCuboid,10,5,0.7,-1.310046,3071.059,924.4871,0,0.0047992,0,0.9999885;
racing,killCuboid,10,5,0.7,0.2526678,3067.63,974.1586,0,0.9999806,0,-0.0062276;
racing,killCuboid,10,5,0.7,-8.457153,3066.57,1152.691,0.1424401,0.1645069,0.486628,0.8460742;
racing,killCuboid,5,10,0.7,28.94545,3047.461,1326.314,0.0429205,-0.0081043,-0.0003482,-0.9990456;
racing,killCuboid,5,5,0.7,-5.494679,3042.47,1345.319,-0.0404182,0.5152571,-0.0399854,0.8551478;
racing,killCuboid,5,10,0.7,22.56079,3051.617,1229.842,0.1481866,-0.0132654,-0.1418836,0.9786388;
racing,killCuboid,5,10,0.7,-36.26239,3055.534,1266.98,-0.0035535,0.0198688,0.1760183,-0.98418;
racing,killCuboid,5,5,0.7,-20.86615,3009.077,1235.564,0.2154552,0.5640642,-0.0449384,0.7958588;
racing,killCuboid,10,5,0.7,-8.96823,3028.466,1446.67,0.1072628,0.0473281,-0.0483271,0.9919271;
racing,killCuboid,2,4,0.7,-29.15157,3061.494,1371.893,0.0239691,-0.0971892,-0.0023413,-0.9949745;
racing,killCuboid,5,5,0.7,-0.127212,3046.716,1660.084,0.5348448,0.3462532,0.0646931,0.7680265;
racing,killCuboid,5,10,0.7,28.84786,3032.376,1847.682,-0.0819818,0.2444509,0.3072164,-0.9160464;
racing,killCuboid,5,5,0.7,-17.68316,3025.403,1844.311,0.2420762,0.3285885,-0.075844,0.9097673;
racing,killCuboid,5,10,0.7,-28.75467,3052.374,1929.84,-0.011984,0.0599741,-0.1955793,0.978779;
racing,killCuboid,5,10,0.7,20.58134,3048.007,1973.142,-0.0006198,0.0028667,-0.2113241,0.9774117;
racing,killCuboid,10,5,0.7,-4.099077,3028.37,2054.934,-0.09754962,0.1209902,0.0119486,0.9877766;
racing,killCuboid,10,5,0.7,22.43118,3044.564,2043.441,-0.0303861,0.153236,0.4004536,0.9029022;
racing,killCuboid,10,5,0.7,-30.48377,3044.417,2055.676,-0.1203606,0.04894941,-0.3833975,0.914398;
racing,killcuboid,5,10,0.7,-12.88472,3075.003,-360.8689,0.4612499,0.8256209,0.08921802,0.312472;
racing,killcuboid,10,5,0.7,-11.79055,3018.058,-350.2818,-0.2045571,-0.9233404,0.004332,-0.3249311;
racing,killcuboid,2,2,0.7,-5.862511,3052.222,-351.9137,0.4166528,0.8360374,0.08526582,0.3466579;
racing,killCuboid,5,10,0.7,28.43412,3036.554,-265.1273,0.1849838,0.0498606,-0.311869,0.9306088;
racing,killCuboid,5,10,0.7,-18.69565,3053.24,-135.7864,0,0.0161106,0,-0.9998702;
racing,killCuboid,5,10,0.7,28.04395,3053.313,-65.11176,0,0.0037755,0,-0.9999929;
racing,killCuboid,5,10,0.7,-23.00837,3053.372,-24.18237,0,0.0004862,0,0.9999999;
racing,killCuboid,3,6,0.7,5.355369,3017.54,-37.0521,0.3044377,0.61119,0.4087298,0.6055613;
racing,killCuboid,3,6,0.7,0.7726805,3077.905,-32.73903,-0.3653432,0.6075523,-0.3634515,0.6044069;
racing,killCuboid,6,10,0.7,-10.20412,3048.459,60.3468,0.2577766,0.3365823,0.1953017,0.884376;
racing,killCuboid,10,5,0.7,1.538616,3067.795,561.36,0,0.0130453,0,-0.9999149;
racing,killCuboid,3,5,0.7,16.92922,3019.797,155.5045,-0.1504337,0.6298783,0.1260908,0.7514814;
racing,killCuboid,5,10,0.7,25.84968,3060.209,136.2606,0.0007576002,0.0043589,-0.1712405,-0.9852194;
racing,killCuboid,5,10,0.7,-15.00366,3035.958,171.8554,0.0023681,0.0128023,0.1818771,0.9832351;
racing,killCuboid,5,10,0.7,18.76134,3060.561,457.3824,-0.3826481,-0.007933,-0.1493692,-0.9117052;
racing,killCuboid,2,2,0.7,-0.3548628,3038.133,-256.0666,0.2809401,0.5548274,-0.2063374,0.7554232;
racing,killCuboid,2,2,0.7,16.18727,3056.76,-247.5929,0.3036019,0.5685842,-0.1928455,0.7398301;
racing,killCuboid,6,10,0.7,2.347265,3034.289,330.0319,-0.2715153,0.3514429,-0.765967,-0.4648247;
racing,killCuboid,10,5,0.7,-2.830562,3022.322,639.554,0.0287378,0.0096997,-0.1304513,-0.9909907;
racing,killCuboid,10,5,0.7,-18.13292,3067.238,755.5332,0.0099243,-0.1446201,0.6085331,-0.7801757;
racing,killCuboid,10,5,0.7,19.35755,3055.992,827.6038,0.0258107,0.094887,0.353514,-0.9302463;
racing,killCuboid,10,5,0.7,-21.99481,3029.658,870.8704,0.3623473,0.9228595,0.0361339,0.125416;
racing,killCuboid,10,5,0.7,-6.768102,3026.583,950.1427,0,0.3817288,0,-0.9242744;
racing,killCuboid,10,5,0.7,-1.310046,3071.059,924.4871,0,0.0047992,0,0.9999885;
racing,killCuboid,10,5,0.7,0.2526678,3067.63,974.1586,0,0.9999806,0,-0.0062276;
racing,killCuboid,10,5,0.7,-8.457153,3066.57,1152.691,0.1424401,0.1645069,0.486628,0.8460742;
racing,killCuboid,5,10,0.7,28.94545,3047.461,1326.314,0.0429205,-0.0081043,-0.0003482,-0.9990456;
racing,killCuboid,5,5,0.7,-5.494679,3042.47,1345.319,-0.0404182,0.5152571,-0.0399854,0.8551478;
racing,killCuboid,5,10,0.7,22.56079,3051.617,1229.842,0.1481866,-0.0132654,-0.1418836,0.9786388;
racing,killCuboid,5,10,0.7,-36.26239,3055.534,1266.98,-0.0035535,0.0198688,0.1760183,-0.98418;
racing,killCuboid,5,5,0.7,-20.86615,3009.077,1235.564,0.2154552,0.5640642,-0.0449384,0.7958588;
racing,killCuboid,10,5,0.7,-8.96823,3028.466,1446.67,0.1072628,0.0473281,-0.0483271,0.9919271;
racing,killCuboid,2,4,0.7,-29.15157,3061.494,1371.893,0.0239691,-0.0971892,-0.0023413,-0.9949745;
racing,killCuboid,5,5,0.7,-0.127212,3046.716,1660.084,0.5348448,0.3462532,0.0646931,0.7680265;
racing,killCuboid,5,10,0.7,28.84786,3032.376,1847.682,-0.0819818,0.2444509,0.3072164,-0.9160464;
racing,killCuboid,5,5,0.7,-17.68316,3025.403,1844.311,0.2420762,0.3285885,-0.075844,0.9097673;
racing,killCuboid,5,10,0.7,-28.75467,3052.374,1929.84,-0.011984,0.0599741,-0.1955793,0.978779;
racing,killCuboid,5,10,0.7,20.58134,3048.007,1973.142,-0.0006198,0.0028667,-0.2113241,0.9774117;
racing,killCuboid,10,5,0.7,-4.099077,3028.37,2054.934,-0.09754962,0.1209902,0.0119486,0.9877766;
racing,killCuboid,10,5,0.7,22.43118,3044.564,2043.441,-0.0303861,0.153236,0.4004536,0.9029022;
racing,killCuboid,10,5,0.7,-30.48377,3044.417,2055.676,-0.1203606,0.04894941,-0.3833975,0.914398;
racing,killCuboid,5,5,0.7,-4.789769,3046.596,1047.804,0.0836356,0.6601713,0.3691034,0.6488002;
racing,killCuboid,5,6,0.7,3.63456,3064.881,1544.414,-0.7301458,-0.0247598,0.380903,0.5667337;
racing,killCuboid,4,4,0.7,-19.4915,3056.104,1744.806,-0.024397,0.2190553,-0.1330268,-0.9662937;
racing,killCuboid,3,3,0.7,1.826192,3041.735,254.1328,-0.3801331,0.5702822,-0.3353855,-0.6463696;
racing,killCuboid,5,2,0.7,-20.86211,3053.521,247.8294,-0.3717137,0.5732055,-0.342289,-0.6450602;
racing,killCuboid,5,5,0.7,-4.789769,3046.596,1047.804,0.0836356,0.6601713,0.3691034,0.6488002;
racing,killCuboid,5,6,0.7,3.63456,3064.881,1544.414,-0.7301458,-0.0247598,0.380903,0.5667337;
racing,killCuboid,4,4,0.7,-19.4915,3056.104,1744.806,-0.024397,0.2190553,-0.1330268,-0.9662937;
racing,killCuboid,3,3,0.7,1.826192,3041.735,254.1328,-0.3801331,0.5702822,-0.3353855,-0.6463696;
racing,killCuboid,5,2,0.7,-20.86211,3053.521,247.8294,-0.3717137,0.5732055,-0.342289,-0.6450602;
racing,killcuboid,1000,1,1000,0,2813.682,0,0,0,0,1;

racing,startcuboid,4,4,1.9,0,3050,-3190.5,0,0,0,1;


