


map,disablebounds;


custom,log2,earth2,280,280,3.8,1,0.4,0.4,0.7,128.0,256.0,0,0,0,0.5,0.5,-0.5,0.5;
custom,log2,earth2,280,280,3.8,1,0.4,0.4,0.7,128.0,256.0,0,0,1000,0.5,0.5,-0.5,0.5;
custom,tower5,default,1,1,1,0,1,1,1,1.0,1.0,2360,95,-80,0,0,0,0;
custom,pillar2,default,1,1,1,0,1,1,1,1.0,1.0,2374,134,13,-0.5,0.61,-0.37,-0.5;
custom,tower5,default,1,1,1,0,1,1,1,1.0,1.0,2207.978,126.0389,-272.5797,0,0.9596903,0,-0.2810599;
custom,tower5,default,1,1,1,0,1,1,1,1.0,1.0,2160.251,83.12762,-514.7379,0,0.95968,0,-0.2810948;
custom,tower5,default,1,1,1,0,1,1,1,1.0,1.0,1855.287,109.1044,-778.4575,0,0.8971874,0,-0.44165;
custom,tower5,default,1,1,1,0,1,1,1,1.0,1.0,1704.506,87.07669,-968.8812,0,0.9129413,0,-0.408091;
custom,tower5,default,1,1,1,0,1,1,1,1.0,1.0,773.8678,103.5891,-1566.688,0,0.507135,0,0.8618667;
custom,tower5,default,1,1,1,0,1,1,1,1.0,1.0,1609.271,146.3502,-1165.598,-0.578631,0.7012848,0.2737636,-0.3137503;
custom,tower5,default,1,1,1,0,1,1,1,1.0,1.0,1501.871,134.9329,-1030.764,0.5228575,0.7276334,-0.2591146,-0.3605959;
custom,tower5,default,1,1,1,0,1,1,1,1.0,1.0,1357.207,97.99275,-1218.531,0,0.8469639,0,-0.5316504;
custom,tower5,default,1,1,1,0,1,1,1,1.0,1.0,1362.702,92.49359,-1228.87,0,0.8315446,0,-0.5554579;
custom,tower5,default,1,1,1,0,1,1,1,1.0,1.0,1340.557,88.31305,-1197.042,0,0.7960811,0,-0.60519;
custom,tower5,default,1,1,1,0,1,1,1,1.0,1.0,1368.946,88.07928,-1239.56,0,0.8549761,0,-0.5186674;
custom,tower5,default,1,1,1,0,1,1,1,1.0,1.0,906.8328,75.04584,-1443.686,0,0.8515463,0,-0.5242794;
custom,tower5,default,1,1,1,0,1,1,1,1.0,1.0,1163.163,123.3645,-1298.284,0,0.8537713,0,-0.5206482;
custom,tower5,default,1,1,1,0,1,1,1,1.0,1.0,1178.623,130.3807,-1336.297,0,0.8649254,0,-0.5019005;
custom,tower5,default,1,1,1,0,1,1,1,1.0,1.0,1202.121,131.5566,-1376.307,-0.3477238,0.7846826,0.2079137,-0.4691838;
custom,tower5,default,1,1,1,0,1,1,1,1.0,1.0,1141.653,136.4435,-1250.777,0.3725697,0.7706969,-0.2249846,-0.4654031;
custom,tower5,default,1,1,1,0,1,1,1,1.0,1.0,1017.948,91.45148,-1410.78,0,0.8570941,0,-0.5151598;
custom,tower5,default,1,1,1,0,1,1,1,1.0,1.0,842.2209,91.21182,-1367.998,0,0.2501369,0,-0.9682105;
custom,tower5,default,1,1,1,0,1,1,1,1.0,1.0,670.3873,143.2986,-1311.967,0,0.2795447,0,-0.9601327;
custom,tower5,default,1,1,1,0,1,1,1,1.0,1.0,563.6862,186.5207,-1241.273,0,0.1452184,0,-0.9893996;
custom,tower5,default,1,1,1,0,1,1,1,1.0,1.0,454.6192,148.9516,-1011.638,0.05573921,0.2235577,-0.2354132,-0.9441905;
custom,tower5,default,1,1,1,0,1,1,1,1.0,1.0,514.4279,149.4601,-1122.155,0,0.2557146,0,-0.9667524;
custom,tower5,default,1,1,1,0,1,1,1,1.0,1.0,588.6516,186.086,-1229.896,0,0.1918235,0,-0.9814295;
custom,tower5,default,1,1,1,0,1,1,1,1.0,1.0,136.616,28.74228,-214.154,0.3271842,0.9395437,0.0332274,0.09541608;
custom,tower5,default,1,1,1,0,1,1,1,1.0,1.0,230.2342,37.37209,-190.9463,-0.4087789,0.9011478,-0.05962506,0.1314429;
custom,tower5,default,1,1,1,0,1,1,1,1.0,1.0,80.55858,-77.28938,201.1154,0,0.9971985,0,0.07480086;
custom,tower5,default,1,1,1,0,1,1,1,1.0,1.0,-16.30346,-77.17232,490.8818,0,0.1935297,0,-0.9810944;
custom,tower5,default,1,1,1,0,1,1,1,1.0,1.0,-513.0815,-59.04741,591.157,0,0.7083073,0,0.7059042;
custom,tower5,default,1,1,1,0,1,1,1,1.0,1.0,-513.7817,-58.84741,551.3047,0,0.7067657,0,0.7074478;
custom,tower5,default,1,1,1,0,1,1,1,1.0,1.0,-535.4387,-52.36063,571.1461,0,0.7067661,0,0.7074474;
custom,tower5,default,1,1,1,0,1,1,1,1.0,1.0,-523.2313,-34.39824,607.3059,0.2970008,0.6283104,-0.3072869,-0.6500703;
custom,tower5,default,1,1,1,0,1,1,1,1.0,1.0,-526.02,-36.5725,538.145,-0.2820264,0.6334416,0.29308,-0.6582682;
misc,barrier,2,10,200,2194.455,182.597,-807.0378,0,0.9890089,0,-0.147856;
misc,barrier,2,10,200,1385.243,186.5479,-1416.081,0,0.8858582,0,-0.4639561;
misc,barrier,2,10,200,1661.036,187.3621,-424.8239,0,0.8897539,0,-0.4564406;
misc,barrier,2,40,400,91.2191,34.20327,-1200.308,0,0.9625004,0,0.2712803;
misc,barrier,2,40,400,294.9117,37.03511,905.354,0,0.1399013,0,-0.9901655;
misc,barrier,2,40,200,-639.3065,43.13755,617.6633,0,0.80832,0,-0.5887434;
custom,cuboid,rock1,200,2,200,1,0.09090908,0,0.6818182,32,32,-103.7261,-8.085324,906.9272,0,0.3640938,0,-0.9313623;
misc,barrier,200,2.5,200,-103.7261,-8.085324,906.9272,0,0.3640938,0,-0.9313623;

spawnpoint,playerC,2375.957,139.7873,11.29715,0,0.9339938,0,-0.3572892;
spawnpoint,playerM,2377.617,140.4916,13.95347,0,0.9316342,0,-0.3633973;
racing,startCuboid,20,20,2,2268.848,155.6352,-36.0773,0,0.9650345,0,-0.2621227;





custom,endCuboid,default,40,20,1,0,1,1,1,1.0,1.0,2555.941,166.9413,-102.5429,0,0.9984834,0,-0.05505404;
custom,endCuboid,default,1,20,40,0,1,1,1,1.0,1.0,2000.841,141.1007,-399.9529,0,0.4556332,0,-0.8901677;
custom,endCuboid,default,1,20,40,0,1,1,1,1.0,1.0,2383.075,131.9247,-363.5175,0,0.8549168,0,0.5187651;
custom,endCuboid,default,1,20,40,0,1,1,1,1.0,1.0,1981.965,138.4682,-929.7666,0,0.9399881,0,0.3412073;
custom,endCuboid,default,1,20,60,0,1,1,1,1.0,1.0,1498.265,138.5645,-755.9123,0,0.375628,0,-0.9267705;
custom,endCuboid,default,1,20,100,0,1,1,1,1.0,1.0,1550.159,261.7617,-1095.309,0,0.9473642,0,0.320158;
custom,endCuboid,default,20,20,1,0,1,1,1,1.0,1.0,1610.022,247.6733,-1161.049,-0.03811757,0.388753,-0.08983064,0.9161597;
custom,endCuboid,default,20,20,1,0,1,1,1,1.0,1.0,1476.144,220.5471,-1010.089,0.0775115,0.3987615,0.1743565,0.8969844;
custom,endCuboid,default,1,16,50,0,1,1,1,1.0,1.0,1219.643,157.3676,-969.3971,0.1189488,0.2420839,0.04081489,-0.9620711;
custom,endCuboid,default,1,16,50,0,1,1,1,1.0,1.0,1489.183,159.6868,-1464.965,0.04183483,0.9527875,0.1558189,0.2572284;
custom,endCuboid,default,1,16,50,0,1,1,1,1.0,1.0,1047.006,159.1213,-1080.414,0,0.242517,0,-0.9701471;
custom,endCuboid,default,1,16,50,0,1,1,1,1.0,1.0,1293.891,157.7634,-1551.733,0,0.9701869,0,0.2423578;
custom,endCuboid,default,10,6,1,0,1,1,1,1.0,1.0,1168.547,213.7712,-1315.661,0,0.8458908,0,-0.5333561;
custom,endCuboid,default,1,15,100,0,1,1,1,1.0,1.0,1090.743,166.8847,-975.9902,0,0.1863742,0,0.9824789;
custom,endCuboid,default,1,15,100,0,1,1,1,1.0,1.0,666.5771,163.5862,-1549.053,0,0.603539,0,-0.7973335;
custom,endCuboid,default,1,15,100,0,1,1,1,1.0,1.0,411.1824,163.6145,-1619.475,0,0.8670459,0,-0.4982283;
custom,endCuboid,default,1,15,100,0,1,1,1,1.0,1.0,1238.911,163.1059,-1854.046,0,0.9734696,0,0.2288164;
custom,endCuboid,default,1,15,100,0,1,1,1,1.0,1.0,943.3937,165.2873,-893.5634,0,0.2847699,0,0.9585959;
custom,endCuboid,default,1,15,100,0,1,1,1,1.0,1.0,915.3986,197.1333,-854.4048,0,0.353111,0,0.9355814;
custom,endCuboid,default,1,15,100,0,1,1,1,1.0,1.0,117.2891,202.1394,-1467.62,0,0.8532436,0,-0.5215126;
custom,endCuboid,default,1,15,100,0,1,1,1,1.0,1.0,74.38127,166.8864,-1354.016,0,0.8565151,0,-0.516122;
custom,endCuboid,default,1,15,100,0,1,1,1,1.0,1.0,880.7172,165.7008,-765.8272,0,0.501265,0,0.8652938;
custom,endCuboid,default,1,50,100,0,1,1,1,1.0,1.0,635.5029,40.44513,-105.4551,0.2478181,0.5966698,-0.2008014,0.7363764;
custom,endCuboid,default,1,50,100,0,1,1,1,1.0,1.0,-44.02919,212.0442,-234.0677,-0.2524331,0.6943713,-0.2876181,-0.6094275;
custom,endCuboid,default,10,10,1,0,1,1,1,1.0,1.0,464.1179,231.1777,-1005.839,-0.1124104,0.1867944,0.4684995,-0.8561425;


custom,tower5,default,1,1,1,0,0.09090908,0,0.6818182,32,32,344.5403,122.9564,-820.1666,-0.08208197,0.8334915,0.5309933,0.1288431;

custom,tower5,default,1,1,1,0,0.09090908,0,0.6818182,32,32,1350.87,93.15915,-1207.32,0,0.8268374,0,-0.562441;
custom,sphere,metal1,0.75,1,0.75,0,0.09090908,0,0.6818182,0.1,1,-537.303,42.77856,570.7287,0,0.7372736,0,-0.6755943;


misc,barrier,40,20,0.6,2555.941,166.9413,-102.5429,0,0.9984834,0,-0.05505404;
misc,barrier,0.6,20,40,2000.841,141.1007,-399.9529,0,0.4556332,0,-0.8901677;
misc,barrier,0.6,20,40,2383.075,131.9247,-363.5175,0,0.8549168,0,0.5187651;
misc,barrier,0.6,20,40,1981.965,138.4682,-929.7666,0,0.9399881,0,0.3412073;
misc,barrier,0.6,20,60,1498.265,138.5645,-755.9123,0,0.375628,0,-0.9267705;
misc,barrier,0.6,20,100,1550.159,261.7617,-1095.309,0,0.9473642,0,0.320158;
misc,barrier,20,20,0.6,1610.022,247.6733,-1161.049,-0.03811757,0.388753,-0.08983064,0.9161597;
misc,barrier,20,20,0.6,1476.144,220.5471,-1010.089,0.0775115,0.3987615,0.1743565,0.8969844;
misc,barrier,0.6,16,50,1219.643,157.3676,-969.3971,0.1189488,0.2420839,0.04081489,-0.9620711;
misc,barrier,0.6,16,50,1489.183,159.6868,-1464.965,0.04183483,0.9527875,0.1558189,0.2572284;
misc,barrier,0.6,16,50,1047.006,159.1213,-1080.414,0,0.242517,0,-0.9701471;
misc,barrier,0.6,16,50,1293.891,157.7634,-1551.733,0,0.9701869,0,0.2423578;
misc,barrier,10,6,0.6,1168.547,213.7712,-1315.661,0,0.8458908,0,-0.5333561;
misc,barrier,0.6,15,100,1090.743,166.8847,-975.9902,0,0.1863742,0,0.9824789;
misc,barrier,0.6,15,100,666.5771,163.5862,-1549.053,0,0.603539,0,-0.7973335;
misc,barrier,0.6,15,100,411.1824,163.6145,-1619.475,0,0.8670459,0,-0.4982283;
misc,barrier,0.6,15,100,1238.911,163.1059,-1854.046,0,0.9734696,0,0.2288164;
misc,barrier,0.6,15,100,943.3937,165.2873,-893.5634,0,0.2847699,0,0.9585959;
misc,barrier,0.6,15,100,915.3986,197.1333,-854.4048,0,0.353111,0,0.9355814;
misc,barrier,0.6,15,100,117.2891,202.1394,-1467.62,0,0.8532436,0,-0.5215126;
misc,barrier,0.6,15,100,74.38127,166.8864,-1354.016,0,0.8565151,0,-0.516122;
misc,barrier,0.6,15,100,880.7172,165.7008,-765.8272,0,0.501265,0,0.8652938;
misc,barrier,0.6,50,100,635.5029,40.44513,-105.4551,0.2478181,0.5966698,-0.2008014,0.7363764;
misc,barrier,0.6,50,100,-44.02919,212.0442,-234.0677,-0.2524331,0.6943713,-0.2876181,-0.6094275;
misc,barrier,10,10,0.6,464.1179,231.1777,-1005.839,-0.1124104,0.1867944,0.4684995,-0.8561425;
racing,endCuboid,10,10,2,182.5946,53.12712,-194.4029,-0.006345715,0.1332391,-0.361332,-0.9228469;

racing,checkpointCuboid,10.1,10.1,2.1,182.5946,53.12712,-194.4029,-0.006345715,0.1332391,-0.361332,-0.9228469;



custom,torus,metal1,500,150,500,1,0,0,0,1.0,1.0,585.691,315.0723,-224.435,0,0.8795505,0,-0.4758057;
custom,sphere,metal1,100,100,100,1,0,0,0,1.0,1.0,408.9967,309.6935,-2831.234,0,0.9824459,0,-0.1865479;
custom,cuboid,metal1,2,150,500,1,0,0,0,1.0,1.0,-638.5833,302.6501,-148.0802,0,0.2766328,0,-0.9609757;
custom,cuboid,metal1,2,150,500,1,0,0,0,1.0,1.0,493.0594,359.7068,2240.284,0,0.1337936,0,-0.9910092;
custom,cuboid,metal1,2,150,500,1,0,0,0,1.0,1.0,3505.111,359.1,830.6728,0,0.5604259,0,0.8282046;
custom,cuboid,metal1,2,150,500,1,0,0,0,1,1,1711.242,248.0424,1729.458,0,0.1677427,0,0.9858308;
misc,barrier,600,2,600,-366.4421,247.4712,569.7039,0,0.3000164,0,-0.9539341;
custom,cuboid,metal1,600,2,600,1,0,0,0,1,1,-141.2702,443.5504,214.3341,0,0.3266907,0,-0.9451313;

custom,sphere,empty,20,20,20,1,1,1,0,1,1,-610.881,379.1031,992.1617,0,0.3196944,0,-0.9475207;