spawnpoint,playerC,-27.5,125.5,-590,0,0,0,0;
spawnpoint,playerM,-27.5,125.5,-590,0,0,0,0;
spawnpoint,playerC,27.5,125.5,-590,0,0,0,0;
spawnpoint,playerM,27.5,125.5,-590,0,0,0,0;
custom,cuboid,ice1,0.5,3,0.5,0,1,1,1,0.5,2.0,27.5,110,-590,0,1,0,1;
custom,cuboid,ice1,0.5,3,0.5,0,1,1,1,0.5,2.0,27.5,109.9,-590,0,0.414,0,1;
custom,cuboid,metal4,0.51,3,0.51,0,1,1,1,0.5,2.0,27.5,109.8,-590,0,1,0,1;
custom,cuboid,metal4,0.51,3,0.51,0,1,1,1,0.5,2.0,27.5,109.8,-590,0,0.414,0,1;
custom,cuboid,ice1,0.5,3,0.5,0,1,1,1,0.5,2.0,-27.5,110,-590,0,1,0,1;
custom,cuboid,ice1,0.5,3,0.5,0,1,1,1,0.5,2.0,-27.5,109.9,-590,0,0.414,0,1;
custom,cuboid,metal4,0.51,3,0.51,0,1,1,1,0.5,2.0,-27.5,109.8,-590,0,1,0,1;
custom,cuboid,metal4,0.51,3,0.51,0,1,1,1,0.5,2.0,-27.5,109.8,-590,0,0.414,0,1;
custom,cuboid,lava1,120,1,120,0,1,1,1,24.0,24.0,0,-4.5,0,0,0,0,0;
custom,cuboid,metal4,120,10,1,0,1,1,1,10.0,1.0,0,45,-605,0,0,0,0;
custom,cuboid,metal4,120,10,1,0,1,1,1,10.0,1.0,0,45,605,0,0,0,0;
custom,cuboid,metal4,120,10,1,0,1,1,1,10.0,1.0,-605,45,0,0,1,0,1;
custom,cuboid,metal4,120,10,1,0,1,1,1,10.0,1.0,605,45,0,0,1,0,1;
custom,cuboid,ice1,120,6,1,0,1,1,1,10.0,1.0,0,125,-605,0,0,0,0;
custom,cuboid,ice1,120,6,1,0,1,1,1,10.0,1.0,0,125,605,0,0,0,0;
custom,cuboid,ice1,120,6,1,0,1,1,1,10.0,1.0,-605,125,0,0,1,0,1;
custom,cuboid,ice1,120,6,1,0,1,1,1,10.0,1.0,605,125,0,0,1,0,1;
custom,cylinder,metal4,20,0.55,20,0,1,1,1,2.0,2.0,0,90,0,0,0,0,0;
misc,barrier,4,1,30,200,85,-205,0,1,0,1;
misc,barrier,132,1,132,0,160,0,0,0,0,0;
racing,killCuboid,119.975,0.975,119.975,0,-4.5,0,0,0,0,0;
racing,killCuboid,3.975,0.975,41.975,-30,90,-290,0,0,0,0;
racing,killCuboid,3.975,0.975,41.975,30,90,-290,0,0,0,0;
racing,killCuboid,3.975,0.975,40.975,-242.5,43,-250,-0.12,1,-0.12,-1;
racing,killCuboid,3.975,0.975,40.975,242.5,43,-250,0.12,1,0.12,-1;
racing,killCuboid,3.975,0.975,40.975,-242.5,43,580,-0.12,1,-0.12,-1;
racing,killCuboid,3.975,0.975,40.975,242.5,43,580,0.12,1,0.12,-1;
racing,startCuboid,10,6,1,0,125,-500,0,0,0,0;
custom,cuboid,metal4,10,1,10,0,1,1,1,1.0,1.0,0,90,-550,0,0,0,0;
custom,cylinder,lava1,1,7.75,1,0,1,1,1,1.0,8.0,50,77.5,-600,0,0,0,0;
custom,cylinder,lava1,1,7.75,1,0,1,1,1,1.0,8.0,-50,77.5,-600,0,0,0,0;
custom,cylinder,lava1,1,7.75,1,0,1,1,1,1.0,8.0,50,77.5,-500,0,0,0,0;
custom,cylinder,lava1,1,7.75,1,0,1,1,1,1.0,8.0,-50,77.5,-500,0,0,0,0;
custom,cylinder,ice1,1.2,4.25,1.2,0,1,1,1,1.0,4.0,50,42.5,-600,0,0,0,0;
custom,cylinder,ice1,1.2,4.25,1.2,0,1,1,1,1.0,4.0,-50,42.5,-600,0,0,0,0;
custom,cylinder,ice1,1.2,4.25,1.2,0,1,1,1,1.0,4.0,50,42.5,-500,0,0,0,0;
custom,cylinder,ice1,1.2,4.25,1.2,0,1,1,1,1.0,4.0,-50,42.5,-500,0,0,0,0;
custom,cuboid,metal4,10,1,10,0,1,1,1,1.0,1.0,0,90,550,0,0,0,0;
custom,cylinder,lava1,1,7.75,1,0,1,1,1,1.0,8.0,50,77.5,600,0,0,0,0;
custom,cylinder,lava1,1,7.75,1,0,1,1,1,1.0,8.0,-50,77.5,600,0,0,0,0;
custom,cylinder,lava1,1,7.75,1,0,1,1,1,1.0,8.0,50,77.5,500,0,0,0,0;
custom,cylinder,lava1,1,7.75,1,0,1,1,1,1.0,8.0,-50,77.5,500,0,0,0,0;
custom,cylinder,ice1,1.2,4.25,1.2,0,1,1,1,1.0,4.0,50,42.5,600,0,0,0,0;
custom,cylinder,ice1,1.2,4.25,1.2,0,1,1,1,1.0,4.0,-50,42.5,600,0,0,0,0;
custom,cylinder,ice1,1.2,4.25,1.2,0,1,1,1,1.0,4.0,50,42.5,500,0,0,0,0;
custom,cylinder,ice1,1.2,4.25,1.2,0,1,1,1,1.0,4.0,-50,42.5,500,0,0,0,0;
custom,cuboid,metal4,10,1,10,0,1,1,1,1.0,1.0,550,90,0,0,0,0,0;
custom,cylinder,lava1,1,7.75,1,0,1,1,1,1.0,8.0,600,77.5,50,0,0,0,0;
custom,cylinder,lava1,1,7.75,1,0,1,1,1,1.0,8.0,600,77.5,-50,0,0,0,0;
custom,cylinder,lava1,1,7.75,1,0,1,1,1,1.0,8.0,500,77.5,50,0,0,0,0;
custom,cylinder,lava1,1,7.75,1,0,1,1,1,1.0,8.0,500,77.5,-50,0,0,0,0;
custom,cylinder,ice1,1.2,4.25,1.2,0,1,1,1,1.0,4.0,600,42.5,50,0,0,0,0;
custom,cylinder,ice1,1.2,4.25,1.2,0,1,1,1,1.0,4.0,600,42.5,-50,0,0,0,0;
custom,cylinder,ice1,1.2,4.25,1.2,0,1,1,1,1.0,4.0,500,42.5,50,0,0,0,0;
custom,cylinder,ice1,1.2,4.25,1.2,0,1,1,1,1.0,4.0,500,42.5,-50,0,0,0,0;
custom,cuboid,metal4,10,1,10,0,1,1,1,1.0,1.0,-550,90,0,0,0,0,0;
custom,cylinder,lava1,1,7.75,1,0,1,1,1,1.0,8.0,-600,77.5,50,0,0,0,0;
custom,cylinder,lava1,1,7.75,1,0,1,1,1,1.0,8.0,-600,77.5,-50,0,0,0,0;
custom,cylinder,lava1,1,7.75,1,0,1,1,1,1.0,8.0,-500,77.5,50,0,0,0,0;
custom,cylinder,lava1,1,7.75,1,0,1,1,1,1.0,8.0,-500,77.5,-50,0,0,0,0;
custom,cylinder,ice1,1.2,4.25,1.2,0,1,1,1,1.0,4.0,-600,42.5,50,0,0,0,0;
custom,cylinder,ice1,1.2,4.25,1.2,0,1,1,1,1.0,4.0,-600,42.5,-50,0,0,0,0;
custom,cylinder,ice1,1.2,4.25,1.2,0,1,1,1,1.0,4.0,-500,42.5,50,0,0,0,0;
custom,cylinder,ice1,1.2,4.25,1.2,0,1,1,1,1.0,4.0,-500,42.5,-50,0,0,0,0;
custom,cuboid,lava1,4,1,40,0,1,1,1,1.0,8.0,-242.5,43,580,-0.12,1,-0.12,-1;
custom,cuboid,lava1,4,1,40,0,1,1,1,1.0,8.0,242.5,43,580,0.12,1,0.12,-1;
custom,cuboid,metal4,4.1,1,40.1,0,1,1,1,1.0,8.0,-242.5,42,580,-0.12,1,-0.12,-1;
custom,cuboid,metal4,4.1,1,40.1,0,1,1,1,1.0,8.0,242.5,42,580,0.12,1,0.12,-1;
custom,cylinder,ice1,1.2,4.75,1.2,0,1,1,1,1.0,4.0,55,47.5,560,0,0,0,0;
custom,cylinder,ice1,1.2,4.25,1.2,0,1,1,1,1.0,4.0,105,42.5,560,0,0,0,0;
custom,cylinder,ice1,1.2,3.75,1.2,0,1,1,1,1.0,4.0,155,37.5,560,0,0,0,0;
custom,cylinder,ice1,1.2,3.25,1.2,0,1,1,1,1.0,4.0,205,32.5,560,0,0,0,0;
custom,cylinder,ice1,1.2,2.75,1.2,0,1,1,1,1.0,4.0,255,27.5,560,0,0,0,0;
custom,cylinder,ice1,1.2,2.25,1.2,0,1,1,1,1.0,4.0,305,22.5,560,0,0,0,0;
custom,cylinder,ice1,1.2,1.75,1.2,0,1,1,1,1.0,4.0,355,17.5,560,0,0,0,0;
custom,cylinder,ice1,1.2,1.25,1.2,0,1,1,1,1.0,4.0,405,12.5,560,0,0,0,0;
custom,cylinder,ice1,1.2,0.75,1.2,0,1,1,1,1.0,4.0,455,7.5,560,0,0,0,0;
custom,cylinder,ice1,1.2,4.75,1.2,0,1,1,1,1.0,4.0,-55,47.5,560,0,0,0,0;
custom,cylinder,ice1,1.2,4.25,1.2,0,1,1,1,1.0,4.0,-105,42.5,560,0,0,0,0;
custom,cylinder,ice1,1.2,3.75,1.2,0,1,1,1,1.0,4.0,-155,37.5,560,0,0,0,0;
custom,cylinder,ice1,1.2,3.25,1.2,0,1,1,1,1.0,4.0,-205,32.5,560,0,0,0,0;
custom,cylinder,ice1,1.2,2.75,1.2,0,1,1,1,1.0,4.0,-255,27.5,560,0,0,0,0;
custom,cylinder,ice1,1.2,2.25,1.2,0,1,1,1,1.0,4.0,-305,22.5,560,0,0,0,0;
custom,cylinder,ice1,1.2,1.75,1.2,0,1,1,1,1.0,4.0,-355,17.5,560,0,0,0,0;
custom,cylinder,ice1,1.2,1.25,1.2,0,1,1,1,1.0,4.0,-405,12.5,560,0,0,0,0;
custom,cylinder,ice1,1.2,0.75,1.2,0,1,1,1,1.0,4.0,-455,7.5,560,0,0,0,0;
racing,killCuboid,5,14,1.2,330,85,560,0,0,0,0;
racing,killCuboid,5,15.5,1.2,380,77.5,560,0,0,0,0;
racing,killCuboid,5,15.5,1.2,430,77.5,560,0,0,0,0;
racing,killCuboid,25,15.5,1.2,180,77.5,560,0,0,0,0;
racing,killCuboid,5,14,1.2,-330,85,560,0,0,0,0;
racing,killCuboid,5,15.5,1.2,-380,77.5,560,0,0,0,0;
racing,killCuboid,5,15.5,1.2,-430,77.5,560,0,0,0,0;
racing,killCuboid,25,15.5,1.2,-180,77.5,560,0,0,0,0;
racing,killCylinder,1.2,7,1.2,455,85,560,0,0,0,0;
racing,killCylinder,1.2,7,1.2,-455,85,560,0,0,0,0;
custom,cuboid,lava1,4,1,40,0,1,1,1,1.0,8.0,-242.5,43,-250,-0.12,1,-0.12,-1;
custom,cuboid,lava1,4,1,40,0,1,1,1,1.0,8.0,242.5,43,-250,0.12,1,0.12,-1;
custom,cuboid,metal4,4.1,1,40.1,0,1,1,1,1.0,8.0,-242.5,42,-250,-0.12,1,-0.12,-1;
custom,cuboid,metal4,4.1,1,40.1,0,1,1,1,1.0,8.0,242.5,42,-250,0.12,1,0.12,-1;
custom,cuboid,lava1,4,1,42,0,1,1,1,1.0,8.0,-30,90,-290,0,0,0,0;
custom,cuboid,lava1,4,1,42,0,1,1,1,1.0,8.0,30,90,-290,0,0,0,0;
custom,cuboid,metal4,4.1,1,42.1,0,1,1,1,1.0,8.0,-30,89,-290,0,0,0,0;
custom,cuboid,metal4,4.1,1,42.1,0,1,1,1,1.0,8.0,30,89,-290,0,0,0,0;
racing,killCuboid,23,6,1,50,125,-385,0,1,0,1;
racing,killCuboid,23,6,1,-50,125,-385,0,1,0,1;
racing,killCuboid,15,6,1,50,125,-155,0,1,0,1;
racing,killCuboid,15,6,1,-50,125,-155,0,1,0,1;
racing,killCuboid,23,6,1,15,125,-385,0,1,0,1;
racing,killCuboid,23,6,1,-15,125,-385,0,1,0,1;
racing,killCuboid,15,6,1,15,125,-155,0,1,0,1;
racing,killCuboid,15,6,1,-15,125,-155,0,1,0,1;
racing,killCuboid,23,7,2,0,120,-385,0,1,0,1;
racing,killCuboid,1,6,2,0,125,-225,0,1,0,1;
racing,killCuboid,4,1,2,0,90,-250,0,1,0,1;
racing,killCuboid,3.9,0.9,1.9,0,90,-250,0,1,0,1;
custom,cuboid,metal4,2,3,1,0,1,1,1,0.5,0.5,0,110,-85,0,0,0,0;
custom,cylinder,metal4,1,4.5,1,0,1,1,1,0.5,2.0,0,125,-85,1,-1,0,0;
racing,killCuboid,1,3,2.5,-32.5,140,-85,0,1,0,1;
racing,killCuboid,1,3,2.5,32.5,140,-85,0,1,0,1;
racing,killCuboid,1,4,2.5,-32.5,115,-225,0,1,0,1;
racing,killCuboid,1,4,2.5,32.5,115,-225,0,1,0,1;
racing,killCuboid,1,4,2.5,-32.5,115,-275,0,1,0,1;
racing,killCuboid,1,4,2.5,32.5,115,-275,0,1,0,1;
racing,killCylinder,1,1.25,1,32.5,135,-275,0,0,1,-1;
racing,killCylinder,1,1.25,1,-32.5,135,-275,0,0,1,-1;
racing,killCylinder,1,1.25,1,32.5,135,-225,0,0,1,-1;
racing,killCylinder,1,1.25,1,-32.5,135,-225,0,0,1,-1;
racing,killCuboid,4,2,1,-50,105,-250,0,1,0,1;
racing,killCuboid,4,2,1,-50,145,-250,0,1,0,1;
racing,killCuboid,1,2,1,-50,125,-265,0,1,0,1;
racing,killCuboid,1,2,1,-50,125,-235,0,1,0,1;
racing,killCuboid,4,2,1,50,105,-250,0,1,0,1;
racing,killCuboid,4,2,1,50,145,-250,0,1,0,1;
racing,killCuboid,1,2,1,50,125,-265,0,1,0,1;
racing,killCuboid,1,2,1,50,125,-235,0,1,0,1;
racing,killCuboid,4,2.5,1,0,107.5,-250,0,1,0,1;
racing,killCuboid,4,1.5,1,0,147.5,-250,0,1,0,1;
racing,killCuboid,1,2,1,0,130,-265,0,1,0,1;
racing,killCuboid,1,2,1,0,130,-235,0,1,0,1;
custom,cylinder,ice1,1.2,4.75,1.2,0,1,1,1,1.0,4.0,-55,47.5,-270,0,0,0,0;
custom,cylinder,ice1,1.2,4.25,1.2,0,1,1,1,1.0,4.0,-105,42.5,-270,0,0,0,0;
custom,cylinder,ice1,1.2,3.75,1.2,0,1,1,1,1.0,4.0,-155,37.5,-270,0,0,0,0;
custom,cylinder,ice1,1.2,3.25,1.2,0,1,1,1,1.0,4.0,-205,32.5,-270,0,0,0,0;
custom,cylinder,ice1,1.2,2.75,1.2,0,1,1,1,1.0,4.0,-255,27.5,-270,0,0,0,0;
custom,cylinder,ice1,1.2,2.25,1.2,0,1,1,1,1.0,4.0,-305,22.5,-270,0,0,0,0;
custom,cylinder,ice1,1.2,1.75,1.2,0,1,1,1,1.0,4.0,-355,17.5,-270,0,0,0,0;
custom,cylinder,ice1,1.2,1.25,1.2,0,1,1,1,1.0,4.0,-405,12.5,-270,0,0,0,0;
custom,cylinder,ice1,1.2,0.75,1.2,0,1,1,1,1.0,4.0,-455,7.5,-270,0,0,0,0;
racing,killCuboid,5,9,1.2,-80,110,-270,0,0,0,0;
racing,killCuboid,5,10,1.2,-130,105,-270,0,0,0,0;
racing,killCuboid,5,11,1.2,-180,100,-270,0,0,0,0;
racing,killCuboid,5,12,1.2,-230,95,-270,0,0,0,0;
racing,killCuboid,5,13,1.2,-280,90,-270,0,0,0,0;
racing,killCuboid,5,14,1.2,-330,85,-270,0,0,0,0;
racing,killCuboid,5,15.5,1.2,-380,77.5,-270,0,0,0,0;
racing,killCuboid,5,15.5,1.2,-430,77.5,-270,0,0,0,0;
custom,cylinder,ice1,1.2,4.75,1.2,0,1,1,1,1.0,4.0,-55,47.5,-230,0,0,0,0;
custom,cylinder,ice1,1.2,4.25,1.2,0,1,1,1,1.0,4.0,-105,42.5,-230,0,0,0,0;
custom,cylinder,ice1,1.2,3.75,1.2,0,1,1,1,1.0,4.0,-155,37.5,-230,0,0,0,0;
custom,cylinder,ice1,1.2,3.25,1.2,0,1,1,1,1.0,4.0,-205,32.5,-230,0,0,0,0;
custom,cylinder,ice1,1.2,2.75,1.2,0,1,1,1,1.0,4.0,-255,27.5,-230,0,0,0,0;
custom,cylinder,ice1,1.2,2.25,1.2,0,1,1,1,1.0,4.0,-305,22.5,-230,0,0,0,0;
custom,cylinder,ice1,1.2,1.75,1.2,0,1,1,1,1.0,4.0,-355,17.5,-230,0,0,0,0;
custom,cylinder,ice1,1.2,1.25,1.2,0,1,1,1,1.0,4.0,-405,12.5,-230,0,0,0,0;
custom,cylinder,ice1,1.2,0.75,1.2,0,1,1,1,1.0,4.0,-455,7.5,-230,0,0,0,0;
racing,killCuboid,5,9,1.2,-80,110,-230,0,0,0,0;
racing,killCuboid,5,10,1.2,-130,105,-230,0,0,0,0;
racing,killCuboid,5,11,1.2,-180,100,-230,0,0,0,0;
racing,killCuboid,5,12,1.2,-230,95,-230,0,0,0,0;
racing,killCuboid,5,13,1.2,-280,90,-230,0,0,0,0;
racing,killCuboid,5,14,1.2,-330,85,-230,0,0,0,0;
racing,killCuboid,5,15.5,1.2,-380,77.5,-230,0,0,0,0;
racing,killCuboid,5,15.5,1.2,-430,77.5,-230,0,0,0,0;
custom,cylinder,ice1,1.2,4.75,1.2,0,1,1,1,1.0,4.0,55,47.5,-270,0,0,0,0;
custom,cylinder,ice1,1.2,4.25,1.2,0,1,1,1,1.0,4.0,105,42.5,-270,0,0,0,0;
custom,cylinder,ice1,1.2,3.75,1.2,0,1,1,1,1.0,4.0,155,37.5,-270,0,0,0,0;
custom,cylinder,ice1,1.2,3.25,1.2,0,1,1,1,1.0,4.0,205,32.5,-270,0,0,0,0;
custom,cylinder,ice1,1.2,2.75,1.2,0,1,1,1,1.0,4.0,255,27.5,-270,0,0,0,0;
custom,cylinder,ice1,1.2,2.25,1.2,0,1,1,1,1.0,4.0,305,22.5,-270,0,0,0,0;
custom,cylinder,ice1,1.2,1.75,1.2,0,1,1,1,1.0,4.0,355,17.5,-270,0,0,0,0;
custom,cylinder,ice1,1.2,1.25,1.2,0,1,1,1,1.0,4.0,405,12.5,-270,0,0,0,0;
custom,cylinder,ice1,1.2,0.75,1.2,0,1,1,1,1.0,4.0,455,7.5,-270,0,0,0,0;
racing,killCuboid,5,9,1.2,80,110,-270,0,0,0,0;
racing,killCuboid,5,10,1.2,130,105,-270,0,0,0,0;
racing,killCuboid,5,11,1.2,180,100,-270,0,0,0,0;
racing,killCuboid,5,12,1.2,230,95,-270,0,0,0,0;
racing,killCuboid,5,13,1.2,280,90,-270,0,0,0,0;
racing,killCuboid,5,14,1.2,330,85,-270,0,0,0,0;
racing,killCuboid,5,15.5,1.2,380,77.5,-270,0,0,0,0;
racing,killCuboid,5,15.5,1.2,430,77.5,-270,0,0,0,0;
custom,cylinder,ice1,1.2,4.75,1.2,0,1,1,1,1.0,4.0,55,47.5,-230,0,0,0,0;
custom,cylinder,ice1,1.2,4.25,1.2,0,1,1,1,1.0,4.0,105,42.5,-230,0,0,0,0;
custom,cylinder,ice1,1.2,3.75,1.2,0,1,1,1,1.0,4.0,155,37.5,-230,0,0,0,0;
custom,cylinder,ice1,1.2,3.25,1.2,0,1,1,1,1.0,4.0,205,32.5,-230,0,0,0,0;
custom,cylinder,ice1,1.2,2.75,1.2,0,1,1,1,1.0,4.0,255,27.5,-230,0,0,0,0;
custom,cylinder,ice1,1.2,2.25,1.2,0,1,1,1,1.0,4.0,305,22.5,-230,0,0,0,0;
custom,cylinder,ice1,1.2,1.75,1.2,0,1,1,1,1.0,4.0,355,17.5,-230,0,0,0,0;
custom,cylinder,ice1,1.2,1.25,1.2,0,1,1,1,1.0,4.0,405,12.5,-230,0,0,0,0;
custom,cylinder,ice1,1.2,0.75,1.2,0,1,1,1,1.0,4.0,455,7.5,-230,0,0,0,0;
racing,killCuboid,5,9,1.2,80,110,-230,0,0,0,0;
racing,killCuboid,5,10,1.2,130,105,-230,0,0,0,0;
racing,killCuboid,5,11,1.2,180,100,-230,0,0,0,0;
racing,killCuboid,5,12,1.2,230,95,-230,0,0,0,0;
racing,killCuboid,5,13,1.2,280,90,-230,0,0,0,0;
racing,killCuboid,5,14,1.2,330,85,-230,0,0,0,0;
racing,killCuboid,5,15.5,1.2,380,77.5,-230,0,0,0,0;
racing,killCuboid,5,15.5,1.2,430,77.5,-230,0,0,0,0;
racing,killCylinder,1.2,7,1.2,455,85,-270,0,0,0,0;
racing,killCylinder,1.2,7,1.2,-455,85,-270,0,0,0,0;
racing,killCylinder,1.2,7,1.2,455,85,-230,0,0,0,0;
racing,killCylinder,1.2,7,1.2,-455,85,-230,0,0,0,0;
racing,killCuboid,3,2.5,1,105,142.5,-250,0,1,0,1;
racing,killCuboid,0.5,2,1,105,120,-262.5,0,1,0,1;
racing,killCuboid,0.5,2,1,105,120,-237.5,0,1,0,1;
racing,killCuboid,3,3,1,105,95,-250,0,1,0,1;
racing,killCuboid,3,2.5,1,-105,142.5,-250,0,1,0,1;
racing,killCuboid,0.5,2,1,-105,120,-262.5,0,1,0,1;
racing,killCuboid,0.5,2,1,-105,120,-237.5,0,1,0,1;
racing,killCuboid,3,3,1,-105,95,-250,0,1,0,1;
racing,killCylinder,4,4.25,4,0,42.5,-80,0,0,0,0;
racing,killCuboid,1,8.5,42,15,42.5,-290,0,0,0,0;
racing,killCuboid,1,8.5,42,-15,42.5,-290,0,0,0,0;
racing,killCuboid,2,6,1,0,55,-495,0,0,0,0;
racing,killCylinder,8,4.25,8,50,42.5,-500,0,0,0,0;
racing,killCuboid,11,1,10,0,55,-550,0,0,0,0;
racing,killCuboid,1.2,8.5,33,-105,42.5,-435,0,0,0,0;
racing,killCuboid,1.0,8.5,23,-52.5,42.5,-385,0,-0.01,0,1;
racing,killCuboid,0.75,8.5,24,77.5,42.5,-386,0,0.12,0,1;
racing,killCuboid,1.2,8.5,33,155,42.5,-435,0,0,0,0;
racing,killCuboid,0.5,8.5,15,87.5,42.5,-425,0,0,0,0;
racing,killCuboid,11,1,33,105,90,-435,0,0,0,0;
racing,killCuboid,6.1,1,33,-80.5,90,-435,0,0,0,0;
racing,killCuboid,1,3,10,-50,15,-550,0,0,0,0;
racing,killCuboid,1,3.5,10,-50,67.5,-550,0,0,0,0;
racing,killCuboid,1,5,10,50,25,-550,0,0,0,0;
racing,killCuboid,2.5,6,1,-32.5,30,-500,0,0,0,0;
racing,killCuboid,4,8,1,-105,40,-250,0,1,0,1;
racing,killCuboid,8.5,8.5,1.2,-62.5,42.5,-230,0,0,0,0;
racing,killCuboid,4,6,1,155,30,-250,0,1,0,1;
racing,killCuboid,8,8.5,1,55,42.5,-270,0,1,0,1;
racing,killCylinder,1,4.25,1,55,42.5,-310,0,1,0,1;
racing,killCuboid,10,6.5,1.2,105,32.5,-230,0,0,0,0;
racing,killCuboid,0.5,1.5,27,25,102.5,-522.5,0,1,0,1;
racing,killCuboid,1,1.5,27,25,102.5,-500,0,1,0,1;
racing,killCuboid,3,0.5,27,25,112.5,-510,0,1,0,1;
racing,killCuboid,4,8,1,255,40,-210,0,1,0,1;
racing,killCuboid,4,8,1,355,40,-210,0,1,0,1;
racing,killCuboid,4.5,8,1,305,40,-292.5,0,1,0,1;
racing,killCuboid,4,3,1,305,15,-250,0,1,0,1;
racing,killCuboid,4,4,1,255,20,-250,0,1,0,1;
racing,killCuboid,5,3.5,1.2,230,17.5,-270,0,0,0,0;
racing,killCuboid,5,4.5,1.2,180,22.5,-230,0,0,0,0;
racing,killCuboid,1,15.5,29.5,307.5,77.5,-310,0,1,0,1;
racing,killCylinder,1.0,7.75,1.0,455,77.5,-310,0,0,0,0;
racing,killCuboid,4,7,1,155,120,-295,0,1,0,1;
racing,killCuboid,5,1.5,16,230,87.5,-290,0,1,0,1;
racing,killCuboid,1,8,34,190,40,-185,0,1,0,1;
racing,killCuboid,7.5,6,1,50,125,-562.5,0,1,0,1;
racing,killCuboid,7.5,6,1,-50,125,-562.5,0,1,0,1;
racing,killCuboid,2.5,4.5,1,50,132.5,-512.5,0,1,0,1;
racing,killCuboid,2.5,4.5,1,-50,132.5,-512.5,0,1,0,1;
custom,cuboid,metal4,0.5,2,7.5,0,1,1,1,1.0,1.0,0,105,-562.5,0,0,0,0;
custom,cuboid,ice1,0.5,1.5,7.5,0,1,1,1,1.0,1.0,5,102.5,-562.5,0,0,0,0;
custom,cuboid,ice1,0.5,1.0,7.5,0,1,1,1,1.0,1.0,10,100,-562.5,0,0,0,0;
custom,cuboid,ice1,0.5,0.5,7.5,0,1,1,1,1.0,1.0,15,97.5,-562.5,0,0,0,0;
custom,cuboid,ice1,0.5,1.5,7.5,0,1,1,1,1.0,1.0,-5,102.5,-562.5,0,0,0,0;
custom,cuboid,ice1,0.5,1.0,7.5,0,1,1,1,1.0,1.0,-10,100,-562.5,0,0,0,0;
custom,cuboid,ice1,0.5,0.5,7.5,0,1,1,1,1.0,1.0,-15,97.5,-562.5,0,0,0,0;
custom,cuboid,ice1,0.5,2,7.5,0,1,1,1,1.0,1.0,-42.5,105,-562.5,0,0,0,0;
custom,cuboid,ice1,0.5,2,7.5,0,1,1,1,1.0,1.0,42.5,105,-562.5,0,0,0,0;
custom,cuboid,metal4,0.5,0.5,7.5,0,1,1,1,1.0,1.0,-37.5,97.5,-562.5,0,0,0,0;
custom,cuboid,metal4,0.5,0.5,7.5,0,1,1,1,1.0,1.0,37.5,97.5,-562.5,0,0,0,0;
custom,cuboid,metal4,0.5,4,0.5,0,1,1,1,0.125,0.5,0,135,-597.5,0,0,0,0;
custom,cuboid,metal4,0.5,4,0.5,0,1,1,1,0.125,0.5,0,135,-572.5,0,0,0,0;
custom,cuboid,metal4,0.5,4,0.5,0,1,1,1,0.125,0.5,0,135,-562.5,0,0,0,0;
custom,cuboid,metal4,0.5,4,0.5,0,1,1,1,0.125,0.5,0,135,-552.5,0,0,0,0;
custom,cuboid,metal4,0.5,4,0.5,0,1,1,1,0.125,0.5,0,135,-527.5,0,0,0,0;
custom,cuboid,metal4,4,6,0.25,0,1,1,1,0.5,0.75,0,125,-501.25,0,0,0,0;
custom,cuboid,ice1,2.5,2.5,0.25,0,1,1,1,0.5,0.75,0,135,-501.5,0,0,1,0.414;
custom,cuboid,ice1,2.5,2.5,0.25,0,1,1,1,0.5,0.75,0,115,-501.0,0,0,1,0.414;
racing,killCuboid,14.5,15.5,1.2,527.5,77.5,-270,0,0,0,0;
racing,killCuboid,5,1.0,14,380,50,-290,0,1,0,1;
custom,cylinder,ice1,1,2.5,1,0,1,1,1,1.0,1.0,450,50,-290,-0.5,0.5,0.5,-0.5;
racing,killCuboid,5,1.0,8,410,110,-290,0,1,0,1;
custom,cylinder,ice1,1,2.5,1,0,1,1,1,1.0,1.0,450,110,-290,-0.5,0.5,0.5,-0.5;
racing,killCylinder,1.0,2.5,2.5,370,110,-290,-0.5,0.5,0.5,-0.5;
racing,killCuboid,15,6.5,1,525,72.5,-310,0,0,0,0;
racing,killCuboid,15,1,5,525,110,-290,0,0,0,0;
racing,killCuboid,6.5,4,1,487.5,20,-310,0,0,0,0;
custom,cuboid,ice1,0.25,12,1,0,1,1,1,1.0,1.0,-455,47.5,-275,0.2,1,0.2,1;
custom,cuboid,ice1,0.25,14,1,0,1,1,1,1.0,1.0,-405,57.5,-277,0.2,1,0.2,1;
custom,cuboid,ice1,0.25,16,1,0,1,1,1,1.0,1.0,-355,67.5,-279,0.2,1,0.2,1;
custom,cuboid,ice1,0.25,12,1,0,1,1,1,1.0,1.0,-455,47.5,-225,-0.2,1,-0.2,1;
custom,cuboid,ice1,0.25,14,1,0,1,1,1,1.0,1.0,-405,57.5,-223,-0.2,1,-0.2,1;
custom,cuboid,ice1,0.25,16,1,0,1,1,1,1.0,1.0,-355,67.5,-221,-0.2,1,-0.2,1;
custom,cylinder,metal4,2,0.55,2,0,1,1,1,0.25,0.25,-455,102.5,-250,-0.5,0.5,0.5,0.5;
custom,cylinder,ice1,0.25,0.6,0.25,0,1,1,1,0.25,0.25,-455,102.5,-250,-0.5,0.5,0.5,0.5;
custom,cylinder,metal4,2,0.55,2,0,1,1,1,0.25,0.25,-405,120.0,-250,-0.5,0.5,0.5,0.5;
custom,cylinder,ice1,0.25,0.6,0.25,0,1,1,1,0.25,0.25,-405,120.0,-250,-0.5,0.5,0.5,0.5;
custom,cylinder,metal4,2,0.55,2,0,1,1,1,0.25,0.25,-355,132.5,-250,-0.5,0.5,0.5,0.5;
custom,cylinder,ice1,0.25,0.6,0.25,0,1,1,1,0.25,0.25,-355,132.5,-250,-0.5,0.5,0.5,0.5;
racing,killCylinder,6.0,7.75,6.0,520,77.5,-335,0,0,0,0;
racing,killCylinder,6.0,7.75,6.0,520,77.5,-515,0,0,0,0;
custom,cylinder,lava1,1,7.75,1,0,1,1,1,1.0,8.0,520,77.5,-335,0,0,0,0;
custom,cylinder,ice1,1.2,4.25,1.2,0,1,1,1,1.0,4.0,520,42.5,-335,0,0,0,0;
custom,cylinder,lava1,1,7.75,1,0,1,1,1,1.0,8.0,520,77.5,-515,0,0,0,0;
custom,cylinder,ice1,1.2,4.25,1.2,0,1,1,1,1.0,4.0,520,42.5,-515,0,0,0,0;
racing,killCuboid,1,15.5,18,545,77.5,-425,0,0,0,0;
racing,killCuboid,1,15.5,18,495,77.5,-425,0,0,0,0;
racing,killCuboid,1,5,6.5,487.5,130,-310,0,1,0,1;
racing,killCuboid,5,4,0.5,575,135,-355,0,0,0,0;
custom,cylinder,ice1,0.5,2.5,0.5,0,1,1,1,1.0,1.0,575,115,-355,-1,1,0,0;
racing,killCuboid,5,6,0.5,575,70,-380,0,0,0,0;
custom,cylinder,ice1,0.5,2.5,0.5,0,1,1,1,1.0,1.0,575,100,-380,-1,1,0,0;
racing,killCuboid,5,7,0.5,575,120,-405,0,0,0,0;
custom,cylinder,ice1,0.5,2.5,0.5,0,1,1,1,1.0,1.0,575,85,-405,-1,1,0,0;
racing,killCuboid,5,7,0.5,575,35,-430,0,0,0,0;
custom,cylinder,ice1,0.5,2.5,0.5,0,1,1,1,1.0,1.0,575,70,-430,-1,1,0,0;
racing,killCuboid,5,10,0.5,575,105,-455,0,0,0,0;
custom,cylinder,ice1,0.5,2.5,0.5,0,1,1,1,1.0,1.0,575,55,-455,-1,1,0,0;
racing,killCuboid,5,4,0.5,575,20,-480,0,0,0,0;
custom,cylinder,ice1,0.5,2.5,0.5,0,1,1,1,1.0,1.0,575,40,-480,-1,1,0,0;
racing,killCuboid,5,13,0.5,575,90,-505,0,0,0,0;
custom,cylinder,ice1,0.5,2.5,0.5,0,1,1,1,1.0,1.0,575,25,-505,-1,1,0,0;
racing,killCylinder,2.0,7.75,2.0,450,77.5,-360,0,0,0,0;
racing,killCuboid,2,15.5,24,450,77.5,-480,0,0,0,0;
racing,killCylinder,2.0,7.75,2.0,400,77.5,-555,0,0,0,0;
racing,killCuboid,2,15.5,24,400,77.5,-435,0,0,0,0;
racing,killCylinder,6.0,7.75,6.0,300,77.5,-550,0,0,0,0;
racing,killCuboid,6,15.5,5,300,77.5,-575,0,0,0,0;
custom,cylinder,lava1,1,7.75,1,0,1,1,1,2.0,8.0,300,77.5,-600,0,0,0,0;
custom,cylinder,ice1,1.2,4.25,1.2,0,1,1,1,1.0,4.0,300,42.5,-600,0,0,0,0;
racing,killCuboid,15,9.5,8,225,47.5,-560,0,0,0,0;
racing,killCuboid,23,9.5,2,275,47.5,-400,0,0,0,0;
racing,checkpointCuboid,0.40,1.5,0.5,155,102.5,-522.5,0,1,0,1;
racing,checkpointCuboid,0.9,1.5,0.5,155,102.5,-500,0,1,0,1;
racing,checkpointCuboid,3,0.40,0.5,155,112.5,-510,0,1,0,1;
racing,checkpointCuboid,0.30,1.5,0.5,155,102.5,-522.5,0,1,0,1;
racing,checkpointCuboid,0.8,1.5,0.5,155,102.5,-500,0,1,0,1;
racing,checkpointCuboid,3,0.30,0.5,155,112.5,-510,0,1,0,1;
racing,checkpointCuboid,3,0.40,0.5,155,92.5,-510,0,1,0,1;
racing,checkpointCuboid,3,0.30,0.5,155,92.5,-510,0,1,0,1;
racing,killCylinder,1.0,7.75,1.0,350,77.5,-440,0,0,0,0;
racing,killCylinder,1.0,7.75,1.0,310,77.5,-440,0,0,0,0;
racing,killCylinder,1.0,7.75,1.0,270,77.5,-440,0,0,0,0;
racing,killCylinder,1.0,7.75,1.0,230,77.5,-440,0,0,0,0;
racing,killCylinder,1.0,7.75,1.0,190,77.5,-440,0,0,0,0;
racing,checkpointCylinder,0.75,4.75,0.75,350,47.5,-440,0,0,0,0;
racing,checkpointCylinder,0.75,4.75,0.75,310,47.5,-440,0,0,0,0;
racing,checkpointCylinder,0.75,4.75,0.75,270,47.5,-440,0,0,0,0;
racing,checkpointCylinder,0.75,4.75,0.75,230,47.5,-440,0,0,0,0;
racing,checkpointCylinder,0.75,4.75,0.75,190,47.5,-440,0,0,0,0;
custom,cuboid,lava1,4,15.5,1,0,1,1,1,1.0,4.0,-595,77.5,-630,0,1,0,1;
custom,cuboid,lava1,4,15.5,1,0,1,1,1,1.0,4.0,-630,77.5,-595,0,0,0,0;
custom,cuboid,lava1,5,15.5,1,0,1,1,1,1.0,4.0,-655,77.5,-625,0,1,0,1;
custom,cuboid,lava1,5,15.5,1,0,1,1,1,1.0,4.0,-625,77.5,-655,0,0,0,0;
custom,cuboid,lava1,4,15.5,1,0,1,1,1,1.0,4.0,595,77.5,-630,0,1,0,1;
custom,cuboid,lava1,4,15.5,1,0,1,1,1,1.0,4.0,630,77.5,-595,0,0,0,0;
custom,cuboid,lava1,5,15.5,1,0,1,1,1,1.0,4.0,655,77.5,-625,0,1,0,1;
custom,cuboid,lava1,5,15.5,1,0,1,1,1,1.0,4.0,625,77.5,-655,0,0,0,0;
custom,cuboid,lava1,4,15.5,1,0,1,1,1,1.0,4.0,595,77.5,630,0,1,0,1;
custom,cuboid,lava1,4,15.5,1,0,1,1,1,1.0,4.0,630,77.5,595,0,0,0,0;
custom,cuboid,lava1,5,15.5,1,0,1,1,1,1.0,4.0,655,77.5,625,0,1,0,1;
custom,cuboid,lava1,5,15.5,1,0,1,1,1,1.0,4.0,625,77.5,655,0,0,0,0;
custom,cuboid,lava1,4,15.5,1,0,1,1,1,1.0,4.0,-595,77.5,630,0,1,0,1;
custom,cuboid,lava1,4,15.5,1,0,1,1,1,1.0,4.0,-630,77.5,595,0,0,0,0;
custom,cuboid,lava1,5,15.5,1,0,1,1,1,1.0,4.0,-655,77.5,625,0,1,0,1;
custom,cuboid,lava1,5,15.5,1,0,1,1,1,1.0,4.0,-625,77.5,655,0,0,0,0;
custom,cuboid,ice1,5,1,5,0,1,1,1,1.0,1.0,-625,5,-625,0,0,0,0;
custom,cuboid,ice1,5,1,5,0,1,1,1,1.0,1.0,-625,5,625,0,0,0,0;
custom,cuboid,ice1,5,1,5,0,1,1,1,1.0,1.0,625,5,-625,0,0,0,0;
custom,cuboid,ice1,5,1,5,0,1,1,1,1.0,1.0,625,5,625,0,0,0,0;
racing,killCuboid,15,15.5,1.0,-525,77.5,-135,0,0,0,0;
racing,killCuboid,10,15.5,1.2,-455,77.5,-180,0,1,0,1;
racing,killCuboid,10,15.5,1.2,-455,77.5,-320,0,1,0,1;
racing,killCylinder,20.2,7.75,20.2,-360,77.5,-370,0,0,0,0;
custom,cylinder,lava1,2,7.75,2,0,1,1,1,2.0,8.0,-360,77.5,-370,0,0,0,0;
custom,cylinder,ice1,2.2,4.25,2.2,0,1,1,1,1.0,4.0,-360,42.5,-370,0,0,0,0;
racing,killCylinder,6.0,7.75,6.0,-530,77.5,-530,0,0,0,0;
custom,cylinder,lava1,1,7.75,1,0,1,1,1,1.0,8.0,-530,77.5,-530,0,0,0,0;
custom,cylinder,ice1,1.2,4.25,1.2,0,1,1,1,1.0,4.0,-530,42.5,-530,0,0,0,0;
racing,killCylinder,6.0,7.75,6.0,-530,77.5,-350,0,0,0,0;
custom,cylinder,lava1,1,7.75,1,0,1,1,1,1.0,8.0,-530,77.5,-350,0,0,0,0;
custom,cylinder,ice1,1.2,4.25,1.2,0,1,1,1,1.0,4.0,-530,42.5,-350,0,0,0,0;
racing,killCuboid,6,15.5,18,-530,77.5,-440,0,0,0,0;
racing,killCuboid,6,15.5,12,-470,77.5,-530,0,1,0,1;
racing,killCylinder,6.0,7.75,6.0,-410,77.5,-530,0,0,0,0;
racing,killCuboid,3.2,15.5,8,-490,77.5,-280,0,1,0,1;
racing,killCylinder,3.2,7.75,3.2,-530,77.5,-280,0,0,0,0;
custom,cylinder,lava1,1,7.75,1,0,1,1,1,1.0,8.0,-530,77.5,-280,0,0,0,0;
custom,cylinder,ice1,1.2,4.25,1.2,0,1,1,1,1.0,4.0,-530,42.5,-280,0,0,0,0;
racing,killCylinder,1.0,7.75,1.0,-310,77.5,-600,0,0,0,0;
racing,killCylinder,1.0,7.75,1.0,-270,77.5,-585,0,0,0,0;
racing,killCylinder,1.0,7.75,1.0,-230,77.5,-570,0,0,0,0;
racing,killCylinder,1.0,7.75,1.0,-190,77.5,-555,0,0,0,0;
racing,killCylinder,1.0,7.75,1.0,-150,77.5,-540,0,0,0,0;
racing,killCylinder,1.0,7.75,1.0,-110,77.5,-525,0,0,0,0;
racing,checkpointCylinder,0.75,4.75,0.75,-310,47.5,-600,0,0,0,0;
racing,checkpointCylinder,0.75,4.75,0.75,-270,47.5,-585,0,0,0,0;
racing,checkpointCylinder,0.75,4.75,0.75,-230,47.5,-570,0,0,0,0;
racing,checkpointCylinder,0.75,4.75,0.75,-190,47.5,-555,0,0,0,0;
racing,checkpointCylinder,0.75,4.75,0.75,-150,47.5,-540,0,0,0,0;
racing,checkpointCylinder,0.75,4.75,0.75,-110,47.5,-525,0,0,0,0;
racing,killCuboid,1.2,15.5,25,-235,77.5,-465,0,1,0,1;
racing,killCuboid,1.2,15.5,20.2,-105,77.5,-370,0,0,0,0;
racing,killCuboid,1.2,15.5,20.2,-265,77.5,-370,0,0,0,0;
custom,cuboid,ice1,5,0.5,5,0,1,1,1,1.0,1.0,-575,2.5,-575,0,1,0,1;
custom,cuboid,ice1,5,0.5,5,0,1,1,1,1.0,1.0,-575,2.4,-575,0,0.414,0,1;
custom,cuboid,metal4,5.1,0.5,5.1,0,1,1,1,1.0,0.25,-575,2.3,-575,0,1,0,1;
custom,cuboid,metal4,5.1,0.5,5.1,0,1,1,1,1.0,0.25,-575,2.2,-575,0,0.414,0,1;
racing,checkpointCuboid,1.2,30,1.2,-595,5,-595,0,1,0,1;
racing,checkpointCuboid,1.2,30,1.2,-595,5,-595,0,0.414,0,1;
racing,killCylinder,2.5,7.75,2.5,-595,-77.5,-595,0,0,0,0;
racing,killCylinder,1.0,7.75,1.0,-570,77.5,-180,0,0,0,0;
racing,killCylinder,1.0,7.75,1.0,-530,77.5,-180,0,0,0,0;
racing,killCylinder,1.0,7.75,1.0,-490,77.5,-180,0,0,0,0;
racing,checkpointCylinder,0.75,4.75,0.75,-570,47.5,-180,0,0,0,0;
racing,checkpointCylinder,0.75,4.75,0.75,-530,47.5,-180,0,0,0,0;
racing,checkpointCylinder,0.75,4.75,0.75,-490,47.5,-180,0,0,0,0;
racing,killCylinder,1.0,7.75,1.0,-485,77.5,-485,0,0,0,0;
racing,checkpointCylinder,0.75,4.75,0.75,-485,47.5,-485,0,0,0,0;
racing,killCuboid,0.25,1,0.5,-651,17.5,-603,0,1,0,1;
racing,killCuboid,0.25,1,0.5,-651,17.5,-609,0,1,0,1;
racing,killCuboid,0.25,1.25,0.5,-651,17.5,-619,0.414,1,0.414,1;
racing,killCuboid,0.25,1.25,0.5,-651,17.5,-619,-0.414,1,-0.414,1;
racing,killCuboid,2.75,0.25,0.5,-651,24,-612,0,1,0,1;
racing,killCuboid,2.75,0.25,0.5,-651,11,-612,0,1,0,1;
racing,killCuboid,1,15.5,1,-600,77.5,-470,0,-0.414,0,1;
racing,killCuboid,1,15.5,1,-590,77.5,-470,0,-0.414,0,1;
racing,killCuboid,1,15.5,1,-580,77.5,-470,0,-0.414,0,1;
racing,killCuboid,2,15.5,2,-560,77.5,-510,0,-0.414,0,1;
racing,killCuboid,1,15.5,1,-600,77.5,-390,0,-0.414,0,1;
racing,killCuboid,1,15.5,1,-590,77.5,-390,0,-0.414,0,1;
racing,killCuboid,1,15.5,1,-560,77.5,-430,0,-0.414,0,1;
racing,killCuboid,1,15.5,1,-600,77.5,-310,0,-0.414,0,1;
racing,checkpointCuboid,0.8,8.4,0.8,-600,42.5,-470,0,-0.414,0,1;
racing,checkpointCuboid,0.8,8.4,0.8,-590,42.5,-470,0,-0.414,0,1;
racing,checkpointCuboid,0.8,8.4,0.8,-580,42.5,-470,0,-0.414,0,1;
racing,checkpointCuboid,1.8,8.4,1.8,-560,42.5,-510,0,-0.414,0,1;
racing,checkpointCuboid,0.8,8.4,0.8,-600,42.5,-390,0,-0.414,0,1;
racing,checkpointCuboid,0.8,8.4,0.8,-590,42.5,-390,0,-0.414,0,1;
racing,checkpointCuboid,0.8,8.4,0.8,-560,42.5,-430,0,-0.414,0,1;
racing,checkpointCuboid,0.8,8.4,0.8,-600,42.5,-310,0,-0.414,0,1;
racing,killCuboid,4,2,1,-50,40,-520,0,1,0,1;
racing,killCylinder,1,1,1,-50,40,-540,0,0,0,0;
racing,killCuboid,1,15.5,14,500,77.5,-120,0,0,0,0;
racing,killCylinder,10.5,7.75,9.2,452.5,77.5,-190,0,0,0,0;
custom,cylinder,lava1,1.5,7.75,1,0,1,1,1,1.0,8.0,452.5,77.5,-190,0,0,0,0;
custom,cylinder,ice1,1.7,4.25,1.2,0,1,1,1,1.0,4.0,452.5,42.5,-190,0,0,0,0;

racing,endCuboid,9,6,1,0,125,80,0,0,0,0;




racing,killCuboid,3,0.5,1,35,82.5,-185,0,0,0,0;
racing,killCuboid,5,0.5,1,55,82.5,-205,0,1,0,1;
misc,barrier,4,1,30,200,85,-205,0,1,0,1;
misc,barrier,132,1,132,0,160,0,0,0,0,0;
racing,killCuboid,1,6,11,0,125,-10,0,1,0,1;
racing,killCuboid,8,6,1,50,125,-45,0,1,0,1;
racing,killCuboid,8,6,1,-50,125,-45,0,1,0,1;
racing,killCuboid,12.5,1,5,575,45,-367.5,0,1,0,1;
custom,cuboid,ice1,3,0.5,3,0,1,1,1,1.0,1.0,575,2.5,-390,0,0,0,0;
custom,cuboid,ice1,3,0.5,3,0,1,1,1,1.0,1.0,575,2.4,-390,0,1,0,0.414;
custom,cuboid,metal4,3.1,0.5,3.1,0,1,1,1,1.0,0.25,575,2.3,-390,0,0,0,0;
custom,cuboid,metal4,3.1,0.5,3.1,0,1,1,1,1.0,0.25,575,2.2,-390,0,1,0,0.414;
racing,checkpointCuboid,0.7,7,0.7,575,5,-390,0,1,0,1;
racing,checkpointCuboid,0.7,7,0.7,575,5,-390,0,0.414,0,1;
racing,killCylinder,2.5,2.75,2.5,575,-27.5,-390,0,0,0,0;
racing,killCuboid,2,1,2,540,45,-325,0,0,0,0;



custom,cuboid,metal4,1,2,1,0,1,1,1,0.3,0.6,0,105,12.5,0,0.7071068,0,0.7071068;
custom,cuboid,ice1,0.975,2,0.975,0,1,1,1,0.3,0.3,0,105.5,12.5,0,0.7071068,0,0.7071068;
custom,cuboid,metal1,0.75,2,0.75,0,1,1,1,0.05,-0.05,0,106,12.5,0,0.7071068,0,0.7071068;
custom,cuboid,metal4,1,1.975,1,0,1,1,1,0.3,0.6,0,105,12.5,0,0.9238098,0,0.3828518;
custom,cuboid,ice1,0.975,1.975,0.975,0,1,1,1,0.3,0.3,0,105.5,12.5,0,0.9238098,0,0.3828518;
custom,cuboid,metal1,0.75,1.975,0.75,0,1,1,1,0.05,-0.05,0,106,12.5,0,0.9238098,0,0.3828518;

custom,cuboid,metal4,1,2,1,0,1,1,1,0.3,0.6,28.75,105,12.5,0,0.7071068,0,0.7071068;
custom,cuboid,ice1,0.975,2,0.975,0,1,1,1,0.3,0.3,28.75,105.5,12.5,0,0.7071068,0,0.7071068;
custom,cuboid,metal4,0.75,2,0.75,0,1,1,1,0.05,0.05,28.75,106,12.5,0,0.7071068,0,0.7071068;
custom,cuboid,metal4,1,1.975,1,0,1,1,1,0.3,0.6,28.75,105,12.5,0,0.9238098,0,0.3828518;
custom,cuboid,ice1,0.975,1.975,0.975,0,1,1,1,0.3,0.3,28.75,105.5,12.5,0,0.9238098,0,0.3828518;
custom,cuboid,metal4,0.75,1.975,0.75,0,1,1,1,0.05,0.05,28.75,106,12.5,0,0.9238098,0,0.3828518;

custom,cuboid,metal4,1,2,1,0,1,1,1,0.3,0.6,-28.75,105,12.5,0,0.7071068,0,0.7071068;
custom,cuboid,ice1,0.975,2,0.975,0,1,1,1,0.3,0.3,-28.75,105.5,12.5,0,0.7071068,0,0.7071068;
custom,cuboid,brick1,0.75,2,0.75,0,1,1,1,-0.0375,-0.0375,-28.75,106,12.5,0,0.7071068,0,0.7071068;
custom,cuboid,metal4,1,1.975,1,0,1,1,1,0.3,0.6,-28.75,105,12.5,0,0.9238098,0,0.3828518;
custom,cuboid,ice1,0.975,1.975,0.975,0,1,1,1,0.3,0.3,-28.75,105.5,12.5,0,0.9238098,0,0.3828518;
custom,cuboid,brick1,0.75,1.975,0.75,0,1,1,1,-0.0375,-0.0375,-28.75,106,12.5,0,0.9238098,0,0.3828518;

custom,cuboid,metal4,0.5,2,9,0,1,1,1,1,1,0,105,12.5,0,0.7071068,0,0.7071068;
custom,cuboid,metal4,0.5,4,0.5,0,1,1,1,0.125,0.5,42.5,135,12.5,0,0.7071068,0,0.7071068;
custom,cuboid,metal4,0.5,4,0.5,0,1,1,1,0.125,0.5,-42.5,135,12.5,0,0.7071068,0,0.7071068;
custom,cuboid,metal4,0.5,4,0.5,0,1,1,1,0.125,0.5,15,135,12.5,0,0.7071068,0,0.7071068;
custom,cuboid,metal4,0.5,4,0.5,0,1,1,1,0.125,0.5,-15,135,12.5,0,0.7071068,0,0.7071068;
custom,cuboid,grass3,0.5,1.5,9,1,1,0.125,0.125,1,1,0,102.5,7.5,0,0.7071068,0,0.7071068;
custom,cuboid,grass3,0.5,1,9,1,1,0.125,0.125,1,1,0,100,2.5,0,0.7071068,0,0.7071068;
custom,cuboid,grass3,0.5,0.5,9,1,1,0.125,0.125,1,1,0,97.5,-2.5,0,0.7071068,0,0.7071068;
custom,cuboid,grass3,0.5,1.5,9,1,1,0.125,0.125,1,1,0,102.5,17.5,0,0.7071068,0,0.7071068;
custom,cuboid,grass3,0.5,1,9,1,1,0.125,0.125,1,1,0,100,22.5,0,0.7071068,0,0.7071068;
custom,cuboid,grass3,0.5,0.5,9,1,1,0.125,0.125,1,1,0,97.5,27.5,0,0.7071068,0,0.7071068;


custom,cuboid,metal4,120,1,120,0,1,1,1,12.0,12.0,0,-4.5,1200,0,0,0,0;
custom,cuboid,metal4,120,1,120,0,1,1,1,12.0,12.0,0,-4.5,-1200,0,0,0,0;
custom,cuboid,metal4,120,1,120,0,1,1,1,12.0,12.0,1200,-4.5,0,0,0,0,0;
custom,cuboid,metal4,120,1,120,0,1,1,1,12.0,12.0,-1200,-4.5,0,0,0,0,0;
custom,cuboid,metal4,120,1,120,0,1,1,1,12.0,12.0,1200,-4.5,1200,0,0,0,0;
custom,cuboid,metal4,120,1,120,0,1,1,1,12.0,12.0,1200,-4.5,-1200,0,0,0,0;
custom,cuboid,metal4,120,1,120,0,1,1,1,12.0,12.0,-1200,-4.5,1200,0,0,0,0;
custom,cuboid,metal4,120,1,120,0,1,1,1,12.0,12.0,-1200,-4.5,-1200,0,0,0,0;



custom,cylinder,metal4,1,3,1,0,1,1,1,0.5,1.5,50,185,605,0,0,0,0;
custom,cylinder,metal4,1,3,1,0,1,1,1,0.5,1.5,-50,185,605,0,0,0,0;
custom,cuboid,ice1,20,5,1,0,1,1,1,2.0,0.5,0,240,605,0,0,0,0;
custom,cuboid,metal4,19,4,1,0,1,1,1,2.0,0.5,0,240,604,0,0,0,0;
custom,cylinder,metal4,1,3,1,0,1,1,1,0.5,1.5,50,185,-605,0,0,0,0;
custom,cylinder,metal4,1,3,1,0,1,1,1,0.5,1.5,-50,185,-605,0,0,0,0;
custom,cuboid,ice1,20,5,1,0,1,1,1,2.0,0.5,0,240,-605,0,0,0,0;
custom,cuboid,metal4,19,4,1,0,1,1,1,2.0,0.5,0,240,-604,0,0,0,0;
racing,killcuboid,0.9,0.2,2,-75.0959897,249,593.5,0,-0.7071068,0,-0.7071068;
racing,killcuboid,0.9,0.2,2,-75.0959897,240,593.5,0,-0.7071068,0,-0.7071068;
racing,killcuboid,0.2,0.7,0.9,-84.0959898,244.5,593.5,0,0,0,-1;
racing,killcuboid,0.2,0.7,0.9,-66.0959898,244.5,593.5,0,0,0,-1;
racing,killcuboid,0.2,0.9,0.9,-84.0959898,234.5,593.5,0,0,0,-1;
racing,killcuboid,0.9,0.2,2,-74.0959898,235.25,593.5,-0.1714986,-0.6859943,0.1714986,-0.6859944;
racing,killcuboid,0.9,0.2,2,-45.0959898,231,593.5,0,-0.7071068,0,-0.7071068;
racing,killcuboid,0.9,0.2,2,-45.0959898,249,593.5,0,-0.7071068,0,-0.7071068;
racing,killcuboid,0.2,1.6,0.9,-45.0959898,240,593.5,0,0,0,-1;
racing,killcuboid,0.9,0.2,2,-15.0959899,231,593.5,0,-0.7071068,0,-0.7071068;
racing,killcuboid,0.9,0.2,1.6,-17.0959898,249,593.5,0,-0.7071068,0,-0.7071068;
racing,killcuboid,0.2,0.7,0.9,-24.0959898,244.5,593.5,0,0,0,-1;
racing,killcuboid,0.2,0.7,0.9,-8.0959898,244.5,593.5,0,0,0,-1;
racing,killcuboid,0.2,0.7,0.9,-24.0959898,235.5,593.5,0,0,0,-1;
racing,killcuboid,0.2,0.7,0.9,-6.0959898,235.5,593.5,0,0,0,-1;
racing,killcuboid,0.9,0.2,1.8,-16.0959899,240,593.5,0,-0.7071068,0,-0.7071068;
racing,killcuboid,0.9,0.2,2,15.0959897,231,593.5,0,-0.7071068,0,-0.7071068;
racing,killcuboid,0.2,1.8,0.9,6.0959896,241,593.5,0,0,0,-1;
racing,killcuboid,0.9,0.2,2,45.0959897,231,593.5,0,-0.7071068,0,-0.7071068;
racing,killcuboid,0.9,0.2,2,45.0959897,240,593.5,0,-0.7071068,0,-0.7071068;
racing,killcuboid,0.9,0.2,2,45.0959897,249,593.5,0,-0.7071068,0,-0.7071068;
racing,killcuboid,0.2,0.7,0.9,36.0959897,235.5,593.5,0,0,0,-1;
racing,killcuboid,0.2,0.7,0.9,36.0959897,244.5,593.5,0,0,0,-1;
racing,killcuboid,0.9,0.2,2,75.0959898,231,593.5,0,-0.7071068,0,-0.7071068;
racing,killcuboid,0.9,0.2,2,75.0959898,249,593.5,0,-0.7071068,0,-0.7071068;
racing,killcuboid,0.2,1.6,0.9,75.0959898,240,593.5,0,0,0,-1;
custom,cuboid,lava1,0.1,0.2,2,0,1,1,1,0.2,0.02,-75.0959897,249,598.5,0,-0.7071068,0,-0.7071068;
custom,cuboid,lava1,0.1,0.2,2,0,1,1,1,0.2,0.02,-75.0959897,240,598.5,0,-0.7071068,0,-0.7071068;
custom,cuboid,lava1,0.2,0.7,0.1,0,1,1,1,0.02,0.07,-84.0959898,244.5,598.5,0,0,0,-1;
custom,cuboid,lava1,0.2,0.7,0.1,0,1,1,1,0.02,0.07,-66.0959898,244.5,598.5,0,0,0,-1;
custom,cuboid,lava1,0.2,0.9,0.1,0,1,1,1,0.02,0.09,-84.0959898,234.5,598.5,0,0,0,-1;
custom,cuboid,lava1,0.1,0.2,2,0,1,1,1,0.2,0.02,-74.0959898,235.25,598.5,-0.1714986,-0.6859943,0.1714986,-0.6859944;
custom,cuboid,lava1,0.1,0.2,2,0,1,1,1,0.2,0.02,-45.0959898,231,598.5,0,-0.7071068,0,-0.7071068;
custom,cuboid,lava1,0.1,0.2,2,0,1,1,1,0.2,0.02,-45.0959898,249,598.5,0,-0.7071068,0,-0.7071068;
custom,cuboid,lava1,0.2,1.6,0.1,0,1,1,1,0.02,0.16,-45.0959898,240,598.5,0,0,0,-1;
custom,cuboid,lava1,0.1,0.2,2,0,1,1,1,0.2,0.02,-15.0959899,231,598.5,0,-0.7071068,0,-0.7071068;
custom,cuboid,lava1,0.1,0.2,1.6,0,1,1,1,0.16,0.02,-17.0959898,249,598.5,0,-0.7071068,0,-0.7071068;
custom,cuboid,lava1,0.2,0.7,0.1,0,1,1,1,0.02,0.07,-24.0959898,244.5,598.5,0,0,0,-1;
custom,cuboid,lava1,0.2,0.7,0.1,0,1,1,1,0.02,0.07,-8.0959898,244.5,598.5,0,0,0,-1;
custom,cuboid,lava1,0.2,0.7,0.1,0,1,1,1,0.02,0.07,-24.0959898,235.5,598.5,0,0,0,-1;
custom,cuboid,lava1,0.2,0.7,0.1,0,1,1,1,0.02,0.07,-6.0959898,235.5,598.5,0,0,0,-1;
custom,cuboid,lava1,0.1,0.2,1.8,0,1,1,1,0.18,0.02,-16.0959899,240,598.5,0,-0.7071068,0,-0.7071068;
custom,cuboid,lava1,0.1,0.2,2,0,1,1,1,0.2,0.02,15.0959897,231,598.5,0,-0.7071068,0,-0.7071068;
custom,cuboid,lava1,0.2,1.8,0.1,0,1,1,1,0.02,0.18,6.0959896,241,598.5,0,0,0,-1;
custom,cuboid,lava1,0.1,0.2,2,0,1,1,1,0.2,0.02,45.0959897,231,598.5,0,-0.7071068,0,-0.7071068;
custom,cuboid,lava1,0.1,0.2,2,0,1,1,1,0.2,0.02,45.0959897,240,598.5,0,-0.7071068,0,-0.7071068;
custom,cuboid,lava1,0.1,0.2,2,0,1,1,1,0.2,0.02,45.0959897,249,598.5,0,-0.7071068,0,-0.7071068;
custom,cuboid,lava1,0.2,0.7,0.1,0,1,1,1,0.02,0.07,36.0959897,235.5,598.5,0,0,0,-1;
custom,cuboid,lava1,0.2,0.7,0.1,0,1,1,1,0.02,0.07,36.0959897,244.5,598.5,0,0,0,-1;
custom,cuboid,lava1,0.1,0.2,2,0,1,1,1,0.2,0.02,75.0959898,231,598.5,0,-0.7071068,0,-0.7071068;
custom,cuboid,lava1,0.1,0.2,2,0,1,1,1,0.2,0.02,75.0959898,249,598.5,0,-0.7071068,0,-0.7071068;
custom,cuboid,lava1,0.2,1.6,0.1,0,1,1,1,0.02,0.16,75.0959898,240,598.5,0,0,0,-1;
racing,killcuboid,0.5,0.2,2,75,231,-595.5,0,0.7071068,0,-0.7071068;
racing,killcuboid,0.5,0.2,2,75,240,-595.5,0,0.7071068,0,-0.7071068;
racing,killcuboid,0.5,0.2,2,75,249,-595.5,0,0.7071068,0,-0.7071068;
racing,killcuboid,0.2,0.7,0.5,84,235.5,-595.5,0,1,0,0;
racing,killcuboid,0.2,0.7,0.5,84,244.5,-595.5,0,1,0,0;
racing,killcuboid,0.5,0.2,2,45,231,-595.5,0,0.7071068,0,-0.7071068;
racing,killcuboid,0.2,1.8,0.5,54,241,-595.5,0,1,0,0;
racing,killcuboid,0.5,0.2,2,15,231,-595.5,0,0.7071068,0,-0.7071068;
racing,killcuboid,0.5,0.2,2,15,249,-595.5,0,0.7071068,0,-0.7071068;
racing,killcuboid,0.2,1.6,0.5,15,240,-595.5,0,1,0,0;
racing,killcuboid,0.5,0.2,2,-15,231,-595.5,0,0.7071068,0,-0.7071068;
racing,killcuboid,0.5,0.2,2,-15,249,-595.5,0,0.7071068,0,-0.7071068;
racing,killcuboid,0.2,1.6,0.5,-24,240,-595.5,0,1,0,0;
racing,killcuboid,0.2,1.6,0.5,-6,240,-595.5,0,1,0,0;
racing,killcuboid,0.5,0.2,2,-45,249,-595.5,0,0.7071068,0,-0.7071068;
racing,killcuboid,0.5,0.2,2,-45,240,-595.5,0,0.7071068,0,-0.7071068;
racing,killcuboid,0.2,0.7,0.5,-36,244.5,-595.5,0,1,0,0;
racing,killcuboid,0.2,0.7,0.5,-54,244.5,-595.5,0,1,0,0;
racing,killcuboid,0.2,0.9,0.5,-36,234.5,-595.5,0,1,0,0;
racing,killcuboid,0.5,0.2,2,-75,231,-595.5,0,0.7071068,0,-0.7071068;
racing,killcuboid,0.5,0.2,2,-75,240,-595.5,0,0.7071068,0,-0.7071068;
racing,killcuboid,0.5,0.2,2,-75,249,-595.5,0,0.7071068,0,-0.7071068;
racing,killcuboid,0.2,0.7,0.5,-66,235.5,-595.5,0,1,0,0;
racing,killcuboid,0.2,0.7,0.5,-66,244.5,-595.5,0,1,0,0;
custom,cuboid,lava1,0.1,0.2,2,0,1,1,1,0.2,0.02,75,231,-598.5,0,0.7071068,0,-0.7071068;
custom,cuboid,lava1,0.1,0.2,2,0,1,1,1,0.2,0.02,75,240,-598.5,0,0.7071068,0,-0.7071068;
custom,cuboid,lava1,0.1,0.2,2,0,1,1,1,0.2,0.02,75,249,-598.5,0,0.7071068,0,-0.7071068;
custom,cuboid,lava1,0.2,0.7,0.1,0,1,1,1,0.02,0.07,84,235.5,-598.5,0,1,0,0;
custom,cuboid,lava1,0.2,0.7,0.1,0,1,1,1,0.02,0.07,84,244.5,-598.5,0,1,0,0;
custom,cuboid,lava1,0.1,0.2,2,0,1,1,1,0.2,0.02,45,231,-598.5,0,0.7071068,0,-0.7071068;
custom,cuboid,lava1,0.2,1.8,0.1,0,1,1,1,0.02,0.18,54,241,-598.5,0,1,0,0;
custom,cuboid,lava1,0.1,0.2,2,0,1,1,1,0.2,0.02,15,231,-598.5,0,0.7071068,0,-0.7071068;
custom,cuboid,lava1,0.1,0.2,2,0,1,1,1,0.2,0.02,15,249,-598.5,0,0.7071068,0,-0.7071068;
custom,cuboid,lava1,0.2,1.6,0.1,0,1,1,1,0.02,0.16,15,240,-598.5,0,1,0,0;
custom,cuboid,lava1,0.1,0.2,2,0,1,1,1,0.2,0.02,-15,231,-598.5,0,0.7071068,0,-0.7071068;
custom,cuboid,lava1,0.1,0.2,2,0,1,1,1,0.2,0.02,-15,249,-598.5,0,0.7071068,0,-0.7071068;
custom,cuboid,lava1,0.2,1.6,0.1,0,1,1,1,0.02,0.16,-24,240,-598.5,0,1,0,0;
custom,cuboid,lava1,0.2,1.6,0.1,0,1,1,1,0.02,0.16,-6,240,-598.5,0,1,0,0;
custom,cuboid,lava1,0.1,0.2,2,0,1,1,1,0.2,0.02,-45,249,-598.5,0,0.7071068,0,-0.7071068;
custom,cuboid,lava1,0.1,0.2,2,0,1,1,1,0.2,0.02,-45,240,-598.5,0,0.7071068,0,-0.7071068;
custom,cuboid,lava1,0.2,0.7,0.1,0,1,1,1,0.02,0.07,-36,244.5,-598.5,0,1,0,0;
custom,cuboid,lava1,0.2,0.7,0.1,0,1,1,1,0.02,0.07,-54,244.5,-598.5,0,1,0,0;
custom,cuboid,lava1,0.2,0.9,0.1,0,1,1,1,0.02,0.09,-36,234.5,-598.5,0,1,0,0;
custom,cuboid,lava1,0.1,0.2,2,0,1,1,1,0.2,0.02,-75,231,-598.5,0,0.7071068,0,-0.7071068;
custom,cuboid,lava1,0.1,0.2,2,0,1,1,1,0.2,0.02,-75,240,-598.5,0,0.7071068,0,-0.7071068;
custom,cuboid,lava1,0.1,0.2,2,0,1,1,1,0.2,0.02,-75,249,-598.5,0,0.7071068,0,-0.7071068;
custom,cuboid,lava1,0.2,0.7,0.1,0,1,1,1,0.02,0.07,-66,235.5,-598.5,0,1,0,0;
custom,cuboid,lava1,0.2,0.7,0.1,0,1,1,1,0.02,0.07,-66,244.5,-598.5,0,1,0,0;

racing,killCuboid,3.975,0.975,41.975,30,90,290,0,0,0,0;
custom,cuboid,lava1,4,1,42,0,1,1,1,1.0,8.0,30,90,290,0,0,0,0;
custom,cuboid,metal4,4.1,1,42.1,0,1,1,1,1.0,8.0,30,89,290,0,0,0,0;

racing,killCuboid,3.975,0.975,41.975,-30,90,290,0,0,0,0;
custom,cuboid,lava1,4,1,42,0,1,1,1,1.0,8.0,-30,90,290,0,0,0,0;
custom,cuboid,metal4,4.1,1,42.1,0,1,1,1,1.0,8.0,-30,89,290,0,0,0,0;



racing,killCuboid,5,5.5,1.2,-130,27.5,-230,0,0,0,0;
racing,killCuboid,5,4.5,1.2,-180,22.5,-230,0,0,0,0;
racing,killCuboid,5,3.5,1.2,-230,17.5,-230,0,0,0,0;
racing,killCuboid,5,2.5,1.2,-280,12.5,-230,0,0,0,0;
racing,killCuboid,5,1.5,1.2,-330,7.5,-230,0,0,0,0;
racing,killCuboid,5,5.5,1.2,-130,27.5,-270,0,0,0,0;
racing,killCuboid,5,4.5,1.2,-180,22.5,-270,0,0,0,0;
racing,killCuboid,5,3.5,1.2,-230,17.5,-270,0,0,0,0;
racing,killCuboid,5,2.5,1.2,-280,12.5,-270,0,0,0,0;
racing,killCuboid,5,1.5,1.2,-330,7.5,-270,0,0,0,0;






racing,killCuboid,1,7,42,50,120,290,0,0,0,0;
racing,killCuboid,1,7,42,-50,120,290,0,0,0,0;

racing,killCuboid,4,7,42,0,120,290,0,0,0,0;


racing,killCuboid,1,15.5,6.6,50,77.5,533,0,0,0,0;
racing,killCuboid,1,15.5,6.6,-50,77.5,533,0,0,0,0;



racing,killCuboid,1,6,9.5,50,125,32.5,0,0,0,0;
racing,killCuboid,1,6,9.5,-50,125,32.5,0,0,0,0;


custom,cuboid,metal4,4,6,0.25,0,1,1,1,0.5,0.75,0,125,78.75,0,0,0,0;
custom,cuboid,ice1,2.5,2.5,0.35,0,1,1,1,0.5,0.75,0,125,78.75,0,0,1,0.414;


custom,cuboid,metal4,4,6,0.25,0,1,1,1,0.5,0.75,0,125,501.25,0,0,0,0;
custom,cuboid,ice1,2.5,2.5,0.35,0,1,1,1,0.5,0.75,0,125,501.25,0,0,1,0.414;







custom,cuboid,lava1,4,1,40,0,1,1,1,1.0,8.0,307.5,43,0,-0.12,1,-0.12,-1;
custom,cuboid,metal4,4.1,1,40.1,0,1,1,1,1.0,8.0,307.5,42,0,-0.12,1,-0.12,-1;
racing,killcuboid,3.975,0.975,39.975,307.5,43,0,-0.12,1,-0.12,-1;
custom,cylinder,ice1,1.2,4.75,1.2,0,1,1,1,1,4,495,47.5,-20,0,0,0,0;
custom,cylinder,ice1,1.2,4.25,1.2,0,1,1,1,1,4,445,42.5,-20,0,0,0,0;
custom,cylinder,ice1,1.2,3.75,1.2,0,1,1,1,1,4,395,37.5,-20,0,0,0,0;
custom,cylinder,ice1,1.2,3.25,1.2,0,1,1,1,1,4,345,32.5,-20,0,0,0,0;
custom,cylinder,ice1,1.2,2.75,1.2,0,1,1,1,1,4,295,27.5,-20,0,0,0,0;
custom,cylinder,ice1,1.2,2.25,1.2,0,1,1,1,1,4,245,22.5,-20,0,0,0,0;
custom,cylinder,ice1,1.2,1.75,1.2,0,1,1,1,1,4,195,17.5,-20,0,0,0,0;
custom,cylinder,ice1,1.2,1.25,1.2,0,1,1,1,1,4,145,12.5,-20,0,0,0,0;
custom,cylinder,ice1,1.2,4.75,1.2,0,1,1,1,1,4,495,47.5,20,0,0,0,0;
custom,cylinder,ice1,1.2,4.25,1.2,0,1,1,1,1,4,445,42.5,20,0,0,0,0;
custom,cylinder,ice1,1.2,3.75,1.2,0,1,1,1,1,4,395,37.5,20,0,0,0,0;
custom,cylinder,ice1,1.2,3.25,1.2,0,1,1,1,1,4,345,32.5,20,0,0,0,0;
custom,cylinder,ice1,1.2,2.75,1.2,0,1,1,1,1,4,295,27.5,20,0,0,0,0;
custom,cylinder,ice1,1.2,2.25,1.2,0,1,1,1,1,4,245,22.5,20,0,0,0,0;
custom,cylinder,ice1,1.2,1.75,1.2,0,1,1,1,1,4,195,17.5,20,0,0,0,0;
custom,cylinder,ice1,1.2,1.25,1.2,0,1,1,1,1,4,145,12.5,20,0,0,0,0;
custom,cuboid,lava1,4,1,40,0,1,1,1,1.0,8.0,-307.5,43,0,0.12,1,0.12,-1;
custom,cuboid,metal4,4.1,1,40.1,0,1,1,1,1.0,8.0,-307.5,42,0,0.12,1,0.12,-1;
racing,killcuboid,3.975,0.975,39.975,-307.5,43,0,0.12,1,0.12,-1;
custom,cylinder,ice1,1.2,4.75,1.2,0,1,1,1,1,4,-495,47.5,-20,0,0,0,0;
custom,cylinder,ice1,1.2,4.25,1.2,0,1,1,1,1,4,-445,42.5,-20,0,0,0,0;
custom,cylinder,ice1,1.2,3.75,1.2,0,1,1,1,1,4,-395,37.5,-20,0,0,0,0;
custom,cylinder,ice1,1.2,3.25,1.2,0,1,1,1,1,4,-345,32.5,-20,0,0,0,0;
custom,cylinder,ice1,1.2,2.75,1.2,0,1,1,1,1,4,-295,27.5,-20,0,0,0,0;
custom,cylinder,ice1,1.2,2.25,1.2,0,1,1,1,1,4,-245,22.5,-20,0,0,0,0;
custom,cylinder,ice1,1.2,1.75,1.2,0,1,1,1,1,4,-195,17.5,-20,0,0,0,0;
custom,cylinder,ice1,1.2,1.25,1.2,0,1,1,1,1,4,-145,12.5,-20,0,0,0,0;
custom,cylinder,ice1,1.2,4.75,1.2,0,1,1,1,1,4,-495,47.5,20,0,0,0,0;
custom,cylinder,ice1,1.2,4.25,1.2,0,1,1,1,1,4,-445,42.5,20,0,0,0,0;
custom,cylinder,ice1,1.2,3.75,1.2,0,1,1,1,1,4,-395,37.5,20,0,0,0,0;
custom,cylinder,ice1,1.2,3.25,1.2,0,1,1,1,1,4,-345,32.5,20,0,0,0,0;
custom,cylinder,ice1,1.2,2.75,1.2,0,1,1,1,1,4,-295,27.5,20,0,0,0,0;
custom,cylinder,ice1,1.2,2.25,1.2,0,1,1,1,1,4,-245,22.5,20,0,0,0,0;
custom,cylinder,ice1,1.2,1.75,1.2,0,1,1,1,1,4,-195,17.5,20,0,0,0,0;
custom,cylinder,ice1,1.2,1.25,1.2,0,1,1,1,1,4,-145,12.5,20,0,0,0,0;
racing,killCuboid,25,15.5,1.2,-370,77.5,20,0,0,0,0;
racing,killCuboid,25,15.5,1.2,-370,77.5,-20,0,0,0,0;
racing,killCuboid,5,15.5,1.2,-170,77.5,-20,0,0,0,0;
racing,killCuboid,5,15.5,1.2,-120,77.5,-20,0,0,0,0;
racing,killCuboid,5,15.5,1.2,-220,77.5,20,0,0,0,0;
racing,killCuboid,5,15.5,1.2,-220,77.5,-20,0,0,0,0;
racing,killCuboid,5,15.5,1.2,-170,77.5,20,0,0,0,0;
racing,killCuboid,5,15.5,1.2,-120,77.5,20,0,0,0,0;
racing,killCuboid,25,15.5,1.2,370,77.5,20,0,0,0,0;
racing,killCuboid,25,15.5,1.2,370,77.5,-20,0,0,0,0;
racing,killCuboid,5,15.5,1.2,170,77.5,-20,0,0,0,0;
racing,killCuboid,5,15.5,1.2,120,77.5,-20,0,0,0,0;
racing,killCuboid,5,15.5,1.2,220,77.5,20,0,0,0,0;
racing,killCuboid,5,15.5,1.2,220,77.5,-20,0,0,0,0;
racing,killCuboid,5,15.5,1.2,170,77.5,20,0,0,0,0;
racing,killCuboid,5,15.5,1.2,120,77.5,20,0,0,0,0;
racing,killCuboid,1,15.5,3.6,500,77.5,32,0,0,0,0;
racing,killCuboid,1,15.5,3.6,500,77.5,-32,0,0,0,0;
racing,killCuboid,1,15.5,3.6,-500,77.5,32,0,0,0,0;
racing,killCuboid,1,15.5,3.6,-500,77.5,-32,0,0,0,0;
racing,killCuboid,1,6,4,95,125,0,0,0,0,0;
racing,killCuboid,1,6,4,-95,125,0,0,0,0,0;
racing,killCuboid,1,8.5,3,-500,42.5,0,0,0,0,0;
racing,killCuboid,1,8.5,3,500,42.5,0,0,0,0,0;
custom,cylinder,lava1,1,7.75,1,0,1,1,1,1.0,8.0,95,77.5,20,0,0,0,0;
custom,cylinder,lava1,1,7.75,1,0,1,1,1,1.0,8.0,95,77.5,-20,0,0,0,0;
custom,cylinder,lava1,1,7.75,1,0,1,1,1,1.0,8.0,-95,77.5,20,0,0,0,0;
custom,cylinder,lava1,1,7.75,1,0,1,1,1,1.0,8.0,-95,77.5,-20,0,0,0,0;
custom,cylinder,ice1,1.2,4.25,1.2,0,1,1,1,1.0,4.0,95,42.5,20,0,0,0,0;
custom,cylinder,ice1,1.2,4.25,1.2,0,1,1,1,1.0,4.0,95,42.5,-20,0,0,0,0;
custom,cylinder,ice1,1.2,4.25,1.2,0,1,1,1,1.0,4.0,-95,42.5,20,0,0,0,0;
custom,cylinder,ice1,1.2,4.25,1.2,0,1,1,1,1.0,4.0,-95,42.5,-20,0,0,0,0;




racing,killCuboid,15,1,4,380,20,535,0,0,0,0;
racing,killCuboid,15,2.5,1,380,12.5,510,0,0,0,0;
racing,killCuboid,1,2.5,5,300,12.5,530,0,0,0,0;
racing,killCuboid,14.5,15.5,1,527.5,77.5,510,0,0,0,0;
racing,killCuboid,1,13,5,450,90,530,0,0,0,0;
racing,killCylinder,1,7.75,1,575,77.5,575,0,0,0,0;
racing,killCylinder,1,7.75,1,575,77.5,535,0,0,0,0;
racing,checkpointCylinder,0.75,4.75,0.75,575,47.5,575,0,0,0,0;
racing,checkpointCylinder,0.75,4.75,0.75,575,47.5,535,0,0,0,0;

racing,killCuboid,15,1,4,-380,20,535,0,0,0,0;
racing,killCuboid,15,2.5,1,-380,12.5,510,0,0,0,0;
racing,killCuboid,1,2.5,5,-300,12.5,530,0,0,0,0;
racing,killCuboid,14.5,15.5,1,-527.5,77.5,510,0,0,0,0;
racing,killCuboid,1,13,5,-450,90,530,0,0,0,0;
racing,killCylinder,1,7.75,1,-575,77.5,575,0,0,0,0;
racing,killCylinder,1,7.75,1,-575,77.5,535,0,0,0,0;
racing,checkpointCylinder,0.75,4.75,0.75,-575,47.5,575,0,0,0,0;
racing,checkpointCylinder,0.75,4.75,0.75,-575,47.5,535,0,0,0,0;

racing,killCuboid,19,8.5,1.2,0,42.5,-20,0,0,0,0;
racing,killCuboid,7,8.5,1,0,42.5,20,0,1,0,1;
racing,killCuboid,19,8.5,1.2,0,42.5,60,0,0,0,0;
racing,killCuboid,5,8.5,1.2,70,42.5,20,0,0,0,0;
racing,killCuboid,5,8.5,1.2,-70,42.5,20,0,0,0,0;
racing,killCuboid,1,8.5,7,140,42.5,60,0,0,0,0;
racing,killCuboid,1,8.5,7,-140,42.5,60,0,0,0,0;
racing,killCuboid,29,8.5,1,0,42.5,100,0,0,0,0;



custom,cylinder,ice1,1.2,4.25,1.2,0,1,1,1,1.0,4.0,0,42.5,60,0,0,0,0;


racing,killCylinder,1.2,4.25,1.2,95,42.5,60,0,0,0,0;
racing,killCylinder,1.2,4.25,1.2,-95,42.5,60,0,0,0,0;
racing,killCylinder,1.2,4.25,1.2,45,42.5,20,0,0,0,0;
racing,killCylinder,1.2,4.25,1.2,-45,42.5,20,0,0,0,0;

misc,barrier,29,1,7,0,90,60,0,0,0,0;
misc,barrier,29,1,7,0,90,60,0,0,0,0;


racing,killCuboid,9.5,9.5,1,552.5,47.5,-55,0,0,0,0;

racing,killCuboid,5,8.5,0.5,552.5,42.5,-62.5,0,0,0,0;
racing,killCuboid,5,7.5,0.5,552.5,37.5,-77.5,0,0,0,0;
racing,killCuboid,5,6.5,0.5,552.5,32.5,-92.5,0,0,0,0;
racing,killCuboid,5,5.5,0.5,552.5,27.5,-107.5,0,0,0,0;
racing,killCuboid,5,4.5,0.5,552.5,22.5,-122.5,0,0,0,0;
racing,killCuboid,5,3.5,0.5,552.5,17.5,-137.5,0,0,0,0;
racing,killCuboid,5,2.5,0.5,552.5,12.5,-152.5,0,0,0,0;
racing,killCuboid,5,1.5,0.5,552.5,7.5,-167.5,0,0,0,0;
racing,killCuboid,5,0.5,0.5,552.5,2.5,-182.5,0,0,0,0;


custom,cylinder,ice1,0.5,2.5,0.5,0,1,1,1,1,1,552.5,85,-62.5,0,0,1,1;
custom,cylinder,ice1,0.5,2.5,0.5,0,1,1,1,1,1,552.5,75,-77.5,0,0,1,1;
custom,cylinder,ice1,0.5,2.5,0.5,0,1,1,1,1,1,552.5,65,-92.5,0,0,1,1;
custom,cylinder,ice1,0.5,2.5,0.5,0,1,1,1,1,1,552.5,55,-107.5,0,0,1,1;
custom,cylinder,ice1,0.5,2.5,0.5,0,1,1,1,1,1,552.5,45,-122.5,0,0,1,1;
custom,cylinder,ice1,0.5,2.5,0.5,0,1,1,1,1,1,552.5,35,-137.5,0,0,1,1;
custom,cylinder,ice1,0.5,2.5,0.5,0,1,1,1,1,1,552.5,25,-152.5,0,0,1,1;
custom,cylinder,ice1,0.5,2.5,0.5,0,1,1,1,1,1,552.5,15,-167.5,0,0,1,1;
custom,cylinder,ice1,0.5,2.5,0.5,0,1,1,1,1,1,552.5,5,-182.5,0,0,1,1;



racing,killCuboid,1,15.5,14,522.5,77.5,-120,0,0,0,0;
racing,killCuboid,1,15.5,14,582.5,77.5,-120,0,0,0,0;

racing,killCuboid,1.25,15.5,1,511.25,77.5,-185,0,0,0,0;
racing,killCuboid,1.25,15.5,1,593.75,77.5,-185,0,0,0,0;
racing,killCuboid,1.25,15.5,1,511.25,77.5,-55,0,0,0,0;
racing,killCuboid,1.25,15.5,1,593.75,77.5,-55,0,0,0,0;

racing,killCuboid,10,7,1,550,120,50,0,0,0,0;
racing,killCuboid,10,15.5,1,-550,77.5,-50,0,0,0,0;

custom,cuboid,ice1,5,0.5,5,0,1,1,1,1.0,1.0,-550,2.5,0,0,0,0,0;
custom,cuboid,ice1,5,0.5,5,0,1,1,1,1.0,1.0,-550,2.4,0,0,1,0,0.414;
custom,cuboid,metal4,5.1,0.5,5.1,0,1,1,1,1.0,0.25,-550,2.3,0,0,0,0,0;
custom,cuboid,metal4,5.1,0.5,5.1,0,1,1,1,1.0,0.25,-550,2.2,0,0,1,0,0.414;
racing,checkpointCuboid,0.7,16,0.7,-550,5,0,0,1,0,1;
racing,checkpointCuboid,0.7,16,0.7,-550,5,0,0,0.414,0,1;

custom,cuboid,ice1,5,0.5,5,0,1,1,1,1.0,1.0,550,2.5,0,0,0,0,0;
custom,cuboid,ice1,5,0.5,5,0,1,1,1,1.0,1.0,550,2.4,0,0,1,0,0.414;
custom,cuboid,metal4,5.1,0.5,5.1,0,1,1,1,1.0,0.25,550,2.3,0,0,0,0,0;
custom,cuboid,metal4,5.1,0.5,5.1,0,1,1,1,1.0,0.25,550,2.2,0,0,1,0,0.414;
racing,checkpointCuboid,0.7,16,0.7,550,5,0,0,1,0,1;
racing,checkpointCuboid,0.7,16,0.7,550,5,0,0,0.414,0,1;




racing,killCuboid,1,6.5,10,50,52.5,290,0,0,0,0;
racing,killCuboid,1,2,4,50,10,260,0,0,0,0;
racing,killCuboid,1,2,4,50,10,320,0,0,0,0;
custom,checkpointCuboid,default,1.75,0.25,2.75,0,1,1,1,1.0,1.0,45,22.5,290,0,0,0,0;
custom,checkpointCuboid,default,1.75,1.75,0.25,0,1,1,1,1.0,1.0,45,10,277.5,0,0,0,0;
custom,checkpointCuboid,default,1.75,1.75,0.25,0,1,1,1,1.0,1.0,45,10,302.5,0,0,0,0;
custom,checkpointCuboid,default,1.75,0.15,2.75,0,1,1,1,1.0,1.0,45,22.5,290,0,0,0,0;
custom,checkpointCuboid,default,1.75,1.75,0.15,0,1,1,1,1.0,1.0,45,10,277.5,0,0,0,0;
custom,checkpointCuboid,default,1.75,1.75,0.15,0,1,1,1,1.0,1.0,45,10,302.5,0,0,0,0;

racing,killCuboid,1,-6.5,10,-50,52.5,290,0,0,0,0;
racing,killCuboid,1,-2,4,-50,10,260,0,0,0,0;
racing,killCuboid,1,-2,4,-50,10,320,0,0,0,0;
custom,checkpointCuboid,default,1.75,-0.25,2.75,0,1,1,1,1.0,1.0,-45,22.5,290,0,0,0,0;
custom,checkpointCuboid,default,1.75,-1.75,0.25,0,1,1,1,1.0,1.0,-45,10,277.5,0,0,0,0;
custom,checkpointCuboid,default,1.75,-1.75,0.25,0,1,1,1,1.0,1.0,-45,10,302.5,0,0,0,0;
custom,checkpointCuboid,default,1.75,-0.15,2.75,0,1,1,1,1.0,1.0,-45,22.5,290,0,0,0,0;
custom,checkpointCuboid,default,1.75,-1.75,0.15,0,1,1,1,1.0,1.0,-45,10,277.5,0,0,0,0;
custom,checkpointCuboid,default,1.75,-1.75,0.15,0,1,1,1,1.0,1.0,-45,10,302.5,0,0,0,0;

racing,killCuboid,9,1,4,0,25,290,0,0,0,0;
racing,killCuboid,9,2,1,0,10,275,0,0,0,0;
racing,killCuboid,9,2,1,0,10,305,0,0,0,0;

racing,killCuboid,1,8.5,16,-50,42.5,420,0,0,0,0;
racing,killCuboid,1,8.5,16,50,42.5,420,0,0,0,0;

racing,killCuboid,2,8.5,10,0,42.5,420,0,0,0,0;
racing,killCylinder,2,4.25,2,0,42.5,470,0,0,0,0;
racing,killCylinder,2,4.25,2,0,42.5,370,0,0,0,0;

racing,killCuboid,1,8.5,13.5,-50,42.5,172.5,0,0,0,0;
racing,killCuboid,1,8.5,10,50,42.5,190,0,0,0,0;



racing,killCuboid,3,15.5,40,-440,77.5,255,0,0,0,0;
racing,killCuboid,7.5,15.5,3,-462.5,77.5,40,0,0,0,0;

racing,killCylinder,10,7.75,10,-550,77.5,405,0,0,0,0;
racing,killCylinder,10,7.75,10,-505,77.5,280,0,0,0,0;
racing,killCylinder,10,7.75,10,-550,77.5,155,0,0,0,0;


custom,cylinder,lava1,1,7.75,1,0,1,1,1,1.0,8.0,-550,77.5,405,0,0,0,0;
custom,cylinder,ice1,1.2,4.25,1.2,0,1,1,1,1.0,4.0,-550,42.5,405,0,0,0,0;
custom,cylinder,lava1,1,7.75,1,0,1,1,1,1.0,8.0,-505,77.5,280,0,0,0,0;
custom,cylinder,ice1,1.2,4.25,1.2,0,1,1,1,1.0,4.0,-505,42.5,280,0,0,0,0;
custom,cylinder,lava1,1,7.75,1,0,1,1,1,1.0,8.0,-550,77.5,155,0,0,0,0;
custom,cylinder,ice1,1.2,4.25,1.2,0,1,1,1,1.0,4.0,-550,42.5,155,0,0,0,0;

racing,killCuboid,5,15.5,1,-575,77.5,110,0,0,0,0;
racing,killCuboid,5,15.5,1,-575,77.5,200,0,0,0,0;
racing,killCuboid,5,15.5,1,-480,77.5,235,0,0,0,0;
racing,killCuboid,5,15.5,1,-480,77.5,325,0,0,0,0;
racing,killCuboid,5,15.5,1,-575,77.5,360,0,0,0,0;
racing,killCuboid,5,15.5,1,-575,77.5,450,0,0,0,0;





racing,killCuboid,30,15.5,1,-205,77.5,240,0,0,0,0;
racing,killCuboid,30,15.5,1,-205,77.5,340,0,0,0,0;
racing,killCuboid,2,2,3.5,-345,125,317.5,0,0,0,0;
racing,killCuboid,2,2,3.5,-345,125,262.5,0,0,0,0;
racing,killCuboid,2,2,9,-345,145,290,0,0,0,0;
racing,killCuboid,2,11.5,9,-345,57.5,290,0,0,0,0;
custom,checkpointCuboid,default,1.75,1.75,0.25,0,1,1,1,1.0,1.0,-345,125,302.5,0,0,0,0;
custom,checkpointCuboid,default,1.75,1.75,0.25,0,1,1,1,1.0,1.0,-345,125,277.5,0,0,0,0;
custom,checkpointCuboid,default,1.75,0.25,2.75,0,1,1,1,1.0,1.0,-345,137.5,290,0,0,0,0;
custom,checkpointCuboid,default,1.75,0.25,2.75,0,1,1,1,1.0,1.0,-345,112.5,290,0,0,0,0;
custom,checkpointCuboid,default,1.75,1.75,0.15,0,1,1,1,1.0,1.0,-345,125,302.5,0,0,0,0;
custom,checkpointCuboid,default,1.75,1.75,0.15,0,1,1,1,1.0,1.0,-345,125,277.5,0,0,0,0;
custom,checkpointCuboid,default,1.75,0.15,2.75,0,1,1,1,1.0,1.0,-345,137.5,290,0,0,0,0;
custom,checkpointCuboid,default,1.75,0.15,2.75,0,1,1,1,1.0,1.0,-345,112.5,290,0,0,0,0;

racing,killCuboid,30,15.5,1,205,77.5,240,0,0,0,0;
racing,killCuboid,30,15.5,1,205,77.5,340,0,0,0,0;
racing,killCuboid,2,2,3.5,345,125,317.5,0,0,0,0;
racing,killCuboid,2,2,3.5,345,125,262.5,0,0,0,0;
racing,killCuboid,2,2,9,345,145,290,0,0,0,0;
racing,killCuboid,2,11.5,9,345,57.5,290,0,0,0,0;
custom,checkpointCuboid,default,1.75,1.75,0.25,0,1,1,1,1.0,1.0,345,125,302.5,0,0,0,0;
custom,checkpointCuboid,default,1.75,1.75,0.25,0,1,1,1,1.0,1.0,345,125,277.5,0,0,0,0;
custom,checkpointCuboid,default,1.75,0.25,2.75,0,1,1,1,1.0,1.0,345,137.5,290,0,0,0,0;
custom,checkpointCuboid,default,1.75,0.25,2.75,0,1,1,1,1.0,1.0,345,112.5,290,0,0,0,0;
custom,checkpointCuboid,default,1.75,1.75,0.15,0,1,1,1,1.0,1.0,345,125,302.5,0,0,0,0;
custom,checkpointCuboid,default,1.75,1.75,0.15,0,1,1,1,1.0,1.0,345,125,277.5,0,0,0,0;
custom,checkpointCuboid,default,1.75,0.15,2.75,0,1,1,1,1.0,1.0,345,137.5,290,0,0,0,0;
custom,checkpointCuboid,default,1.75,0.15,2.75,0,1,1,1,1.0,1.0,345,112.5,290,0,0,0,0;

racing,killCuboid,2,2,3.5,-345,125,217.5,0,0,0,0;
racing,killCuboid,2,2,3.5,-345,125,162.5,0,0,0,0;
racing,killCuboid,2,2,9,-345,145,190,0,0,0,0;
racing,killCuboid,2,11.5,9,-345,57.5,190,0,0,0,0;
custom,checkpointCuboid,default,1.75,1.75,0.25,0,1,1,1,1,1,-345,125,202.5,0,0,0,0;
custom,checkpointCuboid,default,1.75,1.75,0.25,0,1,1,1,1,1,-345,125,177.5,0,0,0,0;
custom,checkpointCuboid,default,1.75,0.25,2.75,0,1,1,1,1,1,-345,137.5,190,0,0,0,0;
custom,checkpointCuboid,default,1.75,0.25,2.75,0,1,1,1,1,1,-345,112.5,190,0,0,0,0;
custom,checkpointCuboid,default,1.75,1.75,0.15,0,1,1,1,1,1,-345,125,202.5,0,0,0,0;
custom,checkpointCuboid,default,1.75,1.75,0.15,0,1,1,1,1,1,-345,125,177.5,0,0,0,0;
custom,checkpointCuboid,default,1.75,0.15,2.75,0,1,1,1,1,1,-345,137.5,190,0,0,0,0;
custom,checkpointCuboid,default,1.75,0.15,2.75,0,1,1,1,1,1,-345,112.5,190,0,0,0,0;






custom,cylinder,lava1,1,7.75,1,0,1,1,1,1.0,8.0,-440,77.5,455,0,0,0,0;
custom,cylinder,ice1,1.2,4.25,1.2,0,1,1,1,1.0,4.0,-440,42.5,455,0,0,0,0;
racing,killcylinder,3,7.75,3,-440,77.5,455,0,0,0,0;

custom,cylinder,lava1,1,7.75,1,0,1,1,1,1.0,8.0,-345,77.5,345,0,0,0,0;
custom,cylinder,ice1,1.2,4.25,1.2,0,1,1,1,1.0,4.0,-345,42.5,345,0,0,0,0;
custom,cylinder,lava1,1,7.75,1,0,1,1,1,1.0,8.0,-345,77.5,135,0,0,0,0;
custom,cylinder,ice1,1.2,4.25,1.2,0,1,1,1,1.0,4.0,-345,42.5,135,0,0,0,0;


custom,cylinder,lava1,1,7.75,1,0,1,1,1,1.0,8.0,355,77.5,340,0,0,0,0;
custom,cylinder,ice1,1.2,4.25,1.2,0,1,1,1,1.0,4.0,355,42.5,340,0,0,0,0;



racing,killCuboid,2,15.5,2,-500,77.5,405,0,0.414,0,1;
racing,killCuboid,2,15.5,2,-455,77.5,405,0,0.414,0,1;
racing,killCuboid,1.5,15.5,1.5,-555,77.5,280,0,0.414,0,1;
racing,killCuboid,1.5,15.5,1.5,-600,77.5,280,0,0.414,0,1;
racing,killCuboid,1,15.5,1,-500,77.5,155,0,0.414,0,1;
racing,killCuboid,1,15.5,1,-455,77.5,155,0,0.414,0,1;

custom,checkpointCuboid,default,1.75,9.5,1.75,0,1,1,1,1.0,1.0,-500,47.5,405,0,0.414,0,1;
custom,checkpointCuboid,default,1.75,9.5,1.75,0,1,1,1,1.0,1.0,-455,47.5,405,0,0.414,0,1;
custom,checkpointCuboid,default,1.25,9.5,1.25,0,1,1,1,1.0,1.0,-555,47.5,280,0,0.414,0,1;
custom,checkpointCuboid,default,1.25,9.5,1.25,0,1,1,1,1.0,1.0,-600,47.5,280,0,0.414,0,1;
custom,checkpointCuboid,default,0.75,9.5,0.75,0,1,1,1,1.0,1.0,-500,47.5,155,0,0.414,0,1;
custom,checkpointCuboid,default,0.75,9.5,0.75,0,1,1,1,1.0,1.0,-455,47.5,155,0,0.414,0,1;



racing,killCylinder,1,7.75,1,-100,77.5,260,0,0,0,0;
racing,killCylinder,1,7.75,1,-100,77.5,320,0,0,0,0;
racing,killCylinder,1,7.75,1,-200,77.5,260,0,0,0,0;
racing,killCylinder,1,7.75,1,-200,77.5,320,0,0,0,0;
racing,killCylinder,1,7.75,1,-300,77.5,260,0,0,0,0;
racing,killCylinder,1,7.75,1,-300,77.5,320,0,0,0,0;
custom,checkpointCylinder,default,0.75,4.75,0.75,0,1,1,1,1.0,1.0,-100,47.5,260,0,0,0,0;
custom,checkpointCylinder,default,0.75,4.75,0.75,0,1,1,1,1.0,1.0,-100,47.5,320,0,0,0,0;
custom,checkpointCylinder,default,0.75,4.75,0.75,0,1,1,1,1.0,1.0,-200,47.5,260,0,0,0,0;
custom,checkpointCylinder,default,0.75,4.75,0.75,0,1,1,1,1.0,1.0,-200,47.5,320,0,0,0,0;
custom,checkpointCylinder,default,0.75,4.75,0.75,0,1,1,1,1.0,1.0,-300,47.5,260,0,0,0,0;
custom,checkpointCylinder,default,0.75,4.75,0.75,0,1,1,1,1.0,1.0,-300,47.5,320,0,0,0,0;

racing,killCylinder,1,7.75,1,100,77.5,260,0,0,0,0;
racing,killCylinder,1,7.75,1,100,77.5,320,0,0,0,0;
racing,killCylinder,1,7.75,1,200,77.5,260,0,0,0,0;
racing,killCylinder,1,7.75,1,200,77.5,320,0,0,0,0;
racing,killCylinder,1,7.75,1,300,77.5,260,0,0,0,0;
racing,killCylinder,1,7.75,1,300,77.5,320,0,0,0,0;
custom,checkpointCylinder,default,0.75,4.75,0.75,0,1,1,1,1.0,1.0,100,47.5,260,0,0,0,0;
custom,checkpointCylinder,default,0.75,4.75,0.75,0,1,1,1,1.0,1.0,100,47.5,320,0,0,0,0;
custom,checkpointCylinder,default,0.75,4.75,0.75,0,1,1,1,1.0,1.0,200,47.5,260,0,0,0,0;
custom,checkpointCylinder,default,0.75,4.75,0.75,0,1,1,1,1.0,1.0,200,47.5,320,0,0,0,0;
custom,checkpointCylinder,default,0.75,4.75,0.75,0,1,1,1,1.0,1.0,300,47.5,260,0,0,0,0;
custom,checkpointCylinder,default,0.75,4.75,0.75,0,1,1,1,1.0,1.0,300,47.5,320,0,0,0,0;


racing,killCuboid,1,15.5,21,-290,77.5,450,0,0,0,0;


racing,killCuboid,7,1,21,-390,90,240,0,0,0,0;

racing,killCuboid,7,6,1,-390,125,340,0,0,0,0;
racing,killCuboid,7,6,1,-390,125,140,0,0,0,0;


racing,killCuboid,21,15.5,1,-175,77.5,130,0,1,0,1;

racing,killCuboid,1,15.5,1,-200,77.5,55,0,0.414,0,1;
racing,checkpointCuboid,0.75,9.5,0.75,-200,47.5,55,0,0.414,0,1;
racing,killCuboid,1,15.5,1,-200,77.5,130,0,0.414,0,1;
racing,checkpointCuboid,0.75,9.5,0.75,-200,47.5,130,0,0.414,0,1;
racing,killCuboid,1,15.5,1,-200,77.5,205,0,0.414,0,1;
racing,checkpointCuboid,0.75,9.5,0.75,-200,47.5,205,0,0.414,0,1;


racing,killCuboid,6,15.5,1,-325,77.5,140,0,0,0,0;
racing,killCylinder,2,7.75,1,-295,77.5,140,0,0,0,0;


racing,killCuboid,6,15.5,1,-350,77.5,115,0,1,0,1;
racing,killCylinder,2,7.75,1,-350,77.5,85,0,1,0,1;





racing,killCuboid,1,15.5,1,-350,77.5,475,0,0.414,0,1;
racing,killCuboid,1,15.5,1,-350,77.5,425,0,0.414,0,1;
racing,killCuboid,1,15.5,1,-350,77.5,375,0,0.414,0,1;

racing,checkpointCuboid,0.75,9.5,0.75,-350,47.5,475,0,0.414,0,1;
racing,checkpointCuboid,0.75,9.5,0.75,-350,47.5,425,0,0.414,0,1;
racing,checkpointCuboid,0.75,9.5,0.75,-350,47.5,375,0,0.414,0,1;


racing,killCuboid,2,6,1,-365,125,240,0,0,0,0;
racing,killCuboid,2,6,1,-415,125,240,0,0,0,0;
racing,killCylinder,1,3,1,-375,125,240,0,0,0,0;
racing,killCylinder,1,3,1,-405,125,240,0,0,0,0;




racing,killCuboid,4.5,8.5,1,-377.5,42.5,240,0,0,0,0;
racing,killCylinder,1,4.25,1,-400,42.5,240,0,0,0,0;

racing,killCuboid,4.5,8.5,1,-402.5,42.5,340,0,0,0,0;
racing,killCylinder,1,4.25,1,-380,42.5,340,0,0,0,0;

racing,killCuboid,4.5,8.5,1,-402.5,42.5,140,0,0,0,0;
racing,killCylinder,1,4.25,1,-380,42.5,140,0,0,0,0;



custom,cylinder,lava1,1,7.75,1,0,1,1,1,1.0,8.0,-355,77.5,240,0,0,0,0;
custom,cylinder,ice1,1.2,4.25,1.2,0,1,1,1,1.0,4.0,-355,42.5,240,0,0,0,0;
custom,cylinder,ice1,1.2,4.25,1.2,0,1,1,1,1.0,4.0,-425,42.5,340,0,0,0,0;
custom,cylinder,ice1,1.2,4.25,1.2,0,1,1,1,1.0,4.0,-425,42.5,140,0,0,0,0;




racing,killCuboid,5,15.5,2,575,77.5,420,0,0,0,0;
racing,killCylinder,2,7.75,2,550,77.5,420,0,0,0,0;
racing,killCuboid,5,15.5,2,575,77.5,320,0,0,0,0;
racing,killCylinder,2,7.75,2,550,77.5,320,0,0,0,0;
racing,killCuboid,5,15.5,2,575,77.5,220,0,0,0,0;
racing,killCylinder,2,7.75,2,550,77.5,220,0,0,0,0;
racing,killCuboid,5,15.5,2,575,77.5,120,0,0,0,0;
racing,killCylinder,2,7.75,2,550,77.5,120,0,0,0,0;

racing,killCylinder,1,7.75,1,575,77.5,170,0,0,0,0;
racing,killCylinder,1,7.75,1,575,77.5,270,0,0,0,0;
racing,killCylinder,1,7.75,1,575,77.5,370,0,0,0,0;
racing,checkpointcylinder,0.75,4.75,0.75,575,47.5,170,0,0,0,0;
racing,checkpointcylinder,0.75,4.75,0.75,575,47.5,270,0,0,0,0;
racing,checkpointcylinder,0.75,4.75,0.75,575,47.5,370,0,0,0,0;



racing,killCuboid,13.5,15.5,1,422.5,77.5,240,0,0,0,0;











custom,cylinder,ice1,1.2,4.25,1.2,0,1,1,1,1.0,4.0,50,42.5,140,0,0,0,0;

racing,killCuboid,1,15.5,28.5,495,77.5,297.5,0,0,0,0;
racing,killCuboid,1,15.5,7,495,77.5,60,0,0,0,0;


racing,killCuboid,4,8.5,1,330,42.5,125,0,0.7071068,0,0.7071068;
racing,killCuboid,1,15.5,34,330,77.5,100,0,0.7071068,0,0.7071068;
racing,killCuboid,1,15.5,34,330,77.5,150,0,0.7071068,0,0.7071068;
racing,killCuboid,4,1,24,330,90,125,0,0.7071068,0,0.7071068;
custom,cylinder,metal4,1,2,1,0,1,1,1,0.5,1,210,90,125,0.5,0.5,0.5,0.5;
custom,cylinder,metal4,1,2,1,0,1,1,1,0.5,1,450,90,125,0.5,0.5,0.5,0.5;
racing,killCuboid,4,1,12,220,42.5,125,0,0.7071068,0,0.7071068;
racing,killCuboid,4,1,12,440,42.5,125,0,0.7071068,0,0.7071068;
custom,cylinder,metal4,1,2,1,0,1,1,1,0.5,1,280,42.5,125,0.5,0.5,0.5,0.5;
custom,cylinder,metal4,1,2,1,0,1,1,1,0.5,1,380,42.5,125,0.5,0.5,0.5,0.5;
racing,killCuboid,4,1,34,330,150,125,0,0.7071068,0,0.7071068;
racing,killCuboid,4,9.75,1,495,96.25,125,0,0.7071068,0,0.7071068;
racing,killCuboid,4,9.75,1,165,96.25,125,0,0.7071068,0,0.7071068;
custom,cylinder,ice1,1.2,1.875,1.2,0,1,1,1,1,1,500,18.75,100,0,0.7071068,0,0.7071068;
custom,cylinder,ice1,1.2,1.875,1.2,0,1,1,1,1,1,500,18.75,150,0,0.7071068,0,0.7071068;

racing,killcylinder,1.2,5.875,1.2,500,96.25,100,0,0.7071068,0,0.7071068;
racing,killcylinder,1.2,5.875,1.2,500,96.25,150,0,0.7071068,0,0.7071068;


racing,killCuboid,10.5,8.5,1,107.5,42.5,150,0,0,0,0;
racing,killCuboid,1.5,8.5,1,152.5,42.5,100,0,0,0,0;

misc,barrier,11,1,6,105,90,125,0,0,0,0;
misc,barrier,11,1,6,105,90,125,0,0,0,0;




racing,killCuboid,2,-2,3.5,345,30,417.5,0,0,0,0;
racing,killCuboid,2,-2,3.5,345,30,362.5,0,0,0,0;
racing,killCuboid,2,-2,9,345,10,390,0,0,0,0;
racing,killCuboid,2,-11.5,9,345,97.5,390,0,0,0,0;
custom,checkpointCuboid,default,1.75,-1.75,0.25,0,1,1,1,1,1,345,30,402.5,0,0,0,0;
custom,checkpointCuboid,default,1.75,-1.75,0.25,0,1,1,1,1,1,345,30,377.5,0,0,0,0;
custom,checkpointCuboid,default,1.75,-0.25,2.75,0,1,1,1,1,1,345,17.5,390,0,0,0,0;
custom,checkpointCuboid,default,1.75,-0.25,2.75,0,1,1,1,1,1,345,42.5,390,0,0,0,0;
custom,checkpointCuboid,default,1.75,-1.75,0.15,0,1,1,1,1,1,345,30,402.5,0,0,0,0;
custom,checkpointCuboid,default,1.75,-1.75,0.15,0,1,1,1,1,1,345,30,377.5,0,0,0,0;
custom,checkpointCuboid,default,1.75,-0.15,2.75,0,1,1,1,1,1,345,17.5,390,0,0,0,0;
custom,checkpointCuboid,default,1.75,-0.15,2.75,0,1,1,1,1,1,345,42.5,390,0,0,0,0;




racing,killCuboid,35.5,15.5,1,422.5,77.5,500,0,0,0,0;
racing,killCuboid,21,15.5,1,390,77.5,440,0,0,0,0;

racing,killCuboid,1,15.5,16,240,77.5,425,0,0,0,0;



custom,cylinder,lava1,1,7.75,1,0,1,1,1,1.0,8.0,495,77.5,440,0,0,0,0;
custom,cylinder,ice1,1.2,4.25,1.2,0,1,1,1,1.0,4.0,495,42.5,440,0,0,0,0;

racing,killcylinder,1,7.75,1,285,77.5,440,0,0,0,0;



racing,killCuboid,10,15.5,1,460,77.5,275,0,-0.414,0,1;
racing,killCuboid,10,15.5,1,460,77.5,405,0,0.414,0,1;


custom,cuboid,ice1,4,4,0.25,0,1,1,1,2.0,2.0,0,42.5,600,0,0,0.414,1;


