map,disablebounds;
custom,cuboid,default,16.00551,3.200459,6.469862,1,0,0,1,1,1,38.64878,165.285,818.4776,0.4929879,0.5088778,0.50995,-0.4878088;
custom,cuboid,default,-16.20218,2.556822,84.37392,0,1,1,1,1,1,428.0607,130.1384,962.4022,0,0.6926461,0,0.7212777;
racing,startCuboid,0.8916164,5.390582,11.55278,14.04369,168.8182,-392.9987,0,0.7059509,0,-0.7082608;
racing,checkpointCuboid,0.1058695,10.53613,0.1247945,10.68807,138.8597,221.7173,0,0.9241064,0,-0.3821354;
racing,checkpointCuboid,1,10,10,721.5912,194.0506,514.9485,0,0.9997439,0,0.02263386;
custom,cuboid,default,6.118976,8.074269,13.30068,1,0,0,1,1,1,18.25278,163.6091,-553.9825,0.484422,0.4928987,0.5074567,0.514659;
custom,cuboid,default,134.2055,4.259274,5.903876,1,0,0,1,1,1,-71.18615,172.6417,78.98351,0.4946356,0.5104539,0.5083518,-0.4861593;
custom,cuboid,default,136.0108,11.50211,15.08893,0,1,1,1,1,1,-5.371654,86.12896,166.457,0,0.6926461,0,0.7212777;
custom,cuboid,default,45.53528,11.50211,15.82881,0,1,1,1,1,1,-51.75455,86.6498,814.9093,0,0.6926461,0,0.7212777;
custom,cuboid,default,134.2055,4.259274,5.518257,1,0,0,1,1,1,67.03304,170.2229,86.4336,0.4929879,0.5088778,0.50995,-0.4878088;
spawnpoint,playerM,20.25221,187.9601,-472.3503,0,0.9996544,0,0.02628854;
custom,cuboid,default,73.76997,4.259274,9.55425,1,0,0,1,1,1,-85.17179,153.5132,431.8775,0.4946356,0.5104539,0.5083518,-0.4861593;
custom,cuboid,default,16.00551,3.89534,7.818782,1,0,0,1,1,1,-98.33704,165.285,820.8683,0.4929879,0.5088778,0.50995,-0.4878088;
custom,cuboid,default,16.00551,3.89534,7.818782,1,0,0,1,1,1,-103.3758,165.285,958.6079,0.4929879,0.5088778,0.50995,-0.4878088;
custom,cuboid,default,16.00551,3.89534,7.818782,1,0,0,1,1,1,-35.35464,165.285,1029.956,0.7084389,0.01037897,0.01480253,-0.7055406;
custom,cuboid,default,-14.09709,2.697693,62.28334,0,1,1,1,1,1,805.6606,130.1384,760.9392,0,0.9998437,0,0.0176797;
custom,cuboid,default,105.8506,3.89534,7.818782,1,0,0,1,1,1,340.9293,180.4233,1040.171,0.7084389,0.01037897,0.01480253,-0.7055406;
custom,cuboid,default,71.34258,3.89534,7.818782,1,0,0,1,1,1,395.5532,179.8505,894.0914,0.7084389,0.01037897,0.01480253,-0.7055406;
custom,cuboid,default,33.07803,7.431296,6.469862,1,0,0,1,1,1,720.6107,167.2199,731.7269,0.4929879,0.5088778,0.50995,-0.4878088;
custom,cuboid,default,59.47716,3.200459,6.469862,1,0,0,1,1,1,884.0891,167.2199,757.3568,0.4929879,0.5088778,0.50995,-0.4878088;
custom,cuboid,default,-11.94042,2.352266,39.82558,0,1,1,1,1,1,593.6765,130.1384,637.2374,0,0.9999506,0,0.009945579;
custom,cuboid,default,-10.80501,2.352266,14.1517,0,1,1,1,1,1,687.4019,130.1384,529.0229,0,0.9999506,0,0.009945579;
custom,cuboid,default,29.99726,3.200459,6.469862,1,0,0,1,1,1,526.5334,167.2199,588.9639,0.4929879,0.5088778,0.50995,-0.4878088;
custom,cuboid,default,36.6741,3.200459,6.469862,1,0,0,1,1,1,715.6331,167.2199,446.5243,0.7084894,-0.00598857,-0.001498876,-0.7056945;
custom,cuboid,default,27.81502,3.200459,6.469862,1,0,0,1,1,1,655.3282,167.2199,701.7155,0.4929879,0.5088778,0.50995,-0.4878088;
custom,cuboid,default,4.653156,2.344016,6.48609,1,0,0,1,1,1,682.4044,166.8471,577.6412,-0.005650041,0.7092029,0.7049016,0.01063566;
custom,cuboid,default,47.00378,3.200459,6.469862,1,0,0,1,1,1,383.1407,167.2199,591.4672,0.5023221,0.4996661,0.5008339,-0.4971638;
custom,cuboid,default,-11.94042,2.352266,38.21154,0,1,1,1,1,1,460.7205,130.1384,639.558,0,0.9999506,0,0.009945579;
custom,cuboid,default,71.34258,3.89534,7.818782,1,0,0,1,1,1,394.6769,179.8505,843.8887,0.7084389,0.01037897,0.01480253,-0.7055406;
custom,cuboid,default,-11.94042,2.352266,12.23555,0,1,1,1,1,1,531.6821,130.1384,772.4284,0,0.9999506,0,0.009945579;
custom,cuboid,default,-12.77625,2.352266,38.21154,0,1,1,1,1,1,455.8443,130.7481,623.191,-0.0002015815,0.9997306,0.02116969,0.009519625;
custom,cuboid,default,13.15412,3.200459,6.469862,1,0,0,1,1,1,464.7133,167.2199,336.5392,0.01065637,0.7082459,0.7058797,0.002842183;
custom,cuboid,default,4.789109,2.073724,6.469862,1,0,0,1,1,1,398.1151,167.2199,350.3117,-0.6770207,0.2082489,0.1946272,0.6785246;
custom,cuboid,default,-11.94042,2.352266,66.02637,0,1,1,1,1,1,713.9035,139.0367,376.5026,0,0.7041277,0,0.7100734;
custom,cuboid,default,36.6741,3.200459,6.469862,1,0,0,1,1,1,703.76,167.2199,333.9089,0.7084894,-0.00598857,-0.001498876,-0.7056945;
custom,cuboid,default,36.6741,3.200459,6.469862,1,0,0,1,1,1,863.0928,167.2199,331.1277,0.7084894,-0.00598857,-0.001498876,-0.7056945;
custom,cuboid,default,-15.73782,2.352266,94.48795,0,1,1,1,1,1,967.2388,142.691,757.3176,0,-0.01514752,0,0.9998853;
custom,cuboid,default,4.789109,2.073724,6.469862,1,0,0,1,1,1,903.3683,167.2199,449.6077,-0.4939359,0.5076928,0.4964656,0.501794;
custom,cuboid,default,96.39201,3.200459,6.469862,1,0,0,1,1,1,1045.015,167.2199,754.5476,0.4929879,0.5088778,0.50995,-0.4878088;
custom,cuboid,default,-16.52435,2.352266,140.8155,0,1,1,1,1,1,274.3782,142.691,1136.083,0,-0.714292,0,0.6998478;
custom,cuboid,default,155.0264,3.89534,7.818782,1,0,0,1,1,1,344.2085,180.4233,1228.033,0.7084849,0.006518296,0.01095758,-0.7056108;
custom,cuboid,default,-15.73782,2.352266,140.8155,0,1,1,1,1,1,-348.7665,146.8941,444.4196,0,-0.9999997,0,-0.0007974617;
custom,cuboid,default,155.0264,3.89534,7.818782,1,0,0,1,1,1,-418.0072,180.4233,448.0103,0.5053473,0.4966058,0.4978042,-0.5001979;
custom,cuboid,default,119.6029,3.89534,7.818782,1,0,0,1,1,1,-264.3983,180.4233,445.3289,0.5019656,0.5000237,0.5011871,-0.4968082;
custom,cuboid,default,14.04694,2.073724,7.654766,1,0,0,1,1,1,-211.313,184.502,1033.005,-0.7083066,0.005120045,-0.008359873,0.7058369;
custom,cuboid,default,119.6029,3.89534,7.818782,1,0,0,1,1,1,-267.2911,180.4233,279.5945,0.5019656,0.5000237,0.5011871,-0.4968082;
custom,cuboid,default,12.91783,8.148228,12.69452,1,1,1,1,1,1,-347.5449,152.54,-278.9771,-0.7083234,0.00153101,-0.01193617,0.7057856;
misc,barrier,150,1,180,300,200,353,0,0,0,1;
racing,endCuboid,12.06776,5.802757,1,-345.756,186.8437,-233.2697,0.009756867,0.9999228,7.517096E-05,0.00770382;
racing,killcuboid,6.138976,8.094269,13.32068,18.25278,163.6091,-553.9825,0.484422,0.4928987,0.5074567,0.514659;
racing,killcuboid,19.68511,4.279274,5.538257,88.81925,167.7818,-486.1897,0.4929879,0.5088778,0.50995,-0.4878088;
racing,killcuboid,20.26131,4.279274,5.923876,-49.62831,166.467,-490.5482,0.4946356,0.5104539,0.5083518,-0.4861593;
racing,killcuboid,1.528564,12.09659,10.65749,18.03916,137.1171,-458.0549,0.499423,0.4991556,0.5013277,0.5000909;
racing,killSphere,6.532025,5.112671,22.75813,-35.00923,166.3673,-216.5002,0,0.9997538,0,0.02218772;
racing,killSphere,6.532025,4.687858,22.75813,60.44959,166.3673,-216.5002,0,0.9997538,0,0.02218772;
racing,killSphere,3.936739,5.365954,22.75813,12.55174,187.314,-112.3442,-0.7056839,0.7081794,0.01566136,0.01571675;
racing,killSphere,3.936739,5.36577,22.75813,12.55174,144.2143,-112.3442,-0.7056839,0.7081794,0.01566136,0.01571675;
racing,killSphere,3.976503,3.529584,22.75813,46.34656,144.2177,-112.3442,-0.7056839,0.7081794,0.01566136,0.01571675;
racing,killSphere,3.976503,3.529584,22.75813,46.34656,187.3106,-112.3442,-0.7056839,0.7081794,0.01566136,0.01571675;
racing,killSphere,3.976503,3.529584,22.75813,-29.33517,144.2177,-112.3442,-0.7056839,0.7081794,0.01566136,0.01571675;
racing,killSphere,3.976503,3.529584,22.75813,-29.33517,187.3106,-112.3442,-0.7056839,0.7081794,0.01566136,0.01571675;
racing,killCuboid,1,5.5,9.22872,-17.56217,170,68.93788,0,-0.02386684,0,0.9997151;
racing,killCuboid,1,5.5,9.22872,24.72471,170,68.93788,0,-0.02386684,0,0.9997151;
racing,killCuboid,1,5.5,9.22872,-1.131574,170,160.8243,0,-0.02386684,0,0.9997151;
racing,killCuboid,1,5.5,9.22872,-28.03073,170,160.8243,0,-0.02386684,0,0.9997151;
racing,killCuboid,1,5.5,9.22872,26.46697,170,161.4924,0,-0.02386684,0,0.9997151;
racing,killCuboid,1,5.5,11.92184,-41.16137,170,258.3499,0,0.159151,0,0.9872543;
racing,killCuboid,1,5.5,11.92184,29.15766,170,258.3499,0,-0.1461247,0,0.9892662;
racing,killCuboid,1,5.5,11.92184,-39.68762,170,368.9671,0,-0.1461247,0,0.9892662;
racing,killCuboid,1,5.5,11.92184,24.18231,170,371.2851,0,0.102579,0,0.9947249;
racing,killCuboid,0.9165457,9.997187,10.58938,-15.53522,156.7407,414.4236,-0.09126245,-0.1153831,-0.7004642,0.6983609;
racing,killCuboid,0.9165457,9.997187,16.23012,-18.62909,156.0333,542.201,0.08184741,0.05793951,-0.7016267,0.7054531;
custom,cuboid,default,0.4839596,0.5474784,5.188646,1,0,0,1,1,1,-0.3458921,169.7477,257.0109,0.4898033,0.5119433,0.5129823,-0.4846194;
racing,killPrism,1.919999,1,2.638925,-54.41516,188.2695,463.0449,1.975364E-07,0.7139848,0.7001612,-2.014367E-07;
racing,killPrism,1.919999,1,2.638925,-35.09246,188.2695,463.0449,1.975364E-07,0.7139848,0.7001612,-2.014367E-07;
racing,killPrism,1.919999,1,2.638925,-15.83723,188.2695,463.0449,1.975364E-07,0.7139848,0.7001612,-2.014367E-07;
racing,killPrism,1.919999,1,2.638925,3.494867,188.2695,463.0449,1.975364E-07,0.7139848,0.7001612,-2.014367E-07;
racing,killPrism,1.919999,1,2.638925,22.71195,188.2695,463.0449,1.975364E-07,0.7139848,0.7001612,-2.014367E-07;
racing,killPrism,1.919999,1,3.138489,-64.42198,183.6982,491.4861,1.975364E-07,0.7139848,0.7001612,-2.014367E-07;
racing,killPrism,1.919999,1,3.138489,-45.09929,183.6982,491.4861,1.975364E-07,0.7139848,0.7001612,-2.014367E-07;
racing,killPrism,1.919999,1,3.138489,-25.84405,183.6982,491.4861,1.975364E-07,0.7139848,0.7001612,-2.014367E-07;
racing,killPrism,1.919999,1,3.138489,-6.511955,183.6982,491.4861,1.975364E-07,0.7139848,0.7001612,-2.014367E-07;
racing,killPrism,1.919999,1,3.138489,12.70513,183.6982,491.4861,1.975364E-07,0.7139848,0.7001612,-2.014367E-07;
racing,killPrism,1.919999,1,3.138489,31.87717,183.6982,491.4861,1.975364E-07,0.7139848,0.7001612,-2.014367E-07;
racing,killPrism,1.919999,1,3.746128,-56.34978,182.0815,519.9866,1.975364E-07,0.7139848,0.7001612,-2.014367E-07;
racing,killPrism,1.919999,1,3.746128,-37.09453,182.0815,519.9866,1.975364E-07,0.7139848,0.7001612,-2.014367E-07;
racing,killPrism,1.919999,1,1.952925,-17.76189,162.2496,567.2963,-0.7001365,-0.005923629,-0.006260579,-0.713957;
racing,killPrism,1.919999,1,3.746128,1.454627,182.0815,519.9866,1.975364E-07,0.7139848,0.7001612,-2.014367E-07;
racing,killPrism,1.919999,1,3.746128,20.62666,182.0815,519.9866,1.975364E-07,0.7139848,0.7001612,-2.014367E-07;
racing,killPrism,1.919999,1,1.952925,1.478756,162.7161,567.2963,-0.7001365,-0.005923629,-0.006260579,-0.713957;
racing,killPrism,1.919999,1,1.952925,-36.91402,162.0473,567.2963,-0.7001365,-0.005923629,-0.006260579,-0.713957;
racing,killPrism,1.919999,1,1.952925,-56.15467,161.5808,567.2963,-0.7001365,-0.005923629,-0.006260579,-0.713957;
racing,killPrism,1.919999,1,1.952925,20.65144,163.1029,567.2963,-0.7001365,-0.005923629,-0.006260579,-0.713957;
racing,killPrism,1.919999,1,1.952925,20.65144,180.231,567.2963,-0.7001365,-0.005923629,-0.006260579,-0.713957;
racing,killPrism,1.919999,1,1.952925,1.478756,179.8442,567.2963,-0.7001365,-0.005923629,-0.006260579,-0.713957;
racing,killPrism,1.919999,1,1.952925,-17.76189,179.3777,567.2963,-0.7001365,-0.005923629,-0.006260579,-0.713957;
racing,killPrism,1.919999,1,1.952925,-36.91402,179.1754,567.2963,-0.7001365,-0.005923629,-0.006260579,-0.713957;
racing,killPrism,1.919999,1,1.952925,-56.15467,178.7089,567.2963,-0.7001365,-0.005923629,-0.006260579,-0.713957;
racing,killPrism,1.919999,1,1.952925,20.65144,198.8279,567.2963,-0.7001365,-0.005923629,-0.006260579,-0.713957;
racing,killPrism,1.919999,1,1.952925,1.478756,198.4412,567.2963,-0.7001365,-0.005923629,-0.006260579,-0.713957;
racing,killPrism,1.919999,1,1.952925,-17.76189,197.9746,567.2963,-0.7001365,-0.005923629,-0.006260579,-0.713957;
racing,killPrism,1.919999,1,1.952925,-36.91402,197.7724,567.2963,-0.7001365,-0.005923629,-0.006260579,-0.713957;
racing,killPrism,1.919999,1,1.952925,-56.15467,197.3058,567.2963,-0.7001365,-0.005923629,-0.006260579,-0.713957;
racing,killPrism,1.919999,1,3.746128,-17.94263,182.0815,519.9866,1.975364E-07,0.7139848,0.7001612,-2.014367E-07;
racing,killSphere,1.49305,1.49305,1.49305,-64.81355,150.6901,647.5152,0,0,0,1;
racing,killSphere,1.49305,1.49305,1.49305,-48.60678,150.6901,647.5152,0,0,0,1;
racing,killSphere,1.49305,1.49305,1.49305,-32.46386,150.6901,647.5152,0,0,0,1;
racing,killSphere,1.49305,1.49305,1.49305,-16.13988,150.6901,647.5152,0,0,0,1;
racing,killSphere,1.49305,1.49305,1.49305,-0.06845582,150.6901,647.5152,0,0,0,1;
racing,killSphere,1.49305,1.49305,1.49305,15.88189,150.6901,647.5152,0,0,0,1;
racing,killSphere,1.49305,1.49305,1.49305,15.88189,166.7684,647.5152,0,0,0,1;
racing,killSphere,1.49305,1.49305,1.49305,-0.06845582,166.7684,647.5152,0,0,0,1;
racing,killSphere,1.49305,1.49305,1.49305,-16.13988,166.7684,647.5152,0,0,0,1;
racing,killSphere,1.49305,1.49305,1.49305,-32.46386,166.7684,647.5152,0,0,0,1;
racing,killSphere,1.49305,1.49305,1.49305,-48.60678,166.7684,647.5152,0,0,0,1;
racing,killSphere,1.49305,1.49305,1.49305,-64.81355,166.7684,647.5152,0,0,0,1;
racing,killSphere,1.49305,1.49305,1.49305,15.88189,182.8022,647.5152,0,0,0,1;
racing,killSphere,1.49305,1.49305,1.49305,-0.06845582,182.8022,647.5152,0,0,0,1;
racing,killSphere,1.49305,1.49305,1.49305,-16.13988,182.8022,647.5152,0,0,0,1;
racing,killSphere,1.49305,1.49305,1.49305,-32.46386,182.8022,647.5152,0,0,0,1;
racing,killSphere,1.49305,1.49305,1.49305,-48.60678,182.8022,647.5152,0,0,0,1;
racing,killSphere,1.49305,1.49305,1.49305,-64.81355,182.8022,647.5152,0,0,0,1;
racing,killcuboid,120.3373,4.618172,5.538257,60.46957,167.7818,215.0955,0.4929879,0.5088778,0.50995,-0.4878088;
racing,killcuboid,120.3373,4.618172,5.538257,-73.87999,167.7818,217.4406,0.4929879,0.5088778,0.50995,-0.4878088;
racing,killPrism,13.16983,12.86371,6.752544,-19.54185,161.0401,945.0907,-0.5503368,0.4328459,-0.4509941,-0.5535144;
racing,killSphere,8.456531,3.378484,14.15955,172.5892,165.853,962.2543,0,0,0,1;
racing,killcuboid,37.62821,2.220129,11.82501,-31.79467,137.5738,814.8545,0.6934792,0.01245461,0.7203121,-0.009058946;
racing,killcuboid,122.4433,2.280667,12.14746,261.4525,132.6212,961.6102,0.9999334,0.0006137449,0.01128831,0.0023542;
racing,checkpointCuboid,0.1058695,10.53613,0.1247945,-19.35329,138.8597,222.2416,0,0.9241064,0,-0.3821354;
racing,killcuboid,147.6773,2.280667,22.85544,264.6594,144.8418,1145.328,0.9998976,0.0003267762,-0.01317256,0.005581469;
racing,killcuboid,121.8718,1.472025,22.85544,-350.4272,154.0621,637.1704,0.717262,-0.001462879,0.6967998,-0.001754014;
racing,checkpointCuboid,1,10,10,721.5912,194.0506,514.9485,0,0.9997439,0,0.02263386;
racing,checkpointCuboid,1,10,10,721.5912,194.0506,514.9485,0,0.9997439,0,0.02263386;
racing,checkpointCuboid,1,10,10,721.5912,193.5871,514.9485,0,0.9997439,0,0.02263386;
racing,killcuboid,59.23585,2.280667,12.14746,810.4196,135.8962,752.3886,0.717708,-0.001222663,-0.69634,0.002103351;
racing,killSphere,0.9450756,-1.552701,14.91521,813.4734,170.7249,870.0917,-0.0344125,-0.5712321,-0.1628812,0.8037285;
racing,killSphere,0.9450756,-1.552701,14.91521,813.4734,170.7249,870.0917,0.3427829,0.4911975,0.6269566,0.4981469;
racing,killSphere,0.9450756,-1.552701,14.91521,811.993,168.1305,785.2853,-0.0784316,-0.7725459,-0.1468435,0.6127465;
racing,killSphere,0.9450756,-1.552701,14.91521,811.993,168.1305,785.2853,0.07275853,-0.7284304,-0.2080797,-0.6486896;
racing,killCuboid,1,6.324972,12.46711,781.9765,176.148,703.9807,0,-0.2213733,0,0.9751891;
racing,killCuboid,1,6.692304,12.24392,847.9907,176.4836,696.4601,0,0.186597,0,0.9824366;
racing,killcuboid,34.5959,3.629499,9.495831,889.6161,153.9618,600.5873,0.4929879,0.5088778,0.50995,-0.4878088;
racing,killcuboid,18.24591,3.629499,9.495831,744.5088,164.5347,655.9078,0.4929879,0.5088778,0.50995,-0.4878088;
racing,killcuboid,39.4727,3.753448,9.495831,717.2431,164.5347,448.1962,0.006340927,0.7084871,0.7056929,-0.001849842;
custom,tube,default,1,1,1,0,1,1,1,1,1,817.217,173.5732,640.0842,0.02431266,0.7086092,0.7051795,0.001964352;
racing,killTube,0.919803,1,0.8800115,817.5998,173.3585,639.1965,0.5059338,0.5077715,0.4828603,0.503036;
racing,killCuboid,1,2.035804,0.5963979,816.7774,188.0191,638.6476,0,-0.00623017,0,0.9999806;
racing,killCuboid,1,2.789036,0.5963979,816.7774,155.2599,638.6476,0,-0.00623017,0,0.9999806;
