custom,bridge1,stone4,-1.3,-1,-1,0,1,1,1,1,1,99.43658,-1.741343,-565.406,0.9904568,0,-0.1378234,0;
custom,bridge1,stone4,-1.3,1,-1,0,1,1,1,1,1,-99.43658,-1.741343,-565.406,0,0.9904568,0,0.1378234;
custom,bridge1,stone4,-2,-1,-1.8,0,0.1022727,0.1022727,0.125,1,1,323.2904,-3.779732,276.2281,0.0515989,0,0.9986679,0;
custom,bridge1,stone4,-2,1,-1.8,0,0.1022727,0.1022727,0.125,1,1,-323.2904,-3.779732,276.2281,0,0.0515989,0,-0.9986679;
custom,bridge1,stone4,1.3,-1,1,0,1,1,1,1,1,-99.43658,-1.741343,565.406,0.9904568,0,-0.1378234,0;
custom,bridge1,stone4,1.3,1,1,0,1,1,1,1.0,1.0,99.43658,-1.741343,565.406,0,0.9904568,0,0.1378234;
custom,bridge1,stone4,2,-1,1.8,0,0.1022727,0.1022727,0.125,1,1,-323.2904,-3.779732,-276.2281,0.0515989,0,0.9986679,0;
custom,bridge1,stone4,2,1,1.8,0,0.1022727,0.1022727,0.125,1.0,1.0,323.2904,-3.779732,-276.2281,0,0.0515989,0,-0.9986679;
custom,cannon1,default,-0.6,-0.6,-0.6,0,1,1,1,1,1,132.1324,-0.4920967,-832.5323,-0.9573662,0,-0.2888769,0;
custom,cannon1,default,-0.6,0.6,-0.6,0,1,1,1,1,1,-132.1324,-0.4920967,-832.5323,0,-0.9573662,0,0.2888769;
custom,cannon1,default,-0.7,-0.7,-0.7,0,0.1022727,0.1022727,0.125,1,1,413.4304,-1.26461,466.7756,-0.9977547,0,0.0669744,0;
custom,cannon1,default,-0.7,0.7,-0.7,0,0.1022727,0.1022727,0.125,1,1,-413.4304,-1.26461,466.7756,0,-0.9977547,0,-0.0669744;
custom,cannon1,default,-1.4,-1.4,-1.4,0,0.1022727,0.1022727,0.125,1,1,435.0129,-2.69091,464.4608,-0.9989865,0,-0.0450101,0;
custom,cannon1,default,-1.4,1.4,-1.4,0,0.1022727,0.1022727,0.125,1,1,-435.0129,-2.69091,464.4608,0,-0.9989865,0,0.0450101;
custom,cannon1,default,.6,.6,.6,0,1,1,1,1.0,1.0,132.1324,-0.4920967,832.5323,0,-0.9573662,0,0.2888769;
custom,cannon1,default,.7,.7,.7,0,0.1022727,0.1022727,0.125,1.0,1.0,413.4304,-1.26461,-466.7756,0,-0.9977547,0,-0.06697438;
custom,cannon1,default,0.6,-0.6,0.6,0,1,1,1,1,1,-132.1324,-0.4920967,832.5323,-0.9573662,0,-0.2888769,0;
custom,cannon1,default,0.7,-0.7,0.7,0,0.1022727,0.1022727,0.125,1,1,-413.4304,-1.26461,-466.7756,-0.9977547,0,0.0669744,0;
custom,cannon1,default,1.4,-1.4,1.4,0,0.1022727,0.1022727,0.125,1,1,-435.0129,-2.69091,-464.4608,-0.9989865,0,-0.0450101,0;
custom,cannon1,default,1.4,1.4,1.4,0,0.1022727,0.1022727,0.125,1.0,1.0,435.0129,-2.69091,-464.4608,0,-0.9989865,0,0.0450101;
custom,cuboid,stone4,-1,-6,-10,1,0.75,0.75,0.75,1,0.6,150,30,-200,0,0,-1,0;
custom,cuboid,stone4,-1,-6,-10,1,0.75,0.75,0.75,1,0.6,200,30,-150,0,0,-1,0;
custom,cuboid,stone4,-1,-6,-10,1,0.75,0.75,0.75,1,0.6,200,30,-850,1,0,-1,0;
custom,cuboid,stone4,-1,-6,-10,1,0.75,0.75,0.75,1,0.6,250,30,-300,0,0,-1,0;
custom,cuboid,stone4,-1,-6,-10,1,0.75,0.75,0.75,1,0.6,250,30,-500,0,0,-1,0;
custom,cuboid,stone4,-1,-6,-10,1,0.75,0.75,0.75,1,0.6,250,30,-700,0,0,-1,0;
custom,cuboid,stone4,-1,-6,-10,1,0.75,0.75,0.75,1,0.6,350,30,-100,1,0,-1,0;
custom,cuboid,stone4,-1,-6,-10,1,0.75,0.75,0.75,1,0.6,350,30,-200,1,0,-1,0;
custom,cuboid,stone4,-1,-6,-10,1,0.75,0.75,0.75,1,0.6,400,30,-250,0,0,-1,0;
custom,cuboid,stone4,-1,-6,-10,1,0.75,0.75,0.75,1,0.6,400,30,-450,0,0,-1,0;
custom,cuboid,stone4,-1,-6,-10,1,0.75,0.75,0.75,1,0.6,400,30,-650,0,0,-1,0;
custom,cuboid,stone4,-1,-6,-10,1,0.75,0.75,0.75,1,0.6,400,30,-850,0,0,-1,0;
custom,cuboid,stone4,-1,-6,-10,1,0.75,0.75,0.75,1,0.6,460,30,-650,0,0,0,0;
custom,cuboid,stone4,-1,-6,-10,1,0.75,0.75,0.75,1,0.6,50,30,-800,0,0,-1,0;
custom,cuboid,stone4,-1,-6,-10,1,0.75,0.75,0.75,1,0.6,550,30,-250,1,0,-1,0;
custom,cuboid,stone4,-1,-6,-10,1,0.75,0.75,0.75,1,0.6,750,30,-250,1,0,-1,0;
custom,cuboid,stone4,-1,6,-10,1,0.75,0.75,0.75,1,0.6,-150,30,-200,0,0,0,1;
custom,cuboid,stone4,-1,6,-10,1,0.75,0.75,0.75,1,0.6,-200,30,-150,0,0,0,1;
custom,cuboid,stone4,-1,6,-10,1,0.75,0.75,0.75,1,0.6,-200,30,-850,0,1,0,1;
custom,cuboid,stone4,-1,6,-10,1,0.75,0.75,0.75,1,0.6,-250,30,-300,0,0,0,1;
custom,cuboid,stone4,-1,6,-10,1,0.75,0.75,0.75,1,0.6,-250,30,-500,0,0,0,1;
custom,cuboid,stone4,-1,6,-10,1,0.75,0.75,0.75,1,0.6,-250,30,-700,0,0,0,1;
custom,cuboid,stone4,-1,6,-10,1,0.75,0.75,0.75,1,0.6,-350,30,-100,0,1,0,1;
custom,cuboid,stone4,-1,6,-10,1,0.75,0.75,0.75,1,0.6,-350,30,-200,0,1,0,1;
custom,cuboid,stone4,-1,6,-10,1,0.75,0.75,0.75,1,0.6,-400,30,-250,0,0,0,1;
custom,cuboid,stone4,-1,6,-10,1,0.75,0.75,0.75,1,0.6,-400,30,-450,0,0,0,1;
custom,cuboid,stone4,-1,6,-10,1,0.75,0.75,0.75,1,0.6,-400,30,-650,0,0,0,1;
custom,cuboid,stone4,-1,6,-10,1,0.75,0.75,0.75,1,0.6,-400,30,-850,0,0,0,1;
custom,cuboid,stone4,-1,6,-10,1,0.75,0.75,0.75,1,0.6,-460,30,-650,0,0,0,0;
custom,cuboid,stone4,-1,6,-10,1,0.75,0.75,0.75,1,0.6,-50,30,-800,0,0,0,1;
custom,cuboid,stone4,-1,6,-10,1,0.75,0.75,0.75,1,0.6,-550,30,-250,0,1,0,1;
custom,cuboid,stone4,-1,6,-10,1,0.75,0.75,0.75,1,0.6,-750,30,-250,0,1,0,1;
custom,cuboid,stone4,-3,-6,-10,1,0.75,0.75,0.75,1,0.6,460,30,-450,0,0,0,0;
custom,cuboid,stone4,-3,-6,-10,1,0.75,0.75,0.75,1,0.6,460,30,-50,0,0,0,0;
custom,cuboid,stone4,-3,-6,-10,1,0.75,0.75,0.75,1,0.6,510,30,-200,1,0,-1,0;
custom,cuboid,stone4,-3,-6,-10,1,0.75,0.75,0.75,1,0.6,510,30,-300,1,0,-1,0;
custom,cuboid,stone4,-3,-6,-10,1,0.75,0.75,0.75,1,0.6,710,30,-200,1,0,-1,0;
custom,cuboid,stone4,-3,-6,-10,1,0.75,0.75,0.75,1,0.6,710,30,-300,1,0,-1,0;
custom,cuboid,stone4,-3,-6,-10,1,0.75,0.75,0.75,1,0.6,860,30,-250,0,0,-1,0;
custom,cuboid,stone4,-3,6,-10,1,0.75,0.75,0.75,1,0.6,-460,30,-450,0,0,0,0;
custom,cuboid,stone4,-3,6,-10,1,0.75,0.75,0.75,1,0.6,-460,30,-50,0,0,0,0;
custom,cuboid,stone4,-3,6,-10,1,0.75,0.75,0.75,1,0.6,-510,30,-200,0,1,0,1;
custom,cuboid,stone4,-3,6,-10,1,0.75,0.75,0.75,1,0.6,-510,30,-300,0,1,0,1;
custom,cuboid,stone4,-3,6,-10,1,0.75,0.75,0.75,1,0.6,-710,30,-200,0,1,0,1;
custom,cuboid,stone4,-3,6,-10,1,0.75,0.75,0.75,1,0.6,-710,30,-300,0,1,0,1;
custom,cuboid,stone4,-3,6,-10,1,0.75,0.75,0.75,1,0.6,-860,30,-250,0,0,0,1;
custom,cuboid,stone4,0.9,6,10,1,0.75,0.75,0.75,1,0.6,-50,261.0660172,-255.1839828,-0.3826834,0,0,0.9238795;
custom,cuboid,stone4,0.9,6,10,1,0.75,0.75,0.75,1,0.6,-50,261.0660172,224.8160172,-0.3826834,0,0,0.9238795;
custom,cuboid,stone4,0.9,6,10,1,0.75,0.75,0.75,1,0.6,-50,48.9339828,-467.3160172,-0.3826834,0,0,0.9238795;
custom,cuboid,stone4,0.9,6,10,1,0.75,0.75,0.75,1,0.6,-50,48.9339828,12.6839828,-0.3826834,0,0,0.9238795;
custom,cuboid,stone4,0.9,6,10,1,0.75,0.75,0.75,1,0.6,-50,48.9339828,467.3160172,0.3826834,0,0,0.9238795;
custom,cuboid,stone4,0.9,6,10,1,0.75,0.75,0.75,1,0.6,50,261.0660172,-255.1839828,-0.3826834,0,0,0.9238795;
custom,cuboid,stone4,0.9,6,10,1,0.75,0.75,0.75,1,0.6,50,261.0660172,224.8160172,-0.3826834,0,0,0.9238795;
custom,cuboid,stone4,0.9,6,10,1,0.75,0.75,0.75,1,0.6,50,48.9339828,-467.3160172,-0.3826834,0,0,0.9238795;
custom,cuboid,stone4,0.9,6,10,1,0.75,0.75,0.75,1,0.6,50,48.9339828,12.6839828,-0.3826834,0,0,0.9238795;
custom,cuboid,stone4,0.9,6,10,1,0.75,0.75,0.75,1,0.6,50,48.9339828,467.3160172,0.3826834,0,0,0.9238795;
custom,cuboid,stone4,1,-6,10,1,0.75,0.75,0.75,1,0.6,-150,30,100,0,0,-1,0;
custom,cuboid,stone4,1,-6,10,1,0.75,0.75,0.75,1,0.6,-150,30,600,0,0,-1,0;
custom,cuboid,stone4,1,-6,10,1,0.75,0.75,0.75,1,0.6,-150,30,800,0,0,-1,0;
custom,cuboid,stone4,1,-6,10,1,0.75,0.75,0.75,1,0.6,-200,30,150,0,0,-1,0;
custom,cuboid,stone4,1,-6,10,1,0.75,0.75,0.75,1,0.6,-200,30,250,1,0,-1,0;
custom,cuboid,stone4,1,-6,10,1,0.75,0.75,0.75,1,0.6,-200,30,450,1,0,-1,0;
custom,cuboid,stone4,1,-6,10,1,0.75,0.75,0.75,1,0.6,-200,30,850,1,0,-1,0;
custom,cuboid,stone4,1,-6,10,1,0.75,0.75,0.75,1,0.6,-250,30,500,0,0,-1,0;
custom,cuboid,stone4,1,-6,10,1,0.75,0.75,0.75,1,0.6,-250,30,700,0,0,-1,0;
custom,cuboid,stone4,1,-6,10,1,0.75,0.75,0.75,1,0.6,-350,30,100,1,0,-1,0;
custom,cuboid,stone4,1,-6,10,1,0.75,0.75,0.75,1,0.6,-350,30,200,1,0,-1,0;
custom,cuboid,stone4,1,-6,10,1,0.75,0.75,0.75,1,0.6,-400,30,250,0,0,-1,0;
custom,cuboid,stone4,1,-6,10,1,0.75,0.75,0.75,1,0.6,-400,30,450,0,0,-1,0;
custom,cuboid,stone4,1,-6,10,1,0.75,0.75,0.75,1,0.6,-400,30,650,0,0,-1,0;
custom,cuboid,stone4,1,-6,10,1,0.75,0.75,0.75,1,0.6,-400,30,850,0,0,-1,0;
custom,cuboid,stone4,1,-6,10,1,0.75,0.75,0.75,1,0.6,-440,30,0,0,0,0,0;
custom,cuboid,stone4,1,-6,10,1,0.75,0.75,0.75,1,0.6,-460,30,650,0,0,0,0;
custom,cuboid,stone4,1,-6,10,1,0.75,0.75,0.75,1,0.6,-50,610,-100,0,0,0,0;
custom,cuboid,stone4,1,-6,10,1,0.75,0.75,0.75,1,0.6,-50,610,-300,0,0,0,0;
custom,cuboid,stone4,1,-6,10,1,0.75,0.75,0.75,1,0.6,-50,610,-500,0,0,0,0;
custom,cuboid,stone4,1,-6,10,1,0.75,0.75,0.75,1,0.6,-550,30,250,1,0,-1,0;
custom,cuboid,stone4,1,-6,10,1,0.75,0.75,0.75,1,0.6,-590,30,0,1,0,-1,0;
custom,cuboid,stone4,1,-6,10,1,0.75,0.75,0.75,1,0.6,-750,30,250,1,0,-1,0;
custom,cuboid,stone4,1,-6,10,1,0.75,0.75,0.75,1,0.6,-790,30,0,1,0,-1,0;
custom,cuboid,stone4,1,-6,10,1,0.75,0.75,0.75,1,0.6,-940,30,-150,0,0,0,0;
custom,cuboid,stone4,1,-6,10,1,0.75,0.75,0.75,1,0.6,-940,30,-350,0,0,0,0;
custom,cuboid,stone4,1,-6,10,1,0.75,0.75,0.75,1,0.6,-940,30,-550,0,0,0,0;
custom,cuboid,stone4,1,-6,10,1,0.75,0.75,0.75,1,0.6,-940,30,250,0,0,0,0;
custom,cuboid,stone4,1,-6,10,1,0.75,0.75,0.75,1,0.6,-940,30,450,0,0,0,0;
custom,cuboid,stone4,1,-6,10,1,0.75,0.75,0.75,1,0.6,-940,30,50,0,0,0,0;
custom,cuboid,stone4,1,-6,10,1,0.75,0.75,0.75,1,0.6,-940,30,650,0,0,0,0;
custom,cuboid,stone4,1,6,10,1,0.75,0.75,0.75,1,0.6,-50,261.0660172,-224.8160172,0.3826834,0,0,0.9238795;
custom,cuboid,stone4,1,6,10,1,0.75,0.75,0.75,1,0.6,-50,261.0660172,255.1839828,0.3826834,0,0,0.9238795;
custom,cuboid,stone4,1,6,10,1,0.75,0.75,0.75,1,0.6,-50,30,525,0,0,0,0;
custom,cuboid,stone4,1,6,10,1,0.75,0.75,0.75,1,0.6,-50,30,950,0,0,0,0;
custom,cuboid,stone4,1,6,10,1,0.75,0.75,0.75,1,0.6,-50,48.9339828,-12.6839828,0.3826834,0,0,0.9238795;
custom,cuboid,stone4,1,6,10,1,0.75,0.75,0.75,1,0.6,50,261.0660172,-224.8160172,0.3826834,0,0,0.9238795;
custom,cuboid,stone4,1,6,10,1,0.75,0.75,0.75,1,0.6,50,261.0660172,255.1839828,0.3826834,0,0,0.9238795;
custom,cuboid,stone4,1,6,10,1,0.75,0.75,0.75,1,0.6,50,30,525,0,0,0,0;
custom,cuboid,stone4,1,6,10,1,0.75,0.75,0.75,1,0.6,50,30,950,0,0,0,0;
custom,cuboid,stone4,1,6,10,1,0.75,0.75,0.75,1,0.6,50,48.9339828,-12.6839828,0.3826834,0,0,0.9238795;
custom,cuboid,stone4,1,6,10,1,0.75,0.75,0.75,1.0,0.6,150,30,100,0,0,0,1;
custom,cuboid,stone4,1,6,10,1,0.75,0.75,0.75,1.0,0.6,150,30,600,0,0,0,1;
custom,cuboid,stone4,1,6,10,1,0.75,0.75,0.75,1.0,0.6,150,30,800,0,0,0,1;
custom,cuboid,stone4,1,6,10,1,0.75,0.75,0.75,1.0,0.6,200,30,150,0,0,0,1;
custom,cuboid,stone4,1,6,10,1,0.75,0.75,0.75,1.0,0.6,200,30,250,0,1,0,1;
custom,cuboid,stone4,1,6,10,1,0.75,0.75,0.75,1.0,0.6,200,30,450,0,1,0,1;
custom,cuboid,stone4,1,6,10,1,0.75,0.75,0.75,1.0,0.6,200,30,850,0,1,0,1;
custom,cuboid,stone4,1,6,10,1,0.75,0.75,0.75,1.0,0.6,250,30,500,0,0,0,1;
custom,cuboid,stone4,1,6,10,1,0.75,0.75,0.75,1.0,0.6,250,30,700,0,0,0,1;
custom,cuboid,stone4,1,6,10,1,0.75,0.75,0.75,1.0,0.6,350,30,100,0,1,0,1;
custom,cuboid,stone4,1,6,10,1,0.75,0.75,0.75,1.0,0.6,350,30,200,0,1,0,1;
custom,cuboid,stone4,1,6,10,1,0.75,0.75,0.75,1.0,0.6,400,30,250,0,0,0,1;
custom,cuboid,stone4,1,6,10,1,0.75,0.75,0.75,1.0,0.6,400,30,450,0,0,0,1;
custom,cuboid,stone4,1,6,10,1,0.75,0.75,0.75,1.0,0.6,400,30,650,0,0,0,1;
custom,cuboid,stone4,1,6,10,1,0.75,0.75,0.75,1.0,0.6,400,30,850,0,0,0,1;
custom,cuboid,stone4,1,6,10,1,0.75,0.75,0.75,1.0,0.6,440,30,0,0,0,0,0;
custom,cuboid,stone4,1,6,10,1,0.75,0.75,0.75,1.0,0.6,460,30,650,0,0,0,0;
custom,cuboid,stone4,1,6,10,1,0.75,0.75,0.75,1.0,0.6,50,610,-100,0,0,0,0;
custom,cuboid,stone4,1,6,10,1,0.75,0.75,0.75,1.0,0.6,50,610,-300,0,0,0,0;
custom,cuboid,stone4,1,6,10,1,0.75,0.75,0.75,1.0,0.6,50,610,-500,0,0,0,0;
custom,cuboid,stone4,1,6,10,1,0.75,0.75,0.75,1.0,0.6,550,30,250,0,1,0,1;
custom,cuboid,stone4,1,6,10,1,0.75,0.75,0.75,1.0,0.6,590,30,0,0,1,0,1;
custom,cuboid,stone4,1,6,10,1,0.75,0.75,0.75,1.0,0.6,750,30,250,0,1,0,1;
custom,cuboid,stone4,1,6,10,1,0.75,0.75,0.75,1.0,0.6,790,30,0,0,1,0,1;
custom,cuboid,stone4,1,6,10,1,0.75,0.75,0.75,1.0,0.6,940,30,-150,0,0,0,0;
custom,cuboid,stone4,1,6,10,1,0.75,0.75,0.75,1.0,0.6,940,30,-350,0,0,0,0;
custom,cuboid,stone4,1,6,10,1,0.75,0.75,0.75,1.0,0.6,940,30,-550,0,0,0,0;
custom,cuboid,stone4,1,6,10,1,0.75,0.75,0.75,1.0,0.6,940,30,250,0,0,0,0;
custom,cuboid,stone4,1,6,10,1,0.75,0.75,0.75,1.0,0.6,940,30,450,0,0,0,0;
custom,cuboid,stone4,1,6,10,1,0.75,0.75,0.75,1.0,0.6,940,30,50,0,0,0,0;
custom,cuboid,stone4,1,6,10,1,0.75,0.75,0.75,1.0,0.6,940,30,650,0,0,0,0;
custom,cuboid,stone4,1,6,17.5,1,0.75,0.75,0.75,1.75,0.6,-50,30,-562.5,0,0,0,0;
custom,cuboid,stone4,1,6,17.5,1,0.75,0.75,0.75,1.75,0.6,50,30,-562.5,0,0,0,0;
custom,cuboid,stone4,10,0.9,60.1,0,1,1,1,1.0,0.1,0,575,-250,0,0,0,0;
custom,cuboid,stone4,10,1,10,0,1,1,1,1.0,1.0,0,585,-480,0.1,0,0,1;
custom,cuboid,stone4,10,1,10,0,1,1,1,1.0,1.0,0,585,-490,0.2,0,0,1;
custom,cuboid,stone4,10,1,10,0,1,1,1,1.0,1.0,0,585,-500,0.3,0,0,1;
custom,cuboid,stone4,10,1,10,0,1,1,1,1.0,1.0,0,585,-510,0.4,0,0,1;
custom,cuboid,stone4,10,1,10,0,1,1,1,1.0,1.0,0,585,-520,0.5,0,0,1;
custom,cuboid,stone4,10,1,60,0,1,1,1,1.0,6.0,0,575,-250,0,0,0,0;
custom,cuboid,stone4,10,35,35,1,0.75,0.75,0.75,3.5,3.5,0,-10,-240,0.414,0,0,1;
custom,cuboid,stone4,10,35,35,1,0.75,0.75,0.75,3.5,3.5,0,-10,240,0.414,0,0,1;
custom,cuboid,stone4,10,35,35,1,0.75,0.75,0.75,3.5,3.5,0,325,-480,0.414,0,0,1;
custom,cuboid,stone4,10,35,35,1,0.75,0.75,0.75,3.5,3.5,0,325,0,0.414,0,0,1;
custom,cuboid,stone4,10,35,35,1,0.75,0.75,0.75,3.5,3.5,0,325,480,0.414,0,0,1;
custom,cuboid,stone4,10,6,1,1,0.75,0.75,0.75,1,0.6,-1000,30,-1000,0,0.7071068,0,0.7071068;
custom,cuboid,stone4,10,6,1,1,0.75,0.75,0.75,1,0.6,-1000,30,-200,0,0.7071068,0,0.7071068;
custom,cuboid,stone4,10,6,1,1,0.75,0.75,0.75,1,0.6,-1000,30,-400,0,0.7071068,0,0.7071068;
custom,cuboid,stone4,10,6,1,1,0.75,0.75,0.75,1,0.6,-1000,30,-600,0,0.7071068,0,0.7071068;
custom,cuboid,stone4,10,6,1,1,0.75,0.75,0.75,1,0.6,-1000,30,-800,0,0.7071068,0,0.7071068;
custom,cuboid,stone4,10,6,1,1,0.75,0.75,0.75,1,0.6,-1000,30,0,0,0.7071068,0,0.7071068;
custom,cuboid,stone4,10,6,1,1,0.75,0.75,0.75,1,0.6,-1000,30,1000,0,0.7071068,0,0.7071068;
custom,cuboid,stone4,10,6,1,1,0.75,0.75,0.75,1,0.6,-1000,30,200,0,0.7071068,0,0.7071068;
custom,cuboid,stone4,10,6,1,1,0.75,0.75,0.75,1,0.6,-1000,30,400,0,0.7071068,0,0.7071068;
custom,cuboid,stone4,10,6,1,1,0.75,0.75,0.75,1,0.6,-1000,30,600,0,0.7071068,0,0.7071068;
custom,cuboid,stone4,10,6,1,1,0.75,0.75,0.75,1,0.6,-1000,30,800,0,0.7071068,0,0.7071068;
custom,cuboid,stone4,10,6,1,1,0.75,0.75,0.75,1,0.6,1000,30,-1000,0,0.7071068,0,0.7071068;
custom,cuboid,stone4,10,6,1,1,0.75,0.75,0.75,1,0.6,1000,30,-200,0,0.7071068,0,0.7071068;
custom,cuboid,stone4,10,6,1,1,0.75,0.75,0.75,1,0.6,1000,30,-400,0,0.7071068,0,0.7071068;
custom,cuboid,stone4,10,6,1,1,0.75,0.75,0.75,1,0.6,1000,30,-600,0,0.7071068,0,0.7071068;
custom,cuboid,stone4,10,6,1,1,0.75,0.75,0.75,1,0.6,1000,30,-800,0,0.7071068,0,0.7071068;
custom,cuboid,stone4,10,6,1,1,0.75,0.75,0.75,1,0.6,1000,30,0,0,0.7071068,0,0.7071068;
custom,cuboid,stone4,10,6,1,1,0.75,0.75,0.75,1,0.6,1000,30,1000,0,0.7071068,0,0.7071068;
custom,cuboid,stone4,10,6,1,1,0.75,0.75,0.75,1,0.6,1000,30,200,0,0.7071068,0,0.7071068;
custom,cuboid,stone4,10,6,1,1,0.75,0.75,0.75,1,0.6,1000,30,400,0,0.7071068,0,0.7071068;
custom,cuboid,stone4,10,6,1,1,0.75,0.75,0.75,1,0.6,1000,30,600,0,0.7071068,0,0.7071068;
custom,cuboid,stone4,10,6,1,1,0.75,0.75,0.75,1,0.6,1000,30,800,0,0.7071068,0,0.7071068;
custom,cuboid,stone4,10,6,1,1,0.75,0.75,0.75,1.0,0.6,-1000,30,-1000,0,0,0,0;
custom,cuboid,stone4,10,6,1,1,0.75,0.75,0.75,1.0,0.6,-1000,30,1000,0,0,0,0;
custom,cuboid,stone4,10,6,1,1,0.75,0.75,0.75,1.0,0.6,-200,30,-1000,0,0,0,0;
custom,cuboid,stone4,10,6,1,1,0.75,0.75,0.75,1.0,0.6,-200,30,1000,0,0,0,0;
custom,cuboid,stone4,10,6,1,1,0.75,0.75,0.75,1.0,0.6,-400,30,-1000,0,0,0,0;
custom,cuboid,stone4,10,6,1,1,0.75,0.75,0.75,1.0,0.6,-400,30,1000,0,0,0,0;
custom,cuboid,stone4,10,6,1,1,0.75,0.75,0.75,1.0,0.6,-600,30,-1000,0,0,0,0;
custom,cuboid,stone4,10,6,1,1,0.75,0.75,0.75,1.0,0.6,-600,30,1000,0,0,0,0;
custom,cuboid,stone4,10,6,1,1,0.75,0.75,0.75,1.0,0.6,-800,30,-1000,0,0,0,0;
custom,cuboid,stone4,10,6,1,1,0.75,0.75,0.75,1.0,0.6,-800,30,1000,0,0,0,0;
custom,cuboid,stone4,10,6,1,1,0.75,0.75,0.75,1.0,0.6,0,30,-1000,0,0,0,0;
custom,cuboid,stone4,10,6,1,1,0.75,0.75,0.75,1.0,0.6,0,30,1000,0,0,0,0;
custom,cuboid,stone4,10,6,1,1,0.75,0.75,0.75,1.0,0.6,0,610,-550,0,0,0,0;
custom,cuboid,stone4,10,6,1,1,0.75,0.75,0.75,1.0,0.6,0,610,50,0,0,0,0;
custom,cuboid,stone4,10,6,1,1,0.75,0.75,0.75,1.0,0.6,1000,30,-1000,0,0,0,0;
custom,cuboid,stone4,10,6,1,1,0.75,0.75,0.75,1.0,0.6,1000,30,1000,0,0,0,0;
custom,cuboid,stone4,10,6,1,1,0.75,0.75,0.75,1.0,0.6,200,30,-1000,0,0,0,0;
custom,cuboid,stone4,10,6,1,1,0.75,0.75,0.75,1.0,0.6,200,30,1000,0,0,0,0;
custom,cuboid,stone4,10,6,1,1,0.75,0.75,0.75,1.0,0.6,400,30,-1000,0,0,0,0;
custom,cuboid,stone4,10,6,1,1,0.75,0.75,0.75,1.0,0.6,400,30,1000,0,0,0,0;
custom,cuboid,stone4,10,6,1,1,0.75,0.75,0.75,1.0,0.6,600,30,-1000,0,0,0,0;
custom,cuboid,stone4,10,6,1,1,0.75,0.75,0.75,1.0,0.6,600,30,1000,0,0,0,0;
custom,cuboid,stone4,10,6,1,1,0.75,0.75,0.75,1.0,0.6,800,30,-1000,0,0,0,0;
custom,cuboid,stone4,10,6,1,1,0.75,0.75,0.75,1.0,0.6,800,30,1000,0,0,0,0;
custom,cuboid,stone4,10.1,0.9,60,0,1,1,1,6.0,0.1,0,575,-250,0,0,0,0;
custom,cuboid,stone4,2,-12.9,10.1,1,0.75,0.75,0.75,0.2,1.3,-240,290,0,0,0,0,0;
custom,cuboid,stone4,2,-13,10,0,1,1,1,0.2,1,-240,290,0,0,0,0,0;
custom,cuboid,stone4,2,-17.9,10.1,1,0.75,0.75,0.75,0.2,1.8,-220,290,0,0,0,0,0;
custom,cuboid,stone4,2,-18,10,0,1,1,1,0.2,1,-220,290,0,0,0,0,0;
custom,cuboid,stone4,2,-2.9,10.1,1,0.75,0.75,0.75,0.2,0.3,-280,290,0,0,0,0,0;
custom,cuboid,stone4,2,-22.9,10.1,1,0.75,0.75,0.75,0.2,2.3,-200,290,0,0,0,0,0;
custom,cuboid,stone4,2,-23,10,0,1,1,1,0.2,1,-200,290,0,0,0,0,0;
custom,cuboid,stone4,2,-27.9,10.1,1,0.75,0.75,0.75,0.2,2.8,-180,290,0,0,0,0,0;
custom,cuboid,stone4,2,-28,10,0,1,1,1,0.2,1,-180,290,0,0,0,0,0;
custom,cuboid,stone4,2,-3,10,0,1,1,1,0.2,1,-280,290,0,0,0,0,0;
custom,cuboid,stone4,2,-32.9,10.1,1,0.75,0.75,0.75,0.2,3.3,-160,290,0,0,0,0,0;
custom,cuboid,stone4,2,-33,10,0,1,1,1,0.2,1,-160,290,0,0,0,0,0;
custom,cuboid,stone4,2,-37.9,10.1,1,0.75,0.75,0.75,0.2,3.8,-140,290,0,0,0,0,0;
custom,cuboid,stone4,2,-38,10,0,1,1,1,0.2,1,-140,290,0,0,0,0,0;
custom,cuboid,stone4,2,-42.9,10.1,1,0.75,0.75,0.75,0.2,4.3,-120,290,0,0,0,0,0;
custom,cuboid,stone4,2,-43,10,0,1,1,1,0.2,1,-120,290,0,0,0,0,0;
custom,cuboid,stone4,2,-47.9,10.1,1,0.75,0.75,0.75,0.2,4.8,-100,290,0,0,0,0,0;
custom,cuboid,stone4,2,-48,10,0,1,1,1,0.2,1,-100,290,0,0,0,0,0;
custom,cuboid,stone4,2,-52.9,10.1,1,0.75,0.75,0.75,0.2,5.3,-80,290,0,0,0,0,0;
custom,cuboid,stone4,2,-53,10,0,1,1,1,0.2,1,-80,290,0,0,0,0,0;
custom,cuboid,stone4,2,-57.9,10.1,1,0.75,0.75,0.75,0.2,5.8,-60,290,0,0,0,0,0;
custom,cuboid,stone4,2,-58,10,0,1,1,1,0.2,1,-60,290,0,0,0,0,0;
custom,cuboid,stone4,2,-58,10,0,1,1,1,1,5.8,-250,130,0,0,0,-1,0.313;
custom,cuboid,stone4,2,-58,10,0,1,1,1,1,5.8,-250,445,0,0,0,-1,-0.313;
custom,cuboid,stone4,2,-7.9,10.1,1,0.75,0.75,0.75,0.2,0.8,-260,290,0,0,0,0,0;
custom,cuboid,stone4,2,-8,10,0,1,1,1,0.2,1,-260,290,0,0,0,0,0;
custom,cuboid,stone4,2,12.9,10.1,1,0.75,0.75,0.75,0.2,1.3,240,290,0,0,0,0,0;
custom,cuboid,stone4,2,13,10,0,1,1,1,0.2,1,240,290,0,0,0,0,0;
custom,cuboid,stone4,2,17.9,10.1,1,0.75,0.75,0.75,0.2,1.8,220,290,0,0,0,0,0;
custom,cuboid,stone4,2,18,10,0,1,1,1,0.2,1,220,290,0,0,0,0,0;
custom,cuboid,stone4,2,2.9,10.1,1,0.75,0.75,0.75,0.2,0.3,280,290,0,0,0,0,0;
custom,cuboid,stone4,2,22.9,10.1,1,0.75,0.75,0.75,0.2,2.3,200,290,0,0,0,0,0;
custom,cuboid,stone4,2,23,10,0,1,1,1,0.2,1,200,290,0,0,0,0,0;
custom,cuboid,stone4,2,27.9,10.1,1,0.75,0.75,0.75,0.2,2.8,180,290,0,0,0,0,0;
custom,cuboid,stone4,2,28,10,0,1,1,1,0.2,1,180,290,0,0,0,0,0;
custom,cuboid,stone4,2,3,10,0,1,1,1,0.2,1,280,290,0,0,0,0,0;
custom,cuboid,stone4,2,32.9,10.1,1,0.75,0.75,0.75,0.2,3.3,160,290,0,0,0,0,0;
custom,cuboid,stone4,2,33,10,0,1,1,1,0.2,1,160,290,0,0,0,0,0;
custom,cuboid,stone4,2,37.9,10.1,1,0.75,0.75,0.75,0.2,3.8,140,290,0,0,0,0,0;
custom,cuboid,stone4,2,38,10,0,1,1,1,0.2,1,140,290,0,0,0,0,0;
custom,cuboid,stone4,2,42.9,10.1,1,0.75,0.75,0.75,0.2,4.3,120,290,0,0,0,0,0;
custom,cuboid,stone4,2,43,10,0,1,1,1,0.2,1,120,290,0,0,0,0,0;
custom,cuboid,stone4,2,47.9,10.1,1,0.75,0.75,0.75,0.2,4.8,100,290,0,0,0,0,0;
custom,cuboid,stone4,2,48,10,0,1,1,1,0.2,1,100,290,0,0,0,0,0;
custom,cuboid,stone4,2,52.9,10.1,1,0.75,0.75,0.75,0.2,5.3,80,290,0,0,0,0,0;
custom,cuboid,stone4,2,53,10,0,1,1,1,0.2,1,80,290,0,0,0,0,0;
custom,cuboid,stone4,2,57.9,10.1,1,0.75,0.75,0.75,0.2,5.8,60,290,0,0,0,0,0;
custom,cuboid,stone4,2,58,10,0,1,1,1,0.2,1,60,290,0,0,0,0,0;
custom,cuboid,stone4,2,58,10,0,1,1,1,1,5.8,250,130,0,0,0,-0.313,1;
custom,cuboid,stone4,2,58,10,0,1,1,1,1,5.8,250,445,0,0,0,0.313,1;
custom,cuboid,stone4,2,7.9,10.1,1,0.75,0.75,0.75,0.2,0.8,260,290,0,0,0,0,0;
custom,cuboid,stone4,2,8,10,0,1,1,1,0.2,1,260,290,0,0,0,0,0;
custom,cuboid,stone4,2.1,-12.9,10,0,1,1,1,1,1.3,-240,290,0,0,0,0,0;
custom,cuboid,stone4,2.1,-17.9,10,0,1,1,1,1,1.8,-220,290,0,0,0,0,0;
custom,cuboid,stone4,2.1,-2.9,10,0,1,1,1,1,0.3,-280,290,0,0,0,0,0;
custom,cuboid,stone4,2.1,-22.9,10,0,1,1,1,1,2.3,-200,290,0,0,0,0,0;
custom,cuboid,stone4,2.1,-27.9,10,0,1,1,1,1,2.8,-180,290,0,0,0,0,0;
custom,cuboid,stone4,2.1,-32.9,10,0,1,1,1,1,3.3,-160,290,0,0,0,0,0;
custom,cuboid,stone4,2.1,-37.9,10,0,1,1,1,1,3.8,-140,290,0,0,0,0,0;
custom,cuboid,stone4,2.1,-42.9,10,0,1,1,1,1,4.3,-120,290,0,0,0,0,0;
custom,cuboid,stone4,2.1,-47.9,10,0,1,1,1,1,4.8,-100,290,0,0,0,0,0;
custom,cuboid,stone4,2.1,-52.9,10,0,1,1,1,1,5.3,-80,290,0,0,0,0,0;
custom,cuboid,stone4,2.1,-57.9,10,0,1,1,1,1,5.8,-60,290,0,0,0,0,0;
custom,cuboid,stone4,2.1,-7.9,10,0,1,1,1,1,0.8,-260,290,0,0,0,0,0;
custom,cuboid,stone4,2.1,12.9,10,0,1,1,1,1,1.3,240,290,0,0,0,0,0;
custom,cuboid,stone4,2.1,17.9,10,0,1,1,1,1,1.8,220,290,0,0,0,0,0;
custom,cuboid,stone4,2.1,2.9,10,0,1,1,1,1,0.3,280,290,0,0,0,0,1;
custom,cuboid,stone4,2.1,22.9,10,0,1,1,1,1,2.3,200,290,0,0,0,0,0;
custom,cuboid,stone4,2.1,27.9,10,0,1,1,1,1,2.8,180,290,0,0,0,0,0;
custom,cuboid,stone4,2.1,32.9,10,0,1,1,1,1,3.3,160,290,0,0,0,0,0;
custom,cuboid,stone4,2.1,37.9,10,0,1,1,1,1,3.8,140,290,0,0,0,0,0;
custom,cuboid,stone4,2.1,42.9,10,0,1,1,1,1,4.3,120,290,0,0,0,0,0;
custom,cuboid,stone4,2.1,47.9,10,0,1,1,1,1,4.8,100,290,0,0,0,0,0;
custom,cuboid,stone4,2.1,52.9,10,0,1,1,1,1,5.3,80,290,0,0,0,0,0;
custom,cuboid,stone4,2.1,57.9,10,0,1,1,1,1,5.8,60,290,0,0,0,0,0;
custom,cuboid,stone4,2.1,7.9,10,0,1,1,1,1,0.8,260,290,0,0,0,0,0;

custom,cuboid,stone4,200,1,200,0,1,1,1,20.0,20.0,0,-4.5,0,0,0,0,1;

custom,killcuboid,transparent0.01,200,1,200,1,1,1,1,1000.0,1000.0,0,5,0,0,0,0,1;
custom,killcuboid,transparent0.0225,200,1,200,1,1,0,0,1000.0,1000.0,0,15,0,0,0,0,1;
custom,killcuboid,transparent0.02,200,1,200,1,1,0,0,1000.0,1000.0,0,25,0,0,0,0,1;
custom,killcuboid,transparent0.0175,200,1,200,1,1,0,0,1000.0,1000.0,0,35,0,0,0,0,1;
custom,killcuboid,transparent0.015,200,1,200,1,1,0,0,1000.0,1000.0,0,45,0,0,0,0,1;
custom,killcuboid,transparent0.0125,200,1,200,1,1,0,0,1000.0,1000.0,0,55,0,0,0,0,1;
custom,killcuboid,transparent0.01,200,1,200,1,1,0,0,1000.0,1000.0,0,65,0,0,0,0,1;


custom,cuboid,stone4,3,-6,10,1,0.75,0.75,0.75,1,0.6,-460,30,450,0,0,0,0;
custom,cuboid,stone4,3,-6,10,1,0.75,0.75,0.75,1,0.6,-460,30,50,0,0,0,0;
custom,cuboid,stone4,3,-6,10,1,0.75,0.75,0.75,1,0.6,-510,30,200,1,0,-1,0;
custom,cuboid,stone4,3,-6,10,1,0.75,0.75,0.75,1,0.6,-510,30,300,1,0,-1,0;
custom,cuboid,stone4,3,-6,10,1,0.75,0.75,0.75,1,0.6,-710,30,200,1,0,-1,0;
custom,cuboid,stone4,3,-6,10,1,0.75,0.75,0.75,1,0.6,-710,30,300,1,0,-1,0;
custom,cuboid,stone4,3,-6,10,1,0.75,0.75,0.75,1,0.6,-860,30,250,0,0,-1,0;
custom,cuboid,stone4,3,6,10,1,0.75,0.75,0.75,1.0,0.6,460,30,450,0,0,0,0;
custom,cuboid,stone4,3,6,10,1,0.75,0.75,0.75,1.0,0.6,460,30,50,0,0,0,0;
custom,cuboid,stone4,3,6,10,1,0.75,0.75,0.75,1.0,0.6,510,30,200,0,1,0,1;
custom,cuboid,stone4,3,6,10,1,0.75,0.75,0.75,1.0,0.6,510,30,300,0,1,0,1;
custom,cuboid,stone4,3,6,10,1,0.75,0.75,0.75,1.0,0.6,710,30,200,0,1,0,1;
custom,cuboid,stone4,3,6,10,1,0.75,0.75,0.75,1.0,0.6,710,30,300,0,1,0,1;
custom,cuboid,stone4,3,6,10,1,0.75,0.75,0.75,1.0,0.6,860,30,250,0,0,0,1;
custom,cuboid,stone4,7.5,6,1,1,0.75,0.75,0.75,0.75,0.6,-469.5276293,30,-663.4967626,0,0.6493094,0,0.7605244;
custom,cuboid,stone4,7.5,6,1,1,0.75,0.75,0.75,0.75,0.6,-469.5276293,30,736.5032374,0,0.6493094,0,0.7605244;
custom,cuboid,stone4,7.5,6,1,1,0.75,0.75,0.75,0.75,0.6,-492.0878708,30,-805.9365212,0,0.8525449,0,0.5226541;
custom,cuboid,stone4,7.5,6,1,1,0.75,0.75,0.75,0.75,0.6,-492.0878708,30,594.0634788,0,0.8525449,0,0.5226541;
custom,cuboid,stone4,7.5,6,1,1,0.75,0.75,0.75,0.75,0.6,-535,30,-535,0,0.414,0,1;
custom,cuboid,stone4,7.5,6,1,1,0.75,0.75,0.75,0.75,0.6,-535,30,865,0,0.414,0,1;
custom,cuboid,stone4,7.5,6,1,1,0.75,0.75,0.75,0.75,0.6,-594.0634789,30,-907.9121293,0,-0.2332681,0,0.9724125;
custom,cuboid,stone4,7.5,6,1,1,0.75,0.75,0.75,0.75,0.6,-594.0634789,30,492.0878707,0,-0.2332681,0,0.9724125;
custom,cuboid,stone4,7.5,6,1,1,0.75,0.75,0.75,0.75,0.6,-663.4967625,30,-469.5276293,0,0.0786408,0,0.996903;
custom,cuboid,stone4,7.5,6,1,1,0.75,0.75,0.75,0.75,0.6,-663.4967625,30,930.4723707,0,0.0786408,0,0.996903;
custom,cuboid,stone4,7.5,6,1,1,0.75,0.75,0.75,0.75,0.6,-736.5032375,30,-930.4723707,0,0.0786408,0,0.996903;
custom,cuboid,stone4,7.5,6,1,1,0.75,0.75,0.75,0.75,0.6,-736.5032375,30,469.5276293,0,0.0786408,0,0.996903;
custom,cuboid,stone4,7.5,6,1,1,0.75,0.75,0.75,0.75,0.6,-805.9365211,30,-492.0878707,0,-0.2332681,0,0.9724125;
custom,cuboid,stone4,7.5,6,1,1,0.75,0.75,0.75,0.75,0.6,-805.9365211,30,907.9121293,0,-0.2332681,0,0.9724125;
custom,cuboid,stone4,7.5,6,1,1,0.75,0.75,0.75,0.75,0.6,-865,30,-865,0,0.414,0,1;
custom,cuboid,stone4,7.5,6,1,1,0.75,0.75,0.75,0.75,0.6,-865,30,535,0,0.414,0,1;
custom,cuboid,stone4,7.5,6,1,1,0.75,0.75,0.75,0.75,0.6,-907.9121292,30,-594.0634788,0,0.8525449,0,0.5226541;
custom,cuboid,stone4,7.5,6,1,1,0.75,0.75,0.75,0.75,0.6,-907.9121292,30,805.9365212,0,0.8525449,0,0.5226541;
custom,cuboid,stone4,7.5,6,1,1,0.75,0.75,0.75,0.75,0.6,-930.4723707,30,-736.5032374,0,0.6493094,0,0.7605244;
custom,cuboid,stone4,7.5,6,1,1,0.75,0.75,0.75,0.75,0.6,-930.4723707,30,663.4967626,0,0.6493094,0,0.7605244;
custom,cuboid,stone4,7.5,6,1,1,0.75,0.75,0.75,0.75,0.6,469.5276293,30,-736.5032374,0,0.6493094,0,0.7605244;
custom,cuboid,stone4,7.5,6,1,1,0.75,0.75,0.75,0.75,0.6,469.5276293,30,663.4967626,0,0.6493094,0,0.7605244;
custom,cuboid,stone4,7.5,6,1,1,0.75,0.75,0.75,0.75,0.6,492.0878708,30,-594.0634788,0,0.8525449,0,0.5226541;
custom,cuboid,stone4,7.5,6,1,1,0.75,0.75,0.75,0.75,0.6,492.0878708,30,805.9365212,0,0.8525449,0,0.5226541;
custom,cuboid,stone4,7.5,6,1,1,0.75,0.75,0.75,0.75,0.6,535,30,-865,0,0.414,0,1;
custom,cuboid,stone4,7.5,6,1,1,0.75,0.75,0.75,0.75,0.6,535,30,535,0,0.414,0,1;
custom,cuboid,stone4,7.5,6,1,1,0.75,0.75,0.75,0.75,0.6,594.0634789,30,-492.0878707,0,-0.2332681,0,0.9724125;
custom,cuboid,stone4,7.5,6,1,1,0.75,0.75,0.75,0.75,0.6,594.0634789,30,907.9121293,0,-0.2332681,0,0.9724125;
custom,cuboid,stone4,7.5,6,1,1,0.75,0.75,0.75,0.75,0.6,663.4967625,30,-930.4723707,0,0.0786408,0,0.996903;
custom,cuboid,stone4,7.5,6,1,1,0.75,0.75,0.75,0.75,0.6,663.4967625,30,469.5276293,0,0.0786408,0,0.996903;
custom,cuboid,stone4,7.5,6,1,1,0.75,0.75,0.75,0.75,0.6,736.5032375,30,-469.5276293,0,0.0786408,0,0.996903;
custom,cuboid,stone4,7.5,6,1,1,0.75,0.75,0.75,0.75,0.6,736.5032375,30,930.4723707,0,0.0786408,0,0.996903;
custom,cuboid,stone4,7.5,6,1,1,0.75,0.75,0.75,0.75,0.6,805.9365211,30,-907.9121293,0,-0.2332681,0,0.9724125;
custom,cuboid,stone4,7.5,6,1,1,0.75,0.75,0.75,0.75,0.6,805.9365211,30,492.0878707,0,-0.2332681,0,0.9724125;
custom,cuboid,stone4,7.5,6,1,1,0.75,0.75,0.75,0.75,0.6,865,30,-535,0,0.414,0,1;
custom,cuboid,stone4,7.5,6,1,1,0.75,0.75,0.75,0.75,0.6,865,30,865,0,0.414,0,1;
custom,cuboid,stone4,7.5,6,1,1,0.75,0.75,0.75,0.75,0.6,907.9121292,30,-805.9365212,0,0.8525449,0,0.5226541;
custom,cuboid,stone4,7.5,6,1,1,0.75,0.75,0.75,0.75,0.6,907.9121292,30,594.0634788,0,0.8525449,0,0.5226541;
custom,cuboid,stone4,7.5,6,1,1,0.75,0.75,0.75,0.75,0.6,930.4723707,30,-663.4967626,0,0.6493094,0,0.7605244;
custom,cuboid,stone4,7.5,6,1,1,0.75,0.75,0.75,0.75,0.6,930.4723707,30,736.5032374,0,0.6493094,0,0.7605244;
custom,cuboid,stone4,9.9,35.1,35.1,0,1,1,1,1,3.5,0,-10,-240,0.414,0,0,1;
custom,cuboid,stone4,9.9,35.1,35.1,0,1,1,1,1,3.5,0,-10,240,0.414,0,0,1;
custom,cuboid,stone4,9.9,35.1,35.1,1,0.75,0.75,0.75,1,3.5,0,325,-480,0.414,0,0,1;
custom,cuboid,stone4,9.9,35.1,35.1,1,0.75,0.75,0.75,1,3.5,0,325,0,0.414,0,0,1;
custom,cuboid,stone4,9.9,35.1,35.1,1,0.75,0.75,0.75,1,3.5,0,325,480,0.414,0,0,1;
custom,cylinder,crystal2,1.9,0.12,1.9,0,1,1,1,0.01,0.01,-700,30.1,-700,0,0,0,0;
custom,cylinder,crystal2,1.9,0.12,1.9,0,1,1,1,0.01,0.01,-700,30.1,700,0,0,0,0;
custom,cylinder,crystal2,1.9,0.12,1.9,0,1,1,1,0.01,0.01,700,30.1,-700,0,0,0,0;
custom,cylinder,crystal2,1.9,0.12,1.9,0,1,1,1,0.01,0.01,700,30.1,700,0,0,0,0;
custom,cylinder,crystal2,4.9,0.25,4.9,0,1,1,1,0.01,0.01,-700,20.1,-700,0,0,0,0;
custom,cylinder,crystal2,4.9,0.25,4.9,0,1,1,1,0.01,0.01,-700,20.1,700,0,0,0,0;
custom,cylinder,crystal2,4.9,0.25,4.9,0,1,1,1,0.01,0.01,700,20.1,-700,0,0,0,0;
custom,cylinder,crystal2,4.9,0.25,4.9,0,1,1,1,0.01,0.01,700,20.1,700,0,0,0,0;
custom,cylinder,crystal2,9.9,0.25,9.9,0,1,1,1,0.01,0.01,-700,5.6,-700,0,0,0,0;
custom,cylinder,crystal2,9.9,0.25,9.9,0,1,1,1,0.01,0.01,-700,5.6,700,0,0,0,0;
custom,cylinder,crystal2,9.9,0.25,9.9,0,1,1,1,0.01,0.01,700,5.6,-700,0,0,0,0;
custom,cylinder,crystal2,9.9,0.25,9.9,0,1,1,1,0.01,0.01,700,5.6,700,0,0,0,0;
custom,cylinder,stone4,0.1,1,0.1,0,1,1,1,0.1,1,-700,30,-700,0,0,0,0;
custom,cylinder,stone4,0.1,1,0.1,0,1,1,1,0.1,1,-700,30,700,0,0,0,0;
custom,cylinder,stone4,0.1,1,0.1,0,1,1,1,0.1,1,700,30,-700,0,0,0,0;
custom,cylinder,stone4,0.1,1,0.1,0,1,1,1,0.1,1,700,30,700,0,0,0,0;
custom,cylinder,stone4,0.9,0.4,0.9,0,1,1,1,1,0.5,-700,27,-700,0,0,0,0;
custom,cylinder,stone4,0.9,0.4,0.9,0,1,1,1,1,0.5,-700,27,700,0,0,0,0;
custom,cylinder,stone4,0.9,0.4,0.9,0,1,1,1,1,0.5,700,27,-700,0,0,0,0;
custom,cylinder,stone4,0.9,0.4,0.9,0,1,1,1,1,0.5,700,27,700,0,0,0,0;
custom,cylinder,stone4,10,0.25,10,0,1,1,1,1,0.1,-700,5.5,-700,0,0,0,0;
custom,cylinder,stone4,10,0.25,10,0,1,1,1,1,0.1,-700,5.5,700,0,0,0,0;
custom,cylinder,stone4,10,0.25,10,0,1,1,1,1,0.1,700,5.5,-700,0,0,0,0;
custom,cylinder,stone4,10,0.25,10,0,1,1,1,1,0.1,700,5.5,700,0,0,0,0;
custom,cylinder,stone4,11,0.25,11,0,1,1,1,1,0.1,-700,3.5,-700,0,1,0,0;
custom,cylinder,stone4,11,0.25,11,0,1,1,1,1,0.1,-700,3.5,700,0,1,0,0;
custom,cylinder,stone4,11,0.25,11,0,1,1,1,1,0.1,700,3.5,-700,0,1,0,0;
custom,cylinder,stone4,11,0.25,11,0,1,1,1,1,0.1,700,3.5,700,0,1,0,0;
custom,cylinder,stone4,12,0.25,12,0,1,1,1,1,0.1,-700,1.5,-700,0,0,0,0;
custom,cylinder,stone4,12,0.25,12,0,1,1,1,1,0.1,-700,1.5,700,0,0,0,0;
custom,cylinder,stone4,12,0.25,12,0,1,1,1,1,0.1,700,1.5,-700,0,0,0,0;
custom,cylinder,stone4,12,0.25,12,0,1,1,1,1,0.1,700,1.5,700,0,0,0,0;
custom,cylinder,stone4,13,0.25,13,0,1,1,1,1,0.1,-700,0,-700,0,1,0,0;
custom,cylinder,stone4,13,0.25,13,0,1,1,1,1,0.1,-700,0,700,0,1,0,0;
custom,cylinder,stone4,13,0.25,13,0,1,1,1,1,0.1,700,0,-700,0,1,0,0;
custom,cylinder,stone4,13,0.25,13,0,1,1,1,1,0.1,700,0,700,0,1,0,0;
custom,cylinder,stone4,2,0.12,2,0,1,1,1,1,0.1,-700,30,-700,0,0,0,0;
custom,cylinder,stone4,2,0.12,2,0,1,1,1,1,0.1,-700,30,700,0,0,0,0;
custom,cylinder,stone4,2,0.12,2,0,1,1,1,1,0.1,700,30,-700,0,0,0,0;
custom,cylinder,stone4,2,0.12,2,0,1,1,1,1,0.1,700,30,700,0,0,0,0;
custom,cylinder,stone4,2,0.5,2,0,1,1,1,1,0.5,-700,15,-700,0,0,0,0;
custom,cylinder,stone4,2,0.5,2,0,1,1,1,1,0.5,-700,15,700,0,0,0,0;
custom,cylinder,stone4,2,0.5,2,0,1,1,1,1,0.5,700,15,-700,0,0,0,0;
custom,cylinder,stone4,2,0.5,2,0,1,1,1,1,0.5,700,15,700,0,0,0,0;
custom,cylinder,stone4,5,0.25,5,0,1,1,1,1,0.1,-700,20,-700,0,0,0,0;
custom,cylinder,stone4,5,0.25,5,0,1,1,1,1,0.1,-700,20,700,0,0,0,0;
custom,cylinder,stone4,5,0.25,5,0,1,1,1,1,0.1,700,20,-700,0,0,0,0;
custom,cylinder,stone4,5,0.25,5,0,1,1,1,1,0.1,700,20,700,0,0,0,0;
custom,dummy1,stone4,-0.6,-0.6,-0.6,0,1,1,1,1,1,89.37332,-0.0056107,-773.8179,0.2586855,0,-0.9659616,0;
custom,dummy1,stone4,-0.6,0.6,-0.6,0,1,1,1,1,1,-89.37332,-0.0056107,-773.8179,0,0.2586855,0,0.9659616;
custom,dummy1,stone4,-1,-1,-1,0,1,1,1,1,1,192.2308,0.5890014,-346.7295,0.9136705,0,-0.4064558,0;
custom,dummy1,stone4,-1,1,-1,0,1,1,1,1,1,-192.2308,0.5890014,-346.7295,0,0.9136705,0,0.4064558;
custom,dummy1,stone4,-1.4,-1.4,-1.4,0,0.1022727,0.1022727,0.125,1,1,647.4437,0.2566353,963.7225,0.6801853,0,-0.7330403,0;
custom,dummy1,stone4,-1.4,-1.4,-1.4,0,0.1022727,0.1022727,0.125,1,1,711.6935,-2.12955,-967.0323,-0.8620905,0,-0.5067544,0;
custom,dummy1,stone4,-1.4,1.4,-1.4,0,0.1022727,0.1022727,0.125,1,1,-647.4437,0.2566353,963.7225,0,0.6801853,0,0.7330403;
custom,dummy1,stone4,-1.4,1.4,-1.4,0,0.1022727,0.1022727,0.125,1,1,-711.6935,-2.12955,-967.0323,0,-0.8620905,0,0.5067544;
custom,dummy1,stone4,.6,.6,.6,0,1,1,1,1.0,1.0,89.37332,-0.005610734,773.8179,0,0.2586855,0,0.9659616;
custom,dummy1,stone4,0.6,-0.6,0.6,0,1,1,1,1,1,-89.37332,-0.0056107,773.8179,0.2586855,0,-0.9659616,0;
custom,dummy1,stone4,1,-1,1,0,1,1,1,1,1,-192.2308,0.5890014,346.7295,0.9136705,0,-0.4064558,0;
custom,dummy1,stone4,1,1,1,0,1,1,1,1.0,1.0,192.2308,0.5890014,346.7295,0,0.9136705,0,0.4064558;
custom,dummy1,stone4,1.4,-1.4,1.4,0,0.1022727,0.1022727,0.125,1,1,-647.4437,0.2566353,-963.7225,0.6801853,0,-0.7330403,0;
custom,dummy1,stone4,1.4,-1.4,1.4,0,0.1022727,0.1022727,0.125,1,1,-711.6935,-2.12955,967.0323,-0.8620905,0,-0.5067544,0;
custom,dummy1,stone4,1.4,1.4,1.4,0,0.1022727,0.1022727,0.125,1.0,1.0,647.4437,0.2566353,-963.7225,0,0.6801853,0,0.7330403;
custom,dummy1,stone4,1.4,1.4,1.4,0,0.1022727,0.1022727,0.125,1.0,1.0,711.6935,-2.12955,967.0323,0,-0.8620905,0,0.5067544;
custom,dummy1,stone9,-0.2,-0.2,-0.2,0,1,1,1,1,1,134.4303,0.4660167,-575.3511,0.9885452,0,0.1509254,0;
custom,dummy1,stone9,-0.2,-0.2,-0.2,0,1,1,1,1,1,63.09539,0.3727102,-556.5308,0.9301342,0,-0.3672198,0;
custom,dummy1,stone9,-0.2,0.2,-0.2,0,1,1,1,1,1,-134.4303,0.4660167,-575.3511,0,0.9885452,0,-0.1509254;
custom,dummy1,stone9,-0.2,0.2,-0.2,0,1,1,1,1,1,-63.09539,0.3727102,-556.5308,0,0.9301342,0,0.3672198;
custom,dummy1,stone9,.2,.2,.2,0,1,1,1,1.0,1.0,134.4303,0.4660167,575.3511,0,0.9885452,0,-0.1509254;
custom,dummy1,stone9,.2,.2,.2,0,1,1,1,1.0,1.0,63.09539,0.3727102,556.5308,0,0.9301342,0,0.3672198;
custom,dummy1,stone9,0.2,-0.2,0.2,0,1,1,1,1,1,-134.4303,0.4660167,575.3511,0.9885452,0,0.1509254,0;
custom,dummy1,stone9,0.2,-0.2,0.2,0,1,1,1,1,1,-63.09539,0.3727102,556.5308,0.9301342,0,-0.3672198,0;
custom,sphere,stone4,-0.2,-0.2,-0.2,1,0.1022727,0.1022727,0.125,1,1,105.7992,16.35325,-797.0633,0.9999859,0,-0.005321,0;
custom,sphere,stone4,-0.2,0.2,-0.2,1,0.1022727,0.1022727,0.125,1,1,-105.7992,16.35325,-797.0633,0,0.9999859,0,0.005321;
custom,sphere,stone4,.2,.2,.2,1,0.1022727,0.1022727,0.125,1.0,1.0,105.7992,16.35325,797.0633,0,0.9999859,0,0.005320957;
custom,sphere,stone4,0.2,-0.2,0.2,1,0.1022727,0.1022727,0.125,1,1,-105.7992,16.35325,797.0633,0.9999859,0,-0.005321,0;
custom,spike1,default,-0.6,-0.6,-0.6,0,1,1,1,1,1,97.43849,-1.086754,-572.3461,0.1341915,0,0.9909555,0;
custom,spike1,default,-0.6,0.6,-0.6,0,1,1,1,1,1,-97.43849,-1.086754,-572.3461,0,0.1341915,0,-0.9909555;
custom,spike1,default,.6,.6,.6,0,1,1,1,1.0,1.0,97.43849,-1.086754,572.3461,0,0.1341915,0,-0.9909555;
custom,spike1,default,0.6,-0.6,0.6,0,1,1,1,1,1,-97.43849,-1.086754,572.3461,0.1341915,0,0.9909555,0;
custom,statue1,stone4,-0.7,-0.7,-0.7,0,0.1022727,0.1022727,0.125,1,1,782.7983,-3.086762,972.6044,0.6020485,0,0.7984596,0;
custom,statue1,stone4,-0.7,-0.7,-0.7,0,0.1022727,0.1022727,0.125,1,1,796.0822,-2.845819,945.0778,0.810212,0,0.5861371,0;
custom,statue1,stone4,-0.7,0.7,-0.7,0,0.1022727,0.1022727,0.125,1,1,-782.7983,-3.086762,972.6044,0,0.6020485,0,-0.7984596;
custom,statue1,stone4,-0.7,0.7,-0.7,0,0.1022727,0.1022727,0.125,1,1,-796.0822,-2.845819,945.0778,0,0.810212,0,-0.5861371;
custom,statue1,stone4,.7,.7,.7,0,0.1022727,0.1022727,0.125,1.0,1.0,782.7983,-3.086762,-972.6044,0,0.6020485,0,-0.7984596;
custom,statue1,stone4,.7,.7,.7,0,0.1022727,0.1022727,0.125,1.0,1.0,796.0822,-2.845819,-945.0778,0,0.810212,0,-0.5861371;
custom,statue1,stone4,0.7,-0.7,0.7,0,0.1022727,0.1022727,0.125,1,1,-782.7983,-3.086762,-972.6044,0.6020485,0,0.7984596,0;
custom,statue1,stone4,0.7,-0.7,0.7,0,0.1022727,0.1022727,0.125,1,1,-796.0822,-2.845819,-945.0778,0.810212,0,0.5861371,0;
custom,statue2,stone4,-1.5,-1.5,-1.5,0,0.1022727,0.1022727,0.125,1,1,1.786843,-0.8506023,612.6469,0.9999903,0,0.004413,0;
custom,statue2,stone4,1.5,1.5,1.5,0,0.1022727,0.1022727,0.125,1.0,1.0,1.786843,-0.8506023,-612.6469,0,0.9999903,0,-0.004412992;
custom,torus,stone4,1,3,1,0,1,1,1,1,1.1,-700,22,-699.5,0,0,0,0;
custom,torus,stone4,1,3,1,0,1,1,1,1,1.1,-700,22,700.5,0,0,0,0;
custom,torus,stone4,1,3,1,0,1,1,1,1,1.1,700,22,-699.5,0,0,0,0;
custom,torus,stone4,1,3,1,0,1,1,1,1,1.1,700,22,700.5,0,0,0,0;
custom,torus,stone4,2,5,2,0,1,1,1,1,1.1,-700,7,-699,0,0,0,0;
custom,torus,stone4,2,5,2,0,1,1,1,1,1.1,-700,7,701,0,0,0,0;
custom,torus,stone4,2,5,2,0,1,1,1,1,1.1,700,7,-699,0,0,0,0;
custom,torus,stone4,2,5,2,0,1,1,1,1,1.1,700,7,701,0,0,0,0;
customb,arch1,stone4,-1,-1,-0.5,0,0.1022727,0.1022727,0.125,1,1,510.2888,16.12441,270.8166,-0.0072184,0,-0.999974,0;
customb,arch1,stone4,-1,-1,-0.5,0,0.1022727,0.1022727,0.125,1,1,511.4552,41.6447,272.277,-0.0320787,0,-0.9994854,0;
customb,arch1,stone4,-1,-1,-0.5,0,0.1022727,0.1022727,0.125,1,1,748.9341,37.43137,228.1682,0.9998995,0,-0.0141772,0;
customb,arch1,stone4,-1,-1,-0.5,0,0.1022727,0.1022727,0.125,1,1,749.3909,15.3878,229.5902,0.9999874,0,-0.0050147,0;
customb,arch1,stone4,-1,-1,-2,0,0.1022727,0.1022727,0.125,1,1,322.5159,42.35421,678.5746,0.8249201,0,0.5652494,0;
customb,arch1,stone4,-1,-1,-2.2,0,0.1022727,0.1022727,0.125,1,1,326.5764,13.59606,466.1,0.4996146,0,-0.8662478,0;
customb,arch1,stone4,-1,1,-0.5,0,0.1022727,0.1022727,0.125,1,1,-510.2888,16.12441,270.8166,0,-0.0072184,0,0.999974;
customb,arch1,stone4,-1,1,-0.5,0,0.1022727,0.1022727,0.125,1,1,-511.4552,41.6447,272.277,0,-0.0320787,0,0.9994854;
customb,arch1,stone4,-1,1,-0.5,0,0.1022727,0.1022727,0.125,1,1,-748.9341,37.43137,228.1682,0,0.9998995,0,0.0141772;
customb,arch1,stone4,-1,1,-0.5,0,0.1022727,0.1022727,0.125,1,1,-749.3909,15.3878,229.5902,0,0.9999874,0,0.0050147;
customb,arch1,stone4,-1,1,-2,0,0.1022727,0.1022727,0.125,1,1,-322.5159,42.35421,678.5746,0,0.8249201,0,-0.5652494;
customb,arch1,stone4,-1,1,-2.2,0,0.1022727,0.1022727,0.125,1,1,-326.5764,13.59606,466.1,0,0.4996146,0,0.8662478;
customb,arch1,stone4,1,-1,0.5,0,0.1022727,0.1022727,0.125,1,1,-510.2888,16.12441,-270.8166,-0.0072184,0,-0.999974,0;
customb,arch1,stone4,1,-1,0.5,0,0.1022727,0.1022727,0.125,1,1,-511.4552,41.6447,-272.277,-0.0320787,0,-0.9994854,0;
customb,arch1,stone4,1,-1,0.5,0,0.1022727,0.1022727,0.125,1,1,-748.9341,37.43137,-228.1682,0.9998995,0,-0.0141772,0;
customb,arch1,stone4,1,-1,0.5,0,0.1022727,0.1022727,0.125,1,1,-749.3909,15.3878,-229.5902,0.9999874,0,-0.0050147,0;
customb,arch1,stone4,1,-1,2,0,0.1022727,0.1022727,0.125,1,1,-322.5159,42.35421,-678.5746,0.8249201,0,0.5652494,0;
customb,arch1,stone4,1,-1,2.2,0,0.1022727,0.1022727,0.125,1,1,-326.5764,13.59606,-466.1,0.4996146,0,-0.8662478,0;
customb,arch1,stone4,1,1,.5,0,0.1022727,0.1022727,0.125,1.0,1.0,510.2888,16.12441,-270.8166,0,-0.007218444,0,0.999974;
customb,arch1,stone4,1,1,.5,0,0.1022727,0.1022727,0.125,1.0,1.0,511.4552,41.6447,-272.277,0,-0.03207865,0,0.9994854;
customb,arch1,stone4,1,1,.5,0,0.1022727,0.1022727,0.125,1.0,1.0,748.9341,37.43137,-228.1682,0,0.9998995,0,0.01417719;
customb,arch1,stone4,1,1,.5,0,0.1022727,0.1022727,0.125,1.0,1.0,749.3909,15.3878,-229.5902,0,0.9999874,0,0.005014671;
customb,arch1,stone4,1,1,2,0,0.1022727,0.1022727,0.125,1.0,1.0,322.5159,42.35421,-678.5746,0,0.8249201,0,-0.5652494;
customb,arch1,stone4,1,1,2.2,0,0.1022727,0.1022727,0.125,1.0,1.0,326.5764,13.59606,-466.1,0,0.4996146,0,0.8662478;
map,disablebounds;
misc,barrier,10,1,50,0,65,-750,0,0,0,0;
misc,barrier,10,1,50,0,65,750,0,0,0,0;
misc,barrier,10,1,52.5,0,75,-737.5,0,0,0,0;
misc,barrier,10,1,52.5,0,75,737.5,0,0,0,0;
misc,barrier,21,2,60,0,650,-250,0,0,0,0;
misc,barrier,39,2,95,-245,69.8,-525,0,0,0,1;
misc,barrier,39,2,95,-245,70,525,0,0,0,0;
misc,barrier,39,2,95,245,70,-525,0,0,0,0;
misc,barrier,39,2,95,245,70,525,0,0,0,0;
misc,barrier,56,2,200,-720,70,0,0,0,0,0;
misc,barrier,56,2,200,720,70,0,0,0,0,0;
racing,endcuboid,10,6,1,0,30,995,0,0,0,0;





custom,killCuboid,transparent0.5,-1,-6,-10,1,1,1,1,1,1,100,30,-850,1,0,-1,0;
custom,killCuboid,transparent0.5,-1,-6,-10,1,1,1,1,1,1,50,30,-700,0,0,-1,0;
custom,killCuboid,transparent0.5,-1,6,-10,1,1,1,1,1,1,-100,30,-850,0,1,0,1;
custom,killCuboid,transparent0.5,-1,6,-10,1,1,1,1,1,1,-50,30,-700,0,0,0,1;
custom,killCuboid,transparent0.5,-1.3,-4,-1.3,1,1,1,1,1,1,543.8895,17.18361,-275.6631,0.9547926,0,0.2972728,0;
custom,killCuboid,transparent0.5,-1.3,-4,-1.3,1,1,1,1,1,1,556.4799,37.55553,-263.8932,0.4695664,0,0.8828972,0;
custom,killCuboid,transparent0.5,-1.3,-4,-1.3,1,1,1,1,1,1,737.5575,15.72218,-275.9719,0.9272367,0,0.374476,0;
custom,killCuboid,transparent0.5,-1.3,-4,-1.3,1,1,1,1,1,1,746.0036,5.454331,-264.2451,0.9260888,0,0.3773057,0;
custom,killCuboid,transparent0.5,-1.3,4,-1.3,1,1,1,1,1,1,-543.8895,17.18361,-275.6631,0,0.9547926,0,-0.2972728;
custom,killCuboid,transparent0.5,-1.3,4,-1.3,1,1,1,1,1,1,-556.4799,37.55553,-263.8932,0,0.4695664,0,-0.8828972;
custom,killCuboid,transparent0.5,-1.3,4,-1.3,1,1,1,1,1,1,-737.5575,15.72218,-275.9719,0,0.9272367,0,-0.374476;
custom,killCuboid,transparent0.5,-1.3,4,-1.3,1,1,1,1,1,1,-746.0036,5.454331,-264.2451,0,0.9260888,0,-0.3773057;
custom,killCuboid,transparent0.5,-15,-4,-1,1,1,1,1,1,1,322.3332,39.78377,-495.369,0.9999847,0,0.0055414,0;
custom,killCuboid,transparent0.5,-15,-6,-1,1,1,1,1,1,1,450,30,-950,-0.414,0,-1,0;
custom,killCuboid,transparent0.5,-15,-6,-1,1,1,1,1,1,1,950,30,-950,0.414,0,-1,0;
custom,killCuboid,transparent0.5,-15,4,-1,1,1,1,1,1,1,-322.3332,39.78377,-495.369,0,0.9999847,0,-0.0055414;
custom,killCuboid,transparent0.5,-15,6,-1,1,1,1,1,1,1,-450,30,-950,0,-0.414,0,1;
custom,killCuboid,transparent0.5,-15,6,-1,1,1,1,1,1,1,-950,30,-950,0,0.414,0,1;
custom,killCuboid,transparent0.5,-19,-4,-1,1,1,1,1,1,1,327.1529,18.41847,-800.7128,0.9440879,0,-0.3296939,0;
custom,killCuboid,transparent0.5,-19,4,-1,1,1,1,1,1,1,-327.1529,18.41847,-800.7128,0,0.9440879,0,0.3296939;
custom,killCuboid,transparent0.5,-5,-1,-1,1,1,1,1,1,1,177.6581,21.61784,-144.6667,0.9999923,0,0.0039474,0;
custom,killCuboid,transparent0.5,-5,-1,-1,1,1,1,1,1,1,178.3521,5.101893,-144.447,0.999958,0,0.0091663,0;
custom,killCuboid,transparent0.5,-5,-1,-1,1,1,1,1,1,1,178.8058,39.67604,-144.6661,0.999981,0,0.0061708,0;
custom,killCuboid,transparent0.5,-5,-4,-1,1,1,1,1,1,1,706.736,39.39726,-224.8967,0.7038352,0,-0.7103633,0;
custom,killCuboid,transparent0.5,-5,-6,-1,1,1,1,1,1,1,505.3188,5.93966,-221.6287,0.7053828,0,-0.7088266,0;
custom,killCuboid,transparent0.5,-5,1,-1,1,1,1,1,1,1,-177.6581,21.61784,-144.6667,0,0.9999923,0,-0.0039474;
custom,killCuboid,transparent0.5,-5,1,-1,1,1,1,1,1,1,-178.3521,5.101893,-144.447,0,0.999958,0,-0.0091663;
custom,killCuboid,transparent0.5,-5,1,-1,1,1,1,1,1,1,-178.8058,39.67604,-144.6661,0,0.999981,0,-0.0061708;
custom,killCuboid,transparent0.5,-5,4,-1,1,1,1,1,1,1,-706.736,39.39726,-224.8967,0,0.7038352,0,0.7103633;
custom,killCuboid,transparent0.5,-5,6,-1,1,1,1,1,1,1,-505.3188,5.93966,-221.6287,0,0.7053828,0,0.7088266;
custom,killCuboid,transparent0.5,-7.5,-2,-15,1,1,1,1,1,1,200,10,-925,0,0,0,0;
custom,killCuboid,transparent0.5,-7.5,-2,-15,1,1,1,1,1,1,200,11.5224093,-917.3463314,0,-0.1950903,-0.9807853,0;
custom,killCuboid,transparent0.5,-7.5,-2,-15,1,1,1,1,1,1,200,11.5224093,-932.6536686,0,0.1950903,-0.9807853,0;
custom,killCuboid,transparent0.5,-7.5,-2,-15,1,1,1,1,1,1,200,48.4775907,-917.3463314,0,0.1950903,-0.9807853,0;
custom,killCuboid,transparent0.5,-7.5,-2,-15,1,1,1,1,1,1,200,48.4775907,-932.6536686,0,-0.1950903,-0.9807853,0;
custom,killCuboid,transparent0.5,-7.5,-2,-15,1,1,1,1,1,1,200,50,-925,0,0,0,0;
custom,killCuboid,transparent0.5,-7.5,2,-15,1,1,1,1,1,1,-200,10,-925,0,0,0,0;
custom,killCuboid,transparent0.5,-7.5,2,-15,1,1,1,1,1,1,-200,11.5224093,-917.3463314,-0.1950903,0,0,0.9807853;
custom,killCuboid,transparent0.5,-7.5,2,-15,1,1,1,1,1,1,-200,11.5224093,-932.6536686,0.1950903,0,0,0.9807853;
custom,killCuboid,transparent0.5,-7.5,2,-15,1,1,1,1,1,1,-200,48.4775907,-917.3463314,0.1950903,0,0,0.9807853;
custom,killCuboid,transparent0.5,-7.5,2,-15,1,1,1,1,1,1,-200,48.4775907,-932.6536686,-0.1950903,0,0,0.9807853;
custom,killCuboid,transparent0.5,-7.5,2,-15,1,1,1,1,1,1,-200,50,-925,0,0,0,0;
custom,killCuboid,transparent0.5,1.3,-4,1.3,1,1,1,1,1,1,-543.8895,17.18361,275.6631,0.9547926,0,0.2972728,0;
custom,killCuboid,transparent0.5,1.3,-4,1.3,1,1,1,1,1,1,-556.4799,37.55553,263.8932,0.4695664,0,0.8828972,0;
custom,killCuboid,transparent0.5,1.3,-4,1.3,1,1,1,1,1,1,-737.5575,15.72218,275.9719,0.9272367,0,0.374476,0;
custom,killCuboid,transparent0.5,1.3,-4,1.3,1,1,1,1,1,1,-746.0036,5.454331,264.2451,0.9260888,0,0.3773057,0;
custom,killCuboid,transparent0.5,1.3,4,1.3,1,1,1,1,1,1,543.8895,17.18361,275.6631,0,0.9547926,0,-0.2972728;
custom,killCuboid,transparent0.5,1.3,4,1.3,1,1,1,1,1,1,556.4799,37.55553,263.8932,0,0.4695664,0,-0.8828972;
custom,killCuboid,transparent0.5,1.3,4,1.3,1,1,1,1,1,1,737.5575,15.72218,275.9719,0,0.9272367,0,-0.374476;
custom,killCuboid,transparent0.5,1.3,4,1.3,1,1,1,1,1,1,746.0036,5.454331,264.2451,0,0.9260888,0,-0.3773057;
custom,killCuboid,transparent0.5,15,-4,1,1,1,1,1,1,1,-322.3332,39.78377,495.369,0.9999847,0,0.0055414,0;
custom,killCuboid,transparent0.5,15,-6,1,1,1,1,1,1,1,-100,30,350,-0.414,0,-1,0;
custom,killCuboid,transparent0.5,15,-6,1,1,1,1,1,1,1,-100,30,350,0.414,0,-1,0;
custom,killCuboid,transparent0.5,15,-6,1,1,1,1,1,1,1,-450,30,950,-0.414,0,-1,0;
custom,killCuboid,transparent0.5,15,-6,1,1,1,1,1,1,1,-950,30,950,0.414,0,-1,0;
custom,killCuboid,transparent0.5,15,4,1,1,1,1,1,1,1,322.3332,39.78377,495.369,0,0.9999847,0,-0.005541372;
custom,killCuboid,transparent0.5,15,6,1,1,1,1,1,1,1,100,30,350,0,-0.414,0,1;
custom,killCuboid,transparent0.5,15,6,1,1,1,1,1,1,1,100,30,350,0,0.414,0,1;
custom,killCuboid,transparent0.5,15,6,1,1,1,1,1,1,1,450,30,950,0,-0.414,0,1;
custom,killCuboid,transparent0.5,15,6,1,1,1,1,1,1,1,950,30,950,0,0.414,0,1;
custom,killCuboid,transparent0.5,19,-4,1,1,1,1,1,1,1,-327.1529,18.41847,800.7128,0.9440879,0,-0.3296939,0;
custom,killCuboid,transparent0.5,19,4,1,1,1,1,1,1,1,327.1529,18.41847,800.7128,0,0.9440879,0,0.3296939;
custom,killCuboid,transparent0.5,3,-5,1,1,1,1,1,1,1,-299.4477,315.5281,-0.2103899,0.655831,0.2638419,-0.6563276,0.2636423;
custom,killCuboid,transparent0.5,3,5,1,1,1,1,1,1,1,299.4477,315.5281,-0.2103899,0.2638419,0.655831,-0.2636423,0.6563276;
custom,killCuboid,transparent0.5,5,-1,1,1,1,1,1,1,1,-177.6581,21.61784,144.6667,0.9999923,0,0.0039474,0;
custom,killCuboid,transparent0.5,5,-1,1,1,1,1,1,1,1,-178.3521,5.101893,144.447,0.999958,0,0.0091663,0;
custom,killCuboid,transparent0.5,5,-1,1,1,1,1,1,1,1,-178.8058,39.67604,144.6661,0.999981,0,0.0061708,0;
custom,killCuboid,transparent0.5,5,-4,1,1,1,1,1,1,1,-706.736,39.39726,224.8967,0.7038352,0,-0.7103633,0;
custom,killCuboid,transparent0.5,5,-4,135,1,1,1,1,1,1,-970.1556,4.01623,24.71495,1,0,-0.0000923,0;
custom,killCuboid,transparent0.5,5,-6,1,1,1,1,1,1,1,-505.3188,5.93966,221.6287,0.7053828,0,-0.7088266,0;
custom,killCuboid,transparent0.5,5,1,1,1,1,1,1,1,1,177.6581,21.61784,144.6667,0,0.9999923,0,-0.003947411;
custom,killCuboid,transparent0.5,5,1,1,1,1,1,1,1,1,178.3521,5.101893,144.447,0,0.999958,0,-0.009166341;
custom,killCuboid,transparent0.5,5,1,1,1,1,1,1,1,1,178.8058,39.67604,144.6661,0,0.999981,0,-0.006170754;
custom,killCuboid,transparent0.5,5,4,1,1,1,1,1,1,1,706.736,39.39726,224.8967,0,0.7038352,0,0.7103633;
custom,killCuboid,transparent0.5,5,4,135,1,1,1,1,1,1,970.1556,4.01623,24.71495,0,1,0,0.00009228882;
custom,killCuboid,transparent0.5,5,6,1,1,1,1,1,1,1,505.3188,5.93966,221.6287,0,0.7053828,0,0.7088266;
custom,killCuboid,transparent0.5,6,-3,1,1,1,1,1,1,1,-120.1578,45.33621,50.13729,0.9999855,0,0.0053837,0;
custom,killCuboid,transparent0.5,6,3,1,1,1,1,1,1,1,120.1578,45.33621,50.13729,0,0.9999855,0,-0.005383669;
custom,killCuboid,transparent0.5,7.5,-2,15,1,1,1,1,1,1,-200,10,925,0,0,0,0;
custom,killCuboid,transparent0.5,7.5,-2,15,1,1,1,1,1,1,-200,11.5224093,917.3463314,0,0.1950903,-0.9807853,0;
custom,killCuboid,transparent0.5,7.5,-2,15,1,1,1,1,1,1,-200,11.5224093,932.6536686,0,-0.1950903,-0.9807853,0;
custom,killCuboid,transparent0.5,7.5,-2,15,1,1,1,1,1,1,-200,48.4775907,917.3463314,0,-0.1950903,-0.9807853,0;
custom,killCuboid,transparent0.5,7.5,-2,15,1,1,1,1,1,1,-200,48.4775907,932.6536686,0,0.1950903,-0.9807853,0;
custom,killCuboid,transparent0.5,7.5,-2,15,1,1,1,1,1,1,-200,50,925,0,0,0,0;
custom,killCuboid,transparent0.5,7.5,2,15,1,1,1,1,1,1,200,10,925,0,0,0,0;
custom,killCuboid,transparent0.5,7.5,2,15,1,1,1,1,1,1,200,11.5224093,917.3463314,0.1950903,0,0,0.9807853;
custom,killCuboid,transparent0.5,7.5,2,15,1,1,1,1,1,1,200,11.5224093,932.6536686,-0.1950903,0,0,0.9807853;
custom,killCuboid,transparent0.5,7.5,2,15,1,1,1,1,1,1,200,48.4775907,917.3463314,-0.1950903,0,0,0.9807853;
custom,killCuboid,transparent0.5,7.5,2,15,1,1,1,1,1,1,200,48.4775907,932.6536686,0.1950903,0,0,0.9807853;
custom,killCuboid,transparent0.5,7.5,2,15,1,1,1,1,1,1,200,50,925,0,0,0,0;
custom,killCuboid,transparent0.5,9,-3,1,1,1,1,1,1,1,-107.7391,9.927152,50.80772,0.9999855,0,0.005389,0;
custom,killCuboid,transparent0.5,9,3,1,1,1,1,1,1,1,107.7391,9.927152,50.80772,0,0.9999855,0,-0.005388976;
custom,killcuboid,transparent0.5,-1,-6,-10,1,1,1,1,1,1,150,30,-100,0,0,-1,0;
custom,killcuboid,transparent0.5,-1,-6,-10,1,1,1,1,1,1,200,30,-250,1,0,-1,0;
custom,killcuboid,transparent0.5,-1,-6,-10,1,1,1,1,1,1,250,30,-100,1,0,-1,0;
custom,killcuboid,transparent0.5,-1,-6,-10,1,1,1,1,1,1,250,30,-200,1,0,-1,0;
custom,killcuboid,transparent0.5,-1,-6,-10,1,1,1,1,1,1,250,30,-400,0,0,-1,0;
custom,killcuboid,transparent0.5,-1,-6,-10,1,1,1,1,1,1,250,30,-600,0,0,-1,0;
custom,killcuboid,transparent0.5,-1,-6,-10,1,1,1,1,1,1,250,30,-800,0,0,-1,0;
custom,killcuboid,transparent0.5,-1,-6,-10,1,1,1,1,1,1,400,30,-150,0,0,-1,0;
custom,killcuboid,transparent0.5,-1,-6,-10,1,1,1,1,1,1,400,30,-350,0,0,-1,0;
custom,killcuboid,transparent0.5,-1,-6,-10,1,1,1,1,1,1,400,30,-550,0,0,-1,0;
custom,killcuboid,transparent0.5,-1,-6,-10,1,1,1,1,1,1,400,30,-750,0,0,-1,0;
custom,killcuboid,transparent0.5,-1,-6,-10,1,1,1,1,1,1,400,30,-950,0,0,-1,0;
custom,killcuboid,transparent0.5,-1,-6,-10,1,1,1,1,1,1,450,30,-250,1,0,-1,0;
custom,killcuboid,transparent0.5,-1,-6,-10,1,1,1,1,1,1,460,30,-550,0,0,0,0;
custom,killcuboid,transparent0.5,-1,-6,-10,1,1,1,1,1,1,650,30,-250,1,0,-1,0;
custom,killcuboid,transparent0.5,-1,6,-10,1,1,1,1,1,1,-150,30,-100,0,0,0,1;
custom,killcuboid,transparent0.5,-1,6,-10,1,1,1,1,1,1,-200,30,-250,0,1,0,1;
custom,killcuboid,transparent0.5,-1,6,-10,1,1,1,1,1,1,-250,30,-100,0,1,0,1;
custom,killcuboid,transparent0.5,-1,6,-10,1,1,1,1,1,1,-250,30,-200,0,1,0,1;
custom,killcuboid,transparent0.5,-1,6,-10,1,1,1,1,1,1,-250,30,-400,0,0,0,1;
custom,killcuboid,transparent0.5,-1,6,-10,1,1,1,1,1,1,-250,30,-600,0,0,0,1;
custom,killcuboid,transparent0.5,-1,6,-10,1,1,1,1,1,1,-250,30,-800,0,0,0,1;
custom,killcuboid,transparent0.5,-1,6,-10,1,1,1,1,1,1,-400,30,-150,0,0,0,1;
custom,killcuboid,transparent0.5,-1,6,-10,1,1,1,1,1,1,-400,30,-350,0,0,0,1;
custom,killcuboid,transparent0.5,-1,6,-10,1,1,1,1,1,1,-400,30,-550,0,0,0,1;
custom,killcuboid,transparent0.5,-1,6,-10,1,1,1,1,1,1,-400,30,-750,0,0,0,1;
custom,killcuboid,transparent0.5,-1,6,-10,1,1,1,1,1,1,-400,30,-950,0,0,0,1;
custom,killcuboid,transparent0.5,-1,6,-10,1,1,1,1,1,1,-450,30,-250,0,1,0,1;
custom,killcuboid,transparent0.5,-1,6,-10,1,1,1,1,1,1,-460,30,-550,0,0,0,0;
custom,killcuboid,transparent0.5,-1,6,-10,1,1,1,1,1,1,-650,30,-250,0,1,0,1;
custom,killcuboid,transparent0.5,-2,-6,-10,1,1,1,1,1,1,460,30,-150,0,0,0,0;
custom,killcuboid,transparent0.5,-2,-6,-10,1,1,1,1,1,1,460,30,-350,0,0,0,0;
custom,killcuboid,transparent0.5,-2,-6,-10,1,1,1,1,1,1,610,30,-200,1,0,-1,0;
custom,killcuboid,transparent0.5,-2,-6,-10,1,1,1,1,1,1,610,30,-300,1,0,-1,0;
custom,killcuboid,transparent0.5,-2,-6,-10,1,1,1,1,1,1,810,30,-200,1,0,-1,0;
custom,killcuboid,transparent0.5,-2,-6,-10,1,1,1,1,1,1,810,30,-300,1,0,-1,0;
custom,killcuboid,transparent0.5,-2,6,-10,1,1,1,1,1,1,-460,30,-150,0,0,0,0;
custom,killcuboid,transparent0.5,-2,6,-10,1,1,1,1,1,1,-460,30,-350,0,0,0,0;
custom,killcuboid,transparent0.5,-2,6,-10,1,1,1,1,1,1,-610,30,-200,0,1,0,1;
custom,killcuboid,transparent0.5,-2,6,-10,1,1,1,1,1,1,-610,30,-300,0,1,0,1;
custom,killcuboid,transparent0.5,-2,6,-10,1,1,1,1,1,1,-810,30,-200,0,1,0,1;
custom,killcuboid,transparent0.5,-2,6,-10,1,1,1,1,1,1,-810,30,-300,0,1,0,1;
custom,killcuboid,transparent0.5,1,-6,10,1,1,1,1,1,1,-150,30,200,0,0,-1,0;
custom,killcuboid,transparent0.5,1,-6,10,1,1,1,1,1,1,-150,30,500,0,0,-1,0;
custom,killcuboid,transparent0.5,1,-6,10,1,1,1,1,1,1,-150,30,700,0,0,-1,0;
custom,killcuboid,transparent0.5,1,-6,10,1,1,1,1,1,1,-250,30,100,1,0,-1,0;
custom,killcuboid,transparent0.5,1,-6,10,1,1,1,1,1,1,-250,30,200,1,0,-1,0;
custom,killcuboid,transparent0.5,1,-6,10,1,1,1,1,1,1,-250,30,600,0,0,-1,0;
custom,killcuboid,transparent0.5,1,-6,10,1,1,1,1,1,1,-250,30,800,0,0,-1,0;
custom,killcuboid,transparent0.5,1,-6,10,1,1,1,1,1,1,-400,30,150,0,0,-1,0;
custom,killcuboid,transparent0.5,1,-6,10,1,1,1,1,1,1,-400,30,350,0,0,-1,0;
custom,killcuboid,transparent0.5,1,-6,10,1,1,1,1,1,1,-400,30,550,0,0,-1,0;
custom,killcuboid,transparent0.5,1,-6,10,1,1,1,1,1,1,-400,30,750,0,0,-1,0;
custom,killcuboid,transparent0.5,1,-6,10,1,1,1,1,1,1,-400,30,950,0,0,-1,0;
custom,killcuboid,transparent0.5,1,-6,10,1,1,1,1,1,1,-450,30,250,1,0,-1,0;
custom,killcuboid,transparent0.5,1,-6,10,1,1,1,1,1,1,-460,30,-650,0,0,0,0;
custom,killcuboid,transparent0.5,1,-6,10,1,1,1,1,1,1,-460,30,550,0,0,0,0;
custom,killcuboid,transparent0.5,1,-6,10,1,1,1,1,1,1,-490,30,0,1,0,-1,0;
custom,killcuboid,transparent0.5,1,-6,10,1,1,1,1,1,1,-50,610,-200,0,0,0,0;
custom,killcuboid,transparent0.5,1,-6,10,1,1,1,1,1,1,-50,610,-400,0,0,0,0;
custom,killcuboid,transparent0.5,1,-6,10,1,1,1,1,1,1,-650,30,250,1,0,-1,0;
custom,killcuboid,transparent0.5,1,-6,10,1,1,1,1,1,1,-690,30,0,1,0,-1,0;
custom,killcuboid,transparent0.5,1,-6,10,1,1,1,1,1,1,-890,30,0,1,0,-1,0;
custom,killcuboid,transparent0.5,1,-6,10,1,1,1,1,1,1,-940,30,-250,0,0,0,0;
custom,killcuboid,transparent0.5,1,-6,10,1,1,1,1,1,1,-940,30,-450,0,0,0,0;
custom,killcuboid,transparent0.5,1,-6,10,1,1,1,1,1,1,-940,30,-50,0,0,0,0;
custom,killcuboid,transparent0.5,1,-6,10,1,1,1,1,1,1,-940,30,-650,0,0,0,0;
custom,killcuboid,transparent0.5,1,-6,10,1,1,1,1,1,1,-940,30,150,0,0,0,0;
custom,killcuboid,transparent0.5,1,-6,10,1,1,1,1,1,1,-940,30,350,0,0,0,0;
custom,killcuboid,transparent0.5,1,-6,10,1,1,1,1,1,1,-940,30,550,0,0,0,0;
custom,killcuboid,transparent0.5,1,-6,20,1,1,1,1,1,1,-250,30,350,0,0,-1,0;
custom,killcuboid,transparent0.5,1,6,10,1,1,1,1,1,1,150,30,200,0,0,0,1;
custom,killcuboid,transparent0.5,1,6,10,1,1,1,1,1,1,150,30,500,0,0,0,1;
custom,killcuboid,transparent0.5,1,6,10,1,1,1,1,1,1,150,30,700,0,0,0,1;
custom,killcuboid,transparent0.5,1,6,10,1,1,1,1,1,1,250,30,100,0,1,0,1;
custom,killcuboid,transparent0.5,1,6,10,1,1,1,1,1,1,250,30,200,0,1,0,1;
custom,killcuboid,transparent0.5,1,6,10,1,1,1,1,1,1,250,30,600,0,0,0,1;
custom,killcuboid,transparent0.5,1,6,10,1,1,1,1,1,1,250,30,800,0,0,0,1;
custom,killcuboid,transparent0.5,1,6,10,1,1,1,1,1,1,400,30,150,0,0,0,1;
custom,killcuboid,transparent0.5,1,6,10,1,1,1,1,1,1,400,30,350,0,0,0,1;
custom,killcuboid,transparent0.5,1,6,10,1,1,1,1,1,1,400,30,550,0,0,0,1;
custom,killcuboid,transparent0.5,1,6,10,1,1,1,1,1,1,400,30,750,0,0,0,1;
custom,killcuboid,transparent0.5,1,6,10,1,1,1,1,1,1,400,30,950,0,0,0,1;
custom,killcuboid,transparent0.5,1,6,10,1,1,1,1,1,1,450,30,250,0,1,0,1;
custom,killcuboid,transparent0.5,1,6,10,1,1,1,1,1,1,460,30,550,0,0,0,0;
custom,killcuboid,transparent0.5,1,6,10,1,1,1,1,1,1,490,30,0,0,1,0,1;
custom,killcuboid,transparent0.5,1,6,10,1,1,1,1,1,1,50,610,-200,0,0,0,0;
custom,killcuboid,transparent0.5,1,6,10,1,1,1,1,1,1,50,610,-400,0,0,0,0;
custom,killcuboid,transparent0.5,1,6,10,1,1,1,1,1,1,650,30,250,0,1,0,1;
custom,killcuboid,transparent0.5,1,6,10,1,1,1,1,1,1,690,30,0,0,1,0,1;
custom,killcuboid,transparent0.5,1,6,10,1,1,1,1,1,1,890,30,0,0,1,0,1;
custom,killcuboid,transparent0.5,1,6,10,1,1,1,1,1,1,940,30,-250,0,0,0,0;
custom,killcuboid,transparent0.5,1,6,10,1,1,1,1,1,1,940,30,-450,0,0,0,0;
custom,killcuboid,transparent0.5,1,6,10,1,1,1,1,1,1,940,30,-50,0,0,0,0;
custom,killcuboid,transparent0.5,1,6,10,1,1,1,1,1,1,940,30,-650,0,0,0,0;
custom,killcuboid,transparent0.5,1,6,10,1,1,1,1,1,1,940,30,150,0,0,0,0;
custom,killcuboid,transparent0.5,1,6,10,1,1,1,1,1,1,940,30,350,0,0,0,0;
custom,killcuboid,transparent0.5,1,6,10,1,1,1,1,1,1,940,30,550,0,0,0,0;
custom,killcuboid,transparent0.5,1,6,20,1,1,1,1,1,1,-50,155,-118.75,0.3826834,0,0,0.9238795;
custom,killcuboid,transparent0.5,1,6,20,1,1,1,1,1,1,-50,155,-361.25,-0.3826834,0,0,0.9238795;
custom,killcuboid,transparent0.5,1,6,20,1,1,1,1,1,1,-50,155,118.75,-0.3826834,0,0,0.9238795;
custom,killcuboid,transparent0.5,1,6,20,1,1,1,1,1,1,-50,155,361.25,0.3826834,0,0,0.9238795;
custom,killcuboid,transparent0.5,1,6,20,1,1,1,1,1,1,250,30,350,0,0,0,1;
custom,killcuboid,transparent0.5,1,6,20,1,1,1,1,1,1,50,155,-118.75,0.3826834,0,0,0.9238795;
custom,killcuboid,transparent0.5,1,6,20,1,1,1,1,1,1,50,155,-361.25,-0.3826834,0,0,0.9238795;
custom,killcuboid,transparent0.5,1,6,20,1,1,1,1,1,1,50,155,118.75,-0.3826834,0,0,0.9238795;
custom,killcuboid,transparent0.5,1,6,20,1,1,1,1,1,1,50,155,361.25,0.3826834,0,0,0.9238795;
custom,killcuboid,transparent0.5,1,6,32.5,1,1,1,1,1,1,-50,30,737.5,0,0,0,0;
custom,killcuboid,transparent0.5,1,6,32.5,1,1,1,1,1,1,50,30,737.5,0,0,0,0;
custom,killcuboid,transparent0.5,10,6,1,1,1,1,1,1,1,-100,30,-1000,0,0,0,0;
custom,killcuboid,transparent0.5,10,6,1,1,1,1,1,1,1,-100,30,1000,0,0,0,0;
custom,killcuboid,transparent0.5,10,6,1,1,1,1,1,1,1,-1000,30,-100,0,0.7071068,0,0.7071068;
custom,killcuboid,transparent0.5,10,6,1,1,1,1,1,1,1,-1000,30,-300,0,0.7071068,0,0.7071068;
custom,killcuboid,transparent0.5,10,6,1,1,1,1,1,1,1,-1000,30,-500,0,0.7071068,0,0.7071068;
custom,killcuboid,transparent0.5,10,6,1,1,1,1,1,1,1,-1000,30,-700,0,0.7071068,0,0.7071068;
custom,killcuboid,transparent0.5,10,6,1,1,1,1,1,1,1,-1000,30,-900,0,0.7071068,0,0.7071068;
custom,killcuboid,transparent0.5,10,6,1,1,1,1,1,1,1,-1000,30,100,0,0.7071068,0,0.7071068;
custom,killcuboid,transparent0.5,10,6,1,1,1,1,1,1,1,-1000,30,300,0,0.7071068,0,0.7071068;
custom,killcuboid,transparent0.5,10,6,1,1,1,1,1,1,1,-1000,30,500,0,0.7071068,0,0.7071068;
custom,killcuboid,transparent0.5,10,6,1,1,1,1,1,1,1,-1000,30,700,0,0.7071068,0,0.7071068;
custom,killcuboid,transparent0.5,10,6,1,1,1,1,1,1,1,-1000,30,900,0,0.7071068,0,0.7071068;
custom,killcuboid,transparent0.5,10,6,1,1,1,1,1,1,1,-300,30,-1000,0,0,0,0;
custom,killcuboid,transparent0.5,10,6,1,1,1,1,1,1,1,-300,30,1000,0,0,0,0;
custom,killcuboid,transparent0.5,10,6,1,1,1,1,1,1,1,-500,30,-1000,0,0,0,0;
custom,killcuboid,transparent0.5,10,6,1,1,1,1,1,1,1,-500,30,1000,0,0,0,0;
custom,killcuboid,transparent0.5,10,6,1,1,1,1,1,1,1,-700,30,-1000,0,0,0,0;
custom,killcuboid,transparent0.5,10,6,1,1,1,1,1,1,1,-700,30,1000,0,0,0,0;
custom,killcuboid,transparent0.5,10,6,1,1,1,1,1,1,1,-900,30,-1000,0,0,0,0;
custom,killcuboid,transparent0.5,10,6,1,1,1,1,1,1,1,-900,30,1000,0,0,0,0;
custom,killcuboid,transparent0.5,10,6,1,1,1,1,1,1,1,100,30,-1000,0,0,0,0;
custom,killcuboid,transparent0.5,10,6,1,1,1,1,1,1,1,100,30,1000,0,0,0,0;
custom,killcuboid,transparent0.5,10,6,1,1,1,1,1,1,1,1000,30,-100,0,0.7071068,0,0.7071068;
custom,killcuboid,transparent0.5,10,6,1,1,1,1,1,1,1,1000,30,-300,0,0.7071068,0,0.7071068;
custom,killcuboid,transparent0.5,10,6,1,1,1,1,1,1,1,1000,30,-500,0,0.7071068,0,0.7071068;
custom,killcuboid,transparent0.5,10,6,1,1,1,1,1,1,1,1000,30,-700,0,0.7071068,0,0.7071068;
custom,killcuboid,transparent0.5,10,6,1,1,1,1,1,1,1,1000,30,-900,0,0.7071068,0,0.7071068;
custom,killcuboid,transparent0.5,10,6,1,1,1,1,1,1,1,1000,30,100,0,0.7071068,0,0.7071068;
custom,killcuboid,transparent0.5,10,6,1,1,1,1,1,1,1,1000,30,300,0,0.7071068,0,0.7071068;
custom,killcuboid,transparent0.5,10,6,1,1,1,1,1,1,1,1000,30,500,0,0.7071068,0,0.7071068;
custom,killcuboid,transparent0.5,10,6,1,1,1,1,1,1,1,1000,30,700,0,0.7071068,0,0.7071068;
custom,killcuboid,transparent0.5,10,6,1,1,1,1,1,1,1,1000,30,900,0,0.7071068,0,0.7071068;
custom,killcuboid,transparent0.5,10,6,1,1,1,1,1,1,1,300,30,-1000,0,0,0,0;
custom,killcuboid,transparent0.5,10,6,1,1,1,1,1,1,1,300,30,1000,0,0,0,0;
custom,killcuboid,transparent0.5,10,6,1,1,1,1,1,1,1,500,30,-1000,0,0,0,0;
custom,killcuboid,transparent0.5,10,6,1,1,1,1,1,1,1,500,30,1000,0,0,0,0;
custom,killcuboid,transparent0.5,10,6,1,1,1,1,1,1,1,700,30,-1000,0,0,0,0;
custom,killcuboid,transparent0.5,10,6,1,1,1,1,1,1,1,700,30,1000,0,0,0,0;
custom,killcuboid,transparent0.5,10,6,1,1,1,1,1,1,1,900,30,-1000,0,0,0,0;
custom,killcuboid,transparent0.5,10,6,1,1,1,1,1,1,1,900,30,1000,0,0,0,0;
custom,killcuboid,transparent0.5,2,-6,10,1,1,1,1,1,1,-460,30,150,0,0,0,0;
custom,killcuboid,transparent0.5,2,-6,10,1,1,1,1,1,1,-460,30,350,0,0,0,0;
custom,killcuboid,transparent0.5,2,-6,10,1,1,1,1,1,1,-610,30,200,1,0,-1,0;
custom,killcuboid,transparent0.5,2,-6,10,1,1,1,1,1,1,-610,30,300,1,0,-1,0;
custom,killcuboid,transparent0.5,2,-6,10,1,1,1,1,1,1,-810,30,200,1,0,-1,0;
custom,killcuboid,transparent0.5,2,-6,10,1,1,1,1,1,1,-810,30,300,1,0,-1,0;
custom,killcuboid,transparent0.5,2,6,10,1,1,1,1,1,1,460,30,150,0,0,0,0;
custom,killcuboid,transparent0.5,2,6,10,1,1,1,1,1,1,460,30,350,0,0,0,0;
custom,killcuboid,transparent0.5,2,6,10,1,1,1,1,1,1,610,30,200,0,1,0,1;
custom,killcuboid,transparent0.5,2,6,10,1,1,1,1,1,1,610,30,300,0,1,0,1;
custom,killcuboid,transparent0.5,2,6,10,1,1,1,1,1,1,810,30,200,0,1,0,1;
custom,killcuboid,transparent0.5,2,6,10,1,1,1,1,1,1,810,30,300,0,1,0,1;
custom,killcuboid,transparent0.5,29,-6,1,1,1,1,1,1,1,-295,30,50,0,0,0,0;
custom,killcuboid,transparent0.5,29,6,1,1,1,1,1,1,1,295,30,50,0,0,0,0;
custom,killcuboid,transparent0.5,39,-58,1,1,1,1,1,1,1,-245,350,50,0,0,0,0;
custom,killcuboid,transparent0.5,39,-64,1,1,1,1,1,1,1,-245,320,-50,0,0,0,0;
custom,killcuboid,transparent0.5,39,58,1,1,1,1,1,1,1,245,350,50,0,0,0,0;
custom,killcuboid,transparent0.5,39,64,1,1,1,1,1,1,1,245,320,-50,0,0,0,0;
custom,killcuboid,transparent0.5,7.5,6,1,1,1,1,1,1,1,-469.5276293,30,-736.5032375,0,0.7602875,0,0.6495867;
custom,killcuboid,transparent0.5,7.5,6,1,1,1,1,1,1,1,-469.5276293,30,663.4967625,0,0.7602875,0,0.6495867;
custom,killcuboid,transparent0.5,7.5,6,1,1,1,1,1,1,1,-492.0878707,30,-594.0634789,0,0.5223431,0,0.8527354;
custom,killcuboid,transparent0.5,7.5,6,1,1,1,1,1,1,1,-492.0878707,30,805.9365211,0,0.5223431,0,0.8527354;
custom,killcuboid,transparent0.5,7.5,6,1,1,1,1,1,1,1,-535,30,-865,0,-0.414,0,1;
custom,killcuboid,transparent0.5,7.5,6,1,1,1,1,1,1,1,-535,30,535,0,-0.414,0,1;
custom,killcuboid,transparent0.5,7.5,6,1,1,1,1,1,1,1,-594.0634788,30,-492.0878708,0,0.2336226,0,0.9723274;
custom,killcuboid,transparent0.5,7.5,6,1,1,1,1,1,1,1,-594.0634788,30,907.9121292,0,0.2336226,0,0.9723274;
custom,killcuboid,transparent0.5,7.5,6,1,1,1,1,1,1,1,-663.4967626,30,-930.4723707,0,-0.0782774,0,0.9969316;
custom,killcuboid,transparent0.5,7.5,6,1,1,1,1,1,1,1,-663.4967626,30,469.5276293,0,-0.0782774,0,0.9969316;
custom,killcuboid,transparent0.5,7.5,6,1,1,1,1,1,1,1,-736.5032374,30,-469.5276293,0,-0.0782774,0,0.9969316;
custom,killcuboid,transparent0.5,7.5,6,1,1,1,1,1,1,1,-736.5032374,30,930.4723707,0,-0.0782774,0,0.9969316;
custom,killcuboid,transparent0.5,7.5,6,1,1,1,1,1,1,1,-805.9365212,30,-907.9121292,0,0.2336226,0,0.9723274;
custom,killcuboid,transparent0.5,7.5,6,1,1,1,1,1,1,1,-805.9365212,30,492.0878708,0,0.2336226,0,0.9723274;
custom,killcuboid,transparent0.5,7.5,6,1,1,1,1,1,1,1,-865,30,-535,0,-0.414,0,1;
custom,killcuboid,transparent0.5,7.5,6,1,1,1,1,1,1,1,-865,30,865,0,-0.414,0,1;
custom,killcuboid,transparent0.5,7.5,6,1,1,1,1,1,1,1,-907.9121293,30,-805.9365211,0,0.5223431,0,0.8527354;
custom,killcuboid,transparent0.5,7.5,6,1,1,1,1,1,1,1,-907.9121293,30,594.0634789,0,0.5223431,0,0.8527354;
custom,killcuboid,transparent0.5,7.5,6,1,1,1,1,1,1,1,-930.4723707,30,-663.4967625,0,0.7602875,0,0.6495867;
custom,killcuboid,transparent0.5,7.5,6,1,1,1,1,1,1,1,-930.4723707,30,736.5032375,0,0.7602875,0,0.6495867;
custom,killcuboid,transparent0.5,7.5,6,1,1,1,1,1,1,1,469.5276293,30,-663.4967625,0,0.7602875,0,0.6495867;
custom,killcuboid,transparent0.5,7.5,6,1,1,1,1,1,1,1,469.5276293,30,736.5032375,0,0.7602875,0,0.6495867;
custom,killcuboid,transparent0.5,7.5,6,1,1,1,1,1,1,1,492.0878707,30,-805.9365211,0,0.5223431,0,0.8527354;
custom,killcuboid,transparent0.5,7.5,6,1,1,1,1,1,1,1,492.0878707,30,594.0634789,0,0.5223431,0,0.8527354;
custom,killcuboid,transparent0.5,7.5,6,1,1,1,1,1,1,1,535,30,-535,0,-0.414,0,1;
custom,killcuboid,transparent0.5,7.5,6,1,1,1,1,1,1,1,535,30,865,0,-0.414,0,1;
custom,killcuboid,transparent0.5,7.5,6,1,1,1,1,1,1,1,594.0634788,30,-907.9121292,0,0.2336226,0,0.9723274;
custom,killcuboid,transparent0.5,7.5,6,1,1,1,1,1,1,1,594.0634788,30,492.0878708,0,0.2336226,0,0.9723274;
custom,killcuboid,transparent0.5,7.5,6,1,1,1,1,1,1,1,663.4967626,30,-469.5276293,0,-0.0782774,0,0.9969316;
custom,killcuboid,transparent0.5,7.5,6,1,1,1,1,1,1,1,663.4967626,30,930.4723707,0,-0.0782774,0,0.9969316;
custom,killcuboid,transparent0.5,7.5,6,1,1,1,1,1,1,1,736.5032374,30,-930.4723707,0,-0.0782774,0,0.9969316;
custom,killcuboid,transparent0.5,7.5,6,1,1,1,1,1,1,1,736.5032374,30,469.5276293,0,-0.0782774,0,0.9969316;
custom,killcuboid,transparent0.5,7.5,6,1,1,1,1,1,1,1,805.9365212,30,-492.0878708,0,0.2336226,0,0.9723274;
custom,killcuboid,transparent0.5,7.5,6,1,1,1,1,1,1,1,805.9365212,30,907.9121292,0,0.2336226,0,0.9723274;
custom,killcuboid,transparent0.5,7.5,6,1,1,1,1,1,1,1,865,30,-865,0,-0.414,0,1;
custom,killcuboid,transparent0.5,7.5,6,1,1,1,1,1,1,1,865,30,535,0,-0.414,0,1;
custom,killcuboid,transparent0.5,7.5,6,1,1,1,1,1,1,1,907.9121293,30,-594.0634789,0,0.5223431,0,0.8527354;
custom,killcuboid,transparent0.5,7.5,6,1,1,1,1,1,1,1,907.9121293,30,805.9365211,0,0.5223431,0,0.8527354;
custom,killcuboid,transparent0.5,7.5,6,1,1,1,1,1,1,1,930.4723707,30,-736.5032375,0,0.7602875,0,0.6495867;
custom,killcuboid,transparent0.5,7.5,6,1,1,1,1,1,1,1,930.4723707,30,663.4967625,0,0.7602875,0,0.6495867;







base,levelBottom,default,0.001,1,0.01,0,1,1,1,1,1,100,30,-850,1,0,-1,0;
base,levelBottom,default,0.001,1,0.01,0,1,1,1,1,1,50,30,-700,0,0,-1,0;
base,levelBottom,default,0.001,1,0.01,0,1,1,1,1,1,-100,30,-850,0,1,0,1;
base,levelBottom,default,0.001,1,-0.01,0,1,1,1,1,1,-50,30,-700,0,0,0,1;
base,levelBottom,default,0.0013,0.6666666666666667,0.0013,0,1,1,1,1,1,543.8895,17.18361,-275.6631,0.9547926,0,0.2972728,0;
base,levelBottom,default,0.0013,0.6666666666666667,0.0013,0,1,1,1,1,1,556.4799,37.55553,-263.8932,0.4695664,0,0.8828972,0;
base,levelBottom,default,0.0013,0.6666666666666667,0.0013,0,1,1,1,1,1,737.5575,15.72218,-275.9719,0.9272367,0,0.374476,0;
base,levelBottom,default,0.0013,0.6666666666666667,0.0013,0,1,1,1,1,1,746.0036,5.454331,-264.2451,0.9260888,0,0.3773057,0;
base,levelBottom,default,0.0013,0.6666666666666667,0.0013,0,1,1,1,1,1,-543.8895,17.18361,-275.6631,0,0.9547926,0,-0.2972728;
base,levelBottom,default,0.0013,0.6666666666666667,0.0013,0,1,1,1,1,1,-556.4799,37.55553,-263.8932,0,0.4695664,0,-0.8828972;
base,levelBottom,default,0.0013,0.6666666666666667,0.0013,0,1,1,1,1,1,-737.5575,15.72218,-275.9719,0,0.9272367,0,-0.374476;
base,levelBottom,default,0.0013,0.6666666666666667,0.0013,0,1,1,1,1,1,-746.0036,5.454331,-264.2451,0,0.9260888,0,-0.3773057;
base,levelBottom,default,0.015,0.6666666666666667,0.001,0,1,1,1,1,1,322.3332,39.78377,-495.369,0.9999847,0,0.0055414,0;
base,levelBottom,default,0.015,1,0.001,0,1,1,1,1,1,450,30,-950,-0.414,0,-1,0;
base,levelBottom,default,0.015,1,0.001,0,1,1,1,1,1,950,30,-950,0.414,0,-1,0;
base,levelBottom,default,0.015,0.6666666666666667,0.001,0,1,1,1,1,1,-322.3332,39.78377,-495.369,0,0.9999847,0,-0.0055414;
base,levelBottom,default,0.015,1,0.001,0,1,1,1,1,1,-450,30,-950,0,-0.414,0,1;
base,levelBottom,default,0.015,1,0.001,0,1,1,1,1,1,-950,30,-950,0,0.414,0,1;
base,levelBottom,default,0.019,0.6666666666666667,0.001,0,1,1,1,1,1,327.1529,18.41847,-800.7128,0.9440879,0,-0.3296939,0;
base,levelBottom,default,0.019,0.6666666666666667,0.001,0,1,1,1,1,1,-327.1529,18.41847,-800.7128,0,0.9440879,0,0.3296939;
base,levelBottom,default,0.005,0.1666666666666667,0.001,0,1,1,1,1,1,177.6581,21.61784,-144.6667,0.9999923,0,0.0039474,0;
base,levelBottom,default,0.005,0.1666666666666667,0.001,0,1,1,1,1,1,178.3521,5.101893,-144.447,0.999958,0,0.0091663,0;
base,levelBottom,default,0.005,0.1666666666666667,0.001,0,1,1,1,1,1,178.8058,39.67604,-144.6661,0.999981,0,0.0061708,0;
base,levelBottom,default,0.005,0.1666666666666667,0.001,0,1,1,1,1,1,706.736,39.39726,-224.8967,0.7038352,0,-0.7103633,0;
base,levelBottom,default,0.005,0.1666666666666667,0.001,0,1,1,1,1,1,505.3188,5.93966,-221.6287,0.7053828,0,-0.7088266,0;
base,levelBottom,default,0.005,0.1666666666666667,0.001,0,1,1,1,1,1,-177.6581,21.61784,-144.6667,0,0.9999923,0,-0.0039474;
base,levelBottom,default,0.005,0.1666666666666667,0.001,0,1,1,1,1,1,-178.3521,5.101893,-144.447,0,0.999958,0,-0.0091663;
base,levelBottom,default,0.005,0.1666666666666667,0.001,0,1,1,1,1,1,-178.8058,39.67604,-144.6661,0,0.999981,0,-0.0061708;
base,levelBottom,default,0.005,0.1666666666666667,0.001,0,1,1,1,1,1,-706.736,39.39726,-224.8967,0,0.7038352,0,0.7103633;
base,levelBottom,default,0.005,0.1666666666666667,0.001,0,1,1,1,1,1,-505.3188,5.93966,-221.6287,0,0.7053828,0,0.7088266;
base,levelBottom,default,0.0075,0.3333333333333333,0.015,0,1,1,1,1,1,200,10,-925,0,0,0,0;
base,levelBottom,default,0.0075,0.3333333333333333,0.015,0,1,1,1,1,1,200,11.5224093,-917.3463314,0,-0.1950903,-0.9807853,0;
base,levelBottom,default,0.0075,0.3333333333333333,0.015,0,1,1,1,1,1,200,11.5224093,-932.6536686,0,0.1950903,-0.9807853,0;
base,levelBottom,default,0.0075,0.3333333333333333,0.015,0,1,1,1,1,1,200,48.4775907,-917.3463314,0,0.1950903,-0.9807853,0;
base,levelBottom,default,0.0075,0.3333333333333333,0.015,0,1,1,1,1,1,200,48.4775907,-932.6536686,0,-0.1950903,-0.9807853,0;
base,levelBottom,default,0.0075,0.3333333333333333,0.015,0,1,1,1,1,1,200,50,-925,0,0,0,0;
base,levelBottom,default,0.0075,0.3333333333333333,0.015,0,1,1,1,1,1,-200,10,-925,0,0,0,0;
base,levelBottom,default,0.0075,0.3333333333333333,0.015,0,1,1,1,1,1,-200,11.5224093,-917.3463314,-0.1950903,0,0,0.9807853;
base,levelBottom,default,0.0075,0.3333333333333333,0.015,0,1,1,1,1,1,-200,11.5224093,-932.6536686,0.1950903,0,0,0.9807853;
base,levelBottom,default,0.0075,0.3333333333333333,0.015,0,1,1,1,1,1,-200,48.4775907,-917.3463314,0.1950903,0,0,0.9807853;
base,levelBottom,default,0.0075,0.3333333333333333,0.015,0,1,1,1,1,1,-200,48.4775907,-932.6536686,-0.1950903,0,0,0.9807853;
base,levelBottom,default,0.0075,0.3333333333333333,0.015,0,1,1,1,1,1,-200,50,-925,0,0,0,0;
base,levelBottom,default,0.0013,0.6666666666666667,0.0013,0,1,1,1,1,1,-543.8895,17.18361,275.6631,0.9547926,0,0.2972728,0;
base,levelBottom,default,0.0013,0.6666666666666667,0.0013,0,1,1,1,1,1,-556.4799,37.55553,263.8932,0.4695664,0,0.8828972,0;
base,levelBottom,default,0.0013,0.6666666666666667,0.0013,0,1,1,1,1,1,-737.5575,15.72218,275.9719,0.9272367,0,0.374476,0;
base,levelBottom,default,0.0013,0.6666666666666667,0.0013,0,1,1,1,1,1,-746.0036,5.454331,264.2451,0.9260888,0,0.3773057,0;
base,levelBottom,default,0.0013,0.6666666666666667,0.0013,0,1,1,1,1,1,543.8895,17.18361,275.6631,0,0.9547926,0,-0.2972728;
base,levelBottom,default,0.0013,0.6666666666666667,0.0013,0,1,1,1,1,1,556.4799,37.55553,263.8932,0,0.4695664,0,-0.8828972;
base,levelBottom,default,0.0013,0.6666666666666667,0.0013,0,1,1,1,1,1,737.5575,15.72218,275.9719,0,0.9272367,0,-0.374476;
base,levelBottom,default,0.0013,0.6666666666666667,0.0013,0,1,1,1,1,1,746.0036,5.454331,264.2451,0,0.9260888,0,-0.3773057;
base,levelBottom,default,0.015,0.6666666666666667,0.001,0,1,1,1,1,1,-322.3332,39.78377,495.369,0.9999847,0,0.0055414,0;
base,levelBottom,default,0.015,1,0.001,0,1,1,1,1,1,-100,30,350,-0.414,0,-1,0;
base,levelBottom,default,0.015,1,0.001,0,1,1,1,1,1,-100,30,350,0.414,0,-1,0;
base,levelBottom,default,0.015,1,0.001,0,1,1,1,1,1,-450,30,950,-0.414,0,-1,0;
base,levelBottom,default,0.015,1,0.001,0,1,1,1,1,1,-950,30,950,0.414,0,-1,0;
base,levelBottom,default,0.015,0.6666666666666667,0.001,0,1,1,1,1,1,322.3332,39.78377,495.369,0,0.9999847,0,-0.005541372;
base,levelBottom,default,0.015,1,0.001,0,1,1,1,1,1,100,30,350,0,-0.414,0,1;
base,levelBottom,default,0.015,1,0.001,0,1,1,1,1,1,100,30,350,0,0.414,0,1;
base,levelBottom,default,0.015,1,0.001,0,1,1,1,1,1,450,30,950,0,-0.414,0,1;
base,levelBottom,default,0.015,1,0.001,0,1,1,1,1,1,950,30,950,0,0.414,0,1;
base,levelBottom,default,0.019,0.6666666666666667,0.001,0,1,1,1,1,1,-327.1529,18.41847,800.7128,0.9440879,0,-0.3296939,0;
base,levelBottom,default,0.019,0.6666666666666667,0.001,0,1,1,1,1,1,327.1529,18.41847,800.7128,0,0.9440879,0,0.3296939;
base,levelBottom,default,0.003,0.8333333333333333,0.001,0,1,1,1,1,1,-299.4477,315.5281,-0.2103899,0.655831,0.2638419,-0.6563276,0.2636423;
base,levelBottom,default,0.003,0.8333333333333333,0.001,0,1,1,1,1,1,299.4477,315.5281,-0.2103899,0.2638419,0.655831,-0.2636423,0.6563276;
base,levelBottom,default,0.005,0.1666666666666667,0.001,0,1,1,1,1,1,-177.6581,21.61784,144.6667,0.9999923,0,0.0039474,0;
base,levelBottom,default,0.005,0.1666666666666667,0.001,0,1,1,1,1,1,-178.3521,5.101893,144.447,0.999958,0,0.0091663,0;
base,levelBottom,default,0.005,0.1666666666666667,0.001,0,1,1,1,1,1,-178.8058,39.67604,144.6661,0.999981,0,0.0061708,0;
base,levelBottom,default,0.005,0.1666666666666667,0.001,0,1,1,1,1,1,-706.736,39.39726,224.8967,0.7038352,0,-0.7103633,0;
base,levelBottom,default,0.005,0.1666666666666667,0.135,0,1,1,1,1,1,-970.1556,4.01623,24.71495,1,0,-0.0000923,0;
base,levelBottom,default,0.005,0.1666666666666667,0.001,0,1,1,1,1,1,-505.3188,5.93966,221.6287,0.7053828,0,-0.7088266,0;
base,levelBottom,default,0.005,0.1666666666666667,0.001,0,1,1,1,1,1,177.6581,21.61784,144.6667,0,0.9999923,0,-0.003947411;
base,levelBottom,default,0.005,0.1666666666666667,0.001,0,1,1,1,1,1,178.3521,5.101893,144.447,0,0.999958,0,-0.009166341;
base,levelBottom,default,0.005,0.1666666666666667,0.001,0,1,1,1,1,1,178.8058,39.67604,144.6661,0,0.999981,0,-0.006170754;
base,levelBottom,default,0.005,0.1666666666666667,0.001,0,1,1,1,1,1,706.736,39.39726,224.8967,0,0.7038352,0,0.7103633;
base,levelBottom,default,0.005,0.1666666666666667,0.135,0,1,1,1,1,1,970.1556,4.01623,24.71495,0,1,0,0.00009228882;
base,levelBottom,default,0.005,0.1666666666666667,0.001,0,1,1,1,1,1,505.3188,5.93966,221.6287,0,0.7053828,0,0.7088266;
base,levelBottom,default,0.006,0.5,0.001,0,1,1,1,1,1,-120.1578,45.33621,50.13729,0.9999855,0,0.0053837,0;
base,levelBottom,default,0.006,0.5,0.001,0,1,1,1,1,1,120.1578,45.33621,50.13729,0,0.9999855,0,-0.005383669;
base,levelBottom,default,0.0075,0.3333333333333333,0.015,0,1,1,1,1,1,-200,10,925,0,0,0,0;
base,levelBottom,default,0.0075,0.3333333333333333,0.015,0,1,1,1,1,1,-200,11.5224093,917.3463314,0,0.1950903,-0.9807853,0;
base,levelBottom,default,0.0075,0.3333333333333333,0.015,0,1,1,1,1,1,-200,11.5224093,932.6536686,0,-0.1950903,-0.9807853,0;
base,levelBottom,default,0.0075,0.3333333333333333,0.015,0,1,1,1,1,1,-200,48.4775907,917.3463314,0,-0.1950903,-0.9807853,0;
base,levelBottom,default,0.0075,0.3333333333333333,0.015,0,1,1,1,1,1,-200,48.4775907,932.6536686,0,0.1950903,-0.9807853,0;
base,levelBottom,default,0.0075,0.3333333333333333,0.015,0,1,1,1,1,1,-200,50,925,0,0,0,0;
base,levelBottom,default,0.0075,0.3333333333333333,0.015,0,1,1,1,1,1,200,10,925,0,0,0,0;
base,levelBottom,default,0.0075,0.3333333333333333,0.015,0,1,1,1,1,1,200,11.5224093,917.3463314,0.1950903,0,0,0.9807853;
base,levelBottom,default,0.0075,0.3333333333333333,0.015,0,1,1,1,1,1,200,11.5224093,932.6536686,-0.1950903,0,0,0.9807853;
base,levelBottom,default,0.0075,0.3333333333333333,0.015,0,1,1,1,1,1,200,48.4775907,917.3463314,-0.1950903,0,0,0.9807853;
base,levelBottom,default,0.0075,0.3333333333333333,0.015,0,1,1,1,1,1,200,48.4775907,932.6536686,0.1950903,0,0,0.9807853;
base,levelBottom,default,0.0075,0.3333333333333333,0.015,0,1,1,1,1,1,200,50,925,0,0,0,0;
base,levelBottom,default,0.009,0.5,0.001,0,1,1,1,1,1,-107.7391,9.927152,50.80772,0.9999855,0,0.005389,0;
base,levelBottom,default,0.009,0.5,0.001,0,1,1,1,1,1,107.7391,9.927152,50.80772,0,0.9999855,0,-0.005388976;
base,levelBottom,default,0.001,1,0.010,0,1,1,1,1,1,150,30,-100,0,0,-1,0;
base,levelBottom,default,0.001,1,0.010,0,1,1,1,1,1,200,30,-250,1,0,-1,0;
base,levelBottom,default,0.001,1,0.010,0,1,1,1,1,1,250,30,-100,1,0,-1,0;
base,levelBottom,default,0.001,1,0.010,0,1,1,1,1,1,250,30,-200,1,0,-1,0;
base,levelBottom,default,0.001,1,0.010,0,1,1,1,1,1,250,30,-400,0,0,-1,0;
base,levelBottom,default,0.001,1,0.010,0,1,1,1,1,1,250,30,-600,0,0,-1,0;
base,levelBottom,default,0.001,1,0.010,0,1,1,1,1,1,250,30,-800,0,0,-1,0;
base,levelBottom,default,0.001,1,0.010,0,1,1,1,1,1,400,30,-150,0,0,-1,0;
base,levelBottom,default,0.001,1,0.010,0,1,1,1,1,1,400,30,-350,0,0,-1,0;
base,levelBottom,default,0.001,1,0.010,0,1,1,1,1,1,400,30,-550,0,0,-1,0;
base,levelBottom,default,0.001,1,0.010,0,1,1,1,1,1,400,30,-750,0,0,-1,0;
base,levelBottom,default,0.001,1,0.010,0,1,1,1,1,1,400,30,-950,0,0,-1,0;
base,levelBottom,default,0.001,1,0.010,0,1,1,1,1,1,450,30,-250,1,0,-1,0;
base,levelBottom,default,0.001,1,0.010,0,1,1,1,1,1,460,30,-550,0,0,0,0;
base,levelBottom,default,0.001,1,0.010,0,1,1,1,1,1,650,30,-250,1,0,-1,0;
base,levelBottom,default,0.001,1,0.010,0,1,1,1,1,1,-150,30,-100,0,0,0,1;
base,levelBottom,default,0.001,1,0.010,0,1,1,1,1,1,-200,30,-250,0,1,0,1;
base,levelBottom,default,0.001,1,0.010,0,1,1,1,1,1,-250,30,-100,0,1,0,1;
base,levelBottom,default,0.001,1,0.010,0,1,1,1,1,1,-250,30,-200,0,1,0,1;
base,levelBottom,default,0.001,1,0.010,0,1,1,1,1,1,-250,30,-400,0,0,0,1;
base,levelBottom,default,0.001,1,0.010,0,1,1,1,1,1,-250,30,-600,0,0,0,1;
base,levelBottom,default,0.001,1,0.010,0,1,1,1,1,1,-250,30,-800,0,0,0,1;
base,levelBottom,default,0.001,1,0.010,0,1,1,1,1,1,-400,30,-150,0,0,0,1;
base,levelBottom,default,0.001,1,0.010,0,1,1,1,1,1,-400,30,-350,0,0,0,1;
base,levelBottom,default,0.001,1,0.010,0,1,1,1,1,1,-400,30,-550,0,0,0,1;
base,levelBottom,default,0.001,1,0.010,0,1,1,1,1,1,-400,30,-750,0,0,0,1;
base,levelBottom,default,0.001,1,0.010,0,1,1,1,1,1,-400,30,-950,0,0,0,1;
base,levelBottom,default,0.001,1,0.010,0,1,1,1,1,1,-450,30,-250,0,1,0,1;
base,levelBottom,default,0.001,1,0.010,0,1,1,1,1,1,-460,30,-550,0,0,0,0;
base,levelBottom,default,0.001,1,0.010,0,1,1,1,1,1,-650,30,-250,0,1,0,1;
base,levelBottom,default,0.002,1,0.010,0,1,1,1,1,1,460,30,-150,0,0,0,0;
base,levelBottom,default,0.002,1,0.010,0,1,1,1,1,1,460,30,-350,0,0,0,0;
base,levelBottom,default,0.002,1,0.010,0,1,1,1,1,1,610,30,-200,1,0,-1,0;
base,levelBottom,default,0.002,1,0.010,0,1,1,1,1,1,610,30,-300,1,0,-1,0;
base,levelBottom,default,0.002,1,0.010,0,1,1,1,1,1,810,30,-200,1,0,-1,0;
base,levelBottom,default,0.002,1,0.010,0,1,1,1,1,1,810,30,-300,1,0,-1,0;
base,levelBottom,default,0.002,1,0.010,0,1,1,1,1,1,-460,30,-150,0,0,0,0;
base,levelBottom,default,0.002,1,0.010,0,1,1,1,1,1,-460,30,-350,0,0,0,0;
base,levelBottom,default,0.002,1,0.010,0,1,1,1,1,1,-610,30,-200,0,1,0,1;
base,levelBottom,default,0.002,1,0.010,0,1,1,1,1,1,-610,30,-300,0,1,0,1;
base,levelBottom,default,0.002,1,0.010,0,1,1,1,1,1,-810,30,-200,0,1,0,1;
base,levelBottom,default,0.002,1,0.010,0,1,1,1,1,1,-810,30,-300,0,1,0,1;
base,levelBottom,default,0.001,1,0.010,0,1,1,1,1,1,-150,30,200,0,0,-1,0;
base,levelBottom,default,0.001,1,0.010,0,1,1,1,1,1,-150,30,500,0,0,-1,0;
base,levelBottom,default,0.001,1,0.010,0,1,1,1,1,1,-150,30,700,0,0,-1,0;
base,levelBottom,default,0.001,1,0.010,0,1,1,1,1,1,-250,30,100,1,0,-1,0;
base,levelBottom,default,0.001,1,0.010,0,1,1,1,1,1,-250,30,200,1,0,-1,0;
base,levelBottom,default,0.001,1,0.010,0,1,1,1,1,1,-250,30,600,0,0,-1,0;
base,levelBottom,default,0.001,1,0.010,0,1,1,1,1,1,-250,30,800,0,0,-1,0;
base,levelBottom,default,0.001,1,0.010,0,1,1,1,1,1,-400,30,150,0,0,-1,0;
base,levelBottom,default,0.001,1,0.010,0,1,1,1,1,1,-400,30,350,0,0,-1,0;
base,levelBottom,default,0.001,1,0.010,0,1,1,1,1,1,-400,30,550,0,0,-1,0;
base,levelBottom,default,0.001,1,0.010,0,1,1,1,1,1,-400,30,750,0,0,-1,0;
base,levelBottom,default,0.001,1,0.010,0,1,1,1,1,1,-400,30,950,0,0,-1,0;
base,levelBottom,default,0.001,1,0.010,0,1,1,1,1,1,-450,30,250,1,0,-1,0;
base,levelBottom,default,0.001,1,0.010,0,1,1,1,1,1,-460,30,-650,0,0,0,0;
base,levelBottom,default,0.001,1,0.010,0,1,1,1,1,1,-460,30,550,0,0,0,0;
base,levelBottom,default,0.001,1,0.010,0,1,1,1,1,1,-490,30,0,1,0,-1,0;
base,levelBottom,default,0.001,1,0.010,0,1,1,1,1,1,-50,610,-200,0,0,0,0;
base,levelBottom,default,0.001,1,0.010,0,1,1,1,1,1,-50,610,-400,0,0,0,0;
base,levelBottom,default,0.001,1,0.010,0,1,1,1,1,1,-650,30,250,1,0,-1,0;
base,levelBottom,default,0.001,1,0.010,0,1,1,1,1,1,-690,30,0,1,0,-1,0;
base,levelBottom,default,0.001,1,0.010,0,1,1,1,1,1,-890,30,0,1,0,-1,0;
base,levelBottom,default,0.001,1,0.010,0,1,1,1,1,1,-940,30,-250,0,0,0,0;
base,levelBottom,default,0.001,1,0.010,0,1,1,1,1,1,-940,30,-450,0,0,0,0;
base,levelBottom,default,0.001,1,0.010,0,1,1,1,1,1,-940,30,-50,0,0,0,0;
base,levelBottom,default,0.001,1,0.010,0,1,1,1,1,1,-940,30,-650,0,0,0,0;
base,levelBottom,default,0.001,1,0.010,0,1,1,1,1,1,-940,30,150,0,0,0,0;
base,levelBottom,default,0.001,1,0.010,0,1,1,1,1,1,-940,30,350,0,0,0,0;
base,levelBottom,default,0.001,1,0.010,0,1,1,1,1,1,-940,30,550,0,0,0,0;
base,levelBottom,default,0.001,1,0.020,0,1,1,1,1,1,-250,30,350,0,0,-1,0;
base,levelBottom,default,0.001,1,0.010,0,1,1,1,1,1,150,30,200,0,0,0,1;
base,levelBottom,default,0.001,1,0.010,0,1,1,1,1,1,150,30,500,0,0,0,1;
base,levelBottom,default,0.001,1,0.010,0,1,1,1,1,1,150,30,700,0,0,0,1;
base,levelBottom,default,0.001,1,0.010,0,1,1,1,1,1,250,30,100,0,1,0,1;
base,levelBottom,default,0.001,1,0.010,0,1,1,1,1,1,250,30,200,0,1,0,1;
base,levelBottom,default,0.001,1,0.010,0,1,1,1,1,1,250,30,600,0,0,0,1;
base,levelBottom,default,0.001,1,0.010,0,1,1,1,1,1,250,30,800,0,0,0,1;
base,levelBottom,default,0.001,1,0.010,0,1,1,1,1,1,400,30,150,0,0,0,1;
base,levelBottom,default,0.001,1,0.010,0,1,1,1,1,1,400,30,350,0,0,0,1;
base,levelBottom,default,0.001,1,0.010,0,1,1,1,1,1,400,30,550,0,0,0,1;
base,levelBottom,default,0.001,1,0.010,0,1,1,1,1,1,400,30,750,0,0,0,1;
base,levelBottom,default,0.001,1,0.010,0,1,1,1,1,1,400,30,950,0,0,0,1;
base,levelBottom,default,0.001,1,0.010,0,1,1,1,1,1,450,30,250,0,1,0,1;
base,levelBottom,default,0.001,1,0.010,0,1,1,1,1,1,460,30,550,0,0,0,0;
base,levelBottom,default,0.001,1,0.010,0,1,1,1,1,1,490,30,0,0,1,0,1;
base,levelBottom,default,0.001,1,0.010,0,1,1,1,1,1,50,610,-200,0,0,0,0;
base,levelBottom,default,0.001,1,0.010,0,1,1,1,1,1,50,610,-400,0,0,0,0;
base,levelBottom,default,0.001,1,0.010,0,1,1,1,1,1,650,30,250,0,1,0,1;
base,levelBottom,default,0.001,1,0.010,0,1,1,1,1,1,690,30,0,0,1,0,1;
base,levelBottom,default,0.001,1,0.010,0,1,1,1,1,1,890,30,0,0,1,0,1;
base,levelBottom,default,0.001,1,0.010,0,1,1,1,1,1,940,30,-250,0,0,0,0;
base,levelBottom,default,0.001,1,0.010,0,1,1,1,1,1,940,30,-450,0,0,0,0;
base,levelBottom,default,0.001,1,0.010,0,1,1,1,1,1,940,30,-50,0,0,0,0;
base,levelBottom,default,0.001,1,0.010,0,1,1,1,1,1,940,30,-650,0,0,0,0;
base,levelBottom,default,0.001,1,0.010,0,1,1,1,1,1,940,30,150,0,0,0,0;
base,levelBottom,default,0.001,1,0.010,0,1,1,1,1,1,940,30,350,0,0,0,0;
base,levelBottom,default,0.001,1,0.010,0,1,1,1,1,1,940,30,550,0,0,0,0;
base,levelBottom,default,0.001,1,0.020,0,1,1,1,1,1,-50,155,-118.75,0.3826834,0,0,0.9238795;
base,levelBottom,default,0.001,1,0.020,0,1,1,1,1,1,-50,155,-361.25,-0.3826834,0,0,0.9238795;
base,levelBottom,default,0.001,1,0.020,0,1,1,1,1,1,-50,155,118.75,-0.3826834,0,0,0.9238795;
base,levelBottom,default,0.001,1,0.020,0,1,1,1,1,1,-50,155,361.25,0.3826834,0,0,0.9238795;
base,levelBottom,default,0.001,1,0.020,0,1,1,1,1,1,250,30,350,0,0,0,1;
base,levelBottom,default,0.001,1,0.020,0,1,1,1,1,1,50,155,-118.75,0.3826834,0,0,0.9238795;
base,levelBottom,default,0.001,1,0.020,0,1,1,1,1,1,50,155,-361.25,-0.3826834,0,0,0.9238795;
base,levelBottom,default,0.001,1,0.020,0,1,1,1,1,1,50,155,118.75,-0.3826834,0,0,0.9238795;
base,levelBottom,default,0.001,1,0.020,0,1,1,1,1,1,50,155,361.25,0.3826834,0,0,0.9238795;
base,levelBottom,default,0.001,1,0.0325,0,1,1,1,1,1,-50,30,737.5,0,0,0,0;
base,levelBottom,default,0.001,1,0.0325,0,1,1,1,1,1,50,30,737.5,0,0,0,0;
base,levelBottom,default,0.010,1,0.001,0,1,1,1,1,1,-100,30,-1000,0,0,0,0;
base,levelBottom,default,0.010,1,0.001,0,1,1,1,1,1,-100,30,1000,0,0,0,0;
base,levelBottom,default,0.010,1,0.001,0,1,1,1,1,1,-1000,30,-100,0,0.7071068,0,0.7071068;
base,levelBottom,default,0.010,1,0.001,0,1,1,1,1,1,-1000,30,-300,0,0.7071068,0,0.7071068;
base,levelBottom,default,0.010,1,0.001,0,1,1,1,1,1,-1000,30,-500,0,0.7071068,0,0.7071068;
base,levelBottom,default,0.010,1,0.001,0,1,1,1,1,1,-1000,30,-700,0,0.7071068,0,0.7071068;
base,levelBottom,default,0.010,1,0.001,0,1,1,1,1,1,-1000,30,-900,0,0.7071068,0,0.7071068;
base,levelBottom,default,0.010,1,0.001,0,1,1,1,1,1,-1000,30,100,0,0.7071068,0,0.7071068;
base,levelBottom,default,0.010,1,0.001,0,1,1,1,1,1,-1000,30,300,0,0.7071068,0,0.7071068;
base,levelBottom,default,0.010,1,0.001,0,1,1,1,1,1,-1000,30,500,0,0.7071068,0,0.7071068;
base,levelBottom,default,0.010,1,0.001,0,1,1,1,1,1,-1000,30,700,0,0.7071068,0,0.7071068;
base,levelBottom,default,0.010,1,0.001,0,1,1,1,1,1,-1000,30,900,0,0.7071068,0,0.7071068;
base,levelBottom,default,0.010,1,0.001,0,1,1,1,1,1,-300,30,-1000,0,0,0,0;
base,levelBottom,default,0.010,1,0.001,0,1,1,1,1,1,-300,30,1000,0,0,0,0;
base,levelBottom,default,0.010,1,0.001,0,1,1,1,1,1,-500,30,-1000,0,0,0,0;
base,levelBottom,default,0.010,1,0.001,0,1,1,1,1,1,-500,30,1000,0,0,0,0;
base,levelBottom,default,0.010,1,0.001,0,1,1,1,1,1,-700,30,-1000,0,0,0,0;
base,levelBottom,default,0.010,1,0.001,0,1,1,1,1,1,-700,30,1000,0,0,0,0;
base,levelBottom,default,0.010,1,0.001,0,1,1,1,1,1,-900,30,-1000,0,0,0,0;
base,levelBottom,default,0.010,1,0.001,0,1,1,1,1,1,-900,30,1000,0,0,0,0;
base,levelBottom,default,0.010,1,0.001,0,1,1,1,1,1,100,30,-1000,0,0,0,0;
base,levelBottom,default,0.010,1,0.001,0,1,1,1,1,1,100,30,1000,0,0,0,0;
base,levelBottom,default,0.010,1,0.001,0,1,1,1,1,1,1000,30,-100,0,0.7071068,0,0.7071068;
base,levelBottom,default,0.010,1,0.001,0,1,1,1,1,1,1000,30,-300,0,0.7071068,0,0.7071068;
base,levelBottom,default,0.010,1,0.001,0,1,1,1,1,1,1000,30,-500,0,0.7071068,0,0.7071068;
base,levelBottom,default,0.010,1,0.001,0,1,1,1,1,1,1000,30,-700,0,0.7071068,0,0.7071068;
base,levelBottom,default,0.010,1,0.001,0,1,1,1,1,1,1000,30,-900,0,0.7071068,0,0.7071068;
base,levelBottom,default,0.010,1,0.001,0,1,1,1,1,1,1000,30,100,0,0.7071068,0,0.7071068;
base,levelBottom,default,0.010,1,0.001,0,1,1,1,1,1,1000,30,300,0,0.7071068,0,0.7071068;
base,levelBottom,default,0.010,1,0.001,0,1,1,1,1,1,1000,30,500,0,0.7071068,0,0.7071068;
base,levelBottom,default,0.010,1,0.001,0,1,1,1,1,1,1000,30,700,0,0.7071068,0,0.7071068;
base,levelBottom,default,0.010,1,0.001,0,1,1,1,1,1,1000,30,900,0,0.7071068,0,0.7071068;
base,levelBottom,default,0.010,1,0.001,0,1,1,1,1,1,300,30,-1000,0,0,0,0;
base,levelBottom,default,0.010,1,0.001,0,1,1,1,1,1,300,30,1000,0,0,0,0;
base,levelBottom,default,0.010,1,0.001,0,1,1,1,1,1,500,30,-1000,0,0,0,0;
base,levelBottom,default,0.010,1,0.001,0,1,1,1,1,1,500,30,1000,0,0,0,0;
base,levelBottom,default,0.010,1,0.001,0,1,1,1,1,1,700,30,-1000,0,0,0,0;
base,levelBottom,default,0.010,1,0.001,0,1,1,1,1,1,700,30,1000,0,0,0,0;
base,levelBottom,default,0.010,1,0.001,0,1,1,1,1,1,900,30,-1000,0,0,0,0;
base,levelBottom,default,0.010,1,0.001,0,1,1,1,1,1,900,30,1000,0,0,0,0;
base,levelBottom,default,0.002,1,0.010,0,1,1,1,1,1,-460,30,150,0,0,0,0;
base,levelBottom,default,0.002,1,0.010,0,1,1,1,1,1,-460,30,350,0,0,0,0;
base,levelBottom,default,0.002,1,0.010,0,1,1,1,1,1,-610,30,200,1,0,-1,0;
base,levelBottom,default,0.002,1,0.010,0,1,1,1,1,1,-610,30,300,1,0,-1,0;
base,levelBottom,default,0.002,1,0.010,0,1,1,1,1,1,-810,30,200,1,0,-1,0;
base,levelBottom,default,0.002,1,0.010,0,1,1,1,1,1,-810,30,300,1,0,-1,0;
base,levelBottom,default,0.002,1,0.010,0,1,1,1,1,1,460,30,150,0,0,0,0;
base,levelBottom,default,0.002,1,0.010,0,1,1,1,1,1,460,30,350,0,0,0,0;
base,levelBottom,default,0.002,1,0.010,0,1,1,1,1,1,610,30,200,0,1,0,1;
base,levelBottom,default,0.002,1,0.010,0,1,1,1,1,1,610,30,300,0,1,0,1;
base,levelBottom,default,0.002,1,0.010,0,1,1,1,1,1,810,30,200,0,1,0,1;
base,levelBottom,default,0.002,1,0.010,0,1,1,1,1,1,810,30,300,0,1,0,1;
base,levelBottom,default,0.029,1,0.001,0,1,1,1,1,1,-295,30,50,0,0,0,0;
base,levelBottom,default,0.029,1,0.001,0,1,1,1,1,1,295,30,50,0,0,0,0;
base,levelBottom,default,0.039,9.666666666666667,0.001,0,1,1,1,1,1,-245,350,50,0,0,0,0;
base,levelBottom,default,0.039,10.66666666666667,0.001,0,1,1,1,1,1,-245,320,-50,0,0,0,0;
base,levelBottom,default,0.039,9.666666666666667,0.001,0,1,1,1,1,1,245,350,50,0,0,0,0;
base,levelBottom,default,0.039,10.66666666666667,0.001,0,1,1,1,1,1,245,320,-50,0,0,0,0;
base,levelBottom,default,0.0075,1,0.001,0,1,1,1,1,1,-469.5276293,30,-736.5032375,0,0.7602875,0,0.6495867;
base,levelBottom,default,0.0075,1,0.001,0,1,1,1,1,1,-469.5276293,30,663.4967625,0,0.7602875,0,0.6495867;
base,levelBottom,default,0.0075,1,0.001,0,1,1,1,1,1,-492.0878707,30,-594.0634789,0,0.5223431,0,0.8527354;
base,levelBottom,default,0.0075,1,0.001,0,1,1,1,1,1,-492.0878707,30,805.9365211,0,0.5223431,0,0.8527354;
base,levelBottom,default,0.0075,1,0.001,0,1,1,1,1,1,-535,30,-865,0,-0.414,0,1;
base,levelBottom,default,0.0075,1,0.001,0,1,1,1,1,1,-535,30,535,0,-0.414,0,1;
base,levelBottom,default,0.0075,1,0.001,0,1,1,1,1,1,-594.0634788,30,-492.0878708,0,0.2336226,0,0.9723274;
base,levelBottom,default,0.0075,1,0.001,0,1,1,1,1,1,-594.0634788,30,907.9121292,0,0.2336226,0,0.9723274;
base,levelBottom,default,0.0075,1,0.001,0,1,1,1,1,1,-663.4967626,30,-930.4723707,0,-0.0782774,0,0.9969316;
base,levelBottom,default,0.0075,1,0.001,0,1,1,1,1,1,-663.4967626,30,469.5276293,0,-0.0782774,0,0.9969316;
base,levelBottom,default,0.0075,1,0.001,0,1,1,1,1,1,-736.5032374,30,-469.5276293,0,-0.0782774,0,0.9969316;
base,levelBottom,default,0.0075,1,0.001,0,1,1,1,1,1,-736.5032374,30,930.4723707,0,-0.0782774,0,0.9969316;
base,levelBottom,default,0.0075,1,0.001,0,1,1,1,1,1,-805.9365212,30,-907.9121292,0,0.2336226,0,0.9723274;
base,levelBottom,default,0.0075,1,0.001,0,1,1,1,1,1,-805.9365212,30,492.0878708,0,0.2336226,0,0.9723274;
base,levelBottom,default,0.0075,1,0.001,0,1,1,1,1,1,-865,30,-535,0,-0.414,0,1;
base,levelBottom,default,0.0075,1,0.001,0,1,1,1,1,1,-865,30,865,0,-0.414,0,1;
base,levelBottom,default,0.0075,1,0.001,0,1,1,1,1,1,-907.9121293,30,-805.9365211,0,0.5223431,0,0.8527354;
base,levelBottom,default,0.0075,1,0.001,0,1,1,1,1,1,-907.9121293,30,594.0634789,0,0.5223431,0,0.8527354;
base,levelBottom,default,0.0075,1,0.001,0,1,1,1,1,1,-930.4723707,30,-663.4967625,0,0.7602875,0,0.6495867;
base,levelBottom,default,0.0075,1,0.001,0,1,1,1,1,1,-930.4723707,30,736.5032375,0,0.7602875,0,0.6495867;
base,levelBottom,default,0.0075,1,0.001,0,1,1,1,1,1,469.5276293,30,-663.4967625,0,0.7602875,0,0.6495867;
base,levelBottom,default,0.0075,1,0.001,0,1,1,1,1,1,469.5276293,30,736.5032375,0,0.7602875,0,0.6495867;
base,levelBottom,default,0.0075,1,0.001,0,1,1,1,1,1,492.0878707,30,-805.9365211,0,0.5223431,0,0.8527354;
base,levelBottom,default,0.0075,1,0.001,0,1,1,1,1,1,492.0878707,30,594.0634789,0,0.5223431,0,0.8527354;
base,levelBottom,default,0.0075,1,0.001,0,1,1,1,1,1,535,30,-535,0,-0.414,0,1;
base,levelBottom,default,0.0075,1,0.001,0,1,1,1,1,1,535,30,865,0,-0.414,0,1;
base,levelBottom,default,0.0075,1,0.001,0,1,1,1,1,1,594.0634788,30,-907.9121292,0,0.2336226,0,0.9723274;
base,levelBottom,default,0.0075,1,0.001,0,1,1,1,1,1,594.0634788,30,492.0878708,0,0.2336226,0,0.9723274;
base,levelBottom,default,0.0075,1,0.001,0,1,1,1,1,1,663.4967626,30,-469.5276293,0,-0.0782774,0,0.9969316;
base,levelBottom,default,0.0075,1,0.001,0,1,1,1,1,1,663.4967626,30,930.4723707,0,-0.0782774,0,0.9969316;
base,levelBottom,default,0.0075,1,0.001,0,1,1,1,1,1,736.5032374,30,-930.4723707,0,-0.0782774,0,0.9969316;
base,levelBottom,default,0.0075,1,0.001,0,1,1,1,1,1,736.5032374,30,469.5276293,0,-0.0782774,0,0.9969316;
base,levelBottom,default,0.0075,1,0.001,0,1,1,1,1,1,805.9365212,30,-492.0878708,0,0.2336226,0,0.9723274;
base,levelBottom,default,0.0075,1,0.001,0,1,1,1,1,1,805.9365212,30,907.9121292,0,0.2336226,0,0.9723274;
base,levelBottom,default,0.0075,1,0.001,0,1,1,1,1,1,865,30,-865,0,-0.414,0,1;
base,levelBottom,default,0.0075,1,0.001,0,1,1,1,1,1,865,30,535,0,-0.414,0,1;
base,levelBottom,default,0.0075,1,0.001,0,1,1,1,1,1,907.9121293,30,-594.0634789,0,0.5223431,0,0.8527354;
base,levelBottom,default,0.0075,1,0.001,0,1,1,1,1,1,907.9121293,30,805.9365211,0,0.5223431,0,0.8527354;
base,levelBottom,default,0.0075,1,0.001,0,1,1,1,1,1,930.4723707,30,-736.5032375,0,0.7602875,0,0.6495867;
base,levelBottom,default,0.0075,1,0.001,0,1,1,1,1,1,930.4723707,30,663.4967625,0,0.7602875,0,0.6495867;




racing,checkpointCuboid,9.5,6,1,97.5,30,60,0,0,0,0;
racing,checkpointCuboid,5,6,1,430,30,605,0,0,0,0;
racing,checkpointCuboid,5,6,1,430,30,-605,0,0,0,0;
racing,checkpointCuboid,9.5,6,1,-97.5,30,60,0,0,0,0;
racing,checkpointCuboid,5,6,1,-430,30,605,0,0,0,0;
racing,checkpointCuboid,5,6,1,-430,30,-605,0,0,0,0;

racing,checkpointCuboid,10,6,1,0,30,-845,0,0,0,0;



racing,startArc180,2,1,3,0,600,-50,1,1,1,1;
racing,startCuboid,2,0.5,1,-20,625,-50,0,0,0,0;
racing,startCuboid,2,0.5,1,20,627.5,-50,0,0,0.25,1;
racing,startcuboid,10,6,1,0,610,-50,0,0,0,0;
spawnpoint,playerC,0,610,-520,0,0,0,0;
spawnpoint,playerM,0,610,-520,0,0,0,0;