map,disablebounds;
spawnpoint,playerC,0,140,-2325,0,0,0,0;
spawnpoint,playerC,2.5,107,-2295,0,0,0,0;
spawnpoint,playerC,2,107,-2295,0,0,0,0;
spawnpoint,playerC,1.5,107,-2295,0,0,0,0;
spawnpoint,playerC,1,107,-2295,0,0,0,0;
spawnpoint,playerC,0.5,107,-2295,0,0,0,0;
spawnpoint,playerM,-2.5,107,-2295,0,0,0,0;
spawnpoint,playerM,-2,107,-2295,0,0,0,0;
spawnpoint,playerM,-1.5,107,-2295,0,0,0,0;
spawnpoint,playerM,-1,107,-2295,0,0,0,0;
spawnpoint,playerM,-0.5,107,-2295,0,0,0,0;
custom,boulder4,earth2,5,5,5,0,1,1,1,4.0,2.0,-25,100,-2350,0,0,0,0;
custom,boulder4,earth2,-5,5,5,0,1,1,1,4.0,2.0,25,100,-2350,0,0,0,0;
custom,boulder4,earth2,5,5,5,0,1,1,1,4.0,2.0,-75,100,-2350,0,0,0,0;
custom,boulder4,earth2,-5,5,5,0,1,1,1,4.0,2.0,75,100,-2350,0,0,0,0;
custom,boulder4,earth2,5,5,5,0,1,1,1,4.0,2.0,-125,100,-2350,0,0,0,0;
custom,boulder4,earth2,-5,5,5,0,1,1,1,4.0,2.0,125,100,-2350,0,0,0,0;
custom,boulder4,earth2,6,6,6,0,1,1,1,4.0,2.0,-160,100,-2290,0,0,0,0;
custom,boulder4,earth2,-6,6,6,0,1,1,1,4.0,2.0,160,100,-2290,0,0,0,0;
custom,boulder4,earth2,5,5,5,0,1,1,1,4.0,2.0,-125,100,-2225,0,0,0,0;
custom,boulder4,earth2,-5,5,5,0,1,1,1,4.0,2.0,125,100,-2225,0,0,0,0;
custom,boulder4,earth2,5,5,5,0,1,1,1,4.0,2.0,-75,100,-2175,0,0,0,0;
custom,boulder4,earth2,-5,5,5,0,1,1,1,4.0,2.0,75,100,-2175,0,0,0,0;
custom,boulder4,earth2,2,9,2,0,1,1,1,4.0,2.0,-75,100,-2175,0,0,0,0;
custom,boulder4,earth2,-2,9,2,0,1,1,1,4.0,2.0,75,100,-2175,0,0,0,0;
custom,boulder4,earth2,2,9,2,0,1,1,1,4.0,2.0,-75,100,-2175,0,0,-0.4,1;
custom,boulder4,earth2,-2,9,2,0,1,1,1,4.0,2.0,75,100,-2175,0,0,0.4,1;
custom,boulder4,earth2,3,8,3,0,1,1,1,4.0,2.0,-60,80,-2065,-0.55,0,0,1;
custom,boulder4,earth2,-3,8,3,0,1,1,1,4.0,2.0,60,80,-2065,-0.55,0,0,1;
custom,cave2,earth2,1.0,-0.75,1.0,0,1,1,1,2.0,2.0,45,90,-2240,0,0.2,0,1;
custom,cave2,earth2,-1.0,-0.75,1.0,0,1,1,1,2.0,2.0,-45,90,-2240,0,-0.2,0,1;
custom,cave2,earth2,1.0,-0.5,1.0,0,1,1,1,2.0,2.0,30,95,-2220,0,0.2,0,1;
custom,cave2,earth2,-1.0,-0.5,1.0,0,1,1,1,2.0,2.0,-30,95,-2220,0,-0.2,0,1;
custom,boulder1,earth2,12,1,5,0,1,1,1,4.0,4.0,-7,160,-2310,-0.2,0,0,1;
custom,boulder1,earth2,5,1,1,0,1,1,1,2.0,4.0,-45,104,-2310,0,0,0,0;
custom,boulder1,earth2,-5,1,1,0,1,1,1,2.0,4.0,45,104,-2310,0,0,0,0;
custom,cylinder,earth2,10,0.5,10,0,1,1,1,4.0,4.0,0,100,-2315,0,0,0,0;
custom,cylinder,cannonwallmat,10.1,0.5,10.1,0,1,1,1,-64.0,0.9,0,99.75,-2315,0,0,0,0;
custom,cylinder,rock1,10.15,0.1,10.15,0,1,1,1,32.0,1.0,0,99.75,-2315,0,0,0,0;
misc,barrier,1,10,14,115,150,-2222.5,0,0.414,0,-1;
misc,barrier,1,10,14,-115,150,-2222.5,0,-0.414,0,-1;
misc,barrier,6,6,1,36,187,-2176,0.414,1,0,0;
misc,barrier,6,6,1,-36,187,-2176,0.414,1,0,0;
misc,barrier,36,1,48,0,195,-2220,0,0,0,0;
custom,cuboid,earth2,2,0.5,2,0,1,1,1,2.0,2.0,0,105,-2300,0,1,0,0.414;
custom,cuboid,cannonwallmat,-2.1,0.5,-2.1,0,1,1,1,-16.0,0.9,0,104.85,-2300,0,1,0,0.414;
custom,cuboid,rock1,2.15,0.15,2.15,0,1,1,1,16.0,0.25,0,104.85,-2300,0,1,0,0.414;
custom,leaf0,bombexplosiontex,5.0,1.0,45.0,1,1,1,1,1,1,0,105.5,-3315,0,0,0,1;
custom,leaf0,bombexplosiontex,4.0,1.0,15.0,1,1,1,1,1,1,0,-195,-2205,0.72,0,0,1;
custom,prism,earth2,2,0.3,2,0,1,1,1,1.0,1.0,0,112.5,-2307,0,1,1,0;
custom,prism,earth2,2,0.26,-2,0,1,1,1,1.0,1.0,0,117.5,-2307,0,1,1,0;
custom,prism,rock1,1.8,0.35,1.8,0,1,1,1,2.0,2.0,0,112.5,-2307,0,1,1,0;
custom,prism,rock1,1.8,0.325,-1.8,0,1,1,1,2.0,2.0,0,117.5,-2307,0,1,1,0;
custom,prism,cannonwallmat,1.9,0.31,1.9,0,1,1,1,16.0,16.0,0,112.5,-2307,0,1,1,0;
custom,prism,cannonwallmat,1.9,0.32,-1.9,0,1,1,1,16.0,16.0,0,117.5,-2307,0,1,1,0;
custom,boulder1,default,3,-0.75,1,0,1,1,1,1.0,1.0,2.5,94,517.5,0,0,0,0;
custom,boulder1,default,3,-0.75,-1,0,1,1,1,1.0,1.0,2.5,94,-517.5,0,0,0,0;
racing,startCuboid,7,7,1.5,0,120,-2175,0,0,0.414,1;
racing,startCuboid,3.5,3.5,1.25,0,100,-2175,0,0,0.414,1;
racing,startCuboid,1.0,1.0,1.0,0,130,-2175,0,0,0.414,1;
racing,startCuboid,1.0,1.0,0.9,0,130,-2175,0,0,0,0;
racing,killCylinder,0.75,0.25,0.75,0,130,-2175,1,0,0,1;
racing,killCylinder,0.7,0.2,0.7,0,130,-2175,1,0,0,1;
custom,cuboid,default,300,300,300,1,0,0,0,1.0,1.0,0,-1492.5,0,0,0,0,0;
custom,cuboid,default,300,300,300,1,0,0,0,1.0,1.0,0,-1492.5,0,0,1,0,0.414;
custom,cuboid,default,200,8,200,1,0,0,0,1.0,1.0,0,-35,0,0,0,0,0;
custom,cuboid,default,200,8,200,1,0,0,0,1.0,1.0,0,-35,0,0,1,0,0.414;
custom,cuboid,earth1,400,10,200,0,1,1,1,64.0,32.0,0,50,1510,0,0,0,0;
custom,cuboid,earth1,400,10,200,0,1,1,1,64.0,32.0,0,50,-1510,0,0,0,0;
custom,cuboid,earth1,102,10,200,0,1,1,1,16.0,32.0,2010,50,0,0,1,0,1;
custom,cuboid,earth1,102,10,200,0,1,1,1,16.0,32.0,-2010,50,0,0,1,0,1;
custom,cuboid,earth1,399.9,9,199.9,0,1,1,1,64.0,32.0,0,50,1510,0,0,0,0;
custom,cuboid,earth1,399,9,199.9,0,1,1,1,64.0,32.0,0,50,-1510,0,0,0,0;
custom,cuboid,earth1,101.9,9,199.9,0,1,1,1,16.0,32.0,2010,50,0,0,1,0,1;
custom,cuboid,earth1,101.9,9,199.9,0,1,1,1,16.0,32.0,-2010,50,0,0,1,0,1;
custom,cuboid,castle1tex,100,1,100,0,1,1,1,256.0,256.0,500,15,0,0,0,0,0;
custom,cuboid,castle1tex,100,1,100,0,1,1,1,256.0,256.0,-500,15,0,0,0,0,0;
custom,cuboid,castle1tex,97,1,100,1,0.5,0.5,0.5,256.0,256.0,515,85,0,0,0,0,0;
custom,cuboid,castle1tex,97,1,100,1,0.5,0.5,0.5,256.0,256.0,-515,85,0,0,0,0,0;
custom,cuboid,castle1tex,3,1,29.5,1,0.5,0.5,0.5,8.0,80.0,15,85,177.5,0,0,0,0;
custom,cuboid,castle1tex,3,1,29.5,1,0.5,0.5,0.5,8.0,80.0,15,85,-177.5,0,0,0,0;
custom,cuboid,castle1tex,3,1,29.5,1,0.5,0.5,0.5,8.0,80.0,-15,85,177.5,0,0,0,0;
custom,cuboid,castle1tex,3,1,29.5,1,0.5,0.5,0.5,8.0,80.0,-15,85,-177.5,0,0,0,0;
custom,cuboid,cannonwallmat,3,1,29.5,0,0.25,0.25,0.25,8.0,70.0,15,95,177.5,0,0,0,0;
custom,cuboid,cannonwallmat,3,1,29.5,0,0.25,0.25,0.25,8.0,70.0,15,95,-177.5,0,0,0,0;
custom,cuboid,cannonwallmat,3,1,29.5,0,0.25,0.25,0.25,8.0,70.0,-15,95,177.5,0,0,0,0;
custom,cuboid,cannonwallmat,3,1,29.5,0,0.25,0.25,0.25,8.0,70.0,-15,95,-177.5,0,0,0,0;
custom,cuboid,cannonwallmat,98,1,102,0,0.25,0.25,0.25,256.0,256.0,520,95,0,0,0,0,0;
custom,cuboid,cannonwallmat,98,1,102,0,0.25,0.25,0.25,256.0,256.0,-520,95,0,0,0,0,0;
custom,cuboid,cannonwallmat,1,8,202,0,1,1,1,256.0,16.0,0,50,-505,0,1,0,1;
custom,cuboid,cannonwallmat,1,8,202,0,1,1,1,256.0,16.0,0,50,505,0,1,0,1;
custom,cuboid,cannonwallmat,1,8,100,0,1,1,1,128.0,16.0,-1005,50,0,0,0,0,0;
custom,cuboid,cannonwallmat,1,8,100,0,1,1,1,128.0,16.0,1005,50,0,0,0,0,0;
custom,cuboid,cannonwallmat,202,1,102,0,1,1,1,512.0,256.0,00,5,0,0,0,0,0;
custom,cuboid,castle1tex,1,6,100,1,0.5,0.25,0,256.0,17.0,995,50,0,0,0,0,0;
custom,cuboid,castle1tex,1,6,100,1,0.5,0.25,0,256.0,17.0,-995,50,0,0,0,0,0;
custom,cuboid,castle1tex,1,6,96,1,0.5,0.25,0,256.0,17.0,510,50,495,0,1,0,1;
custom,cuboid,castle1tex,1,6,96,1,0.5,0.25,0,256.0,17.0,510,50,-495,0,1,0,1;
custom,cuboid,castle1tex,1,6,96,1,0.5,0.25,0,256.0,17.0,-510,50,495,0,1,0,1;
custom,cuboid,castle1tex,1,6,96,1,0.5,0.25,0,256.0,17.0,-510,50,-495,0,1,0,1;
custom,cuboid,castle1tex,6,7.1,2.1,1,0.5,0.5,0.5,-10.0,0.1,0,55,510,0,0,0,0;
custom,cuboid,castle1tex,6,6,2,1,0.5,0.5,0.5,10.0,0.1,0,50,490,0,0,0,0;
custom,cuboid,castle1tex,6,5,2,1,0.5,0.5,0.5,-10.0,0.1,0,45,470,0,0,0,0;
custom,cuboid,castle1tex,6,4,2,1,0.5,0.5,0.5,10.0,0.1,0,40,450,0,0,0,0;
custom,cuboid,castle1tex,6,3,2,1,0.5,0.5,0.5,-10.0,0.1,0,35,430,0,0,0,0;
custom,cuboid,castle1tex,6,2,2,1,0.5,0.5,0.5,10.0,0.1,0,30,410,0,0,0,0;
custom,cuboid,castle1tex,6,1,2,1,0.5,0.5,0.5,-10.0,0.1,0,25,390,0,0,0,0;
custom,cuboid,castle1tex,6,0.1,2,1,0.5,0.5,0.5,10.0,0.1,0,20,370,0,0,0,0;
custom,cuboid,castle1tex,6,7.1,2.1,1,0.5,0.5,0.5,-10.0,0.1,0,55,-510,0,0,0,0;
custom,cuboid,castle1tex,6,6,2,1,0.5,0.5,0.5,10.0,0.1,0,50,-490,0,0,0,0;
custom,cuboid,castle1tex,6,5,2,1,0.5,0.5,0.5,-10.0,0.1,0,45,-470,0,0,0,0;
custom,cuboid,castle1tex,6,4,2,1,0.5,0.5,0.5,10.0,0.1,0,40,-450,0,0,0,0;
custom,cuboid,castle1tex,6,3,2,1,0.5,0.5,0.5,-10.0,0.1,0,35,-430,0,0,0,0;
custom,cuboid,castle1tex,6,2,2,1,0.5,0.5,0.5,10.0,0.1,0,30,-410,0,0,0,0;
custom,cuboid,castle1tex,6,1,2,1,0.5,0.5,0.5,-10.0,0.1,0,25,-390,0,0,0,0;
custom,cuboid,castle1tex,6,0.1,2,1,0.5,0.5,0.5,10.0,0.1,0,20,-370,0,0,0,0;
custom,cylinder,stone6,1,6,2,0,1,1,1,0.01,0.01,30,80,490,0,0,0,0;
custom,cylinder,stone6,1,6,2,0,1,1,1,0.01,0.01,30,80,470,0,0,0,0;
custom,cylinder,stone6,1,6,2,0,1,1,1,0.01,0.01,30,80,450,0,0,0,0;
custom,cylinder,stone6,1,6,2,0,1,1,1,0.01,0.01,30,80,430,0,0,0,0;
custom,cylinder,stone6,1,6,2,0,1,1,1,0.01,0.01,30,80,410,0,0,0,0;
custom,cylinder,stone6,1,6,2,0,1,1,1,0.01,0.01,30,80,390,0,0,0,0;
custom,cylinder,stone6,1,6,2,0,1,1,1,0.01,0.01,30,80,370,0,0,0,0;
custom,cylinder,stone6,1,6,2,0,1,1,1,0.01,0.01,30,80,350,0,0,0,0;
custom,cylinder,stone6,1,6,2,0,1,1,1,0.01,0.01,30,80,330,0,0,0,0;
custom,cylinder,stone6,1,6,2,0,1,1,1,0.01,0.01,-30,80,490,0,0,0,0;
custom,cylinder,stone6,1,6,2,0,1,1,1,0.01,0.01,-30,80,470,0,0,0,0;
custom,cylinder,stone6,1,6,2,0,1,1,1,0.01,0.01,-30,80,450,0,0,0,0;
custom,cylinder,stone6,1,6,2,0,1,1,1,0.01,0.01,-30,80,430,0,0,0,0;
custom,cylinder,stone6,1,6,2,0,1,1,1,0.01,0.01,-30,80,410,0,0,0,0;
custom,cylinder,stone6,1,6,2,0,1,1,1,0.01,0.01,-30,80,390,0,0,0,0;
custom,cylinder,stone6,1,6,2,0,1,1,1,0.01,0.01,-30,80,370,0,0,0,0;
custom,cylinder,stone6,1,6,2,0,1,1,1,0.01,0.01,-30,80,350,0,0,0,0;
custom,cylinder,stone6,1,6,2,0,1,1,1,0.01,0.01,-30,80,330,0,0,0,0;
custom,cuboid,castle1tex,22.5,6,1,1,0.5,0.25,0,62,17.0,915,50,-415,0,1,0,0.414;
custom,cuboid,castle1tex,22.5,6,1,1,0.5,0.25,0,62,17.0,-915,50,415,0,1,0,0.414;
custom,cuboid,castle1tex,22.5,6,1,1,0.5,0.25,0,62,17.0,-915,50,-415,0,1,0,-0.414;
custom,cuboid,castle1tex,22.5,6,1,1,0.5,0.25,0,62,17.0,915,50,415,0,1,0,-0.414;
custom,cylinder,castle1tex,1,3,1,0,1,1,1,5.0,17.0,990,50,-335,0,0,0,0;
custom,cylinder,castle1tex,1,3,1,0,1,1,1,5.0,17.0,835,50,-490,0,0,0,0;
custom,cylinder,castle1tex,1,3,1,0,1,1,1,5.0,17.0,-990,50,-335,0,0,0,0;
custom,cylinder,castle1tex,1,3,1,0,1,1,1,5.0,17.0,-835,50,-490,0,0,0,0;
custom,cylinder,castle1tex,1,3,1,0,1,1,1,5.0,17.0,990,50,335,0,0,0,0;
custom,cylinder,castle1tex,1,3,1,0,1,1,1,5.0,17.0,835,50,490,0,0,0,0;
custom,cylinder,castle1tex,1,3,1,0,1,1,1,5.0,17.0,-990,50,335,0,0,0,0;
custom,cylinder,castle1tex,1,3,1,0,1,1,1,5.0,17.0,-835,50,490,0,0,0,0;
custom,cylinder,stone6,1,3.5,1,0,1,1,1,0.01,0.25,-25,105,325,0,0,0,0;
custom,cylinder,stone6,1,3.5,1,0,1,1,1,0.01,0.25,-17.5,105,325,0,0,0,0;
custom,cylinder,stone6,1,3.5,1,0,1,1,1,0.01,0.25,-10,105,325,0,0,0,0;
custom,cylinder,stone6,1,4.0,1,0,1,1,1,0.01,0.25,-2.5,100,325,0,0,0,0;
custom,cylinder,stone6,1,3.5,1,0,1,1,1,0.01,0.25,25,105,325,0,0,0,0;
custom,cylinder,stone6,1,3.5,1,0,1,1,1,0.01,0.25,17.5,105,325,0,0,0,0;
custom,cylinder,stone6,1,3.5,1,0,1,1,1,0.01,0.25,10,105,325,0,0,0,0;
custom,cylinder,stone6,1,4.0,1,0,1,1,1,0.01,0.25,2.5,100,325,0,0,0,0;
custom,cylinder,stone6,1,3.5,1,0,1,1,1,0.01,0.25,-25,105,-325,0,0,0,0;
custom,cylinder,stone6,1,3.5,1,0,1,1,1,0.01,0.25,-17.5,105,-325,0,0,0,0;
custom,cylinder,stone6,1,3.5,1,0,1,1,1,0.01,0.25,-10,105,-325,0,0,0,0;
custom,cylinder,stone6,1,4.0,1,0,1,1,1,0.01,0.25,-2.5,100,-325,0,0,0,0;
custom,cylinder,stone6,1,3.5,1,0,1,1,1,0.01,0.25,25,105,-325,0,0,0,0;
custom,cylinder,stone6,1,3.5,1,0,1,1,1,0.01,0.25,17.5,105,-325,0,0,0,0;
custom,cylinder,stone6,1,3.5,1,0,1,1,1,0.01,0.25,10,105,-325,0,0,0,0;
custom,cylinder,stone6,1,4.0,1,0,1,1,1,0.01,0.25,2.5,100,-325,0,0,0,0;
custom,cylinder,stone6,1,6,2,0,1,1,1,0.01,0.01,30,80,-490,0,0,0,0;
custom,cylinder,stone6,1,6,2,0,1,1,1,0.01,0.01,30,80,-470,0,0,0,0;
custom,cylinder,stone6,1,6,2,0,1,1,1,0.01,0.01,30,80,-450,0,0,0,0;
custom,cylinder,stone6,1,6,2,0,1,1,1,0.01,0.01,30,80,-430,0,0,0,0;
custom,cylinder,stone6,1,6,2,0,1,1,1,0.01,0.01,30,80,-410,0,0,0,0;
custom,cylinder,stone6,1,6,2,0,1,1,1,0.01,0.01,30,80,-390,0,0,0,0;
custom,cylinder,stone6,1,6,2,0,1,1,1,0.01,0.01,30,80,-370,0,0,0,0;
custom,cylinder,stone6,1,6,2,0,1,1,1,0.01,0.01,30,80,-350,0,0,0,0;
custom,cylinder,stone6,1,6,2,0,1,1,1,0.01,0.01,30,80,-330,0,0,0,0;
custom,cylinder,stone6,1,6,2,0,1,1,1,0.01,0.01,-30,80,-490,0,0,0,0;
custom,cylinder,stone6,1,6,2,0,1,1,1,0.01,0.01,-30,80,-470,0,0,0,0;
custom,cylinder,stone6,1,6,2,0,1,1,1,0.01,0.01,-30,80,-450,0,0,0,0;
custom,cylinder,stone6,1,6,2,0,1,1,1,0.01,0.01,-30,80,-430,0,0,0,0;
custom,cylinder,stone6,1,6,2,0,1,1,1,0.01,0.01,-30,80,-410,0,0,0,0;
custom,cylinder,stone6,1,6,2,0,1,1,1,0.01,0.01,-30,80,-390,0,0,0,0;
custom,cylinder,stone6,1,6,2,0,1,1,1,0.01,0.01,-30,80,-370,0,0,0,0;
custom,cylinder,stone6,1,6,2,0,1,1,1,0.01,0.01,-30,80,-350,0,0,0,0;
custom,cylinder,stone6,1,6,2,0,1,1,1,0.01,0.01,-30,80,-330,0,0,0,0;
custom,cuboid,castle1tex,3.9,6,1,1,0.5,0.25,0,10.0,17.0,42.5,50,-480,0,1,0,-0.414;
custom,cuboid,castle1tex,3.9,6,1,1,0.5,0.25,0,10.0,17.0,-42.5,50,-480,0,1,0,0.414;
custom,cuboid,castle1tex,3.9,6,1,1,0.5,0.25,0,10.0,17.0,42.5,50,480,0,1,0,0.414;
custom,cuboid,castle1tex,3.9,6,1,1,0.5,0.25,0,10.0,17.0,-42.5,50,480,0,1,0,-0.414;
custom,cuboid,cannonwallmat,1,5,102,0,1,1,1,528,32,-35,125,0,0,0,0,0;
custom,cuboid,cannonwallmat,1,5,102,0,1,1,1,528,32,35,125,0,0,0,0,0;
custom,cuboid,cannonwallmat,6,1.5,1,0,1,1,1,16.0,2.0,0,142.5,505,0,0,0,0;
custom,cuboid,cannonwallmat,6,1,100,0,1,1,1,16.0,1.0,0,145,0,0,0,0,0;
custom,cuboid,cannonwallmat,6,1.5,1,0,1,1,1,16.0,2.0,0,142.5,-505,0,0,0,0;
custom,boulder1,default,8.5,-0.5,5.5,0,1,1,1,1.0,1.0,1150,100,-625,0,0,0,0;
custom,boulder1,crystal2,7.5,-0.5,4.5,0,1,1,1,0.01,0.01,1150,100.5,-625,0,0,0,0;
custom,field2,default,0.5,1,1,1,1,1,0.5,1.0,1.0,1250,100,-665,0,0,0,0;
custom,tree3,default,0.5,0.5,0.5,1,1,1,0.5,1.0,1.0,1030,110,-680,0,0,0,0;
custom,tree3,default,0.75,0.75,0.75,1,1,1,0.5,1.0,1.0,1210,117.5,-540,0,0,0,0;
custom,boulder1,default,-8.5,-0.5,5.5,0,1,1,1,1.0,1.0,-1150,100,-625,0,0,0,0;
custom,boulder1,crystal2,-7.5,-0.5,4.5,0,1,1,1,0.01,0.01,-1150,100.5,-625,0,0,0,0;
custom,field2,default,-0.5,1,1,1,1,1,0.5,1.0,1.0,-1250,100,-665,0,0,0,0;
custom,tree3,default,-0.5,0.5,0.5,1,1,1,0.5,1.0,1.0,-1030,110,-680,0,0,0,0;
custom,tree3,default,-0.75,0.75,0.75,1,1,1,0.5,1.0,1.0,-1210,117.5,-540,0,0,0,0;
custom,boulder1,default,8.5,-0.5,-5.5,0,1,1,1,1.0,1.0,1150,100,625,0,0,0,0;
custom,boulder1,crystal2,7.5,-0.5,-4.5,0,1,1,1,0.01,0.01,1150,100.5,625,0,0,0,0;
custom,field2,default,0.5,1,-1,1,1,1,0.5,1.0,1.0,1250,100,665,0,0,0,0;
custom,tree3,default,0.5,0.5,-0.5,1,1,1,0.5,1.0,1.0,1030,110,680,0,0,0,0;
custom,tree3,default,0.75,0.75,-0.75,1,1,1,0.5,1.0,1.0,1210,117.5,540,0,0,0,0;
custom,boulder1,default,-8.5,-0.5,-5.5,0,1,1,1,1.0,1.0,-1150,100,625,0,0,0,0;
custom,boulder1,crystal2,-7.5,-0.5,-4.5,0,1,1,1,0.01,0.01,-1150,100.5,625,0,0,0,0;
custom,field2,default,-0.5,1,-1,1,1,1,0.5,1.0,1.0,-1250,100,665,0,0,0,0;
custom,tree3,default,-0.5,0.5,-0.5,1,1,1,0.5,1.0,1.0,-1030,110,680,0,0,0,0;
custom,tree3,default,-0.75,0.75,-0.75,1,1,1,0.5,1.0,1.0,-1210,117.5,540,0,0,0,0;
custom,boulder1,default,1.75,-1,2,0,1,1,1,1.0,1.0,1020,106,515,0,0,0,0;
custom,boulder1,default,-1.75,-1,2,0,1,1,1,1.0,1.0,-1020,106,515,0,0,0,0;
custom,boulder1,default,-1.75,-1,-2,0,1,1,1,1.0,1.0,-1020,106,-515,0,0,0,0;
custom,boulder1,default,1.75,-1,-2,0,1,1,1,1.0,1.0,1020,106,-515,0,0,0,0;
custom,statue1,stone6,2,2,2,0,1,1,1,0.01,0.01,0,147.5,-475.1,0,1,0,0;
custom,statue1,ice1,-2,2,2,0,1,1,1,0.01,0.01,0,147.6,-475,0,1,0,0;
custom,statue2,ice1,2,2,2,0,1,1,1,1.02,0.02,15,155,475,0,0,-0.25,1;
custom,statue2,stone6,2,2,2,0,1,1,1,0.02,0.12,-15,155,475,0,0,0.25,1;
custom,statue2,metal4,2,2,2,0,1,1,1,32.0,2.0,0,160,475,0,0,0,1;
custom,trunk1,earth1,10,0.25,10,0,1,1,1,4.0,4.0,-940,99.5,505,0,0.414,0,1;
custom,trunk1,earth1,-10,0.25,10,0,1,1,1,4.0,4.0,940,99.5,505,0,-0.414,0,1;
custom,trunk1,earth1,10,0.25,-10,0,1,1,1,4.0,4.0,-940,99.5,-505,0,0.414,0,-1;
custom,trunk1,earth1,-10,0.25,-10,0,1,1,1,4.0,4.0,940,99.5,-505,0,-0.414,0,-1;
custom,trunk1,earth1,-10,0.25,-10,0,1,1,1,4.0,4.0,1081.5,99.5,0,0,1,0,0.475;
custom,trunk1,earth1,10,0.25,-10,0,1,1,1,4.0,4.0,-1081.5,99.5,0,0,1,0,-0.475;
custom,prism,ice1,6,3,1.75,0,1,1,1,0.01,0.01,0,155,475,0,1,-1,0;
custom,tree1,bark3,4,4,-4,0,1,1,1,4.0,2.0,10,-450,-1850,0,0,0,0;
custom,tree1,bark3,-4,4,4,0,1,1,1,8.0,4.0,20,-450,-1750,0,0,0,0;
custom,tree1,bark3,4,4,-4,0,1,1,1,4.0,2.0,0,-450,-1650,0,0,0,0;
custom,tree1,bark3,4,4,4,0,1,1,1,4.0,2.0,0,-450,-1550,0,0,0,0;
custom,tree1,bark3,4,4,4,0,1,1,1,8.0,4.0,-30,-450,-1450,0,0,0,0;
custom,tree1,bark3,4,4,4,0,1,1,1,4.0,2.0,10,-450,-1350,0,0.414,0,1;
custom,tree1,bark3,4,4,4,0,1,1,1,4.0,2.0,0,-450,-1250,0,0,0,0;
custom,tree1,bark3,4,4,4,0,1,1,1,8.0,4.0,-20,-450,-1200,0,0.414,0,1;
custom,tree1,bark3,4,4,-4,0,1,1,1,4.0,2.0,10,-450,-1100,0,0.6,0,1;
custom,tree1,bark3,4,4,4,0,1,1,1,8.0,4.0,0,-450,-1000,0,0,0,0;
custom,tree1,bark3,4,4,4,0,1,1,1,4.0,2.0,-115,-400,-1925,0,0.8,0,1;
custom,tree1,bark3,-4,4,4,0,1,1,1,4.0,2.0,-75,-400,-1875,0,0.7,0,1;
custom,tree1,bark3,4,4,-4,0,1,1,1,4.0,2.0,-75,-400,-1825,0,0,0,0;
custom,tree1,bark3,4,4,4,0,1,1,1,4.0,2.0,-65,-400,-1775,0,0,0,0;
custom,tree1,bark3,-4,4,4,0,1,1,1,4.0,2.0,-75,-400,-1725,0,0.4,0,1;
custom,tree1,bark3,4,4,4,0,1,1,1,4.0,2.0,-75,-400,-1675,0,0,0,0;
custom,tree1,bark3,4,4,4,0,1,1,1,4.0,2.0,-95,-400,-1625,0,0,0,0;
custom,tree1,bark3,4,4,4,0,1,1,1,8.0,4.0,-65,-400,-1575,0,0.5,0,1;
custom,tree1,bark3,4,4,-4,0,1,1,1,4.0,2.0,-75,-400,-1525,0,0,0,0;
custom,tree1,bark3,4,4,4,0,1,1,1,4.0,2.0,-75,-400,-1475,0,0,0,0;
custom,tree1,bark3,4,4,-4,0,1,1,1,4.0,2.0,-75,-400,-1425,0,0.5,0,1;
custom,tree1,bark3,4,4,4,0,1,1,1,8.0,4.0,-75,-400,-1375,0,0,0,0;
custom,tree1,bark3,4,4,4,0,1,1,1,4.0,2.0,-65,-400,-1325,0,0,0,0;
custom,tree1,bark3,4,4,-4,0,1,1,1,4.0,2.0,-75,-400,-1275,0,0.5,0,1;
custom,tree1,bark3,4,4,4,0,1,1,1,8.0,4.0,-85,-400,-1225,0,0,0,0;
custom,tree1,bark3,4,4,4,0,1,1,1,4.0,2.0,-75,-400,-1175,0,0,0,0;
custom,tree1,bark3,4,4,4,0,1,1,1,4.0,2.0,-75,-400,-1125,0,0.2,0,1;
custom,tree1,bark3,-4,4,4,0,1,1,1,8.0,4.0,-75,-400,-1075,0,0,0,0;
custom,tree1,bark3,4,4,4,0,1,1,1,4.0,2.0,-65,-400,-1025,0,0,0,0;
custom,tree1,bark3,4,4,4,0,1,1,1,8.0,4.0,75,-400,-1925,0,0.4,0,1;
custom,tree1,bark3,-4,4,4,0,1,1,1,4.0,2.0,90,-400,-1875,0,0,0,0;
custom,tree1,bark3,4,4,4,0,1,1,1,4.0,2.0,65,-400,-1825,0,0,0,0;
custom,tree1,bark3,4,4,4,0,1,1,1,8.0,4.0,75,-400,-1775,0,0.4,0,1;
custom,tree1,bark3,4,4,4,0,1,1,1,4.0,2.0,90,-400,-1725,0,0,0,0;
custom,tree1,bark3,4,4,4,0,1,1,1,4.0,2.0,75,-400,-1675,0,0,0,0;
custom,tree1,bark3,-4,4,4,0,1,1,1,4.0,2.0,75,-400,-1625,0,0,0,0;
custom,tree1,bark3,4,4,4,0,1,1,1,8.0,4.0,90,-400,-1575,0,0,0,0;
custom,tree1,bark3,4,4,-4,0,1,1,1,4.0,2.0,75,-400,-1525,0,0,0,0;
custom,tree1,bark3,4,4,4,0,1,1,1,4.0,2.0,65,-400,-1475,0,0.6,0,1;
custom,tree1,bark3,4,4,4,0,1,1,1,8.0,4.0,90,-400,-1425,0,0,0,0;
custom,tree1,bark3,-4,4,4,0,1,1,1,4.0,2.0,90,-400,-1375,0,0,0,0;
custom,tree1,bark3,4,4,4,0,1,1,1,4.0,2.0,75,-400,-1325,0,0.6,0,1;
custom,tree1,bark3,4,4,4,0,1,1,1,4.0,2.0,90,-400,-1275,0,0,0,0;
custom,tree1,bark3,4,4,4,0,1,1,1,8.0,4.0,75,-400,-1225,0,0,0,0;
custom,tree1,bark3,-4,4,4,0,1,1,1,4.0,2.0,75,-400,-1175,0,0.8,0,1;
custom,tree1,bark3,4,4,4,0,1,1,1,8.0,4.0,90,-400,-1125,0,0,0,0;
custom,tree1,bark3,4,4,-4,0,1,1,1,4.0,2.0,75,-400,-1075,0,0,0,0;
custom,tree1,bark3,-4,4,4,0,1,1,1,4.0,2.0,75,-400,-1025,0,0,0,0;
custom,tree1,bark3,4,4,4,0,1,1,1,1.0,1.0,430,-265,-1805,0,0,-0.414,-1;
custom,tree1,bark3,4,4,4,0,1,1,1,1.0,1.0,430,-265,-1605,0,0,-0.414,-1;
custom,tree1,bark3,4,4,4,0,1,1,1,1.0,1.0,430,-265,-1405,0,0,-0.414,-1;
custom,tree1,bark3,4,4,4,0,1,1,1,1.0,1.0,-430,-265,-1705,0,0,-0.414,1;
custom,tree1,bark3,4,4,4,0,1,1,1,1.0,1.0,-430,-265,-1505,0,0,-0.414,1;
custom,tree1,bark3,4,4,4,0,1,1,1,1.0,1.0,-430,-265,-1305,0,0,-0.414,1;
racing,killPrism,20,100,12,80,150,-1500,1,0,0,-1;
racing,killPrism,-20,100,12,-80,150,-1500,1,0,0,-1;
racing,killPrism,20,152,-12,175,145,-1770,1,0,0,-1;
racing,killPrism,-20,152,-12,-175,145,-1770,1,0,0,-1;
racing,killPrism,-10,54.5,12,11,150,-2450,0.5,0.5,-0.5,0.5;
custom,tree1,bark3,2,2,2,0,1,1,1,1.0,2.0,-25,-95,-445,-0.3,0,0,1;
custom,tree1,bark3,2,2,2,0,1,1,1,1.0,2.0,-25,-95,-695,0.3,0,0,1;
custom,tree1,bark3,-2,2,2,0,1,1,1,1.0,2.0,25,-95,-445,-0.3,0,0,1;
custom,tree1,bark3,-2,2,2,0,1,1,1,1.0,2.0,25,-95,-695,0.3,0,0,1;
custom,tree1,bark3,2,2,2,0,1,1,1,1.0,2.0,35,-175,-695,-0.1,0,0,1;
custom,tree1,bark3,2,2,2,0,1,1,1,1.0,2.0,0,-170,-845,0.1,0,0,1;
custom,tree1,bark3,-2,2,2,0,1,1,1,1.0,2.0,0,-170,-695,-0.1,0,0,1;
custom,tree1,bark3,-2,2,2,0,1,1,1,1.0,2.0,-35,-175,-845,0.1,0,0,1;
custom,cuboid,stone6,6.25,0.125,37.25,0,1,1,1,4.0,32.0,0,20,150,0,0,0,0;
custom,cuboid,stone6,5,0.25,36,0,1,1,1,4.0,32.0,0,20,150,0,0,0,0;
custom,cuboid,metal2,1,3,1.5,0,1,1,1,0.01,2.0,30,35,22.5,0,0,0,0;
custom,cuboid,metal2,1,3,1,0,1,1,1,0.01,2.0,30,35,-25,0,0,0,0;
custom,cuboid,ice1,1.1,0.1,1.6,0,1,1,1,0.01,2.0,30,50.5,22.5,0,0,0,0;
custom,cuboid,ice1,1.1,0.1,1.1,0,1,1,1,0.01,2.0,30,50.5,-25,0,0,0,0;
custom,pyramid,metal1,1.6,0.3,1.6,0,1,1,0,8.0,8.0,0,23.9,0,0,0,0,0;
custom,pyramid,metal1,1.6,0.3,1.6,0,1,0.75,1,8.0,8.0,0,23.875,0,0,0.414,0,1;
custom,cuboid,ice1,3,0.25,3,0,1,1,1,2.0,2.0,0,20.5,0,0,0.414,0,1;
custom,cuboid,ice1,3,0.25,3,0,1,1,1,2.0,2.0,0,20.5,0,0,0,0,0;
custom,pyramid,metal1,0.3,-0.6,0.3,0,1,0.75,1,8.0,8.0,0,31,0,0,0,0,0;
custom,pyramid,metal1,0.3,-0.6,0.3,0,1,0.75,1,8.0,8.0,0,30.975,0,0,0.414,0,1;
custom,cylinder,bombtex,0.55,-0.03,0.55,1,1,1,0,1.0,1.0,0,36.25,0,0,0,0,0;
custom,cylinder,ice1,0.55,-0.03,0.55,1,0,0,0,1.0,1.0,0,36.25,0,0,0,0,0;
custom,cylinder,metal2,0.56,-0.025,0.56,1,0,0,0,1.0,1.0,0,36.25,0,0,0,0,0;
custom,cuboid,metal2,1,3,1,0,1,1,1,0.01,2.0,20,35,330,0,0,0,0;
custom,cuboid,ice1,1.1,0.1,1.6,0,1,1,1,0.01,2.0,20,50.5,330,0,0,0,0;
custom,cuboid,metal2,1,3,1,0,1,1,1,0.01,2.0,-20,35,330,0,0,0,0;
custom,cuboid,ice1,1.1,0.1,1.6,0,1,1,1,0.01,2.0,-20,50.5,330,0,0,0,0;
custom,statue2,metal1,0.5,0.5,0.5,0,1,1,1,0.1,0.5,-20,50.5,330,0,1,0,0.15;
custom,statue2,metal1,0.5,0.5,0.5,0,1,1,1,0.1,0.5,20,50.5,330,0,1,0,-0.15;
custom,statue2,metal1,0.5,0.5,0.5,0,1,1,1,0.1,0.5,30,50.5,20,0,-1,0,0;
custom,statue2,metal1,0.5,0.5,0.5,0,1,1,1,0.1,0.5,30,50.5,-25,0,0,0,1;
custom,field2,lava1,0.25,0.10,0.10,0,1,1,1,8.0,2.0,-17.2,51.5,320.4,-0.08,0.55,-0.2,0.8;
custom,field2,lava1,0.25,-0.1,0.1,0,1,1,1,8,2,17.2,51.5,320.4,0.55,-0.08,-0.8,0.2;
custom,cuboid,ice1,4.0,0.25,23,0,1,1,1,2.0,2.0,0,20.5,190,0,0,0,0;
custom,cuboid,metal1,3.5,0.3,22.5,0,1,1,1,4.0,16.0,0,20.5,190,0,0,0,0;
custom,cuboid,lava1,1.5,0.35,1.5,0,1,1,1,0.5,0.5,0,20.5,270,0,1,0,0.414;
racing,killCuboid,1.55,1.0,1.55,0,25,270,0,0.414,0,1;
base,aot_supply,default,0.0,0.0,0.0,0,1,1,1,1.0,1.0,0,37.0,2.5,0,-0.006,0.006,1;
base,aot_supply,default,0.0,0.0,0.0,0,1,1,1,1.0,1.0,0,37.0,-2.5,0,-0.006,0.006,1;
base,aot_supply,default,0.0,0.0,0.0,0,1,1,1,1.0,1.0,-2.5,37.0,0,0,-0.006,0.006,1;
base,aot_supply,default,0.0,0.0,0.0,0,1,1,1,1.0,1.0,2.5,37.0,0,0,-0.006,0.006,1;
racing,killCylinder,0.1,48,0.1,512.5,50,-460,0.5,0.5,-0.5,0.5;
racing,killCylinder,0.1,48,0.1,512.5,50,460,0.5,0.5,-0.5,0.5;
racing,killCylinder,0.1,49,0.1,960,50,0,-1,0,0,-1;
racing,killCylinder,0.1,16,0.1,880,50,-380,1,0.414,-0.414,1;
racing,killCylinder,0.1,16,0.1,880,50,380,1,0.414,0.414,-1;
racing,killCylinder,0.1,3,0.1,800,50,-460,0,0,0,0;
racing,killCylinder,0.1,3,0.1,960,50,-300,0,0,0,0;
racing,killCylinder,0.1,3,0.1,800,50,460,0,0,0,0;
racing,killCylinder,0.1,3,0.1,960,50,300,0,0,0,0;
racing,killCuboid,6,2,6,0,90,0,0,0,0,0;
misc,barrier,54,9,1,-140,145,-710,0,1,0,1;
racing,killCuboid,54,0.5,1.1,-140,145,-710,0,1,0,1;
racing,killCuboid,54,0.5,1.1,-140,160,-710,0,1,0,1;
racing,killCuboid,54,0.5,1.1,-140,175,-710,0,1,0,1;
racing,killCuboid,54,0.5,1.1,-140,130,-710,0,1,0,1;
racing,killCuboid,54,0.5,1.1,-140,115,-710,0,1,0,1;
racing,killCuboid,54,0.5,1.1,-140,100,-710,0,1,0,1;
misc,barrier,54,9,1,140,145,-710,0,1,0,1;
racing,killCuboid,54,0.5,1.1,140,145,-710,0,1,0,1;
racing,killCuboid,54,0.5,1.1,140,160,-710,0,1,0,1;
racing,killCuboid,54,0.5,1.1,140,175,-710,0,1,0,1;
racing,killCuboid,54,0.5,1.1,140,130,-710,0,1,0,1;
racing,killCuboid,54,0.5,1.1,140,115,-710,0,1,0,1;
racing,killCuboid,54,0.5,1.1,140,100,-710,0,1,0,1;
misc,barrier,54,1,29,0,185,-710,0,1,0,1;
racing,killCuboid,6,1,1,0,130,505,0,0,0,0;
racing,killCuboid,2.75,0.975,29.25,15,95,177.5,0,0,0,0;
racing,killCuboid,2.75,0.975,29.25,15,95,-177.5,0,0,0,0;
racing,killCuboid,2.75,0.975,29.25,-15,95,177.5,0,0,0,0;
racing,killCuboid,2.75,0.975,29.25,-15,95,-177.5,0,0,0,0;
racing,killCuboid,53.5,0.95,101.75,740,95,0,0,0,0,0;
racing,killCuboid,43.5,0.975,101.75,250,95,0,0,0,0,0;
racing,killCuboid,53.5,0.95,101.75,-740,95,0,0,0,0,0;
racing,killCuboid,43.5,0.975,101.75,-250,95,0,0,0,0,0;
racing,killCuboid,399.5,9.4,199.5,0,50,1510,0,0,0,0;
racing,killCuboid,399.5,9.4,199.5,0,50,-1510,0,0,0,0;
racing,killCuboid,101.5,9.4,199.5,2010,50,0,0,1,0,1;
racing,killCuboid,101.5,9.4,199.5,-2010,50,0,0,1,0,1;
racing,killCuboid,399.4,8.4,199.4,0,50,1510,0,0,0,0;
racing,killCuboid,398.5,8.4,199.4,0,50,-1510,0,0,0,0;
racing,killCuboid,101.4,8.4,199.4,2010,50,0,0,1,0,1;
racing,killCuboid,101.4,8.4,199.4,-2010,50,0,0,1,0,1;
racing,killCuboid,99.5,0.975,99.5,500,15,0,0,0,0,0;
racing,killCuboid,99.5,0.975,99.5,-500,15,0,0,0,0,0;
racing,killCuboid,96.5,0.975,99.5,515,85,0,0,0,0,0;
racing,killCuboid,96.5,0.975,99.5,-515,85,0,0,0,0,0;
racing,killCuboid,2.5,0.975,29,15,85,177.5,0,0,0,0;
racing,killCuboid,2.5,0.975,29,15,85,-177.5,0,0,0,0;
racing,killCuboid,2.5,0.975,29,-15,85,177.5,0,0,0,0;
racing,killCuboid,2.5,0.975,29,-15,85,-177.5,0,0,0,0;
racing,killCuboid,0.5,7.5,201.5,0,50,-502.625,0,1,0,1;
racing,killCuboid,0.5,7.5,201.5,0,50,502.625,0,1,0,1;
racing,killCuboid,0.5,7.5,99,-1002.625,50,0,0,0,0,0;
racing,killCuboid,0.5,7.5,99,1002.625,50,0,0,0,0,0;
racing,killCuboid,201.5,0.5,101.5,0,5,0,0,0,0,0;
racing,killCuboid,0.45,5.5,99.5,992.625,50,0,0,0,0,0;
racing,killCuboid,0.45,5.5,99.5,-992.625,50,0,0,0,0,0;
racing,killCuboid,0.45,5.5,95.5,510,50,492.625,0,1,0,1;
racing,killCuboid,0.45,5.5,95.5,510,50,-492.625,0,1,0,1;
racing,killCuboid,0.45,5.5,95.5,-510,50,492.625,0,1,0,1;
racing,killCuboid,0.45,5.5,95.5,-510,50,-492.625,0,1,0,1;
racing,killCuboid,21.5,5.4,0.75,915,50,-415,0,1,0,0.414;
racing,killCuboid,21.5,5.4,0.75,-915,50,415,0,1,0,0.414;
racing,killCuboid,21.5,5.4,0.75,-915,50,-415,0,1,0,-0.414;
racing,killCuboid,21.5,5.4,0.75,915,50,415,0,1,0,-0.414;
racing,killCuboid,3.4,5.4,0.75,42.5,50,-480,0,1,0,-0.414;
racing,killCuboid,3.4,5.4,0.75,-42.5,50,-480,0,1,0,0.414;
racing,killCuboid,3.4,5.4,0.75,42.5,50,480,0,1,0,0.414;
racing,killCuboid,3.4,5.4,0.75,-42.5,50,480,0,1,0,-0.414;
racing,killCuboid,5.4,0.975,0.975,0,142.5,505,0,0,0,0;
racing,killCuboid,5.4,0.4,16.5,0,145,412.5,0,0,0,0;
racing,killCuboid,5.4,0.975,0.975,0,142.5,-505,0,0,0,0;
racing,killCuboid,5.4,0.975,16.5,0,145,-412.5,0,0,0,0;
racing,killcylinder,30,1,30,-497.5,50,0,0,0,0,0;
racing,killcylinder,30,1,30,-497.5,50,0,0,0,0,0;
custom,cylinder,wagontex,30,1,30,0,1,1,1,-0.75,-0.5,-497.5,30,0,0,0,0,0;
racing,killcylinder,37,0.4,37,-497.5,30,0,0,0,0,0;
custom,cylinder,metal2,24.95,1.05,24.95,0,1,1,1,2.9,2.9,-497.5,30,0,0,0,0,0;
custom,cylinder,wagontex,30,1,30,0,1,1,1,-0.75,-0.5,-497.5,70,0,0,0,0,0;
racing,killcylinder,37,0.4,37,-497.5,70,0,0,0,0,0;
custom,cylinder,metal2,24.95,1.05,24.95,0,1,1,1,2.9,2.9,-497.5,70,0,0,0,0,0;
custom,cylinder,ice1,17.5,3.1,17.5,0,1,1,1,1.5,1.5,-497.5,50,0,0,0,0,0;
custom,cuboid,wagontex,37.5,4,1,0,1,1,1,-5.5,0.25,-497.5,30,0,-0.7071068,0,0,0.7071068;
custom,cuboid,wagontex,37.5,4,1,0,1,1,1,-5.5,0.25,-497.5,30,0,-0.5,0.5,0.5,0.5;
custom,cuboid,wagontex,37.5,4,1,0,1,1,1,-5.5,0.25,-497.5,30,0,-0.6063391,-0.3638034,-0.3638034,0.6063391;
custom,cuboid,wagontex,37.5,4,1,0,1,1,1,-5.5,0.25,-497.5,30,0,-0.6809184,-0.1906571,-0.1906571,0.6809184;
custom,cuboid,wagontex,37.5,4,1,0,1,1,1,-5.5,0.25,-497.5,30,0,-0.6063391,0.3638034,0.3638034,0.6063391;
custom,cuboid,wagontex,37.5,4,1,0,1,1,1,-5.5,0.25,-497.5,30,0,-0.6809184,0.1906571,0.1906571,0.6809184;
custom,cuboid,wagontex,37.5,4,1,0,1,1,1,-5.5,0.25,-497.5,70,0,-0.7071068,0,0,0.7071068;
custom,cuboid,wagontex,37.5,4,1,0,1,1,1,-5.5,0.25,-497.5,70,0,-0.5,0.5,0.5,0.5;
custom,cuboid,wagontex,37.5,4,1,0,1,1,1,-5.5,0.25,-497.5,70,0,-0.6063391,-0.3638034,-0.3638034,0.6063391;
custom,cuboid,wagontex,37.5,4,1,0,1,1,1,-5.5,0.25,-497.5,70,0,-0.6809184,-0.1906571,-0.1906571,0.6809184;
custom,cuboid,wagontex,37.5,4,1,0,1,1,1,-5.5,0.25,-497.5,70,0,-0.6063391,0.3638034,0.3638034,0.6063391;
custom,cuboid,wagontex,37.5,4,1,0,1,1,1,-5.5,0.25,-497.5,70,0,-0.6809184,0.1906571,0.1906571,0.6809184;
racing,killcylinder,37,0.4,37,497.5,30,0,0,0,0,0;
racing,killcylinder,37,0.4,37,497.5,70,0,0,0,0,0;
racing,killcylinder,30,1,30,497.5,50,0,0,0,0,0;
racing,killcylinder,30,1,30,497.5,50,0,0,0,0,0;
custom,checkpointtube,default,24,0.01,24,0,1,1,1,1.0,1.0,497.5,50,5,0,0,0,0;
custom,checkpointtube,default,24,0.01,24,0,1,1,1,1.0,1.0,-497.5,50,5,0,0,0,0;
custom,cylinder,wagontex,30,1,30,0,1,1,1,-0.75,-0.5,497.5,30,0,0,0,0,0;
custom,cylinder,metal2,24.95,1.05,24.95,0,1,1,1,2.9,2.9,497.5,30,0,0,0,0,0;
custom,cylinder,wagontex,30,1,30,0,1,1,1,-0.75,-0.5,497.5,70,0,0,0,0,0;
custom,cylinder,metal2,24.95,1.05,24.95,0,1,1,1,2.9,2.9,497.5,70,0,0,0,0,0;
custom,cylinder,ice1,17.5,3.1,17.5,0,1,1,1,1.5,1.5,497.5,50,0,0,0,0,0;
custom,cuboid,wagontex,37.5,4,1,0,1,1,1,-5.5,0.25,497.5,30,0,-0.7071068,0,0,0.7071068;
custom,cuboid,wagontex,37.5,4,1,0,1,1,1,-5.5,0.25,497.5,30,0,-0.5,0.5,0.5,0.5;
custom,cuboid,wagontex,37.5,4,1,0,1,1,1,-5.5,0.25,497.5,30,0,-0.6063391,-0.3638034,-0.3638034,0.6063391;
custom,cuboid,wagontex,37.5,4,1,0,1,1,1,-5.5,0.25,497.5,30,0,-0.6809184,-0.1906571,-0.1906571,0.6809184;
custom,cuboid,wagontex,37.5,4,1,0,1,1,1,-5.5,0.25,497.5,30,0,-0.6063391,0.3638034,0.3638034,0.6063391;
custom,cuboid,wagontex,37.5,4,1,0,1,1,1,-5.5,0.25,497.5,30,0,-0.6809184,0.1906571,0.1906571,0.6809184;
custom,cuboid,wagontex,37.5,4,1,0,1,1,1,-5.5,0.25,497.5,70,0,-0.7071068,0,0,0.7071068;
custom,cuboid,wagontex,37.5,4,1,0,1,1,1,-5.5,0.25,497.5,70,0,-0.5,0.5,0.5,0.5;
custom,cuboid,wagontex,37.5,4,1,0,1,1,1,-5.5,0.25,497.5,70,0,-0.6063391,-0.3638034,-0.3638034,0.6063391;
custom,cuboid,wagontex,37.5,4,1,0,1,1,1,-5.5,0.25,497.5,70,0,-0.6809184,-0.1906571,-0.1906571,0.6809184;
custom,cuboid,wagontex,37.5,4,1,0,1,1,1,-5.5,0.25,497.5,70,0,-0.6063391,0.3638034,0.3638034,0.6063391;
custom,cuboid,wagontex,37.5,4,1,0,1,1,1,-5.5,0.25,497.5,70,0,-0.6809184,0.1906571,0.1906571,0.6809184;
custom,cuboid,medievalartilleryassets_texture-psd,9.5,6,1,0,1,1,1,15.0,15.0,30,50,-282.5,0,1,0,-1;
custom,cuboid,medievalartilleryassets_texture-psd,150,6,1,0,1,1,1,215.0,15.0,-0,50,-230,0,0,0,0;
custom,cylinder,bark4,-1,-3,-1,0,1,1,1,2.5,15.0,-750,50,-230,0,0,0,0;
custom,cylinder,bark4,-1,-3,-1,0,1,1,1,2.5,15.0,750,50,-230,0,0,0,0;
custom,cylinder,bark4,1,3,1,0,1,1,1,2.5,15.0,-30,50,-275,0,1,0,-1;
racing,killcuboid,5.5,6,1,-30,50,-302.5,0,1,0,-1;
racing,killcuboid,2,2,0.5,-30,50,-302.5,0.2705981,0.6532815,-0.2705981,-0.6532815;
custom,cuboid,medievalartilleryassets_texture-psd,20,6,1,0,1,1,1,35.0,15.0,-90,50,-335,0,1,0,-1;
custom,cylinder,bark4,1,3,1,0,1,1,1,2.5,15.0,-90,50,-435,0,1,0,-1;
custom,cuboid,medievalartilleryassets_texture-psd,25,6,1,0,1,1,1,40.0,15.0,-215,50,-435,0,0,0,0;
custom,cylinder,bark4,1,3,1,0,1,1,1,2.5,15.0,-340,50,-435,0,1,0,-1;
custom,cuboid,medievalartilleryassets_texture-psd,20,6,1,0,1,1,1,35.0,15.0,-240,50,-375,0,0,0,0;
racing,killcuboid,5,6,1,-365,50,-375,0,0,0,0;
custom,cylinder,bark4,1,3,1,0,1,1,1,2.5,15.0,-390,50,-375,0,1,0,-1;
custom,cylinder,bark4,1,3,1,0,1,1,1,2.5,15.0,-140,50,-375,0,1,0,-1;
custom,cuboid,medievalartilleryassets_texture-psd,6.5,6,1,0,1,1,1,10.0,12.5,-390,50,-457.5,0,1,0,-1;
racing,killcuboid,5,6,1,-390,50,-400,0,1,0,-1;
custom,cuboid,medievalartilleryassets_texture-psd,30,6,1,0,1,1,1,45.0,15.0,-245,50,-310,0,0,0,0;
racing,killcuboid,5,6,1,-420,50,-310,0,0,0,0;
custom,cylinder,bark4,1,3,1,0,1,1,1,2.5,15.0,-445,50,-310,0,1,0,-1;
custom,cuboid,medievalartilleryassets_texture-psd,7.5,6,1,0,1,1,1,10.0,12.5,-445,50,-397.5,0,1,0,-1;
racing,killcuboid,5,6,1,-445,50,-335,0,1,0,-1;
custom,cylinder,bark4,1,3,1,0,1,1,1,2.5,15.0,-445,50,-435,0,1,0,-1;
custom,cylinder,bark4,1,3,1,0,1,1,1,2.5,15.0,-127.5,50,-270,0,1,0,-1;
racing,killcylinder,1,3,1,-502.5,50,-270,0,1,0,-1;
custom,cuboid,medievalartilleryassets_texture-psd,17,6,1,0,1,1,1,27.0,15,-502.5,50,-405,0,1,0,-1;
racing,killcuboid,5,6,1,-502.5,50,-295,0,1,0,-1;
racing,killcuboid,1,6,4.75,-526.25,50,-270,0,1,0,-1;
custom,prism,wagontex,3,0.5,3,0,1,1,1,2.5,15.0,-526.25,50,-270,0.7071068,0,0,0.7071068;
custom,prism,ice1,2.75,0.55,2.75,0,1,1,1,3.0,3.0,-526.25,50,-270,0.7071068,0,0,0.7071068;
racing,killcuboid,1,6,9.75,-551.25,50,270,0,1,0,-1;
racing,killcuboid,22,6,1,-550,50,-380,0,1,0,-1;
racing,killcylinder,1,3,1,-550,50,-270,0,1,0,-1;
racing,killcuboid,6.5,6,1,-566,50,-300,0,-0.5120429,0,0.8589599;
racing,killcuboid,6.5,6,1,-634,50,-300,0,-0.5120429,0,-0.8589599;
racing,killcuboid,-6.5,-6,-1,-566,50,-424,-0.5120429,0,-0.8589599,0;
racing,killcuboid,-6.5,-6,-1,-634,50,-424,-0.5120429,0,0.8589599,0;
racing,killcuboid,7.15,6,1,-619,50,-362,0,1,0,-1;
racing,killcuboid,7.15,6,1,-581,50,-362,0,1,0,-1;
racing,killcuboid,6.5,6,1,-666,50,-300,0,-0.5120429,0,0.8589599;
racing,killcuboid,6.5,6,1,-734,50,-300,0,-0.5120429,0,-0.8589599;
racing,killcuboid,-6.5,-6,-1,-666,50,-424,-0.5120429,0,-0.8589599,0;
racing,killcuboid,-6.5,-6,-1,-734,50,-424,-0.5120429,0,0.8589599,0;
racing,killcuboid,7.15,6,1,-719,50,-362,0,1,0,-1;
racing,killcuboid,7.15,6,1,-681,50,-362,0,1,0,-1;
racing,killcuboid,22,6,1,-750,50,-380,0,1,0,-1;
racing,killcylinder,1,3,1,-750,50,-270,0,1,0,-1;
custom,prism,wagontex,3,0.5,3,0,1,1,1,2.5,15,-750,50,-290,0.7071068,0.7071068,0,0;
custom,prism,ice1,2.75,0.55,2.75,0,1,1,1,2.5,15,-750,50,-290,0.7071068,0.7071068,0,0;
racing,killcuboid,22,6,1,-650,50,-345,0,1,0,-1;
racing,killcylinder,1,3,1,-650,50,-455,0,1,0,-1;
custom,prism,wagontex,3,0.5,3,0,1,1,1,2.5,15,-650,50,-435,0,0,0.7071068,-0.7071068;
custom,prism,ice1,2.75,0.55,2.75,0,1,1,1,2.5,15,-650,50,-435,0,0,0.7071068,-0.7071068;
racing,killcylinder,1,3,1,-600,50,270,0,1,0,-1;
racing,killcuboid,22,6,1,-750,50,380,0,1,0,-1;
racing,killcylinder,1,3,1,-750,50,270,0,1,0,-1;
custom,prism,wagontex,-3,-0.5,-3,0,1,1,1,2.5,15,-750,50,290,0.7071068,0.7071068,0,0;
custom,prism,ice1,-2.75,-0.55,-2.75,0,1,1,1,2.5,15,-750,50,290,0.7071068,0.7071068,0,0;
racing,killcuboid,91,6,1,-800,50,0,0,1,0,-1;
racing,killcylinder,1,3,1,-800,50,-455,0,1,0,-1;
custom,prism,wagontex,-3,-0.5,-3,0,1,1,1,2.5,15,-800,50,-435,0.7071068,0.7071068,0,0;
custom,prism,ice1,-2.75,-0.55,-2.75,0,1,1,1,2.5,15,-800,50,-435,0.7071068,0.7071068,0,0;
racing,killcuboid,22.5,6,1,-879,50,-376,0,1,0,-0.414;
racing,killcuboid,22.5,6,1,-879,50,376,0,1,0,0.414;
custom,cylinder,bark4,1.75,3,1.75,0,1,1,1,2.75,15.0,-860,50,-300,0,0,0,0;
custom,cylinder,ice1,1.85,0.1,1.85,0,1,1,1,2.75,15.0,-860,50,-300,0,0,0,0;
custom,cylinder,cannonregionmat,1.85,0.1,1.85,0,1,1,1,2.75,15.0,-860,70,-300,0,0,0,0;
custom,cylinder,cannonregionmat,1.85,0.1,1.85,0,1,1,1,2.75,15.0,-860,30,-300,0,0,0,0;
custom,cylinder,bark4,1.75,3,1.75,0,1,1,1,2.75,15.0,-860,50,300,0,0,0,0;
custom,cylinder,ice1,1.85,0.1,1.85,0,1,1,1,2.75,15.0,-860,50,300,0,0,0,0;
custom,cylinder,cannonregionmat,1.85,0.1,1.85,0,1,1,1,2.75,15.0,-860,70,300,0,0,0,0;
custom,cylinder,cannonregionmat,1.85,0.1,1.85,0,1,1,1,2.75,15.0,-860,30,300,0,0,0,0;
custom,cylinder,bark4,0.75,3,0.75,0,1,1,1,2.25,15.0,-860,50,0,0,0,0,0;
custom,cylinder,ice1,0.8,0.075,0.8,0,1,1,1,2.25,15.0,-860,50,0,0,0,0,0;
custom,cylinder,cannonregionmat,0.8,0.075,0.8,0,1,1,1,2.25,15.0,-860,70,0,0,0,0,0;
custom,cylinder,cannonregionmat,0.8,0.075,0.8,0,1,1,1,2.25,15.0,-860,30,0,0,0,0,0;
custom,cylinder,bark4,1.75,3,1.75,0,1,1,1,2.75,15.0,-950,50,-106.5,0,0,0,0;
custom,cylinder,ice1,1.85,0.1,1.85,0,1,1,1,2.75,15.0,-950,50,-106.5,0,0,0,0;
custom,cylinder,cannonregionmat,1.85,0.1,1.85,0,1,1,1,2.75,15.0,-950,70,-106.5,0,0,0,0;
custom,cylinder,cannonregionmat,1.85,0.1,1.85,0,1,1,1,2.75,15.0,-950,30,-106.5,0,0,0,0;
custom,cylinder,bark4,1.75,3,1.75,0,1,1,1,2.75,15.0,-950,50,106.5,0,0,0,0;
custom,cylinder,ice1,1.85,0.1,1.85,0,1,1,1,1.0,1.0,-950,50,106.5,0,0,0,0;
custom,cylinder,cannonregionmat,1.85,0.1,1.85,0,1,1,1,1.0,1.0,-950,70,106.5,0,0,0,0;
custom,cylinder,cannonregionmat,1.85,0.1,1.85,0,1,1,1,1.0,1.0,-950,30,106.5,0,0,0,0;
racing,killcylinder,-1,-3,-1,-800,50,455,0,1,0,-1;
custom,prism,wagontex,3,0.5,3,0,1,1,1,2.5,15,-800,50,435,0.7071068,0.7071068,0,0;
custom,prism,ice1,2.75,0.55,2.75,0,1,1,1,2.5,15,-800,50,435,0.7071068,0.7071068,0,0;
racing,killcuboid,22.5,6,1,-879,50,-224,0,0.9238795,0,0.3826834;
racing,killcuboid,22.5,6,1,-879,50,224,0,0.3826834,0,0.9238795;
racing,killcuboid,20,6,1,-929,50,-174,0,0.9238795,0,0.3826834;
racing,killcuboid,20,6,1,-929,50,-39.65,0,0.3826834,0,0.9238795;
racing,killcuboid,20,6,1,-929,50,174,0,0.3826834,0,0.9238795;
racing,killcuboid,20,6,1,-929,50,39.65,0,0.9238795,0,0.3826834;
racing,killcuboid,10,6,1,-836.75,50,-31.82,0,0.9238795,0,-0.3826834;
racing,killcuboid,10,6,1,-836.75,50,31.82,0,0.3826834,0,-0.9238795;
racing,killcuboid,4.5,6,1,-772.5,50,-230,0,0,0,0;
racing,killcuboid,2,2,0.5,-772.5,50,-230,0,0,-0.3826834,0.9238795;
racing,killcuboid,4,6,1,-775,50,180,0,0,0,0;
custom,cuboid,wagontex,2,2,0.5,0,1,1,1,2.5,15.0,-775,50,185,0,0,-0.3826834,0.9238795;
custom,cuboid,cannonregionmat,1.825,1.825,0.625,0,1,1,1,2.5,15.0,-775,50,185,0,0,-0.3826834,0.9238795;
custom,cuboid,ice1,1.75,1.75,0.75,0,1,1,1,1.0,1.0,-775,50,185,0,0,-0.3826834,0.9238795;
custom,pyramid,canaltex,0.3,-0.6,0.3,0,1,0.75,1,8.0,8.0,-775,25,192.5,0,0,0,0;
custom,pyramid,canaltex,0.3,-0.6,0.3,0,1,0.75,1,8.0,8.0,-775,24.975,192.5,0,0.414,0,1;
custom,cylinder,arena2tex,0.55,-0.03,0.55,1,0.25,0.85,0.25,1.0,1.0,-775,30.25,192.5,0,0,0,0;
racing,checkpointCylinder,0.50,-0.025,0.50,-775,30.25,192.5,0,0,0,0;
custom,cuboid,medievalartilleryassets_texture-psd,99.5,6,1,0,1,1,1,150.0,17.5,0,50,-82.5,0,0,0,0;
custom,cuboid,medievalartilleryassets_texture-psd,46.25,6,1,0,1,1,1,50,17.5,-266.25,50,82.5,0,0,0,0;
custom,cuboid,medievalartilleryassets_texture-psd,32.5,6,1,0,1,1,1,40.0,15.0,-290,50,-270,0,0,0,0;
racing,killcuboid,5,6,1,-477.5,50,-270,0,0,0,0;
custom,cuboid,medievalartilleryassets_texture-psd,31.5,6,1,0,1,1,1,35.0,15.0,340,50,82.5,0,0,0,0;
custom,checkpointArc180,default,7.45,0.01,14.95,0,1,1,1,1.0,1.0,-250,48.75,190,0,0.7,0,-0.7;
custom,checkpointArc180,default,4.95,0.01,17.45,0,1,1,1,1.0,1.0,-200,48.75,110,0,0.7,0,0.7;
custom,checkpointArc180,default,7.45,0.01,17.45,0,1,1,1,1.0,1.0,-200,48.75,-120,0,0.7,0,-0.7;
custom,checkpointArc180,default,7.45,0.01,17.45,0,1,1,1,1.0,1.0,200,48.75,-120,0,0.7,0,-0.7;
custom,checkpointArc180,default,4.95,0.01,32.45,0,1,1,1,1.0,1.0,0,48.75,-200,0,0.7,0,0.7;
custom,checkpointArc180,default,4.95,0.01,17.45,0,1,1,1,1.0,1.0,-500,48.75,200,0,0.7,0,-0.7;
custom,checkpointArc180,default,4.95,0.01,17.45,0,1,1,1,1.0,1.0,-500,48.75,-200,0,0.7,0,0.7;
custom,checkpointArc180,default,4.95,0.01,17.45,0,1,1,1,1.0,1.0,500,48.75,-200,0,0.7,0,0.7;
custom,checkpointArc180,default,4.95,0.01,17.45,0,1,1,1,1.0,1.0,500,48.75,200,0,0.7,0,-0.7;
custom,checkpointArc180,default,4.95,0.01,9.95,0,1,1,1,1.0,1.0,300,48.75,165,0,0.7,0,0.7;
racing,checkpointarc180,4.95,0.01,9.95,300,68.75,165,0,0.7,0,0.7;
racing,checkpointarc180,4.95,0.01,17.45,-200,68.75,110,0,0.7,0,0.7;
racing,checkpointarc180,4.95,0.01,17.45,-500,68.75,-200,0,0.7,0,0.7;
racing,checkpointarc180,4.95,0.01,17.45,-500,68.75,200,0,0.7,0,-0.7;
racing,checkpointarc180,4.95,0.01,17.45,500,68.75,-200,0,0.7,0,0.7;
racing,checkpointarc180,4.95,0.01,17.45,500,68.75,200,0,0.7,0,-0.7;
racing,checkpointarc180,4.95,0.01,32.45,0,68.75,-200,0,0.7,0,0.7;
racing,checkpointarc180,7.45,0.01,14.95,-250,68.75,190,0,0.7,0,-0.7;
racing,checkpointarc180,7.45,0.01,17.45,-200,68.75,-120,0,0.7,0,-0.7;
racing,checkpointarc180,7.45,0.01,17.45,200,68.75,-120,0,0.7,0,-0.7;
racing,checkpointarc180,4.95,0.01,9.95,300,28.75,165,0,0.7,0,0.7;
racing,checkpointarc180,4.95,0.01,17.45,-200,28.75,110,0,0.7,0,0.7;
racing,checkpointarc180,4.95,0.01,17.45,-500,28.75,-200,0,0.7,0,0.7;
racing,checkpointarc180,4.95,0.01,17.45,-500,28.75,200,0,0.7,0,-0.7;
racing,checkpointarc180,4.95,0.01,17.45,500,28.75,-200,0,0.7,0,0.7;
racing,checkpointarc180,4.95,0.01,17.45,500,28.75,200,0,0.7,0,-0.7;
racing,checkpointarc180,4.95,0.01,32.45,0,28.75,-200,0,0.7,0,0.7;
racing,checkpointarc180,7.45,0.01,14.95,-250,28.75,190,0,0.7,0,-0.7;
racing,checkpointarc180,7.45,0.01,17.45,-200,28.75,-120,0,0.7,0,-0.7;
racing,checkpointarc180,7.45,0.01,17.45,200,28.75,-120,0,0.7,0,-0.7;
racing,killArc180,5,12,10,300,48.75,165,0,0.7,0,0.7;
racing,killArc180,5,12,17.5,-200,48.75,110,0,0.7,0,0.7;
racing,killArc180,5,12,17.5,-500,48.75,-200,0,0.7,0,0.7;
racing,killArc180,5,12,17.5,-500,48.75,200,0,0.7,0,-0.7;
racing,killArc180,5,12,17.5,500,48.75,-200,0,0.7,0,0.7;
racing,killArc180,5,12,17.5,500,48.75,200,0,0.7,0,-0.7;
racing,killArc180,5,12,32.5,0,48.75,-200,0,0.7,0,0.7;
racing,killArc180,7.5,12,15,-250,48.75,190,0,0.7,0,-0.7;
racing,killArc180,7.5,12,17.5,-200,48.75,-120,0,0.7,0,-0.7;
racing,killArc180,7.5,12,17.5,200,48.75,-120,0,0.7,0,-0.7;
racing,killArc90,6,12,6,-657,42.75,199,0,1,0,-1;
racing,checkpointArc90,5.95,0.01,5.95,-657,68.75,199,0,1,0,-1;
custom,checkpointArc90,default,5.95,0.01,5.95,0,1,1,1,1.0,1.0,-657,48.75,199,0,1,0,-1;
racing,checkpointArc90,5.95,0.01,5.95,-657,28.75,199,0,1,0,-1;
racing,killArc90,6,12,6,-658,42.75,-197,0,-1,0,0;
racing,checkpointArc90,5.95,0.01,5.95,-658,68.75,-197,0,-1,0,0;
custom,checkpointArc90,default,5.95,0.01,5.95,0,1,1,1,1.0,1.0,-658,48.75,-197,0,-1,0,0;
racing,checkpointArc90,5.95,0.01,5.95,-658,28.75,-197,0,-1,0,0;
racing,killArc90,6,12,6,657,42.75,-198,0,1,0,1;
racing,checkpointArc90,5.95,0.01,5.95,657,68.75,-198,0,1,0,1;
custom,checkpointArc90,default,5.95,0.01,5.95,0,1,1,1,1.0,1.0,657,48.75,-198,0,1,0,1;
racing,checkpointArc90,5.95,0.01,5.95,657,28.75,-198,0,1,0,1;
racing,killArc90,6,12,6,658,42.75,197,0,0,0,-1;
racing,checkpointArc90,5.95,0.01,5.95,658,68.75,197,0,0,0,-1;
custom,checkpointArc90,default,5.95,0.01,5.95,0,1,1,1,1.0,1.0,658,48.75,197,0,0,0,-1;
racing,checkpointArc90,5.95,0.01,5.95,658,28.75,197,0,0,0,-1;
custom,cuboid,medievalartilleryassets_texture-psd,-37,-6,-1,0,1,1,1,45.0,15.0,-30,50,145,1,0,1,0;
custom,cuboid,medievalartilleryassets_texture-psd,-30,-6,-1,0,1,1,1,40.0,15.0,30,50,180,1,0,1,0;
custom,cuboid,medievalartilleryassets_texture-psd,-14,-6,-0.5,0,1,1,1,20.0,15.0,32.5,50,400,1,0,1,0;
custom,cuboid,medievalartilleryassets_texture-psd,-14,-6,-0.5,0,1,1,1,20.0,15.0,-32.5,50,400,1,0,1,0;
custom,cuboid,medievalartilleryassets_texture-psd,-14,-6,-0.5,0,1,1,1,20.0,15.0,32.5,50,-400,1,0,1,0;
custom,cuboid,medievalartilleryassets_texture-psd,-14,-6,-0.5,0,1,1,1,20.0,15.0,-32.5,50,-400,1,0,1,0;
custom,cylinder,bark4,-1,-3,-1,0,1,1,1,2.5,15.0,30,50,30,1,0,1,0;
custom,cuboid,medievalartilleryassets_texture-psd,-1,-6,-10,0,1,1,1,15.0,15.0,80,50,30,1,0,1,0;
custom,cuboid,medievalartilleryassets_texture-psd,-1,-6,-21,0,1,1,1,20.0,15.0,80,50,-35,1,0,1,0;
custom,cylinder,bark4,-1,-3,-1,0,1,1,1,2.5,15.0,130,50,30,1,0,1,0;
custom,cuboid,medievalartilleryassets_texture-psd,-35,-6,-1,0,1,1,1,35.0,15.0,130,50,205,1,0,1,0;
custom,cylinder,bark4,-1,-3,-1,0,1,1,1,2.5,15.0,130,50,380,1,0,1,0;
custom,cuboid,medievalartilleryassets_texture-psd,-45,-6,-1,0,1,1,1,45.0,15.0,180,50,195,1,0,1,0;
custom,cuboid,medievalartilleryassets_texture-psd,-66,-6,-1,0,1,1,1,70.0,15.0,-420,50,230,0,0,0,0;
custom,cylinder,bark4,-1,-3,-1,0,1,1,1,2.5,15.0,-750,50,230,0,0,0,0;
custom,cylinder,bark4,-1,-3,-1,0,1,1,1,2.5,15.0,-90,50,230,0,0,0,0;
custom,cuboid,medievalartilleryassets_texture-psd,-20.5,-6,-1,0,1,1,1,25.0,15.0,-90,50,332.5,1,0,1,0;
custom,cylinder,bark4,-1,-3,-1,0,1,1,1,2.5,15.0,-90,50,435,1,0,1,0;
custom,cuboid,medievalartilleryassets_texture-psd,-20,-6,-1,0,1,1,1,20.0,15,-190,50,435,0,0,0,0;
racing,killcuboid,-5,-6,-1,-315,50,435,0,0,0,0;
custom,cylinder,bark4,-1,-3,-1,0,1,1,1,2.5,15.0,-340,50,435,1,0,1,0;
custom,cuboid,medievalartilleryassets_texture-psd,-15,-6,-1,0,1,1,1,15.0,15.0,-265,50,375,0,0,0,0;
racing,killcuboid,-5,-6,-1,-165,50,375,0,0,0,0;
racing,killcuboid,-5,-6,-1,-365,50,375,0,0,0,0;
custom,cylinder,bark4,-1,-3,-1,0,1,1,1,2.5,15.0,-390,50,375,1,0,1,0;
custom,cylinder,bark4,-1,-3,-1,0,1,1,1,2.5,15.0,-140,50,375,1,0,1,0;
custom,cuboid,medievalartilleryassets_texture-psd,-6.5,-6,-1,0,1,1,1,10,15,-390,50,457.5,1,0,1,0;
racing,killcuboid,-5,-6,-1,-390,50,400,1,0,1,0;
custom,cuboid,medievalartilleryassets_texture-psd,-30,-6,-1,0,1,1,1,30.0,15.0,-245,50,310,0,0,0,0;
racing,killcuboid,-5,-6,-1,-420,50,310,0,0,0,0;
custom,cylinder,bark4,-1,-3,-1,0,1,1,1,2.5,15.0,-445,50,310,1,0,1,0;
custom,cuboid,medievalartilleryassets_texture-psd,-7.5,-6,-1,0,1,1,1,10.0,15.0,-445,50,397.5,1,0,1,0;
racing,killcuboid,-5,-6,-1,-445,50,335,1,0,1,0;
custom,cylinder,bark4,-1,-3,-1,0,1,1,1,2.5,15.0,-445,50,435,1,0,1,0;
custom,cylinder,bark4,-1,-3,-1,0,1,1,1,2.5,15.0,-127.5,50,270,1,0,1,0;
racing,killcylinder,-1,-3,-1,-502.5,50,270,1,0,1,0;
custom,cuboid,medievalartilleryassets_texture-psd,-17,-6,-1,0,1,1,1,20.0,15.0,-502.5,50,405,1,0,1,0;
racing,killcuboid,-5,-6,-1,-502.5,50,295,1,0,1,0;
custom,cuboid,medievalartilleryassets_texture-psd,-27.5,-6,-1,0,1,1,1,30.0,15.0,-315,50,270,0,0,0,0;
racing,killcuboid,-5,-6,-1,-152.5,50,270,0,0,0,0;
racing,killcuboid,-5,-6,-1,-477.5,50,270,0,0,0,0;
racing,killcuboid,7,6,46,-720,50,0,0,0,0,0;
racing,killcuboid,7,3.5,40,-720,50,0,0,0,0,0;
racing,killcuboid,7,6,46,720,50,0,0,0,0,0;
racing,killcuboid,7,3.5,40,720,50,0,0,0,0,0;
racing,killcuboid,31.5,6,1,340,50,145,0,0,0,0;
racing,killcuboid,50,6,1,500,50,230,0,0,0,0;
custom,cylinder,bark4,1,3,1,0,1,1,1,2.5,15.0,250,50,250,0,0,0,0;
custom,cylinder,ice1,1.1,0.1,1.1,0,1,1,1,2.5,15.0,250,50,250,0,0,0,0;
custom,cylinder,cannonregionmat,1.1,0.1,1.1,0,1,1,1,2.5,15.0,250,61.5,250,0,0,0,0;
custom,cylinder,cannonregionmat,1.1,0.1,1.1,0,1,1,1,2.5,15.0,250,38.5,250,0,0,0,0;
racing,killcylinder,5,3,5,250,50,250,0,0,0,0;
custom,cylinder,bark4,1.25,3,1.25,0,1,1,1,2.5,15,300,50,310,0,0,0,0;
custom,cylinder,ice1,1.35,0.1,1.35,0,1,1,1,2.5,15,300,50,310,0,0,0,0;
custom,cylinder,cannonregionmat,1.35,0.1,1.35,0,1,1,1,2.5,15,300,61.5,310,0,0,0,0;
custom,cylinder,cannonregionmat,1.35,0.1,1.35,0,1,1,1,2.5,15,300,38.5,310,0,0,0,0;
racing,killcylinder,14,3,14,300,50,310,0,0,0,0;
racing,checkpointtube,11,0.01,11,300,62.45,310,0,1,0,0.425;
racing,checkpointtube,11,0.01,11,300,37.55,310,0,1,0,0.425;
racing,killcuboid,7,6,1,265,50,375,0,0,0,0;
racing,killcuboid,1,6,7.5,365,50,272.5,0,0,0,0;
racing,killcuboid,1,6,12.5,230,50,312.5,0,0,0,0;
custom,cuboid,medievalartilleryassets_texture-psd,0.5,2.5,8,0,1,1,1,10.0,7.5,225,50,312.5,0,0,0,0;
racing,killcylinder,1,3,1,230,50,375,0,0,0,0;
custom,cuboid,medievalartilleryassets_texture-psd,-1,-2.5,-69,0,1,1,1,75.0,5.0,425,50,425,1,0,1,0;
racing,killcuboid,-1,-1.75,-69,425,28.75,425,1,0,1,0;
racing,killcuboid,-1,-1.75,-69,425,71.25,425,1,0,1,0;
custom,cuboid,medievalartilleryassets_texture-psd,-1,-2.5,-69,0,1,1,1,75.0,5.0,425,50,-425,1,0,1,0;
racing,killcuboid,-1,-1.75,-69,425,28.75,-425,1,0,1,0;
racing,killcuboid,-1,-1.75,-69,425,71.25,-425,1,0,1,0;
custom,cylinder,bark4,-1,-1.25,-1,0,1,1,1,2.0,5.0,770,50,-425,1,0,1,0;
racing,killcylinder,-1,-0.875,-1,770,71.25,-425,1,0,1,0;
racing,killcylinder,-1,-0.875,-1,770,28.75,-425,1,0,1,0;
custom,cylinder,bark4,-1,-1.25,-1,0,1,1,1,2.0,5.0,770,50,425,1,0,1,0;
racing,killcylinder,-1,-0.875,-1,770,71.25,425,1,0,1,0;
racing,killcylinder,-1,-0.875,-1,770,28.75,425,1,0,1,0;
custom,cuboid,medievalartilleryassets_texture-psd,-35,-2.5,-1,0,1,1,1,40.0,5.0,80,50,250,1,0,1,0;
racing,killcuboid,-35,-1.75,-1,80,71.25,250,1,0,1,0;
racing,killcuboid,-35,-1.75,-1,80,28.75,250,1,0,1,0;
custom,cylinder,bark4,-1,-1.25,-1,0,1,1,1,2.0,5.0,80,50,425,1,0,1,0;
racing,killcylinder,-1,-0.875,-1,80,71.25,425,1,0,1,0;
racing,killcylinder,-1,-0.875,-1,80,28.75,425,1,0,1,0;
custom,cylinder,bark4,-1,-1.25,-1,0,1,1,1,2.0,5.0,80,50,75,1,0,1,0;
racing,killcylinder,-1,-0.875,-1,80,71.25,75,1,0,1,0;
racing,killcylinder,-1,-0.875,-1,80,28.75,75,1,0,1,0;
racing,killcuboid,1,6,14.5,750,50,302.5,0,0,0,0;
custom,cuboid,medievalartilleryassets_texture-psd,0.5,2.5,10,0,1,1,1,10.0,7.5,745,50,302.5,0,0,0,0;
racing,killcylinder,1,-3,1,750,50,375,0,0,0,0;
racing,killcylinder,-10,3,-10,650,50,370,0,1,0,-1;
racing,checkpointtube,-7.5,0.01,-7.5,650,62.45,370,0,1,0,-0.425;
racing,checkpointtube,-7.5,0.01,-7.5,650,37.55,370,0,1,0,-0.425;
custom,cylinder,bark4,-1,3,-1,0,1,1,1,2.5,15,650,50,370,0,1,0,-1;
custom,cylinder,ice1,-1.1,0.1,-1.1,0,1,1,1,2.5,15,650,50,370,0,1,0,-1;
custom,cylinder,cannonregionmat,-1.1,0.1,-1.1,0,1,1,1,2.5,15,650,61.5,370,0,1,0,-1;
custom,cylinder,cannonregionmat,-1.1,0.1,-1.1,0,1,1,1,2.5,15,650,38.5,370,0,1,0,-1;
custom,cylinder,ice1,-1.1,0.1,-1.1,0,1,1,1,2.5,15,550,50,285,0,1,0,-1;
custom,cylinder,cannonregionmat,-1.1,0.1,-1.1,0,1,1,1,2.5,15,550,61.5,285,0,1,0,-1;
custom,cylinder,cannonregionmat,-1.1,0.1,-1.1,0,1,1,1,2.5,15,550,38.5,285,0,1,0,-1;
custom,cylinder,ice1,-1.1,0.1,-1.1,0,1,1,1,2.5,15,450,50,370,0,1,0,-1;
custom,cylinder,cannonregionmat,-1.1,0.1,-1.1,0,1,1,1,2.5,15,450,61.5,370,0,1,0,-1;
custom,cylinder,cannonregionmat,-1.1,0.1,-1.1,0,1,1,1,2.5,15,450,38.5,370,0,1,0,-1;
racing,killcylinder,-10,3,-10,450,50,370,0,1,0,-1;
racing,checkpointtube,-7.5,0.01,-7.5,450,62.45,370,0,1,0,-0.425;
racing,checkpointtube,-7.5,0.01,-7.5,450,37.55,370,0,1,0,-0.425;
custom,cylinder,bark4,-1,3,-1,0,1,1,1,2.5,15,450,50,370,0,1,0,-1;
racing,killcylinder,-10,3,-10,550,50,285,0,1,0,-1;
racing,checkpointtube,-7.5,0.01,-7.5,550,62.45,285,0,1,0,-0.425;
racing,checkpointtube,-7.5,0.01,-7.5,550,37.55,285,0,1,0,-0.425;
custom,cylinder,bark4,-1,3,-1,0,1,1,1,2.5,15,550,50,285,0,1,0,-1;
racing,killcuboid,-5,6,-1,695,50,395,0,1,0,-1;
racing,killcuboid,-5,6,-1,605,50,395,0,1,0,-1;
racing,killcuboid,-5,6,-1,495,50,395,0,1,0,-1;
racing,killcuboid,-5,6,-1,405,50,395,0,1,0,-1;
racing,killcuboid,-5,6,-1,595,50,260,0,1,0,-1;
racing,killcuboid,-5,6,-1,505,50,260,0,1,0,-1;
custom,cuboid,medievalartilleryassets_texture-psd,-18.5,-1.75,-51,0,1,1,1,20.0,100.0,490,71.25,327.5,1,0,1,0;
racing,killcuboid,-18.5,-0.01,-51,490,62.45,327.5,1,0,1,0;
custom,cuboid,medievalartilleryassets_texture-psd,-18.5,-1.75,-51,0,1,1,1,20.0,100.0,490,28.75,327.5,1,0,1,0;
racing,killcuboid,-18.5,-0.01,-51,490,37.55,327.5,1,0,1,0;
racing,killcuboid,-0.01,-2.5,-51,490,50,419.95,1,0,1,0;
custom,cuboid,medievalartilleryassets_texture-psd,-18.55,-1.7,-51.05,0,1,1,1,20.0,5.0,490,71.25,327.5,1,0,1,0;
custom,cuboid,medievalartilleryassets_texture-psd,-18.55,-1.7,-51.05,0,1,1,1,20.0,5.0,490,28.75,327.5,1,0,1,0;
racing,killcuboid,1,1,4.5,230,25,397.5,0,0,0,0;
racing,killcuboid,1,1,4.5,750,25,397.5,0,0,0,0;
racing,killcuboid,1,1,4.5,230,75,397.5,0,0,0,0;
racing,killcuboid,1,1,4.5,750,75,397.5,0,0,0,0;
custom,cuboid,medievalartilleryassets_texture-psd,22,2.5,1,0,1,1,1,27.5,5.0,847.4825,50,347.4825,0,1,0,-0.414;
racing,killcuboid,22,1.75,1,847.4825,71.25,347.4825,0,1,0,-0.414;
racing,killcuboid,22,1.75,1,847.4825,28.75,347.4825,0,1,0,-0.414;
custom,cuboid,medievalartilleryassets_texture-psd,22,2.5,1,0,1,1,1,27.5,5.0,847.4825,50,-347.4825,0,1,0,0.414;
racing,killcuboid,22,1.75,1,847.4825,71.25,-347.4825,0,1,0,0.414;
racing,killcuboid,22,1.75,1,847.4825,28.75,-347.4825,0,1,0,0.414;
custom,cuboid,medievalartilleryassets_texture-psd,1,2.5,54,0,1,1,1,60.0,5.0,925,50,0,0,0,0,0;
racing,killcuboid,1,1.75,54,925,71.25,0,0,0,0,0;
racing,killcuboid,1,1.75,54,925,28.75,0,0,0,0,0;
racing,killcylinder,1,0.875,1,925,71.25,270,0,0,0,0;
racing,killcylinder,1,0.875,1,925,28.75,270,0,0,0,0;
racing,killcylinder,1,0.875,1,925,71.25,-270,0,0,0,0;
racing,killcylinder,1,0.875,1,925,28.75,-270,0,0,0,0;
custom,cylinder,bark4,1,1.25,1,0,1,1,1,2.5,5.0,925,50,270,0,0,0,0;
custom,cylinder,bark4,1,1.25,1,0,1,1,1,2.5,5.0,925,50,-270,0,0,0,0;
custom,cylinder,bark4,-1,-1.25,-1,0,1,1,1,2.0,5.0,80,50,-425,1,0,1,0;
racing,killcylinder,-1,-0.875,-1,80,71.25,-425,1,0,1,0;
racing,killcylinder,-1,-0.875,-1,80,28.75,-425,1,0,1,0;
racing,killcuboid,-9,-6,-1,720,50,-342.25,0,1,0,0.464;
racing,killcuboid,-1,-6,-10,200,50,-310,0,1,0,-0.414;
custom,cuboid,medievalartilleryassets_texture-psd,-14,-2.5,-1,0,1,1,1,20.0,5.0,165,50,-350,1,0,1,0;
racing,killcuboid,-14,-1.75,-1,165,71.25,-350,1,0,1,0;
racing,killcuboid,-14,-1.75,-1,165,28.75,-350,1,0,1,0;
custom,cylinder,bark4,-1,-1.25,-1,0,1,1,1,2.0,5.0,80,50,-275,1,0,1,0;
racing,killcylinder,-1,-0.875,-1,80,71.25,-275,1,0,1,0;
racing,killcylinder,-1,-0.875,-1,80,28.75,-275,1,0,1,0;
custom,cylinder,bark4,-1,-1.25,-1,0,1,1,1,2.0,5.0,680,50,-275,1,0,1,0;
racing,killcylinder,-1,-0.875,-1,680,71.25,-275,1,0,1,0;
racing,killcylinder,-1,-0.875,-1,680,28.75,-275,1,0,1,0;
racing,killcuboid,17.825,6,1,812.45,50,312.45,0,1,0,-0.414;
racing,killcuboid,17.825,6,1,812.45,50,193.45,0,1,0,0.414;
custom,cylinder,bark4,1.5,3,1.5,0,1,1,1,3.0,15.0,812.45,50,250,0,1,0,-0.414;
custom,cylinder,ice1,1.6,0.1,1.6,0,1,1,1,3.0,15.0,812.45,50,250,0,1,0,-0.414;
custom,cylinder,cannonregionmat,1.6,0.1,1.6,0,1,1,1,3.0,15.0,812.45,70,250,0,1,0,-0.414;
custom,cylinder,cannonregionmat,1.6,0.1,1.6,0,1,1,1,3.0,15.0,812.45,30,250,0,1,0,-0.414;
racing,killcuboid,17.825,6,1,812.45,50,-312.45,0,1,0,0.414;
racing,killcuboid,17.825,6,1,812.45,50,-193.45,0,1,0,-0.414;
custom,cylinder,bark4,1.5,3,1.5,0,1,1,1,3.0,15.0,812.45,50,-250,0,1,0,-0.414;
custom,cylinder,ice1,1.6,0.1,1.6,0,1,1,1,3.0,15.0,812.45,50,-250,0,1,0,-0.414;
custom,cylinder,cannonregionmat,1.6,0.1,1.6,0,1,1,1,3.0,15.0,812.45,70,-250,0,1,0,-0.414;
custom,cylinder,cannonregionmat,1.6,0.1,1.6,0,1,1,1,3.0,15.0,812.45,30,-250,0,1,0,-0.414;
racing,killcuboid,1,-1.75,14.5,750,71.25,-302.5,0,0,0,0;
racing,killcuboid,1,-1.75,14.5,750,28.75,-302.5,0,0,0,0;
custom,cuboid,medievalartilleryassets_texture-psd,1,-2.5,14.5,0,1,1,1,20.0,5.0,750,50,-302.5,0,0,0,0;
custom,cylinder,bark4,1,-1.25,1,0,1,1,1,2.0,5.0,750,50,-375,0,0,0,0;
racing,killcylinder,1,-0.875,1,750,71.25,-375,0,0,0,0;
racing,killcylinder,1,-0.875,1,750,28.75,-375,0,0,0,0;
racing,killcuboid,7.5,6,1,792.5,50,-45,0,0,0,0;
racing,killcylinder,10,3,10,830,50,0,0,0,0,0;
custom,cylinder,bark4,1.25,3,1.25,0,1,1,1,2.25,15.0,830,50,0,0,0,0,0;
custom,cylinder,ice1,1.35,0.1,1.35,0,1,1,1,2.25,15.0,830,70,0,0,0,0,0;
custom,cylinder,cannonregionmat,1.35,0.1,1.35,0,1,1,1,1.0,1.0,830,50,0,0,0,0,0;
custom,cylinder,cannonregionmat,1.35,0.1,1.35,0,1,1,1,1.0,1.0,830,30,0,0,0,0,0;
racing,killcuboid,7.5,6,1,792.5,50,45,0,0,0,0;
custom,cylinder,bark4,1,1.25,1,0,1,1,1,2.0,5.0,795,50,-105,0,0,0,0;
racing,killcylinder,1,0.875,1,795,71.25,-105,0,0,0,0;
racing,killcylinder,1,0.875,1,795,28.75,-105,0,0,0,0;
custom,cylinder,bark4,1,1.25,1,0,1,1,1,2.0,5.0,795,50,105,0,0,0,0;
racing,killcylinder,1,0.875,1,795,71.25,105,0,0,0,0;
racing,killcylinder,1,0.875,1,795,28.75,105,0,0,0,0;
custom,cuboid,medievalartilleryassets_texture-psd,12.5,2.5,1,0,1,1,1,18.0,5.0,857.5,50,-105,0,0,0,0;
racing,killcuboid,12.5,1.75,1,857.5,71.25,-105,0,0,0,0;
racing,killcuboid,12.5,1.75,1,857.5,28.75,-105,0,0,0,0;
custom,cuboid,medievalartilleryassets_texture-psd,12.5,2.5,1,0,1,1,1,18.0,5.0,857.5,50,105,0,0,0,0;
racing,killcuboid,12.5,1.75,1,857.5,71.25,105,0,0,0,0;
racing,killcuboid,12.5,1.75,1,857.5,28.75,105,0,0,0,0;
custom,cuboid,medievalartilleryassets_texture-psd,18.5,2.5,1,0,1,1,1,25.0,5.0,860,50,-170,0,1,0,-0.414;
racing,killcuboid,18.5,1.75,1,860,71.25,-170,0,1,0,-0.414;
racing,killcuboid,18.5,1.75,1,860,28.75,-170,0,1,0,-0.414;
racing,killcuboid,9,4,20,875,30,0,0,0,0,0;
racing,checkpointcuboid,9,0.5,18.4,875,45,0,0,0,0,0;
custom,cylinder,wagontex,5,0.5,5,0,1,1,1,0.5,-0.25,830,15,60,1,0,0,1;
custom,cylinder,medievalartilleryassets_texture-psd,4.5,0.55,4.5,0,1,1,1,2.5,-2.25,830,15,60,1,0,0,1;
custom,cylinder,medievalartilleryassets_texture-psd,4.5,0.55,4.5,0,1,1,1,2.5,-2.25,830,15,90,1,0,0,1;
racing,checkpointcylinder,0.5,2.1,0.5,830,15,75,1,0,0,1;
racing,killcylinder,7,2.5,7,830,15,75,1,0,0,1;
custom,cylinder,wagontex,5,0.5,5,0,1,1,1,0.5,-0.25,830,15,60,1,0,0,1;
racing,checkpointcylinder,6.5,0.2,6.5,830,15,60,1,0,0,1;
custom,cuboid,wagontex,6.5,0.5,0.75,0,1,1,1,5,-0.25,830,15,60,1,0,0,1;
custom,cuboid,wagontex,6.5,0.75,0.5,0,1,1,1,5,-0.25,830,15,60,0,0,1,1;
custom,cuboid,wagontex,6.5,0.75,0.5,0,1,1,1,5,-0.25,830,15,60,0,0,0.9238795,0.3826834;
custom,cuboid,wagontex,6.5,0.75,0.5,0,1,1,1,5,-0.25,830,15,60,0,0,0.3826834,0.9238795;
custom,cylinder,wagontex,5,0.5,5,0,1,1,1,0.5,-0.25,830,15,90,1,0,0,1;
racing,checkpointcylinder,6.5,0.2,6.5,830,15,90,1,0,0,1;
custom,cuboid,wagontex,6.5,0.5,0.75,0,1,1,1,5,-0.25,830,15,90,1,0,0,1;
custom,cuboid,wagontex,6.5,0.75,0.5,0,1,1,1,5,-0.25,830,15,90,0,0,1,1;
custom,cuboid,wagontex,6.5,0.75,0.5,0,1,1,1,5,-0.25,830,15,90,0,0,0.9238795,0.3826834;
custom,cuboid,wagontex,6.5,0.75,0.5,0,1,1,1,5,-0.25,830,15,90,0,0,0.3826834,0.9238795;
custom,cylinder,wagontex,5,0.5,5,0,1,1,1,0.5,-0.25,830,15,-90,1,0,0,1;
custom,cylinder,medievalartilleryassets_texture-psd,4.5,0.55,4.5,0,1,1,1,2.5,-2.25,830,15,-90,1,0,0,1;
custom,cylinder,medievalartilleryassets_texture-psd,4.5,0.55,4.5,0,1,1,1,2.5,-2.25,830,15,-60,1,0,0,1;
racing,checkpointcylinder,0.5,2.1,0.5,830,15,-75,1,0,0,1;
racing,killcylinder,7,2.5,7,830,15,-75,1,0,0,1;
custom,cylinder,wagontex,5,0.5,5,0,1,1,1,0.5,-0.25,830,15,-90,1,0,0,1;
racing,checkpointcylinder,6.5,0.2,6.5,830,15,-90,1,0,0,1;
custom,cuboid,wagontex,6.5,0.5,0.75,0,1,1,1,5,-0.25,830,15,-90,1,0,0,1;
custom,cuboid,wagontex,6.5,0.75,0.5,0,1,1,1,5,-0.25,830,15,-90,0,0,1,1;
custom,cuboid,wagontex,6.5,0.75,0.5,0,1,1,1,5,-0.25,830,15,-90,0,0,0.9238795,0.3826834;
custom,cuboid,wagontex,6.5,0.75,0.5,0,1,1,1,5,-0.25,830,15,-90,0,0,0.3826834,0.9238795;
custom,cylinder,wagontex,5,0.5,5,0,1,1,1,0.5,-0.25,830,15,-60,1,0,0,1;
racing,checkpointcylinder,6.5,0.2,6.5,830,15,-60,1,0,0,1;
custom,cuboid,wagontex,6.5,0.5,0.75,0,1,1,1,5,-0.25,830,15,-60,1,0,0,1;
custom,cuboid,wagontex,6.5,0.75,0.5,0,1,1,1,5,-0.25,830,15,-60,0,0,1,1;
custom,cuboid,wagontex,6.5,0.75,0.5,0,1,1,1,5,-0.25,830,15,-60,0,0,0.9238795,0.3826834;
custom,cuboid,wagontex,6.5,0.75,0.5,0,1,1,1,5,-0.25,830,15,-60,0,0,0.3826834,0.9238795;
custom,cuboid,medievalartilleryassets_texture-psd,18.5,2.5,1,0,1,1,1,25.0,5.0,860,50,170,0,1,0,0.414;
racing,killcuboid,18.5,1.75,1,860,71.25,170,0,1,0,0.414;
racing,killcuboid,18.5,1.75,1,860,28.75,170,0,1,0,0.414;
racing,killcuboid,50,-1.75,1,500,71.25,-375,0,0,0,0;
racing,killcuboid,50,-1.75,1,500,28.75,-375,0,0,0,0;
custom,cuboid,medievalartilleryassets_texture-psd,50,-2.5,1,0,1,1,1,60.0,5.0,500,50,-375,0,0,0,0;
racing,killcylinder,1,-0.875,1,250,71.25,-375,0,0,0,0;
racing,killcylinder,1,-0.875,1,250,28.75,-375,0,0,0,0;
custom,cylinder,bark4,1,-1.25,1,0,1,1,1,2.0,5.0,250,50,-375,0,0,0,0;
custom,cuboid,medievalartilleryassets_texture-psd,-15,-2.5,-1,0,1,1,1,20.0,5.0,80,50,-350,1,0,1,0;
racing,killcuboid,-15,-1.75,-1,80,71.25,-350,1,0,1,0;
racing,killcuboid,-15,-1.75,-1,80,28.75,-350,1,0,1,0;
custom,cuboid,medievalartilleryassets_texture-psd,-1,-2.5,-60,0,1,1,1,70.0,5.0,380,50,-275,1,0,1,0;
racing,killcuboid,-1,-1.75,-60,380,71.25,-275,1,0,1,0;
racing,killcuboid,-1,-1.75,-60,380,28.75,-275,1,0,1,0;
racing,killcuboid,16.55,1,9,500,32.5,-325,0,0,0,0;
racing,killcuboid,16.55,1,9,500,67.5,-325,0,0,0,0;
racing,killcuboid,4.25,1,9,600,24,-325,0,0,-0.2164396,0.976296;
racing,killcuboid,4.25,1,9,400,24,-325,0,0,0.2164396,0.976296;
racing,killcuboid,4.25,-1,9,600,76,-325,0,0,-0.2164396,-0.976296;
racing,killcuboid,4.25,-1,9,400,76,-325,0,0,0.2164396,-0.976296;
racing,killcuboid,16.55,1,9,500,50,-292.5,-0.7071068,0,0,0.7071068;
racing,killcuboid,4.25,1,9,600,50,-284,-0.6903455,-0.1530459,-0.1530459,0.6903455;
racing,killcuboid,4.25,1,9,400,50,-284,-0.6903455,0.1530459,0.1530459,0.6903455;
racing,killcuboid,16.55,1,9,500,50,-357.5,-0.7071068,0,0,0.7071068;
racing,killcuboid,4.25,-1,9,600,50,-366,0.6903455,-0.1530459,-0.1530459,-0.6903455;
racing,killcuboid,4.25,-1,9,400,50,-366,0.6903455,0.1530459,0.1530459,-0.6903455;
custom,cylinder,bark4,2,3,2,0,1,1,1,2.5,15.0,-625,50,375,0,0,0,0;
custom,cylinder,ice1,2.1,0.1,2.1,0,1,1,1,2.5,15.0,-625,50,375,0,0,0,0;
custom,cylinder,cannonregionmat,2.1,0.1,2.1,0,1,1,1,2.5,15.0,-625,70,375,0,0,0,0;
custom,cylinder,cannonregionmat,2.1,0.1,2.1,0,1,1,1,2.5,15.0,-625,30,375,0,0,0,0;
racing,killCylinder,16,3,16,-625,50,375,0,0,0,0;
racing,killCylinder,16,3,16,-625,50,375,0,1,0,0.414;
custom,prism,wagontex,3,0.5,3,0,1,1,1,2.5,15.0,-570,50,270,0.7071068,0,0,0.7071068;
custom,prism,ice1,2.75,0.55,2.75,0,1,1,1,3.0,3.0,-570,50,270,0.7071068,0,0,0.7071068;
racing,killarc180,1,12,10,-625,48.75,485,0,-1,0,1;
racing,killarc180,-1,12,-8,-512.5,48.75,385,0,0.5,0,0;
racing,killcuboid,1,6,5,-731,50,476,0,0.3826834,0,0.9238795;
racing,killcuboid,1,6,5,-521,50,476,0,0.3826834,0,-0.9238795;
racing,killcuboid,1,6,5,-521,50,289,0,0.3826834,0,0.9238795;
racing,killcuboid,14,6,1,-700,50,305,0,1,0,-1;
racing,killcuboid,1,6,7,-660,50,300,0,1,0,-1;
custom,cuboid,wagontex,0.5,2,2,0,1,1,1,2.5,15,185,50,205,-0.3826834,0,0,0.9238795;
custom,cuboid,cannonregionmat,0.625,1.825,1.825,0,1,1,1,2.5,15,185,50,205,-0.3826834,0,0,0.9238795;
custom,cuboid,ice1,0.75,1.75,1.75,0,1,1,1,1.0,1.0,185,50,205,-0.3826834,0,0,0.9238795;
custom,pyramid,canaltex,0.3,-0.6,0.3,0,1,0.75,1,8,8,192.5,25,205,0,0,0,0;
custom,pyramid,canaltex,0.3,-0.6,0.3,0,1,0.75,1,8,8,192.5,24.975,205,0,0.414,0,1;
custom,cylinder,arena2tex,0.55,-0.03,0.55,1,0.25,0.85,0.25,1,1,192.5,30.25,205,0,0,0,0;
racing,checkpointCylinder,0.5,-0.025,0.5,192.5,30.25,205,0,0,0,0;


misc,barrier,10.5,9,1,92.5,145,-435,0,0,0,0;
misc,barrier,10.5,9,1,-92.5,145,-435,0,0,0,0;
misc,barrier,8,4,1,0,170,-435,0,0,0,0;


racing,killcuboid,10.5,0.5,1.1,92.5,100,-435,0,0,0,0;
racing,killcuboid,10.5,0.5,1.1,-92.5,100,-435,0,0,0,0;
racing,killcuboid,10.5,0.5,1.1,92.5,115,-435,0,0,0,0;
racing,killcuboid,10.5,0.5,1.1,-92.5,115,-435,0,0,0,0;
racing,killcuboid,10.5,0.5,1.1,92.5,130,-435,0,0,0,0;
racing,killcuboid,10.5,0.5,1.1,-92.5,130,-435,0,0,0,0;
racing,killcuboid,10.5,0.5,1.1,92.5,145,-435,0,0,0,0;
racing,killcuboid,10.5,0.5,1.1,-92.5,145,-435,0,0,0,0;
racing,killcuboid,10.5,0.5,1.1,92.5,160,-435,0,0,0,0;
racing,killcuboid,10.5,0.5,1.1,-92.5,160,-435,0,0,0,0;
racing,killcuboid,10.5,0.5,1.1,92.5,175,-435,0,0,0,0;
racing,killcuboid,10.5,0.5,1.1,-92.5,175,-435,0,0,0,0;

racing,killcuboid,8,0.5,1.1,0,160,-435,0,0,0,0;
racing,killcuboid,8,0.5,1.1,0,175,-435,0,0,0,0;



custom,boulder4,earth2,5,5,5,1,1,1,1,4,2,25,100,2350,0,1,0,0;
custom,boulder4,earth2,-5,5,5,1,1,1,1,4,2,-25,100,2350,0,1,0,0;
custom,boulder4,earth2,5,5,5,1,1,1,1,4,2,75,100,2350,0,1,0,0;
custom,boulder4,earth2,-5,5,5,1,1,1,1,4,2,-75,100,2350,0,1,0,0;
custom,boulder4,earth2,5,5,5,1,1,1,1,4,2,125,100,2350,0,1,0,0;
custom,boulder4,earth2,-5,5,5,1,1,1,1,4,2,-125,100,2350,0,1,0,0;
custom,boulder4,earth2,6,6,6,1,1,1,1,4,2,160,100,2290,0,1,0,0;
custom,boulder4,earth2,-6,6,6,1,1,1,1,4,2,-160,100,2290,0,1,0,0;
custom,boulder4,earth2,5,5,5,1,1,1,1,4,2,125,100,2225,0,1,0,0;
custom,boulder4,earth2,-5,5,5,1,1,1,1,4,2,-125,100,2225,0,1,0,0;
custom,boulder4,earth2,5,5,5,1,1,1,1,4,2,75,100,2175,0,1,0,0;
custom,boulder4,earth2,-5,5,5,1,1,1,1,4,2,-75,100,2175,0,1,0,0;
custom,boulder4,earth2,2,9,2,1,1,1,1,4,2,75,100,2175,0,1,0,0;
custom,boulder4,earth2,-2,9,2,1,1,1,1,4,2,-75,100,2175,0,1,0,0;
custom,boulder4,earth2,2,9,2,1,1,1,1,4,2,75,100,2175,-0.3713907,0.9284767,0,0;
custom,boulder4,earth2,-2,9,2,1,1,1,1,4,2,-75,100,2175,0.3713907,0.9284767,0,0;
custom,boulder4,earth2,3,8,3,1,1,1,1,4,2,60,80,2065,0,0.8762159,0.4819188,0;
custom,boulder4,earth2,-3,8,3,1,1,1,1,4,2,-60,80,2065,0,0.8762159,0.4819188,0;
custom,cave2,earth2,1,-0.75,1,1,1,1,1,2,2,-45,90,2240,0,0.9805807,0,-0.1961161;
custom,cave2,earth2,-1,-0.75,1,1,1,1,1,2,2,45,90,2240,0,0.9805807,0,0.1961161;
custom,cave2,earth2,1,-0.5,1,1,1,1,1,2,2,-30,95,2220,0,0.9805807,0,-0.1961161;
custom,cave2,earth2,-1,-0.5,1,1,1,1,1,2,2,30,95,2220,0,0.9805807,0,0.1961161;
custom,boulder1,earth2,12,1,5,1,1,1,1,4,4,7,160,2310,0,0.9805807,0.1961161,0;
custom,boulder1,earth2,5,1,1,1,1,1,1,2,4,45,104,2310,0,1,0,0;
custom,boulder1,earth2,-5,1,1,1,1,1,1,2,4,-45,104,2310,0,1,0,0;
custom,cylinder,earth2,10,0.5,10,1,1,1,1,4,4,0,100,2315,0,1,0,0;
custom,cylinder,cannonwallmat,10.1,0.5,10.1,1,1,1,1,-64,0.9,0,99.75,2315,0,1,0,0;
custom,cylinder,rock1,10.15,0.1,10.15,1,1,1,1,32,1,0,99.75,2315,0,1,0,0;
misc,barrier,1,10,14,-115,150,2222.5,0,-0.9239493,0,-0.382515;
misc,barrier,1,10,14,115,150,2222.5,0,-0.9239493,0,0.382515;
misc,barrier,6,6,1,-36,187,2176,0,0,-0.382515,-0.9239493;
misc,barrier,6,6,1,36,187,2176,0,0,-0.382515,-0.9239493;
misc,barrier,36,1,48,0,195,2220,0,1,0,0;
custom,cuboid,earth2,2,0.5,2,1,1,1,1,2,2,0,105,2300,0,0.382515,0,-0.9239493;
custom,cuboid,cannonwallmat,-2.1,0.5,-2.1,1,1,1,1,-16,0.9,0,104.85,2300,0,0.382515,0,-0.9239493;
custom,cuboid,rock1,2.15,0.15,2.15,1,1,1,1,16,0.25,0,104.85,2300,0,0.382515,0,-0.9239493;
custom,leaf0,bombexplosiontex,5,1,45,1,1,1,1,1,1,0,105.5,3315,0,1,0,0;
custom,leaf0,bombexplosiontex,4,1,15,1,1,1,1,1,1,0,-195,2205,0,0.8115343,-0.5843047,0;
custom,prism,earth2,2,0.3,2,1,1,1,1,1,1,0,112.5,2307,0.7071068,0,0,-0.7071068;
custom,prism,earth2,2,0.26,-2,1,1,1,1,1,1,0,117.5,2307,0.7071068,0,0,-0.7071068;
custom,prism,rock1,1.8,0.35,1.8,1,1,1,1,2,2,0,112.5,2307,0.7071068,0,0,-0.7071068;
custom,prism,rock1,1.8,0.325,-1.8,1,1,1,1,2,2,0,117.5,2307,0.7071068,0,0,-0.7071068;
custom,prism,cannonwallmat,1.9,0.31,1.9,1,1,1,1,16,16,0,112.5,2307,0.7071068,0,0,-0.7071068;
custom,prism,cannonwallmat,1.9,0.32,-1.9,1,1,1,1,16,16,0,117.5,2307,0.7071068,0,0,-0.7071068;
custom,boulder1,default,3,-0.75,-1,1,1,1,1,1,1,-2.5,94,517.5,0,1,0,0;
racing,endCuboid,7,7,1.5,0,120,2175,0.382515,0.9239493,0,0;

custom,endCuboid,default,3.5,3.5,1.25,0,1,1,1,1.0,1.0,0,100,2175,0.382515,0.9239493,0,0;
custom,endCuboid,default,1,1,1,0,1,1,1,1.0,1.0,0,130,2175,0.382515,0.9239493,0,0;
custom,endCuboid,default,1,1,0.9,0,1,1,1,1.0,1.0,0,130,2175,0,1,0,0;

racing,killCylinder,0.75,0.25,0.75,0,130,2175,0,0.7071068,-0.7071068,0;
racing,killCylinder,0.7,0.2,0.7,0,130,2175,0,0.7071068,-0.7071068,0;
custom,tree1,bark3,4,4,-4,1,1,1,1,4,2,-10,-450,1850,0,1,0,0;
custom,tree1,bark3,-4,4,4,1,1,1,1,8,4,-20,-450,1750,0,1,0,0;
custom,tree1,bark3,4,4,-4,1,1,1,1,4,2,0,-450,1650,0,1,0,0;
custom,tree1,bark3,4,4,4,1,1,1,1,4,2,0,-450,1550,0,1,0,0;
custom,tree1,bark3,4,4,4,1,1,1,1,8,4,30,-450,1450,0,1,0,0;
custom,tree1,bark3,4,4,4,1,1,1,1,4,2,-10,-450,1350,0,0.9239493,0,-0.382515;
custom,tree1,bark3,4,4,4,1,1,1,1,4,2,0,-450,1250,0,1,0,0;
custom,tree1,bark3,4,4,4,1,1,1,1,8,4,20,-450,1200,0,0.9239493,0,-0.382515;
custom,tree1,bark3,4,4,-4,1,1,1,1,4,2,-10,-450,1100,0,0.8574929,0,-0.5144958;
custom,tree1,bark3,4,4,4,1,1,1,1,8,4,0,-450,1000,0,1,0,0;
custom,tree1,bark3,4,4,4,1,1,1,1,4,2,115,-400,1925,0,0.7808688,0,-0.6246951;
custom,tree1,bark3,-4,4,4,1,1,1,1,4,2,75,-400,1875,0,0.8192319,0,-0.5734623;
custom,tree1,bark3,4,4,-4,1,1,1,1,4,2,75,-400,1825,0,1,0,0;
custom,tree1,bark3,4,4,4,1,1,1,1,4,2,65,-400,1775,0,1,0,0;
custom,tree1,bark3,-4,4,4,1,1,1,1,4,2,75,-400,1725,0,0.9284767,0,-0.3713907;
custom,tree1,bark3,4,4,4,1,1,1,1,4,2,75,-400,1675,0,1,0,0;
custom,tree1,bark3,4,4,4,1,1,1,1,4,2,95,-400,1625,0,1,0,0;
custom,tree1,bark3,4,4,4,1,1,1,1,8,4,65,-400,1575,0,0.8944272,0,-0.4472136;
custom,tree1,bark3,4,4,-4,1,1,1,1,4,2,75,-400,1525,0,1,0,0;
custom,tree1,bark3,4,4,4,1,1,1,1,4,2,75,-400,1475,0,1,0,0;
custom,tree1,bark3,4,4,-4,1,1,1,1,4,2,75,-400,1425,0,0.8944272,0,-0.4472136;
custom,tree1,bark3,4,4,4,1,1,1,1,8,4,75,-400,1375,0,1,0,0;
custom,tree1,bark3,4,4,4,1,1,1,1,4,2,65,-400,1325,0,1,0,0;
custom,tree1,bark3,4,4,-4,1,1,1,1,4,2,75,-400,1275,0,0.8944272,0,-0.4472136;
custom,tree1,bark3,4,4,4,1,1,1,1,8,4,85,-400,1225,0,1,0,0;
custom,tree1,bark3,4,4,4,1,1,1,1,4,2,75,-400,1175,0,1,0,0;
custom,tree1,bark3,4,4,4,1,1,1,1,4,2,75,-400,1125,0,0.9805807,0,-0.1961161;
custom,tree1,bark3,-4,4,4,1,1,1,1,8,4,75,-400,1075,0,1,0,0;
custom,tree1,bark3,4,4,4,1,1,1,1,4,2,65,-400,1025,0,1,0,0;
custom,tree1,bark3,4,4,4,1,1,1,1,8,4,-75,-400,1925,0,0.9284767,0,-0.3713907;
custom,tree1,bark3,-4,4,4,1,1,1,1,4,2,-90,-400,1875,0,1,0,0;
custom,tree1,bark3,4,4,4,1,1,1,1,4,2,-65,-400,1825,0,1,0,0;
custom,tree1,bark3,4,4,4,1,1,1,1,8,4,-75,-400,1775,0,0.9284767,0,-0.3713907;
custom,tree1,bark3,4,4,4,1,1,1,1,4,2,-90,-400,1725,0,1,0,0;
custom,tree1,bark3,4,4,4,1,1,1,1,4,2,-75,-400,1675,0,1,0,0;
custom,tree1,bark3,-4,4,4,1,1,1,1,4,2,-75,-400,1625,0,1,0,0;
custom,tree1,bark3,4,4,4,1,1,1,1,8,4,-90,-400,1575,0,1,0,0;
custom,tree1,bark3,4,4,-4,1,1,1,1,4,2,-75,-400,1525,0,1,0,0;
custom,tree1,bark3,4,4,4,1,1,1,1,4,2,-65,-400,1475,0,0.8574929,0,-0.5144958;
custom,tree1,bark3,4,4,4,1,1,1,1,8,4,-90,-400,1425,0,1,0,0;
custom,tree1,bark3,-4,4,4,1,1,1,1,4,2,-90,-400,1375,0,1,0,0;
custom,tree1,bark3,4,4,4,1,1,1,1,4,2,-75,-400,1325,0,0.8574929,0,-0.5144958;
custom,tree1,bark3,4,4,4,1,1,1,1,4,2,-90,-400,1275,0,1,0,0;
custom,tree1,bark3,4,4,4,1,1,1,1,8,4,-75,-400,1225,0,1,0,0;
custom,tree1,bark3,-4,4,4,1,1,1,1,4,2,-75,-400,1175,0,0.7808688,0,-0.6246951;
custom,tree1,bark3,4,4,4,1,1,1,1,8,4,-90,-400,1125,0,1,0,0;
custom,tree1,bark3,4,4,-4,1,1,1,1,4,2,-75,-400,1075,0,1,0,0;
custom,tree1,bark3,-4,4,4,1,1,1,1,4,2,-75,-400,1025,0,1,0,0;
custom,tree1,bark3,4,4,4,1,1,1,1,1,1,-430,-265,1805,-0.382515,-0.9239493,0,0;
custom,tree1,bark3,4,4,4,1,1,1,1,1,1,-430,-265,1605,-0.382515,-0.9239493,0,0;
custom,tree1,bark3,4,4,4,1,1,1,1,1,1,-430,-265,1405,-0.382515,-0.9239493,0,0;
custom,tree1,bark3,4,4,4,1,1,1,1,1,1,430,-265,1705,-0.382515,0.9239493,0,0;
custom,tree1,bark3,4,4,4,1,1,1,1,1,1,430,-265,1505,-0.382515,0.9239493,0,0;
custom,tree1,bark3,4,4,4,1,1,1,1,1,1,430,-265,1305,-0.382515,0.9239493,0,0;
racing,killPrism,20,100,12,-80,150,1500,0,-0.7071068,-0.7071068,0;
racing,killPrism,-20,100,12,80,150,1500,0,-0.7071068,-0.7071068,0;
racing,killPrism,20,152,-12,-175,145,1770,0,-0.7071068,-0.7071068,0;
racing,killPrism,-20,152,-12,175,145,1770,0,-0.7071068,-0.7071068,0;
racing,killPrism,-10,54.5,12,-11,150,2450,-0.5,0.5,-0.5,-0.5;
custom,tree1,bark3,2,2,2,1,1,1,1,1,2,25,-95,445,0,0.9578263,0.2873479,0;
custom,tree1,bark3,2,2,2,1,1,1,1,1,2,25,-95,695,0,0.9578263,-0.2873479,0;
custom,tree1,bark3,-2,2,2,1,1,1,1,1,2,-25,-95,445,0,0.9578263,0.2873479,0;
custom,tree1,bark3,-2,2,2,1,1,1,1,1,2,-25,-95,695,0,0.9578263,-0.2873479,0;
custom,tree1,bark3,2,2,2,1,1,1,1,1,2,-35,-175,695,0,0.9950372,0.0995037,0;
custom,tree1,bark3,2,2,2,1,1,1,1,1,2,0,-170,845,0,0.9950372,-0.0995037,0;
custom,tree1,bark3,-2,2,2,1,1,1,1,1,2,0,-170,695,0,0.9950372,0.0995037,0;
custom,tree1,bark3,-2,2,2,1,1,1,1,1,2,35,-175,845,0,0.9950372,-0.0995037,0;
misc,barrier,54,9,1,140,145,710,0,0.7071068,0,-0.7071068;
racing,killCuboid,54,0.5,1.1,140,145,710,0,0.7071068,0,-0.7071068;
racing,killCuboid,54,0.5,1.1,140,160,710,0,0.7071068,0,-0.7071068;
racing,killCuboid,54,0.5,1.1,140,175,710,0,0.7071068,0,-0.7071068;
racing,killCuboid,54,0.5,1.1,140,130,710,0,0.7071068,0,-0.7071068;
racing,killCuboid,54,0.5,1.1,140,115,710,0,0.7071068,0,-0.7071068;
racing,killCuboid,54,0.5,1.1,140,100,710,0,0.7071068,0,-0.7071068;
misc,barrier,54,9,1,-140,145,710,0,0.7071068,0,-0.7071068;
racing,killCuboid,54,0.5,1.1,-140,145,710,0,0.7071068,0,-0.7071068;
racing,killCuboid,54,0.5,1.1,-140,160,710,0,0.7071068,0,-0.7071068;
racing,killCuboid,54,0.5,1.1,-140,175,710,0,0.7071068,0,-0.7071068;
racing,killCuboid,54,0.5,1.1,-140,130,710,0,0.7071068,0,-0.7071068;
racing,killCuboid,54,0.5,1.1,-140,115,710,0,0.7071068,0,-0.7071068;
racing,killCuboid,54,0.5,1.1,-140,100,710,0,0.7071068,0,-0.7071068;
misc,barrier,54,1,29,0,185,710,0,0.7071068,0,-0.7071068;
misc,barrier,10.5,9,1,-92.5,145,435,0,1,0,0;
misc,barrier,10.5,9,1,92.5,145,435,0,1,0,0;
misc,barrier,8,4,1,0,170,435,0,1,0,0;
racing,killcuboid,10.5,0.5,1.1,-92.5,100,435,0,1,0,0;
racing,killcuboid,10.5,0.5,1.1,92.5,100,435,0,1,0,0;
racing,killcuboid,10.5,0.5,1.1,-92.5,115,435,0,1,0,0;
racing,killcuboid,10.5,0.5,1.1,92.5,115,435,0,1,0,0;
racing,killcuboid,10.5,0.5,1.1,-92.5,130,435,0,1,0,0;
racing,killcuboid,10.5,0.5,1.1,92.5,130,435,0,1,0,0;
racing,killcuboid,10.5,0.5,1.1,-92.5,145,435,0,1,0,0;
racing,killcuboid,10.5,0.5,1.1,92.5,145,435,0,1,0,0;
racing,killcuboid,10.5,0.5,1.1,-92.5,160,435,0,1,0,0;
racing,killcuboid,10.5,0.5,1.1,92.5,160,435,0,1,0,0;
racing,killcuboid,10.5,0.5,1.1,-92.5,175,435,0,1,0,0;
racing,killcuboid,10.5,0.5,1.1,92.5,175,435,0,1,0,0;
racing,killcuboid,8,0.5,1.1,0,160,435,0,1,0,0;
racing,killcuboid,8,0.5,1.1,0,175,435,0,1,0,0;

racing,checkpointCylinder,0.5,-0.025,0.5,0,36.25,0,0,0,0,0;

base,FX/justSmoke,bombtex,1,5,1,0,1,0,0,1.0,1.0,40,95,-2285,0,0,0,0;
base,FX/justSmoke,bombtex,1,5,1,0,1,0,0,1.0,1.0,-40,95,-2285,0,0,0,0;
base,FX/justSmoke,bombtex,1,5,1,0,1,0,0,1.0,1.0,27.5,96,-2272.5,0,0,0,0;
base,FX/justSmoke,bombtex,1,5,1,0,1,0,0,1.0,1.0,-27.5,96,-2272.5,0,0,0,0;
base,FX/justSmoke,bombtex,1,5,1,0,1,0,0,1.0,1.0,15,97,-2267.5,0,0,0,0;
base,FX/justSmoke,bombtex,1,5,1,0,1,0,0,1.0,1.0,-15,97,-2267.5,0,0,0,0;
base,FX/justSmoke,bombtex,1,5,1,0,1,0,0,1.0,1.0,0,98,-2265,0,0,0,0;
base,FX/justSmoke,bombtex,1,5,1,0,1,0,0,1.0,1.0,0,88,-2265,0,0,0,0;
base,FX/justSmoke,bombtex,1,5,1,0,1,0,0,1.0,1.0,0,105,-2315,0,0,0,0;



