map,disablebounds;
custom,cuboid,grass3,200,1,192.5,0,1,1,1,20,19.25,0,-4.5,-37.5,0,0,0,1;
custom,cuboid,grass3,97.5,1,7.5,0,1,1,1,9.75,0.75,512.5,-4.5,962.5,0,0,0,1;
custom,cuboid,grass3,97.5,1,7.5,0,1,1,1,9.75,0.75,-512.5,-4.5,962.5,0,0,0,1;
custom,killcuboid,stone9,200,1,200,1,0,0.2,1,20,20,0,-4.5,2000,0,0,0,1;
custom,killcuboid,barriereditormat,200,1,200,1,0,0.2,1,20,20,0,-4.5,2000,0,0,0,1;
custom,trunk1,stone9,6,0.25,3,1,0,0.2,1,8,4,0,0,1250,0,0,0,1;
custom,trunk1,barriereditormat,6,0.25,3,1,0,0.2,1,8,4,0,0,1250,0,0,0,1;
custom,trunk1,stone9,6,0.25,3,1,0,0.2,1,8,4,250,0,1250,0,0,0,1;
custom,trunk1,barriereditormat,6,0.25,3,1,0,0.2,1,8,4,250,0,1250,0,0,0,1;
custom,trunk1,stone9,6,0.25,3,1,0,0.2,1,8,4,500,0,1250,0,0,0,1;
custom,trunk1,barriereditormat,6,0.25,3,1,0,0.2,1,8,4,500,0,1250,0,0,0,1;
custom,trunk1,stone9,6,0.25,3,1,0,0.2,1,8,4,-250,0,1250,0,0,0,1;
custom,trunk1,barriereditormat,6,0.25,3,1,0,0.2,1,8,4,-250,0,1250,0,0,0,1;
custom,trunk1,stone9,6,0.25,3,1,0,0.2,1,8,4,-500,0,1250,0,0,0,1;
custom,trunk1,barriereditormat,6,0.25,3,1,0,0.2,1,8,4,-500,0,1250,0,0,0,1;
custom,trunk1,stone9,6,0.5,3,1,0,0.2,1,8,4,50,0,1500,0,0,0,1;
custom,trunk1,barriereditormat,6,0.5,3,1,0,0.2,1,8,4,50,0,1500,0,0,0,1;
custom,trunk1,stone9,6,0.5,3,1,0,0.2,1,8,4,300,0,1500,0,0,0,1;
custom,trunk1,barriereditormat,6,0.5,3,1,0,0.2,1,8,4,300,0,1500,0,0,0,1;
custom,trunk1,stone9,6,0.5,3,1,0,0.2,1,8,4,550,0,1500,0,0,0,1;
custom,trunk1,barriereditormat,6,0.5,3,1,0,0.2,1,8,4,550,0,1500,0,0,0,1;
custom,trunk1,stone9,6,0.5,3,1,0,0.2,1,8,4,-200,0,1500,0,0,0,1;
custom,trunk1,barriereditormat,6,0.5,3,1,0,0.2,1,8,4,-200,0,1500,0,0,0,1;
custom,trunk1,stone9,6,0.5,3,1,0,0.2,1,8,4,-450,0,1500,0,0,0,1;
custom,trunk1,barriereditormat,6,0.5,3,1,0,0.2,1,8,4,-450,0,1500,0,0,0,1;
custom,trunk1,stone9,6,0.75,3,1,0,0.2,1,8,4,-50,0,1750,0,0,0,1;
custom,trunk1,barriereditormat,6,0.75,3,1,0,0.2,1,8,4,-50,0,1750,0,0,0,1;
custom,trunk1,stone9,6,0.75,3,1,0,0.2,1,8,4,200,0,1750,0,0,0,1;
custom,trunk1,barriereditormat,6,0.75,3,1,0,0.2,1,8,4,200,0,1750,0,0,0,1;
custom,trunk1,stone9,6,0.75,3,1,0,0.2,1,8,4,450,0,1750,0,0,0,1;
custom,trunk1,barriereditormat,6,0.75,3,1,0,0.2,1,8,4,450,0,1750,0,0,0,1;
custom,trunk1,stone9,6,0.75,3,1,0,0.2,1,8,4,-300,0,1750,0,0,0,1;
custom,trunk1,barriereditormat,6,0.75,3,1,0,0.2,1,8,4,-300,0,1750,0,0,0,1;
custom,trunk1,stone9,6,0.75,3,1,0,0.2,1,8,4,-550,0,1750,0,0,0,1;
custom,trunk1,barriereditormat,6,0.75,3,1,0,0.2,1,8,4,-550,0,1750,0,0,0,1;
custom,trunk1,stone9,6,1,3,1,0,0.2,1,8,4,50,0,2000,0,0,0,1;
custom,trunk1,barriereditormat,6,1,3,1,0,0.2,1,8,4,50,0,2000,0,0,0,1;
custom,trunk1,stone9,6,1,3,1,0,0.2,1,8,4,300,0,2000,0,0,0,1;
custom,trunk1,barriereditormat,6,1,3,1,0,0.2,1,8,4,300,0,2000,0,0,0,1;
custom,trunk1,stone9,6,1,3,1,0,0.2,1,8,4,550,0,2000,0,0,0,1;
custom,trunk1,barriereditormat,6,1,3,1,0,0.2,1,8,4,550,0,2000,0,0,0,1;
custom,trunk1,stone9,6,1,3,1,0,0.2,1,8,4,-200,0,2000,0,0,0,1;
custom,trunk1,barriereditormat,6,1,3,1,0,0.2,1,8,4,-200,0,2000,0,0,0,1;
custom,trunk1,stone9,6,1,3,1,0,0.2,1,8,4,-450,0,2000,0,0,0,1;
custom,trunk1,barriereditormat,6,1,3,1,0,0.2,1,8,4,-450,0,2000,0,0,0,1;
custom,trunk1,stone9,6,1.5,3,1,0,0.2,1,8,4,-100,0,2250,0,0,0,1;
custom,trunk1,barriereditormat,6,1.5,3,1,0,0.2,1,8,4,-100,0,2250,0,0,0,1;
custom,trunk1,stone9,6,1.5,3,1,0,0.2,1,8,4,150,0,2250,0,0,0,1;
custom,trunk1,barriereditormat,6,1.5,3,1,0,0.2,1,8,4,150,0,2250,0,0,0,1;
custom,trunk1,stone9,6,1.5,3,1,0,0.2,1,8,4,400,0,2250,0,0,0,1;
custom,trunk1,barriereditormat,6,1.5,3,1,0,0.2,1,8,4,400,0,2250,0,0,0,1;
custom,trunk1,stone9,6,1.5,3,1,0,0.2,1,8,4,-350,0,2250,0,0,0,1;
custom,trunk1,barriereditormat,6,1.5,3,1,0,0.2,1,8,4,-350,0,2250,0,0,0,1;
custom,trunk1,stone9,6,1.5,3,1,0,0.2,1,8,4,-600,0,2250,0,0,0,1;
custom,trunk1,barriereditormat,6,1.5,3,1,0,0.2,1,8,4,-600,0,2250,0,0,0,1;
custom,cuboid,wood1,200,1,5,0,1,1,1,25,0.5,0,5,1000,0,0,0,1;
custom,cuboid,wood1,200.1,0.9,5.1,0,1,1,1,50,0.25,0,5,1000,0,0,0,1;
custom,boulder1,rock3,25,10,8,0,1,1,1,2,2,750,50,750,0,0.7071068,0,0.7071068;
custom,boulder1,rock3,25,10,8,0,1,1,1,2,2,750,50,500,0,-0.7071068,0,0.7071068;
custom,boulder1,rock3,25,10,8,0,1,1,1,2,2,750,50,250,0,0.7071068,0,0.7071068;
custom,boulder1,rock3,25,10,8,0,1,1,1,2,2,750,50,0,0,-0.7071068,0,0.7071068;
custom,boulder1,rock3,25,10,8,0,1,1,1,2,2,750,50,-250,0,0.7071068,0,0.7071068;
custom,boulder1,rock3,25,10,8,0,1,1,1,2,2,750,50,-500,0,-0.7071068,0,0.7071068;
custom,boulder1,rock3,25,10,8,0,1,1,1,2,2,750,50,-750,0,0.7071068,0,0.7071068;
custom,boulder1,rock3,25,10,8,0,1,1,1,2,2,-750,50,750,0,0.7071068,0,0.7071068;
custom,boulder1,rock3,25,10,8,0,1,1,1,2,2,-750,50,500,0,-0.7071068,0,0.7071068;
custom,boulder1,rock3,25,10,8,0,1,1,1,2,2,-750,50,250,0,0.7071068,0,0.7071068;
custom,boulder1,rock3,25,10,8,0,1,1,1,2,2,-750,50,0,0,-0.7071068,0,0.7071068;
custom,boulder1,rock3,25,10,8,0,1,1,1,2,2,-750,50,-250,0,0.7071068,0,0.7071068;
custom,boulder1,rock3,25,10,8,0,1,1,1,2,2,-750,50,-500,0,-0.7071068,0,0.7071068;
custom,boulder1,rock3,25,10,8,0,1,1,1,2,2,-750,50,-750,0,0.7071068,0,0.7071068;
custom,boulder1,rock3,25,10,8,0,1,1,1,2,2,750,50,-750,0,1,0,0;
custom,boulder1,rock3,25,10,8,0,1,1,1,2,2,500,50,-750,0,0,0,1;
custom,boulder1,rock3,25,10,8,0,1,1,1,2,2,250,50,-750,0,1,0,0;
custom,boulder1,rock3,25,10,8,0,1,1,1,2,2,0,50,-750,0,0,0,1;
custom,boulder1,rock3,25,10,8,0,1,1,1,2,2,-250,50,-750,0,1,0,0;
custom,boulder1,rock3,25,10,8,0,1,1,1,2,2,-500,50,-750,0,0,0,1;
custom,boulder1,rock3,25,10,8,0,1,1,1,2,2,-750,50,-750,0,1,0,0;
custom,tree2,default,1,1,1,0,1,1,1,1,1,-100,68,-100,0,0,0,1;
custom,tree2,default,1,1,1,0,1,1,1,1,1,100,68,-100,0,0,0,1;
custom,tree2,default,1,1,1,0,1,1,1,1,1,-100,68,0,0,0,0,1;
custom,tree2,default,1,1,1,0,1,1,1,1,1,100,68,0,0,0,0,1;
custom,tree2,default,1,1,1,0,1,1,1,1,1,-100,68,100,0,0,0,1;
custom,tree2,default,1,1,1,0,1,1,1,1,1,100,68,100,0,0,0,1;
custom,tree2,default,1,1,1,0,1,1,1,1,1,-100,68,200,0,0,0,1;
custom,tree2,default,1,1,1,0,1,1,1,1,1,100,68,200,0,0,0,1;
custom,tree2,default,1,1,1,0,1,1,1,1,1,-100,68,300,0,0,0,1;
custom,tree2,default,1,1,1,0,1,1,1,1,1,100,68,300,0,0,0,1;
custom,tree2,default,1,1,1,0,1,1,1,1,1,-100,68,400,0,0,0,1;
custom,tree2,default,1,1,1,0,1,1,1,1,1,100,68,400,0,0,0,1;
custom,tree2,default,1,1,1,0,1,1,1,1,1,-200,68,-50,0,0,0,1;
custom,tree2,default,1,1,1,0,1,1,1,1,1,200,68,-50,0,0,0,1;
custom,tree2,default,1,1,1,0,1,1,1,1,1,-200,68,50,0,0,0,1;
custom,tree2,default,1,1,1,0,1,1,1,1,1,200,68,50,0,0,0,1;
custom,tree2,default,1,1,1,0,1,1,1,1,1,-200,68,150,0,0,0,1;
custom,tree2,default,1,1,1,0,1,1,1,1,1,200,68,150,0,0,0,1;
custom,tree2,default,1,1,1,0,1,1,1,1,1,-200,68,250,0,0,0,1;
custom,tree2,default,1,1,1,0,1,1,1,1,1,200,68,250,0,0,0,1;
custom,tree2,default,1,1,1,0,1,1,1,1,1,-200,68,350,0,0,0,1;
custom,tree2,default,1,1,1,0,1,1,1,1,1,200,68,350,0,0,0,1;
custom,tree2,default,1,1,1,0,1,1,1,1,1,-200,68,450,0,0,0,1;
custom,tree2,default,1,1,1,0,1,1,1,1,1,200,68,450,0,0,0,1;
custom,tree2,default,1,1,1,0,1,1,1,1,1,-300,68,-100,0,0,0,1;
custom,tree2,default,1,1,1,0,1,1,1,1,1,300,68,-100,0,0,0,1;
custom,tree2,default,1,1,1,0,1,1,1,1,1,-300,68,0,0,0,0,1;
custom,tree2,default,1,1,1,0,1,1,1,1,1,300,68,0,0,0,0,1;
custom,tree2,default,1,1,1,0,1,1,1,1,1,-300,68,100,0,0,0,1;
custom,tree2,default,1,1,1,0,1,1,1,1,1,300,68,100,0,0,0,1;
custom,tree2,default,1,1,1,0,1,1,1,1,1,-300,68,200,0,0,0,1;
custom,tree2,default,1,1,1,0,1,1,1,1,1,300,68,200,0,0,0,1;
custom,tree2,default,1,1,1,0,1,1,1,1,1,-300,68,300,0,0,0,1;
custom,tree2,default,1,1,1,0,1,1,1,1,1,300,68,300,0,0,0,1;
custom,tree2,default,1,1,1,0,1,1,1,1,1,-300,68,400,0,0,0,1;
custom,tree2,default,1,1,1,0,1,1,1,1,1,300,68,400,0,0,0,1;
custom,tree2,default,1,1,1,0,1,1,1,1,1,-400,68,-50,0,0,0,1;
custom,tree2,default,1,1,1,0,1,1,1,1,1,400,68,-50,0,0,0,1;
custom,tree2,default,1,1,1,0,1,1,1,1,1,-400,68,50,0,0,0,1;
custom,tree2,default,1,1,1,0,1,1,1,1,1,400,68,50,0,0,0,1;
custom,tree2,default,1,1,1,0,1,1,1,1,1,-400,68,150,0,0,0,1;
custom,tree2,default,1,1,1,0,1,1,1,1,1,400,68,150,0,0,0,1;
custom,tree2,default,1,1,1,0,1,1,1,1,1,-400,68,250,0,0,0,1;
custom,tree2,default,1,1,1,0,1,1,1,1,1,400,68,250,0,0,0,1;
custom,tree2,default,1,1,1,0,1,1,1,1,1,-400,68,350,0,0,0,1;
custom,tree2,default,1,1,1,0,1,1,1,1,1,400,68,350,0,0,0,1;
custom,tree2,default,1,1,1,0,1,1,1,1,1,-400,68,450,0,0,0,1;
custom,tree2,default,1,1,1,0,1,1,1,1,1,400,68,450,0,0,0,1;
custom,tree2,default,1,1,1,0,1,1,1,1,1,-500,68,-100,0,0,0,1;
custom,tree2,default,1,1,1,0,1,1,1,1,1,500,68,-100,0,0,0,1;
custom,tree2,default,1,1,1,0,1,1,1,1,1,-500,68,0,0,0,0,1;
custom,tree2,default,1,1,1,0,1,1,1,1,1,500,68,0,0,0,0,1;
custom,tree2,default,1,1,1,0,1,1,1,1,1,-500,68,100,0,0,0,1;
custom,tree2,default,1,1,1,0,1,1,1,1,1,500,68,100,0,0,0,1;
custom,tree2,default,1,1,1,0,1,1,1,1,1,-500,68,200,0,0,0,1;
custom,tree2,default,1,1,1,0,1,1,1,1,1,500,68,200,0,0,0,1;
custom,tree2,default,1,1,1,0,1,1,1,1,1,-500,68,300,0,0,0,1;
custom,tree2,default,1,1,1,0,1,1,1,1,1,500,68,300,0,0,0,1;
custom,tree2,default,1,1,1,0,1,1,1,1,1,-500,68,400,0,0,0,1;
custom,tree2,default,1,1,1,0,1,1,1,1,1,500,68,400,0,0,0,1;
custom,tree2,default,1,1,1,0,1,1,1,1,1,-200,68,-200,0,0,0,1;
custom,tree2,default,1,1,1,0,1,1,1,1,1,200,68,-200,0,0,0,1;
custom,tree2,default,1,1,1,0,1,1,1,1,1,-300,68,-300,0,0,0,1;
custom,tree2,default,1,1,1,0,1,1,1,1,1,300,68,-300,0,0,0,1;
custom,tree2,default,1,1,1,0,1,1,1,1,1,-400,68,-400,0,0,0,1;
custom,tree2,default,1,1,1,0,1,1,1,1,1,400,68,-400,0,0,0,1;
custom,tree2,default,1,1,1,0,1,1,1,1,1,-500,68,-500,0,0,0,1;
custom,tree2,default,1,1,1,0,1,1,1,1,1,500,68,-500,0,0,0,1;
custom,tree2,default,1,1,1,0,1,1,1,1,1,-600,68,-600,0,0,0,1;
custom,tree2,default,1,1,1,0,1,1,1,1,1,600,68,-600,0,0,0,1;
custom,tree2,default,1,1,1,0,1,1,1,1,1,-200,68,500,0,0,0,1;
custom,tree2,default,1,1,1,0,1,1,1,1,1,200,68,500,0,0,0,1;
custom,tree2,default,1,1,1,0,1,1,1,1,1,-300,68,600,0,0,0,1;
custom,tree2,default,1,1,1,0,1,1,1,1,1,300,68,600,0,0,0,1;
custom,tree2,default,1,1,1,0,1,1,1,1,1,-400,68,700,0,0,0,1;
custom,tree2,default,1,1,1,0,1,1,1,1,1,400,68,700,0,0,0,1;
custom,tree2,default,1,1,1,0,1,1,1,1,1,-500,68,800,0,0,0,1;
custom,tree2,default,1,1,1,0,1,1,1,1,1,500,68,800,0,0,0,1;
custom,tree2,default,1,1,1,0,1,1,1,1,1,-600,68,900,0,0,0,1;
custom,tree2,default,1,1,1,0,1,1,1,1,1,600,68,900,0,0,0,1;
custom,tree2,default,2,2,2,0,1,1,1,1,1,0,137,150,0,0,0,0;
custom,tree2,default,2,2,-2,0,1,1,1,1,1,0,137,150,0,0,0,0;
custom,tree2,default,-2,2,2,0,1,1,1,1,1,0,137,150,0,0,0,0;
custom,tree2,default,-2,2,-2,0,1,1,1,1,1,0,137,150,0,0,0,0;
custom,boulder1,default,5,5,5,0,1,1,1,1,1,-250,25,-500,0,0,0,1;
custom,boulder1,default,5,5,5,0,1,1,1,1,1,250,25,-500,0,0.7071068,0,0.7071068;
custom,boulder1,default,10,5,10,0,1,1,1,1,1,-500,25,-250,0,0,0,1;
custom,boulder1,default,10,5,10,0,1,1,1,1,1,500,25,-250,0,0.7071068,0,0.7071068;
custom,boulder1,default,10,5,10,0,1,1,1,1,1,-500,25,550,0,0.7071068,0,0.7071068;
custom,boulder1,default,10,5,10,0,1,1,1,1,1,500,25,550,0,0,0,1;
racing,killCuboid,85,9,0.75,-400,45,-400,0,-0.382515,0,0.9239493;
racing,killCuboid,85,9,0.75,400,45,-400,0,0.382515,0,0.9239493;
racing,killCuboid,85,9,0.75,-400,45,700,0,0.382515,0,0.9239493;
racing,killCuboid,85,9,0.75,400,45,700,0,-0.382515,0,0.9239493;
racing,killCuboid,50,9,0.75,100,45,150,0,0.7071068,0,0.7071068;
racing,killCuboid,50,9,0.75,-100,45,150,0,0.7071068,0,0.7071068;


custom,cuboid,default,1,0.2,2,1,1,0,0,1,1,75.5,84,-645,0,0.7071068,0,-0.7071068;
custom,cuboid,default,1,0.2,2,1,1,0,0,1,1,75.5,75,-645,0,0.7071068,0,-0.7071068;
custom,cuboid,default,0.2,0.7,1,1,1,0,0,1,1,84.5,79.5,-645,0,1,0,0;
custom,cuboid,default,0.2,0.7,1,1,1,0,0,1,1,66.5,79.5,-645,0,1,0,0;
custom,cuboid,default,0.2,0.9,1,1,1,0,0,1,1,84.5,69.5,-645,0,1,0,0;
custom,cuboid,default,1,0.2,2,1,1,0,0,1,1,74.5,70.25,-645,-0.1714986,0.6859944,-0.1714986,-0.6859943;
custom,cuboid,default,1,0.2,2,1,0,1,1,1,1,45.5,66,-645,0,0.7071068,0,-0.7071068;
custom,cuboid,default,1,0.2,2,1,0,1,1,1,1,45.5,84,-645,0,0.7071068,0,-0.7071068;
custom,cuboid,default,0.2,1.6,1,1,0,1,1,1,1,45.5,75,-645,0,1,0,0;
custom,cuboid,default,1,0.2,2,1,1,1,0,1,1,15.5,66,-645,0,0.7071068,0,-0.7071068;
custom,cuboid,default,1,0.2,1.6,1,1,1,0,1,1,17.5,84,-645,0,0.7071068,0,-0.7071068;
custom,cuboid,default,1,0.2,1.8,1,1,1,0,1,1,16.5,75,-7249921,0,0.7071068,0,-0.7071068;
custom,cuboid,default,0.2,0.7,1,1,1,1,0,1,1,24.5,79.5,-645,0,1,0,0;
custom,cuboid,default,0.2,0.7,1,1,1,1,0,1,1,8.5,79.5,-645,0,1,0,0;
custom,cuboid,default,0.2,0.7,1,1,1,1,0,1,1,24.5,70.5,-645,0,1,0,0;
custom,cuboid,default,0.2,0.7,1,1,1,1,0,1,1,6.5,70.5,-645,0,1,0,0;
custom,cuboid,default,1,0.2,1.8,1,1,1,0,1,1,16.5,75,-645,0,0.7071068,0,-0.7071068;
custom,cuboid,default,1,0.2,2,1,0,1,0,1,1,-14.69198,66,-645,0,0.7071068,0,-0.7071068;
custom,cuboid,default,0.2,1.8,1,1,0,1,0,1,1,-5.691979,76,-645,0,1,0,0;
custom,cuboid,default,1,0.2,2,1,1,0,1,1,1,-44.69198,66,-645,0,0.7071068,0,-0.7071068;
custom,cuboid,default,1,0.2,2,1,1,0,1,1,1,-44.69198,75,-645,0,0.7071068,0,-0.7071068;
custom,cuboid,default,1,0.2,2,1,1,0,1,1,1,-44.69198,84,-645,0,0.7071068,0,-0.7071068;
custom,cuboid,default,0.2,0.7,1,1,1,0,1,1,1,-35.69198,70.5,-645,0,1,0,0;
custom,cuboid,default,0.2,0.7,1,1,1,0,1,1,1,-35.69198,79.5,-645,0,1,0,0;
custom,cuboid,default,1,0.2,2,1,0,1,1,1,1,-74.69198,66,-645,0,0.7071068,0,-0.7071068;
custom,cuboid,default,1,0.2,2,1,0,1,1,1,1,-74.69198,84,-645,0,0.7071068,0,-0.7071068;
custom,cuboid,default,0.2,1.6,1,1,0,1,1,1,1,-74.69198,75,-645,0,1,0,0;


custom,house8,brick1,2,2,2,0,1,1,1,0.2,0.2,177.5,35,-277.5,0,0.382515,0,0.9239493;
custom,house8,brick1,2,2,2,0,1,1,1,0.2,0.2,222.5,35,-322.5,0,0.382515,0,0.9239493;
custom,house8,brick1,2,2,1.9,0,1,1,1,0.2,0.2,200,100,-300,0,0.382515,0,0.9239493;
custom,house8,brick1,2,2,2,0,1,1,1,0.2,0.2,-177.5,35,-277.5,0,-0.382515,0,0.9239493;
custom,house8,brick1,2,2,2,0,1,1,1,0.2,0.2,-222.5,35,-322.5,0,-0.382515,0,0.9239493;
custom,house8,brick1,2,2,1.9,0,1,1,1,0.2,0.2,-200,100,-300,0,-0.382515,0,0.9239493;
custom,house8,brick1,2,2,2,0,1,1,1,0.2,0.2,400,35,-600,0,0.7071068,0,0.7071068;
custom,house8,brick1,2,2,2,0,1,1,1,0.2,0.2,-400,35,-600,0,-0.7071068,0,0.7071068;
custom,house8,brick1,2,2,2,0,1,1,1,0.2,0.2,100,35,500,0,0.382515,0,0.9239493;
custom,house8,brick1,2,2,2,0,1,1,1,0.2,0.2,100,35,600,0,0.382515,0,0.9239493;
custom,house8,brick1,2,2,2,0,1,1,1,0.2,0.2,100,35,700,0,0.382515,0,0.9239493;
custom,house8,brick1,2,2,2,0,1,1,1,0.2,0.2,100,35,800,0,0.382515,0,0.9239493;
custom,house8,brick1,2,2,2,0,1,1,1,0.2,0.2,100,35,900,0,0.382515,0,0.9239493;
custom,house8,brick1,2,2,2,0,1,1,1,0.2,0.2,-100,35,500,0,-0.382515,0,0.9239493;
custom,house8,brick1,2,2,2,0,1,1,1,0.2,0.2,-100,35,600,0,-0.382515,0,0.9239493;
custom,house8,brick1,2,2,2,0,1,1,1,0.2,0.2,-100,35,700,0,-0.382515,0,0.9239493;
custom,house8,brick1,2,2,2,0,1,1,1,0.2,0.2,-100,35,800,0,-0.382515,0,0.9239493;
custom,house8,brick1,2,2,2,0,1,1,1,0.2,0.2,-100,35,900,0,-0.382515,0,0.9239493;
custom,house8,brick1,2,2,2,0,1,1,1,0.2,0.2,200,35,600,0,0.382515,0,0.9239493;
custom,house8,brick1,2,2,2,0,1,1,1,0.2,0.2,200,35,700,0,0.382515,0,0.9239493;
custom,house8,brick1,2,2,2,0,1,1,1,0.2,0.2,200,35,800,0,0.382515,0,0.9239493;
custom,house8,brick1,2,2,2,0,1,1,1,0.2,0.2,200,35,900,0,0.382515,0,0.9239493;
custom,house8,brick1,2,2,2,0,1,1,1,0.2,0.2,-200,35,600,0,-0.382515,0,0.9239493;
custom,house8,brick1,2,2,2,0,1,1,1,0.2,0.2,-200,35,700,0,-0.382515,0,0.9239493;
custom,house8,brick1,2,2,2,0,1,1,1,0.2,0.2,-200,35,800,0,-0.382515,0,0.9239493;
custom,house8,brick1,2,2,2,0,1,1,1,0.2,0.2,-200,35,900,0,-0.382515,0,0.9239493;
custom,house8,brick1,2,2,2,0,1,1,1,0.2,0.2,300,35,700,0,0.382515,0,0.9239493;
custom,house8,brick1,2,2,2,0,1,1,1,0.2,0.2,300,35,800,0,0.382515,0,0.9239493;
custom,house8,brick1,2,2,2,0,1,1,1,0.2,0.2,300,35,900,0,0.382515,0,0.9239493;
custom,house8,brick1,2,2,2,0,1,1,1,0.2,0.2,-300,35,700,0,-0.382515,0,0.9239493;
custom,house8,brick1,2,2,2,0,1,1,1,0.2,0.2,-300,35,800,0,-0.382515,0,0.9239493;
custom,house8,brick1,2,2,2,0,1,1,1,0.2,0.2,-300,35,900,0,-0.382515,0,0.9239493;
custom,house8,brick1,2,2,2,0,1,1,1,0.2,0.2,400,35,800,0,0.382515,0,0.9239493;
custom,house8,brick1,2,2,2,0,1,1,1,0.2,0.2,400,35,900,0,0.382515,0,0.9239493;
custom,house8,brick1,2,2,2,0,1,1,1,0.2,0.2,-400,35,800,0,-0.382515,0,0.9239493;
custom,house8,brick1,2,2,2,0,1,1,1,0.2,0.2,-400,35,900,0,-0.382515,0,0.9239493;
custom,house8,brick1,2,2,2,0,1,1,1,0.2,0.2,500,35,900,0,0.382515,0,0.9239493;
custom,house8,brick1,2,2,2,0,1,1,1,0.2,0.2,-500,35,900,0,-0.382515,0,0.9239493;
misc,barrier,200,50,1,0,250,1020,0,0,0,1;
misc,barrier,200,50,1,0,250,-750,0,0,0,1;
misc,barrier,203,50,1,750,250,0,0,0.7071068,0,0.7071068;
misc,barrier,203,50,1,-750,250,0,0,0.7071068,0,0.7071068;
misc,barrier,203,1,203,0,95,0,0,0,0,1;



custom,tube,default,6,35,6,1,0.15,0.3,0.15,1,1,0,-100,950,0,0,0,1;
custom,tube,default,5,34.9,5,1,0,0,0,1,1,0,-100,950,0,0,0,1;
custom,tube,default,7,3,7,1,0.15,0.3,0.15,1,1,0,40,950,0,0,0,1;
custom,tube,default,5.9,2.9,5.9,1,0,0,0,1,1,0,40,950,0,0,0,1;
custom,tube,default,7,3,7,1,0.15,0.3,0.15,1,1,0,-225,950,0,0,0,1;
custom,tube,default,5.9,2.9,5.9,1,0,0,0,1,1,0,-225,950,0,0,0,1;
custom,killcylinder,empty,6,0.5,6,1,0,0,0,1,1,0,-225,950,0,0,0,1;
custom,killcylinder,empty,6,0.5,6,1,0,0,0,1,1,0,45,950,0,0,0,1;
custom,killtube,ice1,4.9,0.5,4.9,0,1,1,1,0.25,1,0,-215,950,0,0,0,1;
custom,killtube,ice1,4.9,0.5,4.9,0,1,1,1,0.25,1,0,35,950,0,0,0,1;





custom,tube,default,6,35,6,1,0.15,0.3,0.15,1,1,0,-100,4025,0,0,0,1;
custom,tube,default,5,34.9,5,1,0,0,0,1,1,0,-100,4025,0,0,0,1;
custom,tube,default,7,3,7,1,0.15,0.3,0.15,1,1,0,40,4025,0,0,0,1;
custom,tube,default,5.9,2.9,5.9,1,0,0,0,1,1,0,40,4025,0,0,0,1;
custom,tube,default,7,3,7,1,0.15,0.3,0.15,1,1,0,-225,4025,0,0,0,1;
custom,tube,default,5.9,2.9,5.9,1,0,0,0,1,1,0,-225,4025,0,0,0,1;
custom,killcylinder,empty,6,0.5,6,1,0,0,0,1,1,0,-225,4025,0,0,0,1;
custom,killcylinder,empty,6,0.5,6,1,0,0,0,1,1,0,45,4025,0,0,0,1;
custom,killtube,ice1,4.9,0.5,4.9,0,1,1,1,0.25,1,0,-215,4025,0,0,0,1;
custom,killtube,ice1,4.9,0.5,4.9,0,1,1,1,0.25,1,0,35,4025,0,0,0,1;

custom,cuboid,grass3,97.5,1,7.5,0,1,1,1,9.75,0.75,512.5,-4.5,4037.5,0,0,0,1;
custom,cuboid,grass3,97.5,1,7.5,0,1,1,1,9.75,0.75,-512.5,-4.5,4037.5,0,0,0,1;
custom,cuboid,grass3,200,1,300,0,1,1,1,20,30,0,-4.5,5575,0,0,0,1;
custom,cuboid,grass3,5,1,3,0,1,1,1,0.5,0.3,0,-4.5,4060,0,0,0,1;
custom,cuboid,grass3,200,1,100,0,1,1,1,20,10,0,-4.5,3500,0,0,0,1;

custom,boulder1,rock3,25,10,8,0,1,1,1,2,2,0,50,3000,0,0,0,1;
custom,boulder1,rock3,25,10,8,0,1,1,1,2,2,250,50,3000,0,1,0,0;
custom,boulder1,rock3,25,10,8,0,1,1,1,2,2,500,50,3000,0,0,0,1;
custom,boulder1,rock3,25,10,8,0,1,1,1,2,2,750,50,3000,0,1,0,0;
custom,boulder1,rock3,25,10,8,0,1,1,1,2,2,-250,50,3000,0,0,0,1;
custom,boulder1,rock3,25,10,8,0,1,1,1,2,2,-500,50,3000,0,1,0,0;
custom,boulder1,rock3,25,10,8,0,1,1,1,2,2,-750,50,3000,0,0,0,1;
custom,boulder1,rock3,25,10,8,0,1,1,1,2,2,1000,50,3000,0,0.7071068,0,0.7071068;
custom,boulder1,rock3,25,10,8,0,1,1,1,2,2,1000,50,3250,0,0.7071068,0,0.7071068;
custom,boulder1,rock3,25,10,8,0,1,1,1,2,2,1000,50,3500,0,0.7071068,0,0.7071068;
custom,boulder1,rock3,25,10,8,0,1,1,1,2,2,1000,50,3750,0,0.7071068,0,0.7071068;
custom,boulder1,rock3,25,10,8,0,1,1,1,2,2,1000,50,4000,0,0.7071068,0,0.7071068;
custom,boulder1,rock3,25,10,8,0,1,1,1,2,2,1000,50,4250,0,0.7071068,0,0.7071068;
custom,boulder1,rock3,25,10,8,0,1,1,1,2,2,1000,50,4500,0,0.7071068,0,0.7071068;
custom,boulder1,rock3,25,10,8,0,1,1,1,2,2,1000,50,4750,0,0.7071068,0,0.7071068;
custom,boulder1,rock3,25,10,8,0,1,1,1,2,2,1000,50,5000,0,0.7071068,0,0.7071068;
custom,boulder1,rock3,25,10,8,0,1,1,1,2,2,1000,50,5250,0,0.7071068,0,0.7071068;
custom,boulder1,rock3,25,10,8,0,1,1,1,2,2,1000,50,5500,0,0.7071068,0,0.7071068;
custom,boulder1,rock3,25,10,8,0,1,1,1,2,2,1000,50,5750,0,0.7071068,0,0.7071068;
custom,boulder1,rock3,25,10,8,0,1,1,1,2,2,1000,50,6000,0,0.7071068,0,0.7071068;
custom,boulder1,rock3,25,10,8,0,1,1,1,2,2,-1000,50,3000,0,0.7071068,0,0.7071068;
custom,boulder1,rock3,25,10,8,0,1,1,1,2,2,-1000,50,3250,0,0.7071068,0,0.7071068;
custom,boulder1,rock3,25,10,8,0,1,1,1,2,2,-1000,50,3500,0,0.7071068,0,0.7071068;
custom,boulder1,rock3,25,10,8,0,1,1,1,2,2,-1000,50,3750,0,0.7071068,0,0.7071068;
custom,boulder1,rock3,25,10,8,0,1,1,1,2,2,-1000,50,4000,0,0.7071068,0,0.7071068;
custom,boulder1,rock3,25,10,8,0,1,1,1,2,2,-1000,50,4250,0,0.7071068,0,0.7071068;
custom,boulder1,rock3,25,10,8,0,1,1,1,2,2,-1000,50,4500,0,0.7071068,0,0.7071068;
custom,boulder1,rock3,25,10,8,0,1,1,1,2,2,-1000,50,4750,0,0.7071068,0,0.7071068;
custom,boulder1,rock3,25,10,8,0,1,1,1,2,2,-1000,50,5000,0,0.7071068,0,0.7071068;
custom,boulder1,rock3,25,10,8,0,1,1,1,2,2,-1000,50,5250,0,0.7071068,0,0.7071068;
custom,boulder1,rock3,25,10,8,0,1,1,1,2,2,-1000,50,5500,0,0.7071068,0,0.7071068;
custom,boulder1,rock3,25,10,8,0,1,1,1,2,2,-1000,50,5750,0,0.7071068,0,0.7071068;
custom,boulder1,rock3,25,10,8,0,1,1,1,2,2,-1000,50,6000,0,0.7071068,0,0.7071068;
custom,house9,brick1,2,2,2,0,1,1,1,1,1,0,40,4400,0,1,0,0;
custom,cuboid,wood1,7.9,1,7.9,0,1,1,1,1,1,0,-4,4400,0,1,0,0;
racing,endcuboid,2,1.9,1,0,10.5,4365.5,0,1,0,0;
custom,cuboid,wood1,2,0.25,0.25,0,1,1,1,1,1,0,20,4360,0,1,0,0;
custom,cuboid,wood1,0.25,2,0.25,0,1,1,1,1,1,8.75,8.75,4360,0,1,0,0;
custom,cuboid,wood1,0.25,2,0.25,0,1,1,1,1,1,-8.75,8.75,4360,0,1,0,0;
custom,house8,brick1,2.5,2.5,2.5,0,1,1,1,0.25,0.25,80,40,4400,0,0,0,1;
custom,house8,brick1,2.5,2.5,2.5,0,1,1,1,0.25,0.25,-80,40,4400,0,0,0,1;
custom,house8,brick1,2.5,2.5,2.4,0,1,1,1,0.25,0.25,0,110,4400,0,0,0,1;
custom,pillar1,brick1,2,2,2,0,1,1,1,1,1,175,0,4400,0,0,0,1;
custom,pillar1,brick1,2,2,2,0,1,1,1,1,1,-175,0,4400,0,0,0,1;
custom,statue2,brick1,2,2,2,0,1,1,1,0.125,0.125,175,120,4400,0,1,0,0;
custom,statue2,brick1,2,2,2,0,1,1,1,0.125,0.125,-175,120,4400,0,1,0,0;
custom,house8,brick1,2.5,2.5,2.5,0,1,1,1,0.25,0.25,280,40,4400,0,0,0,1;
custom,house8,brick1,2.5,2.5,2.5,0,1,1,1,0.25,0.25,380,40,4400,0,0,0,1;
custom,house8,brick1,2.5,2.5,2.5,0,1,1,1,0.25,0.25,480,40,4400,0,0,0,1;
custom,house8,brick1,2.5,2.5,2.5,0,1,1,1,0.25,0.25,580,40,4400,0,0,0,1;
custom,house8,brick1,2.5,2.5,2.5,0,1,1,1,0.25,0.25,680,40,4400,0,0,0,1;
custom,house8,brick1,2.5,2.5,2.5,0,1,1,1,0.25,0.25,780,40,4400,0,0,0,1;
custom,house8,brick1,2.5,2.5,2.5,0,1,1,1,0.25,0.25,880,40,4400,0,0,0,1;
custom,house8,brick1,2.5,2.5,2.5,0,1,1,1,0.25,0.25,-280,40,4400,0,0,0,1;
custom,house8,brick1,2.5,2.5,2.5,0,1,1,1,0.25,0.25,-380,40,4400,0,0,0,1;
custom,house8,brick1,2.5,2.5,2.5,0,1,1,1,0.25,0.25,-480,40,4400,0,0,0,1;
custom,house8,brick1,2.5,2.5,2.5,0,1,1,1,0.25,0.25,-580,40,4400,0,0,0,1;
custom,house8,brick1,2.5,2.5,2.5,0,1,1,1,0.25,0.25,-680,40,4400,0,0,0,1;
custom,house8,brick1,2.5,2.5,2.5,0,1,1,1,0.25,0.25,-780,40,4400,0,0,0,1;
custom,house8,brick1,2.5,2.5,2.5,0,1,1,1,0.25,0.25,-880,40,4400,0,0,0,1;
custom,field2,default,5,5,1,0,1,1,1,1,1,-1000,0,4500,0,1,0,0;
custom,field2,default,5,5,1,0,1,1,1,1,1,-750,0,4500,0,1,0,0;
custom,field2,default,5,5,1,0,1,1,1,1,1,-500,0,4500,0,1,0,0;
custom,field2,default,5,5,1,0,1,1,1,1,1,-250,0,4500,0,1,0,0;
custom,field2,default,5,5,1,0,1,1,1,1,1,0,0,4500,0,1,0,0;
custom,field2,default,5,5,1,0,1,1,1,1,1,250,0,4500,0,1,0,0;
custom,field2,default,5,5,1,0,1,1,1,1,1,500,0,4500,0,1,0,0;
custom,field2,default,5,5,1,0,1,1,1,1,1,750,0,4500,0,1,0,0;
custom,field2,default,5,5,1,0,1,1,1,1,1,1000,0,4500,0,1,0,0;
custom,field2,default,5,5,1,0,1,1,1,1,1,-1000,0,4600,0,1,0,0;
custom,field2,default,5,5,1,0,1,1,1,1,1,-750,0,4600,0,1,0,0;
custom,field2,default,5,5,1,0,1,1,1,1,1,-500,0,4600,0,1,0,0;
custom,field2,default,5,5,1,0,1,1,1,1,1,-250,0,4600,0,1,0,0;
custom,field2,default,5,5,1,0,1,1,1,1,1,0,0,4600,0,1,0,0;
custom,field2,default,5,5,1,0,1,1,1,1,1,250,0,4600,0,1,0,0;
custom,field2,default,5,5,1,0,1,1,1,1,1,500,0,4600,0,1,0,0;
custom,field2,default,5,5,1,0,1,1,1,1,1,750,0,4600,0,1,0,0;
custom,field2,default,5,5,1,0,1,1,1,1,1,1000,0,4600,0,1,0,0;
custom,field2,default,5,5,1,0,1,1,1,1,1,-1000,0,4800,0,1,0,0;
custom,field2,default,5,5,1,0,1,1,1,1,1,-750,0,4800,0,1,0,0;
custom,field2,default,5,5,1,0,1,1,1,1,1,-500,0,4800,0,1,0,0;
custom,field2,default,5,5,1,0,1,1,1,1,1,-250,0,4800,0,1,0,0;
custom,field2,default,5,5,1,0,1,1,1,1,1,0,0,4800,0,1,0,0;
custom,field2,default,5,5,1,0,1,1,1,1,1,250,0,4800,0,1,0,0;
custom,field2,default,5,5,1,0,1,1,1,1,1,500,0,4800,0,1,0,0;
custom,field2,default,5,5,1,0,1,1,1,1,1,750,0,4800,0,1,0,0;
custom,field2,default,5,5,1,0,1,1,1,1,1,1000,0,4800,0,1,0,0;
custom,field2,default,2,2,2,0,1,1,1,1,1,250,0,3800,0,1,0,0;
custom,field2,default,2,2,2,0,1,1,1,1,1,250,0,3900,0,1,0,0;
custom,field2,default,2,2,2,0,1,1,1,1,1,250,0,4000,0,1,0,0;
custom,field2,default,2,2,2,0,1,1,1,1,1,250,0,4100,0,1,0,0;
custom,field2,default,2,2,2,0,1,1,1,1,1,250,0,4200,0,1,0,0;
custom,field2,default,2,2,2,0,1,1,1,1,1,250,0,4300,0,1,0,0;
custom,field2,default,2,2,2,0,1,1,1,1,1,350,0,3800,0,1,0,0;
custom,field2,default,2,2,2,0,1,1,1,1,1,350,0,3900,0,1,0,0;
custom,field2,default,2,2,2,0,1,1,1,1,1,350,0,4000,0,1,0,0;
custom,field2,default,2,2,2,0,1,1,1,1,1,350,0,4100,0,1,0,0;
custom,field2,default,2,2,2,0,1,1,1,1,1,350,0,4200,0,1,0,0;
custom,field2,default,2,2,2,0,1,1,1,1,1,350,0,4300,0,1,0,0;
custom,field2,default,2,2,2,0,1,1,1,1,1,500,0,3800,0,1,0,0;
custom,field2,default,2,2,2,0,1,1,1,1,1,500,0,3900,0,1,0,0;
custom,field2,default,2,2,2,0,1,1,1,1,1,500,0,4000,0,1,0,0;
custom,field2,default,2,2,2,0,1,1,1,1,1,500,0,4100,0,1,0,0;
custom,field2,default,2,2,2,0,1,1,1,1,1,500,0,4200,0,1,0,0;
custom,field2,default,2,2,2,0,1,1,1,1,1,500,0,4300,0,1,0,0;
custom,field2,default,2,2,2,0,1,1,1,1,1,650,0,3800,0,1,0,0;
custom,field2,default,2,2,2,0,1,1,1,1,1,650,0,3900,0,1,0,0;
custom,field2,default,2,2,2,0,1,1,1,1,1,650,0,4000,0,1,0,0;
custom,field2,default,2,2,2,0,1,1,1,1,1,650,0,4100,0,1,0,0;
custom,field2,default,2,2,2,0,1,1,1,1,1,650,0,4200,0,1,0,0;
custom,field2,default,2,2,2,0,1,1,1,1,1,650,0,4300,0,1,0,0;
custom,field2,default,2,2,2,0,1,1,1,1,1,750,0,3800,0,1,0,0;
custom,field2,default,2,2,2,0,1,1,1,1,1,750,0,3900,0,1,0,0;
custom,field2,default,2,2,2,0,1,1,1,1,1,750,0,4000,0,1,0,0;
custom,field2,default,2,2,2,0,1,1,1,1,1,750,0,4100,0,1,0,0;
custom,field2,default,2,2,2,0,1,1,1,1,1,750,0,4200,0,1,0,0;
custom,field2,default,2,2,2,0,1,1,1,1,1,750,0,4300,0,1,0,0;
custom,field2,default,2,2,2,0,1,1,1,1,1,-250,0,3800,0,1,0,0;
custom,field2,default,2,2,2,0,1,1,1,1,1,-250,0,3900,0,1,0,0;
custom,field2,default,2,2,2,0,1,1,1,1,1,-250,0,4000,0,1,0,0;
custom,field2,default,2,2,2,0,1,1,1,1,1,-250,0,4100,0,1,0,0;
custom,field2,default,2,2,2,0,1,1,1,1,1,-250,0,4200,0,1,0,0;
custom,field2,default,2,2,2,0,1,1,1,1,1,-250,0,4300,0,1,0,0;
custom,field2,default,2,2,2,0,1,1,1,1,1,-350,0,3800,0,1,0,0;
custom,field2,default,2,2,2,0,1,1,1,1,1,-350,0,3900,0,1,0,0;
custom,field2,default,2,2,2,0,1,1,1,1,1,-350,0,4000,0,1,0,0;
custom,field2,default,2,2,2,0,1,1,1,1,1,-350,0,4100,0,1,0,0;
custom,field2,default,2,2,2,0,1,1,1,1,1,-350,0,4200,0,1,0,0;
custom,field2,default,2,2,2,0,1,1,1,1,1,-350,0,4300,0,1,0,0;
custom,field2,default,2,2,2,0,1,1,1,1,1,-500,0,3800,0,1,0,0;
custom,field2,default,2,2,2,0,1,1,1,1,1,-500,0,3900,0,1,0,0;
custom,field2,default,2,2,2,0,1,1,1,1,1,-500,0,4000,0,1,0,0;
custom,field2,default,2,2,2,0,1,1,1,1,1,-500,0,4100,0,1,0,0;
custom,field2,default,2,2,2,0,1,1,1,1,1,-500,0,4200,0,1,0,0;
custom,field2,default,2,2,2,0,1,1,1,1,1,-500,0,4300,0,1,0,0;
custom,field2,default,2,2,2,0,1,1,1,1,1,-650,0,3800,0,1,0,0;
custom,field2,default,2,2,2,0,1,1,1,1,1,-650,0,3900,0,1,0,0;
custom,field2,default,2,2,2,0,1,1,1,1,1,-650,0,4000,0,1,0,0;
custom,field2,default,2,2,2,0,1,1,1,1,1,-650,0,4100,0,1,0,0;
custom,field2,default,2,2,2,0,1,1,1,1,1,-650,0,4200,0,1,0,0;
custom,field2,default,2,2,2,0,1,1,1,1,1,-650,0,4300,0,1,0,0;
custom,field2,default,2,2,2,0,1,1,1,1,1,-750,0,3800,0,1,0,0;
custom,field2,default,2,2,2,0,1,1,1,1,1,-750,0,3900,0,1,0,0;
custom,field2,default,2,2,2,0,1,1,1,1,1,-750,0,4000,0,1,0,0;
custom,field2,default,2,2,2,0,1,1,1,1,1,-750,0,4100,0,1,0,0;
custom,field2,default,2,2,2,0,1,1,1,1,1,-750,0,4200,0,1,0,0;
custom,field2,default,2,2,2,0,1,1,1,1,1,-750,0,4300,0,1,0,0;
custom,tree2,default,1,1,1,0,1,1,1,1,1,0,68,3600,0,0,0,1;
custom,tree2,default,1,1,1,0,1,1,1,1,1,100,68,3500,0,0,0,1;
custom,tree2,default,1,1,1,0,1,1,1,1,1,-100,68,3400,0,0,0,1;
custom,tree2,default,1,1,1,0,1,1,1,1,1,200,68,3600,0,0,0,1;
custom,tree2,default,1,1,1,0,1,1,1,1,1,-200,68,3500,0,0,0,1;
custom,tree2,default,1,1,1,0,1,1,1,1,1,0,68,3700,0,0,0,1;
custom,tree2,default,1,1,1,0,1,1,1,1,1,100,68,3600,0,0,0,1;
custom,tree2,default,1,1,1,0,1,1,1,1,1,-100,68,3500,0,0,0,1;
custom,tree2,default,1,1,1,0,1,1,1,1,1,200,68,3700,0,0,0,1;
custom,tree2,default,1,1,1,0,1,1,1,1,1,-200,68,3600,0,0,0,1;
custom,tree2,default,1,1,1,0,1,1,1,1,1,500,68,3700,0,0,0,1;
custom,tree2,default,1,1,1,0,1,1,1,1,1,600,68,3600,0,0,0,1;
custom,tree2,default,1,1,1,0,1,1,1,1,1,400,68,3500,0,0,0,1;
custom,tree2,default,1,1,1,0,1,1,1,1,1,700,68,3700,0,0,0,1;
custom,tree2,default,1,1,1,0,1,1,1,1,1,300,68,3600,0,0,0,1;
custom,tree2,default,1,1,1,0,1,1,1,1,1,-500,68,3700,0,0,0,1;
custom,tree2,default,1,1,1,0,1,1,1,1,1,-400,68,3600,0,0,0,1;
custom,tree2,default,1,1,1,0,1,1,1,1,1,-600,68,3500,0,0,0,1;
custom,tree2,default,1,1,1,0,1,1,1,1,1,-300,68,3700,0,0,0,1;
custom,tree2,default,1,1,1,0,1,1,1,1,1,-700,68,3600,0,0,0,1;
custom,tree2,default,1,1,1,0,1,1,1,1,1,0,68,3350,0,0,0,1;
custom,tree2,default,1,1,1,0,1,1,1,1,1,100,68,3250,0,0,0,1;
custom,tree2,default,1,1,1,0,1,1,1,1,1,-100,68,3150,0,0,0,1;
custom,tree2,default,1,1,1,0,1,1,1,1,1,200,68,3350,0,0,0,1;
custom,tree2,default,1,1,1,0,1,1,1,1,1,-200,68,3250,0,0,0,1;
custom,tree2,default,1,1,1,0,1,1,1,1,1,0,68,3450,0,0,0,1;
custom,tree2,default,1,1,1,0,1,1,1,1,1,100,68,3350,0,0,0,1;
custom,tree2,default,1,1,1,0,1,1,1,1,1,-100,68,3250,0,0,0,1;
custom,tree2,default,1,1,1,0,1,1,1,1,1,200,68,3450,0,0,0,1;
custom,tree2,default,1,1,1,0,1,1,1,1,1,-200,68,3350,0,0,0,1;
custom,tree2,default,1,1,1,0,1,1,1,1,1,500,68,3450,0,0,0,1;
custom,tree2,default,1,1,1,0,1,1,1,1,1,600,68,3350,0,0,0,1;
custom,tree2,default,1,1,1,0,1,1,1,1,1,400,68,3250,0,0,0,1;
custom,tree2,default,1,1,1,0,1,1,1,1,1,700,68,3450,0,0,0,1;
custom,tree2,default,1,1,1,0,1,1,1,1,1,300,68,3350,0,0,0,1;
custom,tree2,default,1,1,1,0,1,1,1,1,1,-500,68,3450,0,0,0,1;
custom,tree2,default,1,1,1,0,1,1,1,1,1,-400,68,3350,0,0,0,1;
custom,tree2,default,1,1,1,0,1,1,1,1,1,-600,68,3250,0,0,0,1;
custom,tree2,default,1,1,1,0,1,1,1,1,1,-300,68,3450,0,0,0,1;
custom,tree2,default,1,1,1,0,1,1,1,1,1,-700,68,3350,0,0,0,1;




















misc,barrier,97.5,1,7.5,512.5,-170,4037.5,0,0,0,1;
misc,barrier,97.5,1,7.5,-512.5,-170,4037.5,0,0,0,1;
misc,barrier,200,1,300,0,-170,5575,0,0,0,1;
misc,barrier,5,1,3,0,-170,4060,0,0,0,1;
custom,killcuboid,stone9,197.5,1,7.5,0,1,1,1,19.75,0.75,1012.5,-170,4037.5,0,0,0,1;
custom,killcuboid,stone9,197.5,1,7.5,0,1,1,1,19.75,0.75,-1012.5,-170,4037.5,0,0,0,1;
custom,killcuboid,stone9,400,1,300,0,1,1,1,40,30,0,-170,5575,0,0,0,1;
custom,killcuboid,stone9,5,1,3,0,1,1,1,0.5,0.3,0,-170,4060,0,0,0,1;
custom,killcuboid,barriereditormat,197.5,1,7.5,1,0,0.2,1,19.75,0.75,1012.5,-170,4037.5,0,0,0,1;
custom,killcuboid,barriereditormat,197.5,1,7.5,1,0,0.2,1,19.75,0.75,-1012.5,-170,4037.5,0,0,0,1;
custom,killcuboid,barriereditormat,400,1,300,1,0,0.2,1,40,30,0,-170,5575,0,0,0,1;
custom,killcuboid,barriereditormat,5,1,3,1,0,0.2,1,0.5,0.3,0,-170,4060,0,0,0,1;
custom,killcuboid,barriereditormat,197.5,1,7.5,1,0,0.2,1,19.75,0.75,1012.5,-170,4037.5,0,0,0,1;
custom,killcuboid,barriereditormat,197.5,1,7.5,1,0,0.2,1,19.75,0.75,-1012.5,-170,4037.5,0,0,0,1;
custom,killcuboid,barriereditormat,400,1,300,1,0,0.2,1,40,30,0,-170,5575,0,0,0,1;
custom,killcuboid,barriereditormat,5,1,3,1,0,0.2,1,0.5,0.3,0,-170,4060,0,0,0,1;
misc,barrier,400,1,192.5,0,-170,-37.5,0,0,0,1;
misc,barrier,197.5,1,7.5,1012.5,-170,962.5,0,0,0,1;
misc,barrier,197.5,1,7.5,-1012.5,-170,962.5,0,0,0,1;
misc,barrier,400,1,300,0,-170,2500,0,0,0,1;
misc,barrier,5,1,3,0,-170,985,0,0,0,1;
custom,killcuboid,stone9,400,1,192.5,0,1,1,1,40,19.25,0,-170,-37.5,0,0,0,1;
custom,killcuboid,stone9,197.5,1,7.5,0,1,1,1,19.75,0.75,1012.5,-170,962.5,0,0,0,1;
custom,killcuboid,stone9,197.5,1,7.5,0,1,1,1,19.75,0.75,-1012.5,-170,962.5,0,0,0,1;
custom,killcuboid,stone9,400,1,300,0,1,1,1,40,30,0,-170,2500,0,0,0,1;
custom,killcuboid,stone9,5,1,3,0,1,1,1,0.5,0.3,0,-170,985,0,0,0,1;
custom,killcuboid,barriereditormat,400,1,192.5,1,0,0.2,1,40,19.25,0,-170,-37.5,0,0,0,1;
custom,killcuboid,barriereditormat,197.5,1,7.5,1,0,0.2,1,19.75,0.75,1012.5,-170,962.5,0,0,0,1;
custom,killcuboid,barriereditormat,197.5,1,7.5,1,0,0.2,1,19.75,0.75,-1012.5,-170,962.5,0,0,0,1;
custom,killcuboid,barriereditormat,400,1,300,1,0,0.2,1,40,30,0,-170,2500,0,0,0,1;
custom,killcuboid,barriereditormat,5,1,3,1,0,0.2,1,0.5,0.3,0,-170,985,0,0,0,1;
custom,killcuboid,barriereditormat,400,1,192.5,1,0,0.2,1,40,19.25,0,-170,-37.5,0,0,0,1;
custom,killcuboid,barriereditormat,197.5,1,7.5,1,0,0.2,1,19.75,0.75,1012.5,-170,962.5,0,0,0,1;
custom,killcuboid,barriereditormat,197.5,1,7.5,1,0,0.2,1,19.75,0.75,-1012.5,-170,962.5,0,0,0,1;
custom,killcuboid,barriereditormat,400,1,300,1,0,0.2,1,40,30,0,-170,2500,0,0,0,1;
custom,killcuboid,barriereditormat,5,1,3,1,0,0.2,1,0.5,0.3,0,-170,985,0,0,0,1;
racing,killplane,1000,-1.1,1000,0,-325,0,0,0,0,1;
racing,killplane,1000,-1.1,1000,0,-325,0,0,0,0,1;

custom,cuboid,rock2,1000,1,1000,0,1,1,1,100,100,0,-330,0,0,0,0,1;
custom,cuboid,barriereditormat,1000,1,1000,1,0,0.2,1,20,20,0,-330,0,0,0,0,1;
custom,field2,default,2,2,1,1,0,1,0,1,1,0,-325,700,0,0,0,1;
custom,field2,default,2,2,1,1,0,1,0,1,1,100,-325,700,0,0,0,1;
custom,field2,default,2,2,1,1,0,1,0,1,1,-100,-325,700,0,0,0,1;
custom,field2,default,2,2,1,1,0,1,0,1,1,0,-325,900,0,0,0,1;
custom,field2,default,2,2,1,1,0,1,0,1,1,200,-325,900,0,0.7071068,0,0.7071068;
custom,field2,default,2,2,1,1,0,1,0,1,1,-200,-325,900,0,0.7071068,0,0.7071068;
custom,field2,default,2,2,1,1,0,1,0,1,1,0,-325,1100,0,0,0,1;
custom,field2,default,2,2,1,1,0,1,0,1,1,200,-325,1100,0,0.7071068,0,0.7071068;
custom,field2,default,2,2,1,1,0,1,0,1,1,-200,-325,1100,0,0.7071068,0,0.7071068;
custom,tree1,rock1,1.5,1,1.5,0,1,1,1,1,1,100,-440,1100,0,0,0,1;
custom,tree1,rock1,1.5,1,1.5,0,1,1,1,1,1,100,-440,1100,0,0.382515,0,0.9239493;
custom,tree1,rock1,1.5,1,1.5,0,1,1,1,1,1,-100,-440,1100,0,0,0,1;
custom,tree1,rock1,1.5,1,1.5,0,1,1,1,1,1,-100,-440,1100,0,0.382515,0,0.9239493;
custom,cylinder,stone10,50,2,50,0,1,1,1,5,5,0,-305,2500,0,0,0,1;
custom,cylinder,stone10,50.1,1.9,50.1,0,1,1,1,5,0.5,0,-305,2500,0,0,0,1;
custom,cylinder,stone10,50,2,50,0,1,1,1,5,5,0,-195,2500,0,0,0,1;
custom,cylinder,stone10,50.1,1.9,50.1,0,1,1,1,5,0.5,0,-195,2500,0,0,0,1;
custom,cylinder,stone10,35,3.5,35,0,1,1,1,2,0.5,0,-250,2500,0,0,0,1;
racing,killcylinder,50,3.5,50,0,-250,2500,0,0,0,1;
custom,cylinder,stone10,50,2,50,0,1,1,1,5,5,600,-305,2500,0,0,0,1;
custom,cylinder,stone10,50.1,1.9,50.1,0,1,1,1,5,0.5,600,-305,2500,0,0,0,1;
custom,cylinder,stone10,50,2,50,0,1,1,1,5,5,600,-195,2500,0,0,0,1;
custom,cylinder,stone10,50.1,1.9,50.1,0,1,1,1,5,0.5,600,-195,2500,0,0,0,1;
custom,cylinder,stone10,35,3.5,35,0,1,1,1,2,0.5,600,-250,2500,0,0,0,1;
racing,killcylinder,50,3.5,50,600,-250,2500,0,0,0,1;
custom,cylinder,stone10,50,2,50,0,1,1,1,5,5,-600,-305,2500,0,0,0,1;
custom,cylinder,stone10,50.1,1.9,50.1,0,1,1,1,5,0.5,-600,-305,2500,0,0,0,1;
custom,cylinder,stone10,50,2,50,0,1,1,1,5,5,-600,-195,2500,0,0,0,1;
custom,cylinder,stone10,50.1,1.9,50.1,0,1,1,1,5,0.5,-600,-195,2500,0,0,0,1;
custom,cylinder,stone10,35,3.5,35,0,1,1,1,2,0.5,-600,-250,2500,0,0,0,1;
racing,killcylinder,50,3.5,50,-600,-250,2500,0,0,0,1;
custom,killcuboid,barriereditormat,30,15,1,1,0,0.2,1,1,1,0,-250,800,0,0,0,1;
custom,killcuboid,barriereditormat,40,15,1,1,0,0.2,1,1,1,145,-250,1005,0,0.7071068,0,0.7071068;
custom,killcuboid,barriereditormat,40,15,1,1,0,0.2,1,1,1,-145,-250,1005,0,0.7071068,0,0.7071068;
custom,killcuboid,barriereditormat,10,15,1,1,0,0.2,1,1,1,90,-250,1200,0,0,0,1;
custom,killcuboid,barriereditormat,10,15,1,1,0,0.2,1,1,1,-90,-250,1200,0,0,0,1;
custom,killcuboid,barriereditormat,8,9,1,1,0,0.2,1,1,1,0,-280,1200,0,0,0,1;
misc,barrier,30,15,1,0,-250,800,0,0,0,1;
misc,barrier,40,15,1,145,-250,1005,0,0.7071068,0,0.7071068;
misc,barrier,40,15,1,-145,-250,1005,0,0.7071068,0,0.7071068;
misc,barrier,10,15,1,90,-250,1200,0,0,0,1;
misc,barrier,10,15,1,-90,-250,1200,0,0,0,1;
misc,barrier,8,9,1,0,-280,1200,0,0,0,1;


base,levelBottom,default,0.0081,0.1833333333333333,0.0011,0,1,1,1,1.0,1.0,0,-180,1200,0,0,0,1;
base,levelBottom,default,0.0081,0.1833333333333333,0.0011,0,1,1,1,1.0,1.0,0,-240,1200,0,0,0,1;
base,levelBottom,default,0.0011,1.183333333333333,0.0011,0,1,1,1,1.0,1.0,45,-210,1200,0,0,0,1;
base,levelBottom,default,0.0011,1.183333333333333,0.0011,0,1,1,1,1.0,1.0,-45,-210,1200,0,0,0,1;

custom,killcuboid,transparent0.5,8.1,1.1,1.1,1,0,0,1,1.0,1.0,0,-180,1200,0,0,0,1;
custom,killcuboid,transparent0.5,8.1,1.1,1.1,1,0,0,1,1.0,1.0,0,-240,1200,0,0,0,1;
custom,killcuboid,transparent0.5,1.1,7.1,1.1,1,0,0,1,1.0,1.0,45,-210,1200,0,0,0,1;
custom,killcuboid,transparent0.5,1.1,7.1,1.1,1,0,0,1,1.0,1.0,-45,-210,1200,0,0,0,1;





custom,killcuboid,barriereditormat,30,15,1,1,0,0.2,1,1,1,145,-250,1355,0,0.7071068,0,0.7071068;
custom,killcuboid,barriereditormat,20,15,1,1,0,0.2,1,1,1,-145,-250,1305,0,0.7071068,0,0.7071068;
custom,killcuboid,barriereditormat,10,11,1,1,0,0.2,1,1,1,-145,-270,1455,0,0.7071068,0,0.7071068;
custom,killcuboid,barriereditormat,30,15,1,1,0,0.2,1,1,1,0,-250,1510,0,0,0,1;
custom,killcuboid,barriereditormat,87,15,1,1,0,0.2,1,1,1,-245,-250,1080,0,0.7071068,0,0.7071068;
custom,killcuboid,barriereditormat,87,15,1,1,0,0.2,1,1,1,245,-250,1080,0,0.7071068,0,0.7071068;
custom,killcuboid,barriereditormat,9,15,1,1,0,0.2,1,1,1,-195,-250,1510,0,0,0,1;
custom,killcuboid,barriereditormat,50,15,1,1,0,0.2,1,1,1,0,-250,640,0,0,0,1;
custom,killcuboid,barriereditormat,30,15,1,1,0,0.2,1,1,1,400,-250,1510,0,0,0,1;
custom,killcuboid,barriereditormat,40,15,1,1,0,0.2,1,1,1,350,-250,1610,0,0,0,1;
custom,killcuboid,barriereditormat,10,15,1,1,0,0.2,1,1,1,145,-250,1565,0,0.7071068,0,0.7071068;
misc,barrier,30,15,1,145,-250,1355,0,0.7071068,0,0.7071068;
misc,barrier,20,15,1,-145,-250,1305,0,0.7071068,0,0.7071068;
misc,barrier,10,11,1,-145,-270,1455,0,0.7071068,0,0.7071068;
misc,barrier,30,15,1,0,-250,1510,0,0,0,1;
misc,barrier,87,15,1,-245,-250,1080,0,0.7071068,0,0.7071068;
misc,barrier,87,15,1,245,-250,1080,0,0.7071068,0,0.7071068;
misc,barrier,9,15,1,-195,-250,1510,0,0,0,1;
misc,barrier,50,15,1,0,-250,640,0,0,0,1;
misc,barrier,30,15,1,400,-250,1510,0,0,0,1;
misc,barrier,40,15,1,350,-250,1610,0,0,0,1;
misc,barrier,10,15,1,145,-250,1565,0,0.7071068,0,0.7071068;
custom,killcuboid,barriereditormat,10,15,1,1,0,0.2,1,1,1,545,-250,1665,0,0.7071068,0,0.7071068;
custom,killcuboid,barriereditormat,10,15,1,1,0,0.2,1,1,1,545,-250,1455,0,0.7071068,0,0.7071068;
custom,killcuboid,barriereditormat,10,15,1,1,0,0.2,1,1,1,1055,-250,1665,0,0.7071068,0,0.7071068;
custom,killcuboid,barriereditormat,10,15,1,1,0,0.2,1,1,1,1055,-250,1455,0,0.7071068,0,0.7071068;
misc,barrier,10,15,1,545,-250,1665,0,0.7071068,0,0.7071068;
misc,barrier,10,15,1,545,-250,1455,0,0.7071068,0,0.7071068;
racing,killCuboid,50,15,1,800,-250,1710,0,0,0,1;
racing,killCuboid,50,15,1,800,-250,1410,0,0,0,1;
misc,barrier,10,15,1,1055,-250,1665,0,0.7071068,0,0.7071068;
misc,barrier,10,15,1,1055,-250,1455,0,0.7071068,0,0.7071068;
racing,killCuboid,10.1,1.1,1.1,-145,-220,1455,0,0.7071068,0,0.7071068;
racing,killCuboid,10.1,1.1,1.1,-145,-180,1455,0,0.7071068,0,0.7071068;
racing,killCuboid,1.1,5.1,1.1,-145,-200,1400,0,0.7071068,0,0.7071068;
racing,killCuboid,1.1,5.1,1.1,-145,-200,1500,0,0.7071068,0,0.7071068;
custom,killcuboid,barriereditormat,40,15,1,1,0,0.2,1,1,1,1250,-250,1510,0,0,0,1;
custom,killcuboid,barriereditormat,30,15,1,1,0,0.2,1,1,1,1200,-250,1610,0,0,0,1;
misc,barrier,40,15,1,1250,-250,1510,0,0,0,1;
misc,barrier,30,15,1,1200,-250,1610,0,0,0,1;
custom,killcuboid,barriereditormat,50,15,1,1,0,0.2,1,1,1,1100,-250,1900,0,0,0,1;
custom,killcuboid,barriereditormat,50,15,1,1,0,0.2,1,1,1,1200,-250,2000,0,0,0,1;
custom,killcuboid,barriereditormat,85.5,15,1,1,0,0.2,1,1,1,945,-250,2422.5,0,0.7071068,0,0.7071068;
custom,killcuboid,barriereditormat,190,15,1,1,0,0.2,1,1,1,0,-250,2855,0,0,0,1;
custom,killcuboid,barriereditormat,180,15,1,1,0,0.2,1,1,1,-60,-250,2145,0,0,0,1;
custom,killcuboid,barriereditormat,55,15,1,1,0,0.2,1,1,1,-955,-250,2585,0,0.7071068,0,0.7071068;
racing,killcuboid,30,15,1,1355,-250,1755,0,0.7071068,0,0.7071068;
racing,killcuboid,50,15,1,1455,-250,1755,0,0.7071068,0,0.7071068;
misc,barrier,50,15,1,1100,-250,1900,0,0,0,1;
racing,killcuboid,60.5,15,1,845,-250,2197.5,0,0.7071068,0,0.7071068;
misc,barrier,50,15,1,1200,-250,2000,0,0,0,1;
misc,barrier,85.5,15,1,945,-250,2422.5,0,0.7071068,0,0.7071068;
misc,barrier,190,15,1,0,-250,2855,0,0,0,1;
racing,killcuboid,35,15,1,355,-250,2325,0,0.7071068,0,0.7071068;
racing,killcuboid,35,15,1,245,-250,2675,0,0.7071068,0,0.7071068;
racing,killcuboid,35,15,1,-245,-250,2675,0,0.7071068,0,0.7071068;
racing,killcuboid,35,15,1,-355,-250,2325,0,0.7071068,0,0.7071068;
racing,killcuboid,35,15,1,-845,-250,2325,0,0.7071068,0,0.7071068;
misc,barrier,180,15,1,-60,-250,2145,0,0,0,1;
misc,barrier,55,15,1,-955,-250,2585,0,0.7071068,0,0.7071068;
racing,killcuboid,100,15,1,-1055,-250,2650,0,0.7071068,0,0.7071068;
racing,killcuboid,10,15,1,-1010,-250,2145,0,0,0,1;
racing,killcuboid,16,5,2,-960,-300,2230,0,0.7071068,0,0.7071068;
racing,killcuboid,16,5,2,-960,-200,2230,0,0.7071068,0,0.7071068;
racing,killcuboid,5,5,2,-960,-250,2285,0,0.7071068,0,0.7071068;
racing,killcuboid,5,5,2,-960,-250,2175,0,0.7071068,0,0.7071068;
racing,killcuboid,55,15,1,-965,-250,2585,0,0.7071068,0,0.7071068;
racing,killcuboid,20,15,1,-980,-250,3080,0,0.382515,0,0.9239493;
racing,killcuboid,20,15,1,-845,-250,3080,0,-0.382515,0,0.9239493;
racing,killcuboid,20,15,1,-700,-250,3080,0,0.382515,0,0.9239493;
racing,killcuboid,20,15,1,-565,-250,3080,0,-0.382515,0,0.9239493;
racing,killcuboid,20,15,1,-420,-250,3080,0,0.382515,0,0.9239493;
racing,killcuboid,20,15,1,-285,-250,3080,0,-0.382515,0,0.9239493;
racing,killcuboid,20,15,1,-845,-250,2925,0,-0.382515,0,0.9239493;
racing,killcuboid,20,15,1,-700,-250,2925,0,0.382515,0,0.9239493;
racing,killcuboid,20,15,1,-565,-250,2925,0,-0.382515,0,0.9239493;
racing,killcuboid,20,15,1,-420,-250,2925,0,0.382515,0,0.9239493;
racing,killcuboid,20,15,1,-285,-250,2925,0,-0.382515,0,0.9239493;
racing,killCuboid,10,15,1,-965,-250,2910,0,0.7071068,0,0.7071068;
racing,killCuboid,1,5,5,-965,-250,2910,0.382515,0,0,0.9239493;
racing,killCuboid,30,15,1,-70,-250,2995,0,0,0,1;
racing,killCuboid,30,15,1,-70,-250,3150,0,0,0,1;
racing,killcuboid,20,15,1,150,-250,3065,0,-0.382515,0,0.9239493;
racing,killcuboid,20,15,1,220,-250,3235,0,0.7071068,0,0.7071068;
racing,killcuboid,18,15,1,75,-250,3245,0,0.7071068,0,0.7071068;
racing,killcuboid,20,15,1,145,-250,3405,0,-0.382515,0,0.9239493;
racing,killcuboid,20,15,1,325,-250,3330,0,0,0,1;
racing,killcuboid,21,15,1,320,-250,3475,0,0,0,1;
racing,killcuboid,20,15,1,1325,-250,3330,0,0,0,1;
racing,killcuboid,20,15,1,1325,-250,3475,0,0,0,1;
racing,killcuboid,80,15,1,825,-250,3230,0,0,0,1;
racing,killcuboid,80,15,1,825,-250,3575,0,0,0,1;
racing,killCuboid,10,15,1,1220,-250,3285,0,0.7071068,0,0.7071068;
racing,killCuboid,10,15,1,1220,-250,3520,0,0.7071068,0,0.7071068;
racing,killCuboid,10,15,1,430,-250,3285,0,0.7071068,0,0.7071068;
racing,killCuboid,10,15,1,430,-250,3520,0,0.7071068,0,0.7071068;
racing,killcuboid,5,15,1,1450,-250,3340,0,0,0,1;
racing,killcuboid,5,15,1,1450,-250,3465,0,0,0,1;
racing,killcuboid,5,15,1,1500,-250,3350,0,0,0,1;
racing,killcuboid,5,15,1,1500,-250,3455,0,0,0,1;
racing,killcuboid,5,15,1,1550,-250,3360,0,0,0,1;
racing,killcuboid,5,15,1,1550,-250,3445,0,0,0,1;
racing,killcuboid,5,15,1,1600,-250,3370,0,0,0,1;
racing,killcuboid,5,15,1,1600,-250,3435,0,0,0,1;
racing,killcuboid,5,15,1,1650,-250,3380,0,0,0,1;
racing,killcuboid,5,15,1,1650,-250,3425,0,0,0,1;
racing,killcuboid,5,15,1,1700,-250,3390,0,0,0,1;
racing,killcuboid,5,15,1,1700,-250,3415,0,0,0,1;
racing,killcuboid,1,15,28,1800,-250,3442.5,0,0,0,1;
racing,killcuboid,1,15,8.25,1720,-250,3343.75,0,0,0,1;
racing,killcuboid,1,15,8.25,1720,-250,3461.25,0,0,0,1;
racing,killcuboid,9,15,1,1760,-250,3297.5,0,0,0,1;
racing,killcuboid,25,15,1,1590,-250,3497.5,0,0,0,1;
racing,killcuboid,25,15,1,1470,-250,3627.5,0,0.7071068,0,0.7071068;
racing,killcuboid,25,15,1,1680,-250,3587.5,0,0,0,1;
racing,killcuboid,25,15,1,1560,-250,3717.5,0,0.7071068,0,0.7071068;
racing,killcuboid,25,15,1,1340,-250,3747.5,0,0,0,1;
racing,killcuboid,25,15,1,1220,-250,3877.5,0,0.7071068,0,0.7071068;
racing,killcuboid,25,15,1,1430,-250,3837.5,0,0,0,1;
racing,killcuboid,25,15,1,1310,-250,3967.5,0,0.7071068,0,0.7071068;
racing,killcuboid,25,15,1,1090,-250,3997.5,0,0,0,1;
racing,killcuboid,34,15,1,1135,-250,4087.5,0,0,0,1;
racing,killcuboid,10,15,1,970,-250,4142.5,0,0.7071068,0,0.7071068;
racing,killcuboid,10,15,1,970,-250,3942.5,0,0.7071068,0,0.7071068;
racing,killcuboid,10,15,1,470,-250,4142.5,0,0.7071068,0,0.7071068;
racing,killcuboid,10,15,1,470,-250,3942.5,0,0.7071068,0,0.7071068;
racing,killcuboid,51,15,1,720,-250,4197.5,0,0,0,1;
racing,killcuboid,51,15,1,720,-250,3887.5,0,0,0,1;
racing,killcuboid,10,7.5,1,470,-212.5,4042.5,0,0.7071068,0,0.7071068;
racing,killcuboid,10,7.5,1,415,-287.5,4097.5,0,0,0,1;
racing,killcuboid,10,7.5,1,415,-287.5,3987.5,0,0,0,1;
racing,killcuboid,10,5,1,370,-300,3932.5,0,0.7071068,0,0.7071068;
racing,killcuboid,10,5,1,315,-300,4097.5,0,0,0,1;
racing,killcuboid,11,5,1,270,-300,4037.5,0,0.7071068,0,0.7071068;
racing,killcuboid,10,2.5,1,215,-312.5,3987.5,0,0,0,1;
racing,killcuboid,10,2.5,1,215,-312.5,3887.5,0,0,0,1;
racing,killcuboid,10,5,1,315,-300,3887.5,0,0,0,1;
racing,killCuboid,9,1,20,320,-270,3992.5,0,0,0,1;
racing,killCuboid,10,1,10,415,-245,4042.5,0,0,0,1;
racing,killCuboid,1,1.5,10,360,-257.5,4042.5,0,0,0,1;
racing,killCuboid,1,2.5,9,270,-287.5,3937.5,0,0,0,1;
racing,killCuboid,10,1,9,215,-295,3937.5,0,0,0,1;
racing,killcuboid,-10,7.5,-1,15,-287.5,3777.5,0,0,0,1;
racing,killcuboid,-10,7.5,-1,15,-287.5,3887.5,0,0,0,1;
racing,killcuboid,-10,5,-1,60,-300,3942.5,0,0.7071068,0,0.7071068;
racing,killcuboid,-10,5,-1,115,-300,3777.5,0,0,0,1;
racing,killcuboid,-11,5,-1,160,-300,3837.5,0,0.7071068,0,0.7071068;
racing,killcuboid,-10,5,-1,115,-300,3987.5,0,0,0,1;
racing,killCuboid,-9,1,-20,110,-270,3882.5,0,0,0,1;
racing,killCuboid,-10,1,-10,15,-245,3832.5,0,0,0,1;
racing,killCuboid,-1,1.5,-10,70,-257.5,3832.5,0,0,0,1;
racing,killCuboid,-1,2.5,-9,160,-287.5,3937.5,0,0,0,1;
racing,killCuboid,3,7.5,1,-30,-287.5,3797.5,0,0.7071068,0,0.7071068;
racing,killCuboid,3,7.5,1,-30,-287.5,3867.5,0,0.7071068,0,0.7071068;
racing,killCuboid,10,7.5,1,-85,-287.5,3857.5,0,0,0,1;
racing,killCuboid,15,7.5,1,-110,-287.5,3807.5,0,0,0,1;
racing,killCuboid,10,7.5,1,-85,-287.5,3997.5,0,0,0,1;
racing,killCuboid,15,7.5,1,-110,-287.5,4047.5,0,0,0,1;
racing,killCuboid,13,7.5,1,-130,-287.5,3927.5,0,0.7071068,0,0.7071068;
racing,killCuboid,25,7.5,1,-190,-287.5,3927.5,0,0.7071068,0,0.7071068;
racing,killCuboid,5,15,1,-40,-250,4077.5,0,0.7071068,0,0.7071068;
racing,killCuboid,5,15,1,-40,-250,3967.5,0,0.7071068,0,0.7071068;
racing,killCuboid,16,15,1,40,-250,4022.5,0,0.7071068,0,0.7071068;
racing,killCuboid,7,15,1,0,-250,3947.5,0,0,0,1;
racing,killCuboid,7,15,1,0,-250,4097.5,0,0,0,1;
racing,killCuboid,6,7.5,1,-40,-212.5,4022.5,0,0.7071068,0,0.7071068;
misc,barrier,15,1,23,-110,-245,3927.5,0,0,0,1;
racing,killCuboid,2,15,2,70,-250,1350,0,0,0,1;
racing,killCuboid,2,15,2,-70,-250,1350,0,0,0,1;
racing,killCuboid,2,15,2,-200,-250,1450,0,0,0,1;
racing,killCuboid,6,15,2,-180,-250,1250,0,0,0,1;
racing,killCuboid,6,15,2,-210,-250,1050,0,0,0,1;
racing,killCuboid,6,15,2,-180,-250,850,0,0,0,1;


misc,barrier,1,10,15,145,-275,720,0,0,0,1;
misc,barrier,1,10,15,0,-225,720,0,0,0,1;
misc,barrier,1,10,15,-145,-275,720,0,0,0,1;
misc,barrier,1,5,5,145,-200,770,0,0,0,1;
misc,barrier,1,5,5,145,-200,670,0,0,0,1;
misc,barrier,1,5,5,-145,-200,770,0,0,0,1;
misc,barrier,1,5,5,-145,-200,670,0,0,0,1;
misc,barrier,1,5,5,0,-300,770,0,0,0,1;
misc,barrier,1,5,5,0,-300,670,0,0,0,1;

custom,killcuboid,barriereditormat,1,10,15,0,1,1,1,1,1,145,-275,720,0,0,0,1;
custom,killcuboid,barriereditormat,1,10,15,0,1,1,1,1,1,0,-225,720,0,0,0,1;
custom,killcuboid,barriereditormat,1,10,15,0,1,1,1,1,1,-145,-275,720,0,0,0,1;
custom,killcuboid,barriereditormat,1,5,5,0,1,1,1,1,1,145,-200,770,0,0,0,1;
custom,killcuboid,barriereditormat,1,5,5,0,1,1,1,1,1,145,-200,670,0,0,0,1;
custom,killcuboid,barriereditormat,1,5,5,0,1,1,1,1,1,-145,-200,770,0,0,0,1;
custom,killcuboid,barriereditormat,1,5,5,0,1,1,1,1,1,-145,-200,670,0,0,0,1;
custom,killcuboid,barriereditormat,1,5,5,0,1,1,1,1,1,0,-300,770,0,0,0,1;
custom,killcuboid,barriereditormat,1,5,5,0,1,1,1,1,1,0,-300,670,0,0,0,1;



racing,killCuboid,1.1,5.1,1.1,-145,-200,750,0,0,0,0;
racing,killCuboid,1.1,5.1,1.1,-145,-200,690,0,0,0,0;
racing,killCuboid,1.1,1.1,5.1,-145,-180,720,0,0,0,0;
racing,killCuboid,1.1,1.1,7.1,-145,-230,720,0,0,0,0;

racing,killCuboid,1.1,5.1,1.1,145,-200,750,0,0,0,0;
racing,killCuboid,1.1,5.1,1.1,145,-200,690,0,0,0,0;
racing,killCuboid,1.1,1.1,5.1,145,-180,720,0,0,0,0;
racing,killCuboid,1.1,1.1,7.1,145,-230,720,0,0,0,0;

racing,killCuboid,1.1,5.1,1.1,0,-290,750,0,0,0,0;
racing,killCuboid,1.1,5.1,1.1,0,-290,690,0,0,0,0;
racing,killCuboid,1.1,1.1,5.1,0,-270,720,0,0,0,0;
racing,killCuboid,1.1,1.1,7.1,0,-320,720,0,0,0,0;







racing,killCuboid,2,15,2,200,-250,1450,0,0,0,1;
racing,killCuboid,6,15,2,180,-250,1250,0,0,0,1;
racing,killCuboid,6,15,2,210,-250,1050,0,0,0,1;
racing,killCuboid,6,15,2,180,-250,850,0,0,0,1;
racing,killCuboid,9,8,1,300,-215,1560,0,0.7071068,0,0.7071068;
racing,killCuboid,9,8,1,350,-285,1560,0,0.7071068,0,0.7071068;
racing,killCuboid,9,8,1,400,-215,1560,0,0.7071068,0,0.7071068;
racing,killCuboid,9,8,1,450,-285,1560,0,0.7071068,0,0.7071068;
racing,killCuboid,9,8,1,500,-215,1560,0,0.7071068,0,0.7071068;
racing,killCylinder,25,7.5,25,800,-250,1560,0,0,0,1;
racing,killCylinder,25,7.5,25,800,-250,1560,0,0.382515,0,0.9239493;
racing,killCylinder,10,7.5,10,800,-250,1560,0,0,0,1;
racing,killCylinder,10,7.5,10,800,-250,1560,0,0.382515,0,0.9239493;
racing,killCuboid,5,15,13,625,-250,1480,0,0,0,1;
racing,killCuboid,2.5,12.5,13,625,-250,1480,0,0,0,1;
racing,killCuboid,1,10,13,625,-250,1480,0,0,0,1;
racing,killCuboid,5,15,13,625,-250,1640,0,0,0,1;
racing,killCuboid,2.5,12.5,13,625,-250,1640,0,0,0,1;
racing,killCuboid,1,10,13,625,-250,1640,0,0,0,1;
racing,killCuboid,5,15,13,975,-250,1480,0,0,0,1;
racing,killCuboid,2.5,12.5,13,975,-250,1480,0,0,0,1;
racing,killCuboid,1,10,13,975,-250,1480,0,0,0,1;
racing,killCuboid,5,15,13,975,-250,1640,0,0,0,1;
racing,killCuboid,2.5,12.5,13,975,-250,1640,0,0,0,1;
racing,killCuboid,1,10,13,975,-250,1640,0,0,0,1;
racing,killCuboid,2,15,2,1150,-250,1515,0,0,0,1;
racing,killCuboid,2,15,2,1250,-250,1605,0,0,0,1;
racing,killCuboid,2,15,2,1350,-250,1515,0,0,0,1;
racing,killCuboid,2,15,2,1150,-250,1995,0,0,0,1;
racing,killCuboid,2,15,2,1250,-250,1905,0,0,0,1;
racing,killCuboid,2,15,2,1350,-250,1995,0,0,0,1;


racing,killCuboid,2,25,2,1405,-225,1745,0,0,0.382515,0.9239493;
racing,killCuboid,2,25,2,1405,-225,1745,0,0,-0.382515,0.9239493;
racing,killCuboid,2,25,2,1405,-275,1745,0,0,0.382515,0.9239493;
racing,killCuboid,2,25,2,1405,-275,1745,0,0,-0.382515,0.9239493;











racing,killCuboid,9,2,2,895,-315,2050,0,0,0,1;
racing,killCuboid,9,3,2,895,-310,2070,0,0,0,1;
racing,killCuboid,9,4,2,895,-305,2090,0,0,0,1;
racing,killCuboid,9,5,2,895,-300,2110,0,0,0,1;
racing,killCuboid,9,6,2,895,-295,2130,0,0,0,1;
racing,killCuboid,9,7,2,895,-290,2150,0,0,0,1;
racing,killCuboid,9,-2,2,895,-185,2220,0,0,0,1;
racing,killCuboid,9,-3,2,895,-190,2240,0,0,0,1;
racing,killCuboid,9,-4,2,895,-195,2260,0,0,0,1;
racing,killCuboid,9,-5,2,895,-200,2280,0,0,0,1;
racing,killCuboid,9,-6,2,895,-205,2300,0,0,0,1;
racing,killCuboid,9,-7,2,895,-210,2320,0,0,0,1;
racing,killCuboid,9,2,2,895,-315,2390,0,0,0,1;
racing,killCuboid,9,3,2,895,-310,2410,0,0,0,1;
racing,killCuboid,9,4,2,895,-305,2430,0,0,0,1;
racing,killCuboid,9,5,2,895,-300,2450,0,0,0,1;
racing,killCuboid,9,6,2,895,-295,2470,0,0,0,1;
racing,killCuboid,9,7,2,895,-290,2490,0,0,0,1;
racing,killSphere,2,2,2,895,-250,2700,0,0,0,1;
racing,killSphere,2,2,2,895,-300,2600,0,0,0,1;
racing,killSphere,2,2,2,895,-200,2600,0,0,0,1;
racing,killSphere,2,2,2,895,-300,2800,0,0,0,1;
racing,killSphere,2,2,2,895,-200,2800,0,0,0,1;
racing,killSphere,2,2,2,795,-300,2700,0,0,0,1;
racing,killSphere,2,2,2,795,-200,2700,0,0,0,1;
racing,killSphere,2,2,2,795,-250,2800,0,0,0,1;
racing,killSphere,2,2,2,695,-300,2800,0,0,0,1;
racing,killSphere,2,2,2,695,-200,2800,0,0,0,1;
racing,killSphere,2,2,2,595,-250,2800,0,0,0,1;
racing,killSphere,2,2,2,495,-300,2800,0,0,0,1;
racing,killSphere,2,2,2,495,-200,2800,0,0,0,1;
racing,killSphere,2,2,2,395,-250,2800,0,0,0,1;
racing,killSphere,2,2,2,295,-300,2800,0,0,0,1;
racing,killSphere,2,2,2,295,-200,2800,0,0,0,1;
racing,killSphere,2,2,2,395,-300,2700,0,0,0,1;
racing,killSphere,2,2,2,395,-200,2700,0,0,0,1;
racing,killSphere,2,2,2,295,-250,2700,0,0,0,1;
racing,killSphere,2,2,2,295,-300,2600,0,0,0,1;
racing,killSphere,2,2,2,295,-200,2600,0,0,0,1;
racing,killSphere,2,2,2,295,-250,2500,0,0,0,1;
racing,killSphere,2,2,2,295,-300,2400,0,0,0,1;
racing,killSphere,2,2,2,295,-200,2400,0,0,0,1;
racing,killSphere,2,2,2,295,-250,2300,0,0,0,1;
racing,killSphere,2,2,2,295,-300,2200,0,0,0,1;
racing,killSphere,2,2,2,295,-200,2200,0,0,0,1;
racing,killSphere,2,2,2,195,-300,2300,0,0,0,1;
racing,killSphere,2,2,2,195,-200,2300,0,0,0,1;
racing,killSphere,2,2,2,195,-250,2200,0,0,0,1;
racing,killSphere,2,2,2,95,-300,2200,0,0,0,1;
racing,killSphere,2,2,2,95,-200,2200,0,0,0,1;
racing,killSphere,2,2,2,-5,-250,2200,0,0,0,1;
racing,killSphere,2,2,2,-105,-300,2200,0,0,0,1;
racing,killSphere,2,2,2,-105,-200,2200,0,0,0,1;
racing,killSphere,2,2,2,-205,-250,2200,0,0,0,1;
racing,killSphere,2,2,2,-305,-300,2200,0,0,0,1;
racing,killSphere,2,2,2,-305,-200,2200,0,0,0,1;
racing,killSphere,2,2,2,-205,-300,2300,0,0,0,1;
racing,killSphere,2,2,2,-205,-200,2300,0,0,0,1;
racing,killSphere,2,2,2,-305,-250,2300,0,0,0,1;
racing,killSphere,2,2,2,-305,-300,2400,0,0,0,1;
racing,killSphere,2,2,2,-305,-200,2400,0,0,0,1;
racing,killSphere,2,2,2,-305,-250,2500,0,0,0,1;
racing,killSphere,2,2,2,-305,-300,2600,0,0,0,1;
racing,killSphere,2,2,2,-305,-200,2600,0,0,0,1;
racing,killSphere,2,2,2,-305,-250,2700,0,0,0,1;
racing,killSphere,2,2,2,-305,-300,2800,0,0,0,1;
racing,killSphere,2,2,2,-305,-200,2800,0,0,0,1;
racing,killSphere,2,2,2,-405,-300,2700,0,0,0,1;
racing,killSphere,2,2,2,-405,-200,2700,0,0,0,1;
racing,killSphere,2,2,2,-405,-250,2800,0,0,0,1;
racing,killSphere,2,2,2,-505,-300,2800,0,0,0,1;
racing,killSphere,2,2,2,-505,-200,2800,0,0,0,1;
racing,killSphere,2,2,2,-605,-250,2800,0,0,0,1;
racing,killSphere,2,2,2,-705,-300,2800,0,0,0,1;
racing,killSphere,2,2,2,-705,-200,2800,0,0,0,1;
racing,killSphere,2,2,2,-805,-250,2800,0,0,0,1;
racing,killSphere,2,2,2,-905,-300,2800,0,0,0,1;
racing,killSphere,2,2,2,-905,-200,2800,0,0,0,1;
racing,killSphere,2,2,2,-805,-300,2700,0,0,0,1;
racing,killSphere,2,2,2,-805,-200,2700,0,0,0,1;
racing,killSphere,2,2,2,-905,-250,2700,0,0,0,1;
racing,killSphere,2,2,2,-905,-300,2600,0,0,0,1;
racing,killSphere,2,2,2,-905,-200,2600,0,0,0,1;
racing,killSphere,2,2,2,-905,-250,2500,0,0,0,1;
racing,killSphere,2,2,2,-905,-300,2400,0,0,0,1;
racing,killSphere,2,2,2,-905,-200,2400,0,0,0,1;
racing,killSphere,2,2,2,-905,-250,2300,0,0,0,1;
racing,killSphere,2,2,2,-905,-300,2200,0,0,0,1;
racing,killSphere,2,2,2,-905,-200,2200,0,0,0,1;
racing,killSphere,2,2,2,-985,-300,2800,0,0,0,1;
racing,killSphere,2,2,2,-985,-200,2800,0,0,0,1;
racing,killSphere,2,2,2,-985,-250,2700,0,0,0,1;
racing,killSphere,2,2,2,-985,-300,2600,0,0,0,1;
racing,killSphere,2,2,2,-985,-200,2600,0,0,0,1;
racing,killSphere,2,2,2,-985,-250,2500,0,0,0,1;
racing,killSphere,2,2,2,-985,-300,2400,0,0,0,1;
racing,killSphere,2,2,2,-985,-200,2400,0,0,0,1;
racing,killSphere,2,2,2,-985,-250,2300,0,0,0,1;
racing,killSphere,2,2,2,-985,-300,2200,0,0,0,1;
racing,killSphere,2,2,2,-985,-200,2200,0,0,0,1;
racing,killSphere,2,2,2,-1030,-300,2800,0,0,0,1;
racing,killSphere,2,2,2,-1030,-200,2800,0,0,0,1;
racing,killSphere,2,2,2,-1030,-250,2700,0,0,0,1;
racing,killSphere,2,2,2,-1030,-300,2600,0,0,0,1;
racing,killSphere,2,2,2,-1030,-200,2600,0,0,0,1;
racing,killSphere,2,2,2,-1030,-250,2500,0,0,0,1;
racing,killSphere,2,2,2,-1030,-300,2400,0,0,0,1;
racing,killSphere,2,2,2,-1030,-200,2400,0,0,0,1;
racing,killSphere,2,2,2,-1030,-250,2300,0,0,0,1;
racing,killSphere,2,2,2,-1030,-300,2200,0,0,0,1;
racing,killSphere,2,2,2,-1030,-200,2200,0,0,0,1;
custom,sphere,stone9,2.7,1.2,0.4,1,0.608,0.666,0.785,2,0.5,-68.77309,-230.3847,1139.34,0,-0.9710752,0,-0.238774;
custom,cone,stone9,0.2949848,0.2550301,0.0258799,1,0.608,0.666,0.785,1,0.5,-82.40283,-228.9953,1132.507,-0.6866539,-0.6866539,-0.1688389,-0.1688389;
custom,killcylinder,bombexplosiontex,2,0.001,1,1,0,0,0,30,1,-69.57719,-225.9144,1139.089,0.6881045,-0.174841,0.1628235,0.6851507;
custom,capsule,default,0.2,0.2,0.2,1,0,0,0,1,1,-61.14103,-227.7591,1143.887,0.6924623,-0.194279,0.1431647,0.6798937;
custom,sphere,stone9,2.7,1.2,0.4,1,0.608,0.666,0.785,2,0.5,-46.53952,-266.2325,1350.33,-0.0987274,0.8854811,-0.0503139,0.45127;
custom,cone,stone9,0.2949848,0.2550301,0.0258799,1,0.608,0.666,0.785,1,0.5,-55.67278,-268.2349,1338.207,0.5563186,0.6959407,0.2835192,0.3546733;
custom,killcylinder,bombexplosiontex,2,0.001,1,1,0,0,0,30,1,-47.71433,-262.0546,1348.966,-0.593932,0.2550668,-0.3837238,-0.6595012;
custom,capsule,default,0.2,0.2,0.2,1,0,0,0,1,1,-42.18978,-261.7176,1357.149,-0.6046174,0.2737415,-0.3666565,-0.6519712;
custom,sphere,stone9,2.7,1.2,0.4,1,0.608,0.666,0.785,2,0.5,70.28399,-230.9539,1138.078,0,0.2689248,0,0.9631612;
custom,cone,stone9,0.2949848,0.2550301,0.0258799,1,0.608,0.666,0.785,1,0.5,83.18572,-229.5646,1129.955,0.1901585,0.1901585,0.6810579,0.6810579;
custom,killcylinder,bombexplosiontex,2,0.001,1,1,0,0,0,30,1,70.91564,-226.4836,1137.521,-0.1961107,0.6826962,-0.6793674,-0.1841912;
custom,capsule,default,0.2,0.2,0.2,1,0,0,0,1,1,62.44397,-228.3282,1142.255,-0.2153754,0.6876639,-0.673508,-0.1646778;
custom,sphere,stone9,2.7,1.2,0.4,1,0.608,0.666,0.785,2,0.5,-94.82471,-217.3933,1558.079,0,-0.243655,0,0.969862;
custom,cone,stone9,0.2949848,0.2550301,0.0258799,1,0.608,0.666,0.785,1,0.5,-81.26525,-216.0041,1565.05,-0.1722901,-0.1722901,0.685796,0.685796;
custom,killcylinder,bombexplosiontex,2,0.001,1,1,0,0,0,30,1,-94.02344,-212.923,1558.339,0.1662821,0.6842624,-0.6872771,0.1782849;
custom,capsule,default,0.2,0.2,0.2,1,0,0,0,1,1,-102.4108,-214.7677,1553.457,0.1466454,0.6789087,-0.6917329,0.197696;
custom,sphere,stone9,2.730951,1.213757,0.4045853,1,0.608,0.666,0.785,2,0.5,267.1685,-220.9079,956.7923,0,0.7016691,0,0.712503;
custom,cone,stone9,0.2983667,0.2579537,0.0261766,1,0.608,0.666,0.785,1,0.5,267.1357,-219.5026,941.3713,0.4961545,0.4961545,0.5038162,0.5038162;
custom,killcylinder,bombexplosiontex,2.022927,0.0010115,1.011464,1,0,0,0,30,1,267.0298,-216.3863,955.9519,-0.5005444,0.5081384,-0.4994554,-0.4917266;
custom,capsule,default,0.2022927,0.2022927,0.2022927,1,0,0,0,1,1,266.5365,-218.2521,965.7554,-0.5145622,0.521934,-0.485,-0.4770595;
custom,sphere,stone9,2.7,1.2,0.4,1,0.608,0.666,0.785,2,0.5,106.5213,-213.8017,840.9328,0,-0.9967204,0,-0.0809222;
custom,cone,stone9,0.2949848,0.2550301,0.0258799,1,0.608,0.666,0.785,1,0.5,91.43361,-212.4124,838.7347,-0.7047878,-0.7047878,-0.0572203,-0.0572203;
custom,killcylinder,bombexplosiontex,2,0.001,1,1,0,0,0,30,1,105.6788,-209.3314,840.9463,0.7052598,-0.063386,0.0510504,0.7042619;
custom,capsule,default,0.2,0.2,0.2,1,0,0,0,1,1,115.1963,-211.1761,842.8439,0.7064282,-0.0834135,0.030949,0.7021707;
custom,sphere,stone9,2.7,1.2,0.4,1,0.608,0.666,0.785,2,0.5,-161.4888,-222.544,618.1658,0,-0.9976251,0,0.0688779;
custom,cone,stone9,0.2949848,0.2550301,0.0258799,1,0.608,0.666,0.785,1,0.5,-176.5523,-221.1547,620.5236,-0.7054275,-0.7054275,0.0487041,0.0487041;
custom,killcylinder,bombexplosiontex,2,0.001,1,1,0,0,0,30,1,-162.2897,-218.0737,618.4272,0.7049735,0.042529,-0.0548752,0.7058275;
custom,capsule,default,0.2,0.2,0.2,1,0,0,0,1,1,-152.6359,-219.9184,617.4302,0.7031256,0.0224147,-0.0749259,0.7067518;
custom,sphere,stone9,2.7,1.2,0.4,1,0.608,0.666,0.785,2,0.5,146.7625,-222.544,618.6018,0,-0.9986069,0,-0.052767;
custom,cone,stone9,0.2949848,0.2550301,0.0258799,1,0.608,0.666,0.785,1,0.5,131.5756,-221.1547,617.2596,-0.7061217,-0.7061217,-0.0373122,-0.0373122;
custom,killcylinder,bombexplosiontex,2,0.001,1,1,0,0,0,30,1,145.9229,-218.0737,618.6633,0.7064205,-0.0434897,0.0311312,0.7057688;
custom,capsule,default,0.2,0.2,0.2,1,0,0,0,1,1,155.5319,-219.9184,620.0221,0.7070203,-0.0635679,0.0110043,0.7042446;
custom,sphere,stone9,2.817203,1.252091,0.4173631,1,0.608,0.666,0.785,2,0.5,266.9346,-220.4999,1340.387,0,0.5113816,0,0.8593538;
custom,cone,stone9,0.3077895,0.2661005,0.0270033,1,0.608,0.666,0.785,1,0.5,274.2816,-219.0503,1326.277,0.3616011,0.3616011,0.607655,0.607655;
custom,killcylinder,bombexplosiontex,2.086815,0.0010434,1.043407,1,0,0,0,30,1,267.2096,-215.8356,1339.552,-0.3669049,0.610796,-0.6044675,-0.3562699;
custom,capsule,default,0.2086815,0.2086815,0.2086815,1,0,0,0,1,1,262.0744,-217.7604,1348.279,-0.383967,0.6206932,-0.5937748,-0.3387341;
custom,sphere,stone9,2.7,1.2,0.4,1,0.608,0.666,0.785,2,0.5,-276.8836,-221.6472,946.2216,0,-0.7450802,0,0.666975;
custom,cone,stone9,0.2949848,0.2550301,0.0258799,1,0.608,0.666,0.785,1,0.5,-278.3004,-220.2579,961.4025,-0.5268513,-0.5268513,0.4716224,0.4716224;
custom,killcylinder,bombexplosiontex,2,0.001,1,1,0,0,0,30,1,-276.8269,-217.1769,947.0622,0.5227035,0.4669946,-0.4762141,0.5309587;
custom,capsule,default,0.2,0.2,0.2,1,0,0,0,1,1,-275.4205,-219.0216,937.4591,0.5089325,0.4516868,-0.4909049,0.5440397;
custom,sphere,stone9,2.7,1.2,0.4,1,0.608,0.666,0.785,2,0.5,-271.5212,-222.544,1315.665,0,-0.747515,0,0.6642449;
custom,cone,stone9,0.2949848,0.2550301,0.0258799,1,0.608,0.666,0.785,1,0.5,-273.0491,-221.1547,1330.835,-0.5285729,-0.5285729,0.4696922,0.4696922;
custom,killcylinder,bombexplosiontex,2,0.001,1,1,0,0,0,30,1,-271.4698,-218.0737,1316.506,0.5244428,0.4650483,-0.4742996,0.532663;
custom,capsule,default,0.2,0.2,0.2,1,0,0,0,1,1,-269.994,-219.9184,1306.913,0.5107248,0.4496931,-0.4890399,0.5456889;
custom,boulder1,default,10,10,10,0,1,1,1,1,1,2000,-250,0,0,0,0,0;
custom,boulder1,default,10,10,10,0,1,1,1,1,1,2000,-250,200,0,1,0,1;
custom,boulder1,default,10,10,10,0,1,1,1,1,1,2000,-250,400,0,0,0,0;
custom,boulder1,default,10,10,10,0,1,1,1,1,1,2000,-250,600,0,1,0,1;
custom,boulder1,default,10,10,10,0,1,1,1,1,1,2000,-250,800,0,0,0,0;
custom,boulder1,default,10,10,10,0,1,1,1,1,1,2000,-250,1000,0,1,0,1;
custom,boulder1,default,10,10,10,0,1,1,1,1,1,2000,-250,1200,0,0,0,0;
custom,boulder1,default,10,10,10,0,1,1,1,1,1,2000,-250,1400,0,1,0,1;
custom,boulder1,default,10,10,10,0,1,1,1,1,1,2000,-250,1600,0,0,0,0;
custom,boulder1,default,10,10,10,0,1,1,1,1,1,2000,-250,1800,0,1,0,1;
custom,boulder1,default,10,10,10,0,1,1,1,1,1,2000,-250,2000,0,0,0,0;
custom,boulder1,default,10,10,10,0,1,1,1,1,1,2000,-250,2200,0,1,0,1;
custom,boulder1,default,10,10,10,0,1,1,1,1,1,2000,-250,2400,0,0,0,0;
custom,boulder1,default,10,10,10,0,1,1,1,1,1,2000,-250,2600,0,1,0,1;
custom,boulder1,default,10,10,10,0,1,1,1,1,1,2000,-250,2800,0,0,0,0;
custom,boulder1,default,10,10,10,0,1,1,1,1,1,2000,-250,3000,0,1,0,1;
custom,boulder1,default,10,10,10,0,1,1,1,1,1,2000,-250,3200,0,0,0,0;
custom,boulder1,default,10,10,10,0,1,1,1,1,1,2000,-250,3400,0,1,0,1;
custom,boulder1,default,10,10,10,0,1,1,1,1,1,2000,-250,3600,0,0,0,0;
custom,boulder1,default,10,10,10,0,1,1,1,1,1,2000,-250,3800,0,1,0,1;
custom,boulder1,default,10,10,10,0,1,1,1,1,1,2000,-250,4000,0,0,0,0;
custom,boulder1,default,10,10,10,0,1,1,1,1,1,2000,-250,4200,0,1,0,1;
custom,boulder1,default,10,10,10,0,1,1,1,1,1,2000,-250,4400,0,0,0,0;
custom,boulder1,default,10,10,10,0,1,1,1,1,1,2000,-250,4600,0,1,0,1;
custom,boulder1,default,10,10,10,0,1,1,1,1,1,2000,-250,4800,0,0,0,0;
custom,boulder1,default,10,10,10,0,1,1,1,1,1,2000,-250,5000,0,1,0,1;
custom,boulder1,default,10,10,10,0,1,1,1,1,1,-2000,-250,0,0,0,0,0;
custom,boulder1,default,10,10,10,0,1,1,1,1,1,-2000,-250,200,0,1,0,1;
custom,boulder1,default,10,10,10,0,1,1,1,1,1,-2000,-250,400,0,0,0,0;
custom,boulder1,default,10,10,10,0,1,1,1,1,1,-2000,-250,600,0,1,0,1;
custom,boulder1,default,10,10,10,0,1,1,1,1,1,-2000,-250,800,0,0,0,0;
custom,boulder1,default,10,10,10,0,1,1,1,1,1,-2000,-250,1000,0,1,0,1;
custom,boulder1,default,10,10,10,0,1,1,1,1,1,-2000,-250,1200,0,0,0,0;
custom,boulder1,default,10,10,10,0,1,1,1,1,1,-2000,-250,1400,0,1,0,1;
custom,boulder1,default,10,10,10,0,1,1,1,1,1,-2000,-250,1600,0,0,0,0;
custom,boulder1,default,10,10,10,0,1,1,1,1,1,-2000,-250,1800,0,1,0,1;
custom,boulder1,default,10,10,10,0,1,1,1,1,1,-2000,-250,2000,0,0,0,0;
custom,boulder1,default,10,10,10,0,1,1,1,1,1,-2000,-250,2200,0,1,0,1;
custom,boulder1,default,10,10,10,0,1,1,1,1,1,-2000,-250,2400,0,0,0,0;
custom,boulder1,default,10,10,10,0,1,1,1,1,1,-2000,-250,2600,0,1,0,1;
custom,boulder1,default,10,10,10,0,1,1,1,1,1,-2000,-250,2800,0,0,0,0;
custom,boulder1,default,10,10,10,0,1,1,1,1,1,-2000,-250,3000,0,1,0,1;
custom,boulder1,default,10,10,10,0,1,1,1,1,1,-2000,-250,3200,0,0,0,0;
custom,boulder1,default,10,10,10,0,1,1,1,1,1,-2000,-250,3400,0,1,0,1;
custom,boulder1,default,10,10,10,0,1,1,1,1,1,-2000,-250,3600,0,0,0,0;
custom,boulder1,default,10,10,10,0,1,1,1,1,1,-2000,-250,3800,0,1,0,1;
custom,boulder1,default,10,10,10,0,1,1,1,1,1,-2000,-250,4000,0,0,0,0;
custom,boulder1,default,10,10,10,0,1,1,1,1,1,-2000,-250,4200,0,1,0,1;
custom,boulder1,default,10,10,10,0,1,1,1,1,1,-2000,-250,4400,0,0,0,0;
custom,boulder1,default,10,10,10,0,1,1,1,1,1,-2000,-250,4600,0,1,0,1;
custom,boulder1,default,10,10,10,0,1,1,1,1,1,-2000,-250,4800,0,0,0,0;
custom,boulder1,default,10,10,10,0,1,1,1,1,1,-2000,-250,5000,0,1,0,1;
custom,boulder1,default,10,10,10,0,1,1,1,1,1,-1800,-250,5000,0,0,0,1;
custom,boulder1,default,10,10,10,0,1,1,1,1,1,-1600,-250,5000,0,1,0,1;
custom,boulder1,default,10,10,10,0,1,1,1,1,1,-1400,-250,5000,0,0,0,1;
custom,boulder1,default,10,10,10,0,1,1,1,1,1,-1200,-250,5000,0,1,0,1;
custom,boulder1,default,10,10,10,0,1,1,1,1,1,-1000,-250,5000,0,0,0,1;
custom,boulder1,default,10,10,10,0,1,1,1,1,1,-800,-250,5000,0,1,0,1;
custom,boulder1,default,10,10,10,0,1,1,1,1,1,-600,-250,5000,0,0,0,1;
custom,boulder1,default,10,10,10,0,1,1,1,1,1,-400,-250,5000,0,1,0,1;
custom,boulder1,default,10,10,10,0,1,1,1,1,1,-200,-250,5000,0,0,0,1;
custom,boulder1,default,10,10,10,0,1,1,1,1,1,0,-250,5000,0,1,0,1;
custom,boulder1,default,10,10,10,0,1,1,1,1,1,1800,-250,5000,0,0,0,1;
custom,boulder1,default,10,10,10,0,1,1,1,1,1,1600,-250,5000,0,1,0,1;
custom,boulder1,default,10,10,10,0,1,1,1,1,1,1400,-250,5000,0,0,0,1;
custom,boulder1,default,10,10,10,0,1,1,1,1,1,1200,-250,5000,0,1,0,1;
custom,boulder1,default,10,10,10,0,1,1,1,1,1,1000,-250,5000,0,0,0,1;
custom,boulder1,default,10,10,10,0,1,1,1,1,1,800,-250,5000,0,1,0,1;
custom,boulder1,default,10,10,10,0,1,1,1,1,1,600,-250,5000,0,0,0,1;
custom,boulder1,default,10,10,10,0,1,1,1,1,1,400,-250,5000,0,1,0,1;
custom,boulder1,default,10,10,10,0,1,1,1,1,1,200,-250,5000,0,0,0,1;
custom,boulder1,default,10,10,10,0,1,1,1,1,1,-1800,-250,0,0,0,0,1;
custom,boulder1,default,10,10,10,0,1,1,1,1,1,-1600,-250,0,0,1,0,1;
custom,boulder1,default,10,10,10,0,1,1,1,1,1,-1400,-250,0,0,0,0,1;
custom,boulder1,default,10,10,10,0,1,1,1,1,1,-1200,-250,0,0,1,0,1;
custom,boulder1,default,10,10,10,0,1,1,1,1,1,-1000,-250,0,0,0,0,1;
custom,boulder1,default,10,10,10,0,1,1,1,1,1,-800,-250,0,0,1,0,1;
custom,boulder1,default,10,10,10,0,1,1,1,1,1,-600,-250,0,0,0,0,1;
custom,boulder1,default,10,10,10,0,1,1,1,1,1,-400,-250,0,0,1,0,1;
custom,boulder1,default,10,10,10,0,1,1,1,1,1,-200,-250,0,0,0,0,1;
custom,boulder1,default,10,10,10,0,1,1,1,1,1,0,-250,0,0,1,0,1;
custom,boulder1,default,10,10,10,0,1,1,1,1,1,1800,-250,0,0,0,0,1;
custom,boulder1,default,10,10,10,0,1,1,1,1,1,1600,-250,0,0,1,0,1;
custom,boulder1,default,10,10,10,0,1,1,1,1,1,1400,-250,0,0,0,0,1;
custom,boulder1,default,10,10,10,0,1,1,1,1,1,1200,-250,0,0,1,0,1;
custom,boulder1,default,10,10,10,0,1,1,1,1,1,1000,-250,0,0,0,0,1;
custom,boulder1,default,10,10,10,0,1,1,1,1,1,800,-250,0,0,1,0,1;
custom,boulder1,default,10,10,10,0,1,1,1,1,1,600,-250,0,0,0,0,1;
custom,boulder1,default,10,10,10,0,1,1,1,1,1,400,-250,0,0,1,0,1;
custom,boulder1,default,10,10,10,0,1,1,1,1,1,200,-250,0,0,0,0,1;
custom,field2,default,5,5,5,1,0,1,0,1,1,1750,-325,250,0,0,0,0;
custom,field2,default,5,5,5,1,0,1,0,1,1,-1750,-325,250,0,0,0,0;
custom,field2,default,5,5,5,1,0,1,0,1,1,750,-325,250,0,0,0,0;
custom,field2,default,5,5,5,1,0,1,0,1,1,-750,-325,250,0,0,0,0;
custom,field2,default,5,5,5,1,0,1,0,1,1,0,-325,250,0,0,0,0;
custom,field2,default,5,5,5,1,0,1,0,1,1,1750,-325,4750,0,0,0,0;
custom,field2,default,5,5,5,1,0,1,0,1,1,-1750,-325,4750,0,0,0,0;
custom,field2,default,5,5,5,1,0,1,0,1,1,750,-325,4750,0,0,0,0;
custom,field2,default,5,5,5,1,0,1,0,1,1,-750,-325,4750,0,0,0,0;
custom,field2,default,5,5,5,1,0,1,0,1,1,0,-325,4750,0,0,0,0;
custom,field2,default,2,2,2,1,0,1,0,1,1,1250,-325,4500,0,0,0,0;
custom,field2,default,5,10,5,1,0,1,0,1,1,-1201.462,-338.8121,4545.74,0,0.722489,0,-0.6913824;
custom,field2,default,2,2,2,1,0,1,0,1,1,1250,-325,500,0,0,0,0;
custom,field2,default,2,2,2,1,0,1,0,1,1,-1250,-325,500,0,0,0,0;
custom,field2,default,2,2,2,1,0,1,0,1,1,375,-325,4500,0,0,0,0;
custom,field2,default,2,2,2,1,0,1,0,1,1,-375,-325,4500,0,0,0,0;
custom,field2,default,2,2,2,1,0,1,0,1,1,375,-325,500,0,0,0,0;
custom,field2,default,2,2,2,1,0,1,0,1,1,-375,-325,500,0,0,0,0;
custom,field2,default,2,3,2,1,0,1,0,1,1,534.1563,-328.0594,696.2721,0,0.5664998,0,-0.8240619;
custom,field2,default,2,3,2,1,0,1,0,1,1,490.0656,-326.3448,930.2339,0,0.4657238,0,-0.8849301;
custom,field2,default,2,3,2,1,0,1,0,1,1,411.0226,-325.2354,1334.628,0,0.5719164,0,-0.8203119;
custom,field2,default,2,3,2,1,0,1,0,1,1,639.1346,-330.6614,1203.823,0,0.4362379,0,0.8998314;
custom,field2,default,2,3,2,1,0,1,0,1,1,1197.513,-325.158,1174.183,0,0.4400758,0,0.8979607;
custom,field2,default,2,3,2,1,0,1,0,1,1,949.1385,-332.7497,1077.865,0,0.2570436,0,-0.9663998;
custom,field2,default,2,3,2,1,0,1,0,1,1,1508.58,-330.624,1245.751,0,0.0112723,0,-0.9999365;
custom,field2,default,2,3,2,1,0,1,0,1,1,1587,-333.6278,1562.361,0,0.083189,0,-0.9965338;
custom,field2,default,2,3,2,1,0,1,0,1,1,1631.972,-324.6229,1806.166,0,0.0200493,0,-0.999799;
custom,field2,default,2,3,2,1,0,1,0,1,1,1588.139,-331.0902,2115.148,0,0.4466251,0,-0.8947212;
custom,field2,default,2,3,2,1,0,1,0,1,1,1228.696,-325.7295,2104.734,0,0.674367,0,-0.7383965;
custom,field2,default,2,3,2,1,0,1,0,1,1,1073,-330.9373,2286.69,0,0.730245,0,-0.6831855;
custom,field2,default,2,3,2,1,0,1,0,1,1,1419.544,-324.9554,2337.535,0,0.9383919,0,-0.3455729;
custom,field2,default,2,3,2,1,0,1,0,1,1,1066.462,-333.2861,2551.692,0,0.7392333,0,-0.6734496;
custom,field2,default,2,3,2,1,0,1,0,1,1,1066.114,-331.3002,2781.731,0,0.2889368,0,-0.9573482;
custom,field2,default,2,3,2,1,0,1,0,1,1,876.7354,-325.1021,2966.107,0,0.7566673,0,-0.6538002;
custom,field2,default,2,3,2,1,0,1,0,1,1,662.1609,-331.1898,2977.094,0,0.9936638,0,-0.1123933;
custom,field2,default,2,3,2,1,0,1,0,1,1,416.5789,-330.1613,2990.104,0,0.9120984,0,-0.4099714;
custom,field2,default,2,3,2,1,0,1,0,1,1,231.3181,-331.8407,2996.964,0,0.830716,0,-0.5566964;
custom,field2,default,2,6,2,1,0,1,0,1,1,1128.995,-334.8967,3064.284,0,0.7126603,0,0.7015094;
custom,field2,default,2,6,2,1,0,1,0,1,1,1359.048,-331.9969,2844.488,0,0.7941282,0,0.6077503;
custom,field2,default,2,6,2,1,0,1,0,1,1,1523.91,-336.5429,2645,0,0.7247465,0,0.6890157;
custom,field2,default,2,6,2,1,0,1,0,1,1,1630.669,-331.3234,3012.726,0,0.3798192,0,0.9250607;
custom,field2,default,2,10,2,1,0,1,0,1,1,1753.059,-324.7495,2848.71,0,0.2431128,0,0.969998;
custom,field2,default,2,3,2,1,0,1,0,1,1,-97.30211,-331.7741,2924.651,0,0.7078559,0,-0.7063568;
custom,field2,default,2,3,2,1,0,1,0,1,1,336.882,-332.1663,3227.738,0,0.2871757,0,-0.9578779;
custom,field2,default,2,3,2,1,0,1,0,1,1,735.9882,-333.1039,3157.205,0,0.7109153,0,0.7032776;
custom,field2,default,2,3,2,1,0,1,0,1,1,1476.762,-328.1725,3218.124,0,0.4857142,0,0.8741177;
custom,field2,default,2,3,2,1,0,1,0,1,1,1736.371,-329.5221,3694.052,0,0.4492621,0,-0.8934;
custom,field2,default,2,3,2,1,0,1,0,1,1,1462.395,-334.6142,3911.012,0,0.668461,0,-0.7437472;
custom,field2,default,2,3,2,1,0,1,0,1,1,1646.991,-330.3327,3974.552,0,0.9362188,0,0.3514177;
custom,field2,default,2,3,2,1,0,1,0,1,1,1367.77,-328.1789,4165.075,0,0.7612631,0,-0.6484431;
custom,field2,default,2,3,2,1,0,1,0,1,1,1139.745,-331.4736,4217.032,0,0.7696902,0,-0.6384177;
custom,field2,default,2,3,2,1,0,1,0,1,1,916.2697,-334.6006,4282.75,0,0.7820836,0,-0.6231736;
custom,field2,default,2,3,2,1,0,1,0,1,1,738.2294,-324.8599,4302.31,0,0.9741827,0,-0.225761;
custom,field2,default,2,3,2,1,0,1,0,1,1,498.1404,-330.9075,4288.504,0,0.9980837,0,-0.0618781;
custom,field2,default,2,3,2,1,0,1,0,1,1,290.8777,-326.2657,4216.735,0,0.9450679,0,0.3268741;
custom,field2,default,2,3,2,1,0,1,0,1,1,134.1363,-328.2155,4109.522,0,0.988807,0,0.1492001;
custom,field2,default,2,3,2,1,0,1,0,1,1,1302.86,-329.2535,3628.119,0,0.7803516,0,0.6253411;
custom,field2,default,2,3,2,1,0,1,0,1,1,1073.209,-330.0645,3875.786,0,0.1829675,0,0.983119;
custom,field2,default,2,3,2,1,0,1,0,1,1,951.1266,-331.7039,3668.851,0,0.6533224,0,0.7570798;
custom,field2,default,2,3,2,1,0,1,0,1,1,714.509,-327.7844,3761.083,0,0.4624048,0,0.8866689;
custom,field2,default,2,3,2,1,0,1,0,1,1,492.7256,-330.2215,3657.875,0,0.6998762,0,0.7142642;
custom,field2,default,2,3,2,1,0,1,0,1,1,270.7337,-328.0305,3802.121,0,0.3954144,0,0.9185028;
custom,field2,default,2,3,2,1,0,1,0,1,1,262.4738,-332.148,3573.177,0,0.7911111,0,0.6116725;
custom,field2,default,2,3,2,1,0,1,0,1,1,38.61047,-327.5957,3479.232,0,0.9492224,0,0.3146059;
custom,field2,default,2,3,2,1,0,1,0,1,1,-49.24969,-332.7599,3292.769,0,0.9413992,0,0.3372947;
custom,field2,default,2,3,2,1,0,1,0,1,1,-350.8015,-331.142,3137.223,0,0.979176,0,0.2030133;
custom,field2,default,2,3,2,1,0,1,0,1,1,-622.1129,-331.5168,3148.172,0,0.983927,0,-0.1785714;
custom,field2,default,2,3,2,1,0,1,0,1,1,-896.2417,-326.9808,3158.713,0,0.9780155,0,-0.208532;
custom,field2,default,2,3,2,1,0,1,0,1,1,-289.6826,-334.5771,3970.189,0,0.7420051,0,0.6703944;
custom,field2,default,2,3,2,1,0,1,0,1,1,-204.0277,-333.9361,4146.939,0,0.8424742,0,0.5387366;
custom,field2,default,2,3,2,1,0,1,0,1,1,-110.5579,-329.2276,3702.063,0,0.4985136,0,0.8668819;
custom,field2,default,2,3,2,1,0,1,0,1,1,-1135.222,-333.7209,3100.235,0,0.9808708,0,0.19466;
custom,field2,default,2,3,2,1,0,1,0,1,1,-1157.257,-330.3546,2894.532,0.0152624,0.9771236,-0.0751855,0.1983528;
custom,field2,default,2,3,2,1,0,1,0,1,1,-1178.95,-333.7573,2698.063,0,0.6933892,0,0.7205633;
custom,field2,default,2,3,2,1,0,1,0,1,1,-1195.877,-326.1026,2491.45,0,0.7419628,0,0.6704411;
custom,field2,default,2,3,2,1,0,1,0,1,1,-1144.334,-329.1195,2257.022,0,0.9817017,0,0.1904256;
custom,field2,default,2,3,2,1,0,1,0,1,1,-1027.278,-327.8291,2066.538,0,0.4445803,0,0.895739;
custom,field2,default,2,3,2,1,0,1,0,1,1,-785.0541,-326.7182,2059.229,0,0.5522463,0,0.8336811;
custom,field2,default,2,3,2,1,0,1,0,1,1,-548.8113,-328.5531,2063.771,0,0.6980535,0,0.7160456;
custom,field2,default,2,3,2,1,0,1,0,1,1,-295.6306,-327.1071,2069.651,0,0.713506,0,0.7006491;
custom,field2,default,2,3,2,1,0,1,0,1,1,-55.19114,-327.0286,2067.742,0,0.7150311,0,0.6990927;
custom,field2,default,2,3,2,1,0,1,0,1,1,197.4712,-325.9147,2060.169,0,0.722613,0,0.6912528;
custom,field2,default,2,3,2,1,0,1,0,1,1,469.1571,-327.9949,2066.067,0,0.6996082,0,0.7145267;
custom,field2,default,2,3,2,1,0,1,0,1,1,727.5574,-329.1689,2068.896,0,0.6901935,0,0.7236249;
custom,field2,default,2,3,2,1,0,1,0,1,1,719.835,-331.5534,1878.374,0,0.5375618,0,0.8432244;
custom,field2,default,2,3,2,1,0,1,0,1,1,950.1382,-333.6576,1840.69,0,0.5134336,0,0.8581293;
custom,field2,default,2,3,2,1,0,1,0,1,1,1186.255,-327.6875,1824.336,0,0.6964359,0,0.7176191;
custom,field2,default,2,10,2,1,0,1,0,1,1,1195.742,-331.499,1696.249,0,0.8435367,0,0.5370716;
custom,field2,default,2,3,2,1,0,1,0,1,1,469.514,-328.4749,1739.603,0,0.961201,0,-0.275849;
custom,field2,default,2,3,2,1,0,1,0,1,1,244.0275,-328.1055,1736.685,0,0.9799498,0,0.1992444;
custom,field2,default,2,3,2,1,0,1,0,1,1,53.40002,-327.8487,1612.023,0,0.9681756,0,0.2502719;
custom,field2,default,2,3,2,1,0,1,0,1,1,-178.0517,-328.0656,1624.512,0,0.990583,0,0.1369135;
custom,field2,default,2,3,2,1,0,1,0,1,1,-337.1531,-327.3087,1450.047,0,0.976786,0,0.2142176;
custom,field2,default,2,3,2,1,0,1,0,1,1,-353.1836,-332.4541,1245.888,0,0.8351355,0,0.5500444;
custom,field2,default,2,3,2,1,0,1,0,1,1,-360.5231,-325.5666,1030.822,0,0.8850256,0,0.4655424;
custom,field2,default,2,3,2,1,0,1,0,1,1,-359.6318,-324.563,819.7224,0,0.8829857,0,0.4694;
custom,field2,default,2,3,2,1,0,1,0,1,1,-173.9701,-329.2907,573.5119,0,0.6852158,0,0.7283401;
custom,field2,default,2,3,2,1,0,1,0,1,1,159.7762,-329.359,562.2255,0,0.282003,0,-0.9594135;
custom,field2,default,2,3,2,1,0,1,0,1,1,332.946,-329.3282,723.2466,0,0.175996,0,-0.9843909;
custom,field2,default,2,3,2,1,0,1,0,1,1,336.3177,-328.0821,1062.815,0,0.0591047,0,-0.9982518;
custom,field2,default,2,3,2,1,0,1,0,1,1,922.0132,-329.4698,1309.168,0,0.2395727,0,0.9708784;
custom,field2,default,2,3,2,1,0,1,0,1,1,1166.694,-328.8726,1406.213,0,0.2162061,0,0.9763477;
custom,field2,default,2,3,2,1,0,1,0,1,1,1354.388,-330.9676,1433.372,0,0.243806,0,0.969824;
custom,field2,default,2,6,2,1,0,1,0,1,1,849.6296,-333.3999,945.7162,0,0.5173671,0,-0.8557636;
custom,field2,default,2,6,2,1,0,1,0,1,1,733.6998,-340.2953,758.4891,0,0.494792,0,-0.8690115;
custom,field2,default,2,6,2,1,0,1,0,1,1,499.4841,-326.2642,553.2937,0,0.4814995,0,-0.8764464;
custom,field2,default,2,6,2,1,0,1,0,1,1,4.420258,-325.8882,522.1237,0,0.4132649,0,-0.9106109;
custom,field2,default,2,6,2,1,0,1,0,1,1,-442.2196,-327.681,660.2101,0,0.2390951,0,0.9709962;
custom,field2,default,2,6,2,1,0,1,0,1,1,-489.5514,-329.659,911.8748,0,0.3474777,0,0.9376882;
custom,field2,default,2,6,2,1,0,1,0,1,1,-503.0451,-330.4691,1265.307,0,0.5585846,0,0.8294476;
custom,field2,default,2,6,2,1,0,1,0,1,1,1346.749,-331.4946,1172.543,0,0.2326983,0,0.972549;
custom,field2,default,2,6,2,1,0,1,0,1,1,1704.824,-327.1026,1651.196,0,0.1205092,0,-0.9927122;
custom,field2,default,2,6,2,1,0,1,0,1,1,1672.18,-328.4732,1994.968,0,0.9147897,0,-0.4039305;
custom,field2,default,2,6,2,1,0,1,0,1,1,1438.774,-330.0454,2171.967,0,0.919143,0,-0.3939242;
custom,field2,default,2,6,2,1,0,1,0,1,1,1205.613,-333.7597,2361.039,0,0.630034,0,-0.7765676;
custom,field2,default,2,6,2,1,0,1,0,1,1,1228.535,-332.5483,2636.507,0,0.2807419,0,-0.9597833;
custom,field2,default,2,6,2,1,0,1,0,1,1,582.4379,-327.4021,3087.4,0,0.6859233,0,-0.7276739;
custom,field2,default,2,6,2,1,0,1,0,1,1,61.09621,-332.4883,2927.863,0,0.7290789,0,-0.6844296;
custom,field2,default,2,6,2,1,0,1,0,1,1,1802.43,-330.7487,3839.466,0,0.0578299,0,-0.9983265;
custom,field2,default,2,6,2,1,0,1,0,1,1,1528.968,-330.2427,4071.513,0,0.645375,0,-0.7638659;
custom,field2,default,2,6,2,1,0,1,0,1,1,1273.697,-333.6118,4295.417,0,0.7792956,0,-0.6266565;
custom,field2,default,2,6,2,1,0,1,0,1,1,1029.042,-327.5794,4407.877,0,0.7468972,0,-0.6649396;
custom,field2,default,2,6,2,1,0,1,0,1,1,743.4531,-332.4137,4457.048,0,0.791478,0,-0.6111977;
custom,field2,default,2,6,2,1,0,1,0,1,1,396.6788,-332.6353,4377.978,0,0.9276679,0,-0.3734064;
custom,field2,default,2,6,2,1,0,1,0,1,1,31.96094,-336.3737,4246.412,0,0.9566834,0,-0.2911304;
custom,field2,default,2,6,2,1,0,1,0,1,1,-392.1926,-329.5251,4130.212,0,0.9985602,0,0.0536425;
custom,field2,default,2,6,2,1,0,1,0,1,1,-388.1198,-332.4713,3777.194,0,0.8991703,0,0.4375988;
custom,field2,default,2,6,2,1,0,1,0,1,1,56.69389,-326.9567,3641.937,0,0.5324873,0,0.846438;
custom,field2,default,2,6,2,1,0,1,0,1,1,436.9011,-330.6781,3775.697,0,0.5176336,0,0.8556024;
custom,field2,default,2,6,2,1,0,1,0,1,1,1087.051,-336.6674,3722.87,0,0.7214352,0,0.692482;
custom,field2,default,2,6,2,1,0,1,0,1,1,-198.2654,-347.3305,3345.358,0,0.9201852,0,-0.3914834;
custom,field2,default,2,6,2,1,0,1,0,1,1,-492.5168,-325.8957,3352.348,0,0.9998616,0,0.0166367;
custom,field2,default,2,6,2,1,0,1,0,1,1,-764.7686,-328.4957,3356.685,0,0.9998616,0,0.0166367;
custom,field2,default,2,6,2,1,0,1,0,1,1,-1065.063,-330.3772,3359.243,0,0.9998955,0,0.0144576;
custom,field2,default,2,6,2,1,0,1,0,1,1,-1327.731,-343.2246,2989.385,0,0.693662,0,0.7203007;
custom,field2,default,2,6,2,1,0,1,0,1,1,-1335.154,-324.2249,2802.044,0,0.693662,0,0.7203007;
custom,field2,default,2,6,2,1,0,1,0,1,1,-1341.844,-327.428,2591.478,0,0.7138027,0,0.7003469;
custom,field2,default,2,6,2,1,0,1,0,1,1,-1310.019,-328.725,2368.721,0,0.7138027,0,0.7003469;
custom,field2,default,2,6,2,1,0,1,0,1,1,-1266.088,-336.1613,2099.524,0,0.6952246,0,0.7187926;
custom,field2,default,2,6,2,1,0,1,0,1,1,-1100.607,-334.5105,1904.776,0,0.3854217,0,0.9227406;
custom,field2,default,2,6,2,1,0,1,0,1,1,-897.6057,-327.251,1900.667,0,0.0095097,0,0.9999548;
custom,field2,default,2,6,2,1,0,1,0,1,1,-667.9423,-324.9711,1912.253,0,0.0123125,0,-0.9999242;
custom,field2,default,2,6,2,1,0,1,0,1,1,-422.9254,-326.7977,1890.015,0,0.0035912,0,-0.9999936;
custom,field2,default,2,6,2,1,0,1,0,1,1,-188.8228,-332.3374,1894.193,0,0.0465548,0,0.9989157;
custom,field2,default,2,6,2,1,0,1,0,1,1,35.68866,-325.401,1872.049,0,0.0857364,0,0.9963179;
custom,field2,default,2,6,2,1,0,1,0,1,1,276.5871,-329.4543,1901.277,0,0.4566057,0,0.8896692;
custom,field2,default,2,6,2,1,0,1,0,1,1,544.1746,-326.9221,1934.408,0,0.4643513,0,0.8856511;
custom,field2,default,2,6,2,1,0,1,0,1,1,-47.46021,-331.9117,1691.508,0,0.7915969,0,-0.6110437;
custom,field2,default,2,6,2,1,0,1,0,1,1,-382.6607,-327.8602,1610.293,0,0.9976669,0,-0.0682699;
custom,field2,default,5,10,5,1,0,1,0,1,1,-941.9181,-341.7499,1435.089,0,0.3271125,0,-0.9449854;
custom,field2,default,5,10,5,1,0,1,0,1,1,-922.8155,-331.9039,1023.161,0,0.9574196,0,-0.2887003;
custom,field2,default,5,10,5,1,0,1,0,1,1,-851.1072,-342.1256,646.8951,0,0.9467636,0,-0.3219295;
custom,field2,default,5,10,5,1,0,1,0,1,1,-1468.504,-336.1267,713.8002,0,0.8348086,0,-0.5505403;
custom,field2,default,5,10,5,1,0,1,0,1,1,-1504.458,-340.9778,1265.296,0,0.3190762,0,-0.9477291;
custom,field2,default,5,10,5,1,0,1,0,1,1,-1587.591,-334.6136,1801.577,0,0.2480144,0,-0.9687564;
custom,field2,default,5,10,5,1,0,1,0,1,1,-1653.343,-329.8976,2444.193,0,0.2183338,0,-0.9758742;
custom,field2,default,5,10,5,1,0,1,0,1,1,-1618.208,-331.1596,3052.019,0,0.0760967,0,-0.9971005;
custom,field2,default,5,10,5,1,0,1,0,1,1,-1588.287,-332.9955,3641.172,0,0.0478044,0,-0.9988567;
custom,field2,default,5,10,5,1,0,1,0,1,1,-899.7266,-331.258,3733.978,0,0.6627367,0,0.7488525;
custom,field2,default,5,10,5,1,0,1,0,1,1,-1461.229,-331.2565,4138.617,0,0.2291324,0,-0.9733953;
custom,field2,default,5,10,5,1,0,1,0,1,1,-706.7591,-333.9576,4346.402,0,0.2461017,0,0.969244;
custom,field2,default,5,10,5,1,0,1,0,1,1,-1028.525,-340.7955,4149.255,0,0.9954152,0,-0.0956488;
custom,field2,default,5,10,5,1,0,1,0,1,1,-628.1191,-327.0946,3935.915,0,0.9889838,0,0.1480241;
custom,field2,default,5,10,5,1,0,1,0,1,1,-181.1676,-339.1818,4422.285,0,0.6033686,0,0.7974624;
custom,field2,default,5,10,5,1,0,1,0,1,1,360.2998,-343.4951,4739.848,0,0.4959939,0,0.868326;
custom,field2,default,5,10,5,1,0,1,0,1,1,1173.428,-329.1142,4736.702,0,0.5822636,0,0.813;
custom,field2,default,5,10,5,1,0,1,0,1,1,1619.505,-344.8785,4386.476,0,0.821492,0,0.5702201;
custom,field2,default,5,10,5,1,0,1,0,1,1,1399.631,-335.7177,3043.915,0,0.7634604,0,-0.6458547;
custom,field2,default,5,10,5,1,0,1,0,1,1,1712.13,-332.0205,2407.195,0,0.8348587,0,0.5504643;
custom,field2,default,5,10,5,1,0,1,0,1,1,1731.223,-327.8875,1251.78,0,0.9930156,0,0.1179829;
custom,field2,default,5,10,5,1,0,1,0,1,1,1677.699,-338.7339,842.0045,0,0.9872718,0,0.1590421;
custom,field2,default,5,10,5,1,0,1,0,1,1,1474.099,-327.1228,551.3384,0,0.9937641,0,0.1115032;
custom,field2,default,5,10,5,1,0,1,0,1,1,1256.619,-329.1298,838.9789,0,0.1343727,0,0.9909309;
custom,field2,default,5,10,5,1,0,1,0,1,1,963.4548,-339.9789,655.3954,0,0.9991637,0,-0.0408897;
custom,field2,default,5,10,5,1,0,1,0,1,1,1141.204,-335.6479,294.9517,0,0.9973691,0,0.0724904;
custom,field2,default,5,10,5,1,0,1,0,1,1,490.0067,-341.3073,332.8043,0,0.9273964,0,-0.3740801;
custom,field2,default,5,10,5,1,0,1,0,1,1,-289.8861,-344.2785,261.2542,0,0.8389938,0,-0.5441411;
custom,field2,default,5,10,5,1,0,1,0,1,1,-1266.916,-347.3794,274.7076,0,0.9485478,0,-0.3166341;
custom,field2,default,5,10,5,1,0,1,0,1,1,652.091,-370.5942,1016.014,0,0.9268649,0,0.3753951;
custom,field2,default,5,10,5,1,0,1,0,1,1,-615.7628,-337.8448,1696.415,0,0.8438821,0,-0.5365287;
custom,field2,default,5,10,5,1,0,1,0,1,1,-1202.703,-341.8793,1653.955,0,0.8209452,0,-0.571007;
custom,field2,default,5,10,5,1,0,1,0,1,1,-1547.667,-338.1845,2112.794,0,0.4703418,0,-0.8824843;
custom,field2,default,5,10,5,1,0,1,0,1,1,-1644.161,-343.9393,2755.119,0,0.5271321,0,-0.8497834;
custom,field2,default,5,10,5,1,0,1,0,1,1,-1335.733,-338.4133,3285.718,0,0.0512243,0,0.9986872;
custom,field2,default,5,10,5,1,0,1,0,1,1,-1216.578,-330.7405,3656,0,0.094807,0,-0.9954957;
custom,field2,default,5,10,5,1,0,1,0,1,1,-323.2963,-345.8194,3540.249,0,0.9760888,0,-0.2173722;
custom,field2,default,5,10,5,1,0,1,0,1,1,150.574,-342.8127,4429.512,0,0.0558145,0,-0.9984412;
custom,tree1,rock1,1.5,1,1.5,0,1,1,1,1,1,77.95683,-439.8137,1434.647,0,0.0261274,0,-0.9996586;
custom,tree1,rock1,1.5,1,1.5,0,1,1,1,1,1,-97.41286,-439.698,1242.072,0,0.9239537,0,-0.3825046;
custom,tree1,rock1,1.5,1,1.5,0,1,1,1,1,1,-268.4528,-441.4702,1158.569,0,0.9998887,0,-0.0149173;
custom,tree1,rock1,1.5,1,1.5,0,1,1,1,1,1,-264.7629,-436.203,816.9386,0,0.9999365,0,0.0112704;
custom,tree1,rock1,1.5,1,1.5,0,1,1,1,1,1,-234.7145,-439.638,654.9833,0,0.7746469,0,-0.6323941;
custom,tree1,rock1,1.5,1,1.5,0,1,1,1,1,1,230.2366,-438.7633,656.7285,0,0.9439469,0,0.3300974;
custom,tree1,rock1,1.5,1,1.5,0,1,1,1,1,1,5.334251,-444.7689,600,0,0.7917503,0,0.610845;
custom,tree1,rock1,1.5,1,1.5,0,1,1,1,1,1,259.6873,-444.4254,947.7198,0,0.0017177,0,0.9999986;
custom,tree1,rock1,1.5,1,1.5,0,1,1,1,1,1,264.5252,-440.4039,1250.987,0,0.0016836,0,0.9999986;
custom,tree1,rock1,1.5,1,1.5,0,1,1,1,1,1,270.0067,-438.7847,1489.341,0,0.3752176,0,-0.9269367;
custom,tree1,rock1,1.5,1,1.5,0,1,1,1,1,1,112.522,-441.3411,1705.256,0,0.0026809,0,-0.9999964;
custom,tree1,rock1,1.5,1,1.5,0,1,1,1,1,1,373.5517,-440.5203,1758.429,0,-0.8277124,0,0.5611526;
custom,tree1,rock1,1.5,1,1.5,0,1,1,1,1,1,1024.829,-441.8321,1680.043,0,0.07078,0,0.997492;
custom,tree1,rock1,1.5,1,1.5,0,1,1,1,1,1,830.8414,-435.3466,1338.362,0,0.0181793,0,-0.9998348;
custom,tree1,rock1,1.5,1,1.5,0,1,1,1,1,1,1413.627,-441.6506,1529.572,0,0.9806402,0,0.1958181;
custom,tree1,rock1,1.5,1,1.5,0,1,1,1,1,1,815.5275,-441.4721,1764.142,0,0.990683,0,-0.1361879;
custom,tree1,rock1,1.5,1,1.5,0,1,1,1,1,1,575.5867,-440.5941,1689.475,0,0.0687863,0,0.9976314;
custom,tree1,rock1,1.5,1,1.5,0,1,1,1,1,1,574.3625,-437.9646,1438.701,0,0.5033011,0,0.8641111;
custom,tree1,rock1,1.5,1,1.5,0,1,1,1,1,1,1025.592,-441.8256,1435.831,0,0.4711402,0,0.8820584;
custom,tree1,rock1,1.5,1,1.5,0,1,1,1,1,1,1182.884,-460.9732,1559.371,0,0.9676293,0,0.2523759;
custom,tree1,rock1,1.5,1,1.5,0,1,1,1,1,1,1434.381,-442.5092,1974.072,0,0.0336316,0,0.9994343;
custom,tree1,rock1,1.5,1,1.5,0,1,1,1,1,1,1128.959,-466.511,1949.665,0,0.7018442,0,-0.7123305;
custom,tree1,rock1,1.5,1,1.5,0,1,1,1,1,1,869.0879,-443.8465,1914.273,0,0.7172251,0,-0.6968416;
custom,tree1,rock1,1.5,1,1.5,0,1,1,1,1,1,893.1647,-440.2402,2271.33,0,0.0035478,0,-0.9999937;
custom,tree1,rock1,1.5,1,1.5,0,1,1,1,1,1,841.4395,-444.1775,2768.376,0,-0.5080624,0,-0.8613203;
custom,tree1,rock1,1.5,1,1.5,0,1,1,1,1,1,314.3673,-447.3197,2732.03,0,0.2043771,0,-0.9788922;
custom,tree1,rock2,1.5,1,1.5,0,1,1,1,1,1,706.812,-441.5773,2773.429,0,0.7144025,0,-0.699735;
custom,tree1,rock2,1.5,1,1.5,0,1,1,1,1,1,425.1683,-454.8947,2736.482,0,0.5923957,0,-0.8056473;
custom,tree1,rock1,1.5,1,1.5,0,1,1,1,1,1,321.8557,-442.7806,2198.02,0,0.9999921,0,0.0039705;
custom,tree1,rock1,1.5,1,1.5,0,1,1,1,1,1,-303.9537,-439.9753,2178.533,0,0.7370424,0,-0.6758465;
custom,tree1,rock1,1.5,1,1.5,0,1,1,1,1,1,-278.1506,-441.8643,2814.214,0,0.0917876,0,0.9957786;
custom,tree1,rock1,1.5,1,1.5,0,1,1,1,1,1,-256.9311,-448.8211,2342.46,0,0.9947748,0,0.1020936;
custom,tree1,rock1,1.5,1,1.5,0,1,1,1,1,1,52.46598,-445.2765,2203.195,0,0.682178,0,0.7311863;
custom,tree1,rock1,1.5,1,1.5,0,1,1,1,1,1,-593.3345,-441.2908,2795.601,0,0.7192395,0,-0.6947622;
custom,tree1,rock1,1.5,1,1.5,0,1,1,1,1,1,-929.2147,-439.8623,2831.384,0,0.5481979,0,-0.8363487;
custom,tree1,rock1,1.5,1,1.5,0,1,1,1,1,1,-896.9171,-444.8088,2366.24,0,0.9997095,0,-0.0241028;
custom,tree1,rock1,1.5,1,1.5,0,1,1,1,1,1,-1013.331,-449.9731,2534.936,0,0.8110853,0,0.5849279;
custom,tree1,rock1,1.5,1,1.5,0,1,1,1,1,1,-1010.252,-442.8968,2926.662,0,0.5609766,0,-0.8278317;
custom,tree1,rock1,1.5,1,1.5,0,1,1,1,1,1,-737.7531,-443.4966,3070.428,0,0.8835665,0,0.4683058;
custom,tree1,rock1,1.5,1,1.5,0,1,1,1,1,1,-620.3008,-438.0639,2931.065,0,0.0226883,0,0.9997426;
custom,tree1,rock1,1.5,1,1.5,0,1,1,1,1,1,-345.7412,-441.189,2919.85,0,0.9946125,0,0.1036636;
custom,tree1,rock1,1.5,1,1.5,0,1,1,1,1,1,-495.8114,-439.7863,3107.243,0,-0.6028732,0,0.7978371;
custom,tree1,rock1,1.5,1,1.5,0,1,1,1,1,1,-88.28261,-459.2476,3097.235,0,0.9521354,0,-0.3056767;
custom,tree1,rock1,1.5,1,1.5,0,1,1,1,1,1,-42.75119,-461.3609,3050.011,0,0.6122016,0,0.7907017;
custom,tree1,rock1,1.5,1,1.5,0,1,1,1,1,1,37.36235,-469.2125,3101.972,0,0.6207901,0,0.7839769;
custom,tree1,rock1,1.5,1,1.5,0,1,1,1,1,1,-156.1745,-459.2684,3037.292,0,0.7518108,0,0.6593789;
custom,tree1,rock1,1.5,1,1.5,0,1,1,1,1,1,-153.7491,-451.8317,3108.38,0,0.4655755,0,0.8850082;
custom,tree1,rock1,1.5,1,1.5,0,1,1,1,1,1,62.2552,-458.8502,3044.85,0,0.5591536,0,0.8290641;
custom,tree1,rock1,1.5,1,1.5,0,1,1,1,1,1,215.1098,-443.8598,3457.968,0,0.4010969,0,0.9160357;
custom,tree1,rock1,1.5,1,1.5,0,1,1,1,1,1,1484.404,-446.2329,3402.04,0,0.7162111,0,0.6978837;
custom,tree1,rock1,1.5,1,1.5,0,1,1,1,1,1,1787.013,-445.2025,3574.994,0,0.6386637,0,0.769486;
custom,tree1,rock1,1.5,1,1.5,0,1,1,1,1,1,1485.765,-444.9315,3507.432,0,-0.0194553,0,-0.9998108;
custom,tree1,rock1,1.5,1,1.5,0,1,1,1,1,1,1546.817,-440.8741,3822.551,0,-0.6089785,0,0.7931867;
custom,tree1,rock1,1.5,1,1.5,0,1,1,1,1,1,1235.193,-446.7314,3762.198,0,0.1808422,0,-0.9835122;
custom,tree1,rock1,1.5,1,1.5,0,1,1,1,1,1,1294.71,-436.6756,4073.566,0,0.840291,0,-0.5421356;
custom,tree1,rock1,1.5,1,1.5,0,1,1,1,1,1,419.2715,-449.6623,4039.025,0,0.7120351,0,-0.7021438;
custom,tree1,rock1,1.5,1,1.5,0,1,1,1,1,1,336.5093,-463.3948,3924.525,0,0.6909021,0,-0.7229484;
custom,tree1,rock1,1.5,1,1.5,0,1,1,1,1,1,108.8524,-456.8806,3954.745,0,0.9996921,0,-0.0248145;
custom,tree1,rock1,1.5,1,1.5,0,1,1,1,1,1,11.14983,-441.3083,3802.428,0,0.9092633,0,-0.4162214;
custom,tree1,rock1,1.5,1,1.5,0,1,1,1,1,1,11.93069,-444.6413,3869.139,0,-0.8154602,0,-0.5788132;
custom,tree1,rock2,1.5,1,1.5,0,1,1,1,1,1,1.743679,-456.4755,3970.266,0,0.9976609,0,0.0683583;
custom,tree1,rock2,1.5,1,1.5,0,1,1,1,1,1,-1.31158,-455.6846,4075.364,0,0.1232498,0,0.9923757;


custom,cuboid,pillar2tex,5,1,5,0,1,1,1,1,1,0,-300,950,0,0,0,0;
custom,cuboid,pillar2tex,5.1,0.9,5.1,0,1,1,1,1,0.25,0,-300,950,0,0,0,0;

custom,cylinder,pillar2tex,1,1,1,0,1,1,1,0.5,0.5,20,-315,970,0,0,0,0;
custom,cylinder,pillar2tex,1,1,1,0,1,1,1,0.5,0.5,-20,-315,970,0,0,0,0;

custom,cylinder,pillar2tex,1,1,1,0,1,1,1,0.5,0.5,20,-315,930,0,0,0,0;
custom,cylinder,pillar2tex,1,1,1,0,1,1,1,0.5,0.5,-20,-315,930,0,0,0,0;


custom,cylinder,pillar2tex,2,12,2,0,1,1,1,0.5,2.5,-915,-250,2950,-0.414,0,0,1;
custom,cylinder,pillar2tex,2,12,2,0,1,1,1,0.5,2.5,-635,-250,2950,-0.414,0,0,1;
custom,cylinder,pillar2tex,2,12,2,0,1,1,1,0.5,2.5,-355,-250,2950,-0.414,0,0,1;
custom,cylinder,pillar2tex,2,12,2,0,1,1,1,0.5,2.5,-775,-250,3070,0.414,0,0,1;
custom,cylinder,pillar2tex,2,12,2,0,1,1,1,0.5,2.5,-495,-250,3070,0.414,0,0,1;
custom,cylinder,pillar2tex,2,12,2,0,1,1,1,0.5,2.5,-215,-250,3070,0.414,0,0,1;

racing,killcuboid,1,24,15,-915,-200,3000,-0.414,0,0,1;
racing,killcuboid,1,24,15,-775,-200,3025,0.414,0,0,1;
racing,killcuboid,1,24,15,-635,-200,3000,-0.414,0,0,1;
racing,killcuboid,1,24,15,-495,-200,3025,0.414,0,0,1;
racing,killcuboid,1,24,15,-355,-200,3000,-0.414,0,0,1;
racing,killcuboid,1,24,15,-215,-200,3025,0.414,0,0,1;


custom,cylinder,pillar2tex,2,7.25,2,0,1,1,1,0.5,1.5,-175,-275,3072.5,1,0,0,1;
custom,cylinder,pillar2tex,2,7.25,2,0,1,1,1,0.5,1.5,70,-275,3072.5,1,0,0,1;

racing,killcuboid,1,10,14.5,-175,-225,3072.5,0,0,0,1;
racing,killcuboid,1,10,14.5,70,-225,3072.5,0,0,0,1;

racing,killcuboid,24.5,1,14.5,-52.5,-275,3072.5,0,0,0,1;
racing,killcuboid,10,1,10,-52.5,-275,3072.5,0,0.414,0,1;


custom,cylinder,pillar2tex,2,7.5,2,0,1,1,1,0.5,2.5,197.5,-250,3190,0,0,0,0;
custom,cylinder,pillar2tex,2,7.5,2,0,1,1,1,0.5,2.5,197.5,-250,3290,0,0,0,0;

custom,cylinder,pillar2tex,2,7.5,2,0,1,1,1,0.5,2.5,97.5,-250,3190,0,0,0,0;
custom,cylinder,pillar2tex,2,7.5,2,0,1,1,1,0.5,2.5,97.5,-250,3290,0,0,0,0;

custom,cylinder,pillar2tex,2,7.5,2,0,1,1,1,0.5,2.5,147.5,-250,3240,0,0,0,0;

custom,cuboid,pillar2tex,13,1,13,0,1,1,1,2,2,147.5,-250,3240,0,0,0,0;
custom,cuboid,pillar2tex,13.1,0.9,13.1,0,1,1,1,2,0.25,147.5,-250,3240,0,0,0,0;

custom,cuboid,pillar2tex,7,1,7,0,1,1,1,2,2,147.5,-200,3240,0,0.414,0,1;
custom,cuboid,pillar2tex,7.1,0.9,7.1,0,1,1,1,2,0.25,147.5,-200,3240,0,0.414,0,1;

custom,cuboid,pillar2tex,7,1,7,0,1,1,1,2,2,147.5,-300,3240,0,0.414,0,1;
custom,cuboid,pillar2tex,7.1,0.9,7.1,0,1,1,1,2,0.25,147.5,-300,3240,0,0.414,0,1;

racing,killcuboid,6.9,1.1,6.9,147.5,-300,3240,0,0.414,0,1;
racing,killcuboid,6.9,1.1,6.9,147.5,-200,3240,0,0.414,0,1;
racing,killcuboid,12.9,1.1,12.9,147.5,-250,3240,0,0,0,1;


custom,cylinder,pillar2tex,1,7.5,1,0,1,1,1,0.5,2.5,225,-250,3350,0,0,0,0;
racing,killcylinder,1.1,7.6,1.1,225,-250,3350,0,0,0,0;
custom,cylinder,pillar2tex,1,7.5,1,0,1,1,1,0.5,2.5,225,-250,3450,0,0,0,0;
racing,killcylinder,1.1,7.6,1.1,225,-250,3450,0,0,0,0;
custom,cylinder,pillar2tex,1,7.5,1,0,1,1,1,0.5,2.5,250,-250,3375,0,0,0,0;
racing,killcylinder,1.1,7.6,1.1,250,-250,3375,0,0,0,0;
custom,cylinder,pillar2tex,1,7.5,1,0,1,1,1,0.5,2.5,250,-250,3425,0,0,0,0;
racing,killcylinder,1.1,7.6,1.1,250,-250,3425,0,0,0,0;
custom,cylinder,pillar2tex,1,7.5,1,0,1,1,1,0.5,2.5,275,-250,3400,0,0,0,0;
racing,killcylinder,1.1,7.6,1.1,275,-250,3400,0,0,0,0;
custom,cylinder,pillar2tex,1,7.5,1,0,1,1,1,0.5,2.5,300,-250,3375,0,0,0,0;
racing,killcylinder,1.1,7.6,1.1,300,-250,3375,0,0,0,0;
custom,cylinder,pillar2tex,1,7.5,1,0,1,1,1,0.5,2.5,300,-250,3425,0,0,0,0;
racing,killcylinder,1.1,7.6,1.1,300,-250,3425,0,0,0,0;
custom,cylinder,pillar2tex,1,7.5,1,0,1,1,1,0.5,2.5,325,-250,3350,0,0,0,0;
racing,killcylinder,1.1,7.6,1.1,325,-250,3350,0,0,0,0;
custom,cylinder,pillar2tex,1,7.5,1,0,1,1,1,0.5,2.5,325,-250,3450,0,0,0,0;
racing,killcylinder,1.1,7.6,1.1,325,-250,3450,0,0,0,0;
custom,cylinder,pillar2tex,1,7.5,1,0,1,1,1,0.5,2.5,350,-250,3350,0,0,0,0;
racing,killcylinder,1.1,7.6,1.1,350,-250,3350,0,0,0,0;
custom,cylinder,pillar2tex,1,7.5,1,0,1,1,1,0.5,2.5,350,-250,3450,0,0,0,0;
racing,killcylinder,1.1,7.6,1.1,350,-250,3450,0,0,0,0;
custom,cylinder,pillar2tex,1,7.5,1,0,1,1,1,0.5,2.5,375,-250,3375,0,0,0,0;
racing,killcylinder,1.1,7.6,1.1,375,-250,3375,0,0,0,0;
custom,cylinder,pillar2tex,1,7.5,1,0,1,1,1,0.5,2.5,375,-250,3425,0,0,0,0;
racing,killcylinder,1.1,7.6,1.1,375,-250,3425,0,0,0,0;
custom,cylinder,pillar2tex,1,7.5,1,0,1,1,1,0.5,2.5,400,-250,3400,0,0,0,0;
racing,killcylinder,1.1,7.6,1.1,400,-250,3400,0,0,0,0;
custom,cylinder,pillar2tex,1,7.5,1,0,1,1,1,0.5,2.5,425,-250,3375,0,0,0,0;
racing,killcylinder,1.1,7.6,1.1,425,-250,3375,0,0,0,0;
custom,cylinder,pillar2tex,1,7.5,1,0,1,1,1,0.5,2.5,425,-250,3425,0,0,0,0;
racing,killcylinder,1.1,7.6,1.1,425,-250,3425,0,0,0,0;
custom,cylinder,pillar2tex,1,7.5,1,0,1,1,1,0.5,2.5,450,-250,3350,0,0,0,0;
racing,killcylinder,1.1,7.6,1.1,450,-250,3350,0,0,0,0;
custom,cylinder,pillar2tex,1,7.5,1,0,1,1,1,0.5,2.5,450,-250,3450,0,0,0,0;
racing,killcylinder,1.1,7.6,1.1,450,-250,3450,0,0,0,0;


custom,cylinder,pillar2tex,2,7.5,2,0,1,1,1,1.0,2.0,-150,-250,1250,0,0,0,0;
custom,cylinder,pillar2tex,2,7.5,2,0,1,1,1,1.0,2.0,150,-250,1250,0,0,0,0;

custom,cylinder,pillar2tex,2,7.5,2,0,1,1,1,1.0,2.0,-80,-250,1350,0,0,0,0;
custom,cylinder,pillar2tex,2,7.5,2,0,1,1,1,1.0,2.0,-60,-250,1350,0,0,0,0;
custom,cylinder,pillar2tex,2,7.5,2,0,1,1,1,1.0,2.0,80,-250,1350,0,0,0,0;
custom,cylinder,pillar2tex,2,7.5,2,0,1,1,1,1.0,2.0,60,-250,1350,0,0,0,0;


custom,cylinder,pillar2tex,2,7.5,2,0,1,1,1,1.0,2.0,-240,-250,1050,0,0,0,0;
custom,cylinder,pillar2tex,2,7.5,2,0,1,1,1,1.0,2.0,240,-250,1050,0,0,0,0;

custom,cylinder,pillar2tex,2,7.5,2,0,1,1,1,1.0,2.0,-150,-250,850,0,0,0,0;
custom,cylinder,pillar2tex,2,7.5,2,0,1,1,1,1.0,2.0,150,-250,850,0,0,0,0;
custom,cylinder,pillar2tex,2,15,2,0,1,1,1,1.0,4.0,0,-200,850,0,0,1,1;
custom,cylinder,pillar2tex,2,15,2,0,1,1,1,1.0,4.0,0,-250,850,0,0,1,1;
custom,cylinder,pillar2tex,2,15,2,0,1,1,1,1.0,4.0,0,-300,850,0,0,1,1;




custom,cylinder,pillar2tex,2,7.5,2,0,1,1,1,1.0,2.0,210,-250,1450,0,0,0,0;
custom,cylinder,pillar2tex,2,7.5,2,0,1,1,1,1.0,2.0,190,-250,1450,0,0,0,0;


custom,cylinder,pillar2tex,2,7.5,2,0,1,1,1,1.0,2.0,-200,-250,1460,0,0,0,0;
custom,cylinder,pillar2tex,2,7.5,2,0,1,1,1,1.0,2.0,-200,-250,1440,0,0,0,0;

custom,cylinder,pillar2tex,2,4.5,2,0,1,1,1,1.0,2.0,300,-175,1560,1,0,0,1;
custom,cylinder,pillar2tex,2,4.5,2,0,1,1,1,1.0,2.0,350,-325,1560,1,0,0,1;
custom,cylinder,pillar2tex,2,4.5,2,0,1,1,1,1.0,2.0,400,-175,1560,1,0,0,1;
custom,cylinder,pillar2tex,2,4.5,2,0,1,1,1,1.0,2.0,450,-325,1560,1,0,0,1;

