spawnpoint,playerC,602.0072,85.7766,241.9954,0,0,0,1;
spawnpoint,playerM,595.8596,85.76163,241.9905,0,0,0,1;
racing,startCuboid,7.875,7.875,0.525,595.6525,72.09314,153.3128,0,-0.9999902,0,-0.0044345;
custom,cylinder,default,0.035,0.049,0.035,1,0.5113636,0,0,1,1,601.5179,104.6956,289.4385,-0.05562221,-0.5899945,0.7925457,0.1438191;
custom,sphere,default,0.14,0.14,0.14,1,0.5113636,0,0,1,1,602.0747,104.3121,290.4086,0.006589998,0.2696851,0.9539933,0.1308567;
custom,cylinder,default,0.07,0.035,0.07,1,0.5113636,0,0,1,1,602.0735,105.0805,290.1082,0.006589998,0.2696851,0.9539933,0.1308567;
custom,cylinder,default,0.035,0.049,0.035,1,0.5113636,0,0,1,1,602.6602,104.689,290.9269,0.0227428,0.4391626,0.7516002,-0.4916464;
custom,cylinder,default,0.035,0.035,0.035,1,0.5113636,0,0,1,1,602.5603,105.3174,289.5905,-0.1373631,0.6787041,0.6558753,0.3005326;
custom,cylinder,default,0.035,0.035,0.035,1,0.5113636,0,0,1,1,602.803,105.6349,289.5618,-0.07759651,-0.296476,0.9466189,0.09996781;
custom,cylinder,default,0.035,0.07,0.035,1,0.5113636,0,0,1,1,602.3522,105.9849,289.8389,-0.1244445,0.1130751,0.9463158,0.2760691;
custom,cuboid,default,0.14,0.035,0.035,1,0.1704545,0,0,1,1,601.4475,104.1956,288.5557,-0.6771736,0.1975508,0.7087355,0.0101767;
racing,killCylinder,0.07,3.5,0.07,599.1316,94.24958,254.1596,-0.6228506,-0.3448275,0.5024688,0.4905876;
racing,killCylinder,0.035,2.8,0.035,597.2878,95.49422,261.0085,-0.3122992,0.6161805,0.5004988,-0.521816;
racing,killCylinder,0.035,2.8,0.035,604.8171,94.30502,261.54,-0.3910166,0.6613239,0.4194893,-0.4835137;
racing,killCylinder,0.035,2.1,0.035,599.5981,94.63697,269.0173,-0.2920091,0.6606838,0.4355762,-0.5371229;
racing,killCylinder,0.035,2.1,0.035,595.507,100.0268,268.0341,-0.2724131,0.5797557,0.5722592,-0.5120487;
racing,killCylinder,0.035,2.8,0.035,597.5144,92.12845,262.5649,-0.2790173,0.6462596,0.4600061,-0.5411952;
custom,cylinder,metal2,0.014,2.1,0.014,0,1,1,1,1,1,619.0325,101.5286,304.1896,-0.0068444,-0.4151375,-0.7576836,0.5035172;
custom,tower2,default,0.5,0.5,0.5,0,1,1,1,1,1,135.3078,-5.612424,-182.8557,0,0,0,1;
custom,church1,default,1,1,1,0,1,1,1,1,1,-256.4539,20.58365,-155.2074,0,0,0,1;
custom,house10,default,1,1,1,0,1,1,1,1,1,-416.5122,21.25819,-295.2658,0,0.006435739,0,-0.9999793;
custom,tower4,default,0.5,0.5,0.5,0,1,1,1,1,1,320.5178,25.58301,91.73781,0,-1,0,0;
custom,house5,default,2,1,1,0,1,1,1,1,1,600.1892,15.68169,178.7543,0,-0.7071068,0,0.7071068;
custom,house5,default,1,1,1,0,1,1,1,1,1,600.1892,51.28872,243.7133,0,-0.7071068,0,0.7071068;
custom,house5,default,2,1,1,0,1,1,1,1,1,600.1892,33.32745,222.2489,0,-0.7071068,0,0.7071068;
custom,house14,default,1,1,1,0,1,1,1,1,1,633.3694,0,235.4352,0,-0.7071068,0,0.7071068;
custom,house14,default,1,1,1,0,1,1,1,1,1,633.3694,0,166.7334,0,-0.7071068,0,0.7071068;
custom,house14,default,1,1,1,0,1,1,1,1,1,597.2035,0,265.8999,0,1,0,0;
custom,house14,default,1,1,1,0,1,1,1,1,1,633.3694,0,101.9584,0,-0.7071068,0,0.7071068;
custom,house14,default,1,1,1,0,1,1,1,1,1,558.5405,0,235.4352,0,-0.7071068,0,0.7071068;
custom,house5,default,1,1,1,0,1,1,1,1,1,526.4498,15.68168,71.88913,0,-0.7071068,0,0.7071068;
custom,house14,default,1,1,1,0,1,1,1,1,1,558.5405,0,170.7126,0,-0.7071068,0,0.7071068;
custom,cylinder,metal2,0.0105,2.625,0.0105,0,1,1,1,1,1,634.8813,30.4134,204.2861,-0.5972782,0.7353999,-0.2380425,-0.2139661;
misc,barrier,0.2,6,19.79859,559.1938,79.37856,166.6792,0,0,0,1;
misc,barrier,0.2,6,7.478953,595.9923,79.3213,264.6588,0,-0.7071068,0,0.7071068;
misc,barrier,0.2,6,7.478953,595.9923,79.3213,68.79453,0,-0.7071068,0,0.7071068;
misc,barrier,0.2,6,19.79859,631.8882,79.37856,166.6792,0,0,0,1;
misc,barrier,19.60718,0.2,7.339502,595.8462,106.5312,166.4873,0,-0.7071068,0,0.7071068;
racing,endCuboid,0.1615045,0.044262,0.1717795,-600.4257,0.3081612,-280.653,0,0,0,1;
custom,house5,default,1,1,1,0,1,1,1,1,1,599.7314,15.68168,71.88913,0,-0.7071068,0,0.7071068;
custom,house5,default,1,1,1,0,1,1,1,1,1,453.0544,15.68168,71.88913,0,-0.7071068,0,0.7071068;
custom,house5,default,1,1,1,0,1,1,1,1,1,526.4498,15.68168,153.3343,0,-0.7071068,0,0.7071068;
custom,house5,default,1,1,1,0,1,1,1,1,1,453.0544,15.68168,153.3343,0,-0.7071068,0,0.7071068;
custom,house5,default,1,1,1,0,1,1,1,1,1,379.5601,15.68168,153.3343,0,-0.7071068,0,0.7071068;
custom,house5,default,1,1,1,0,1,1,1,1,1,379.5601,15.68168,108.1946,0,0,0,1;
custom,house5,default,1,1,1,0,1,1,1,1,1,379.5601,15.68168,35.55601,0,0,0,1;
custom,house5,default,1,1,1,0,1,1,1,1,1,436.7145,15.68168,35.55601,0,0,0,1;
custom,house5,default,1,1,1,0,1,1,1,1,1,436.7145,15.68168,-37.90399,0,0,0,1;
custom,house5,default,1,1,1,0,1,1,1,1,1,436.7145,15.68168,-37.90399,0,0,0,1;
custom,house5,default,1,1,1,0,1,1,1,1,1,453.0544,15.68168,71.88913,0,-0.7071068,0,0.7071068;
custom,house5,default,1,1,1,0,1,1,1,1,1,526.4498,15.68168,71.88913,0,-0.7071068,0,0.7071068;
custom,house5,default,1,1,1,0,1,1,1,1,1,327.0187,15.68168,-45.66418,0,-0.7071068,0,0.7071068;
custom,house5,default,1,1,1,0,1,1,1,1,1,400.3003,15.68168,-45.66418,0,-0.7071068,0,0.7071068;
custom,house5,default,1,1,1,0,1,1,1,1,1,327.0187,15.68168,27.73261,0,-0.7071068,0,0.7071068;
custom,house5,default,1,1,1,0,1,1,1,1,1,254.415,15.68168,-45.66418,0,-0.7071068,0,0.7071068;
custom,house5,default,1,1,1,0,1,1,1,1,1,238.0659,15.68168,-12.89989,0,0,0,1;
custom,house5,default,1,1,1,0,1,1,1,1,1,238.0659,15.68168,59.73878,0,0,0,1;
custom,house5,default,1,1,1,0,1,1,1,1,1,254.415,15.68168,104.5376,0,-0.7071068,0,0.7071068;
custom,house5,default,1,1,1,0,1,1,1,1,1,265.6089,15.68168,137.1803,0,0,0,1;
custom,house5,default,1,1,1,0,1,1,1,1,1,232.6991,15.68168,130.6196,0,0.3439869,0,0.9389745;
custom,house5,default,1,1,1,0,1,1,1,1,1,341.2613,15.68168,185.786,0,0,0,1;
custom,house5,default,1,1,1,0,1,1,1,1,1,306.3301,15.68168,228.9639,0,-0.7071068,0,0.7071068;
custom,house5,default,1,1,1,0,1,1,1,1,1,232.8358,15.68168,228.9639,0,-0.7071068,0,0.7071068;
custom,house5,default,1,1,1,0,1,1,1,1,1,166.4039,15.68168,185.9603,0,0.3439869,0,0.9389745;
custom,house5,default,1,1,1,0,1,1,1,1,1,144.8727,15.68168,131.4605,0,0,0,1;
custom,house5,default,1,1,1,0,1,1,1,1,1,144.8727,15.68168,58.82167,0,0,0,1;
custom,house5,default,1,1,1,0,1,1,1,1,1,144.8775,15.68168,-12.89989,0,0,0,1;
custom,house5,default,1,1,1,0,1,1,1,1,1,144.8775,15.68168,-85.7002,0,0,0,1;
custom,house5,default,1,1,1,0,1,1,1,1,1,177.8011,15.68168,-101.0394,0,0.7071068,0,0.7071068;
custom,house5,default,1,1,1,0,1,1,1,1,1,251.2182,15.68168,-101.0394,0,0.7071068,0,0.7071068;
custom,house5,default,1,1,1,0,1,1,1,1,1,324.9413,15.68168,-90.7094,0,0,0,1;
custom,house5,default,1,1,1,0,1,1,1,1,1,366.3021,15.68168,-123.7498,0,-0.7071068,0,0.7071068;
custom,house5,default,1,1,1,0,1,1,1,1,1,251.2182,15.68168,-183.3828,0,0.7071068,0,0.7071068;
custom,house5,default,1,1,1,0,1,1,1,1,1,324.7792,15.68168,-183.3828,0,0.7071068,0,0.7071068;
custom,house5,default,1,1,1,0,1,1,1,1,1,349.986,15.68168,-149.0784,0,0,0,1;
custom,house5,default,1,1,1,0,1,1,1,1,1,178.0259,15.68168,-183.3828,0,0.7071068,0,0.7071068;
custom,house5,default,1,1,1,0,1,1,1,1,1,144.8775,15.68168,-221.8064,0,0,0,1;
custom,house5,default,1,1,1,0,1,1,1,1,1,167.3409,15.68168,58.82167,0,0,0,1;
custom,house5,default,1,1,1,0,1,1,1,1,1,230.7566,15.68168,-22.58688,0,-0.7071068,0,0.7071068;
custom,house5,default,1,1,1,0,1,1,1,1,1,55.38603,15.68168,-85.7002,0,0,0,1;
custom,house5,default,1,1,1,0,1,1,1,1,1,55.38603,15.68168,-12.89989,0,0,0,1;
custom,house5,default,1,1,1,0,1,1,1,1,1,55.3812,15.68168,101.6745,0,0,0,1;
custom,house5,default,1,1,1,0,1,1,1,1,1,55.38603,15.68168,-231.1509,0,0,0,1;
custom,house5,default,1,1,1,0,1,1,1,1,1,55.38603,15.68168,-158.3504,0,0,0,1;
custom,house5,default,1,1,1,0,1,1,1,1,1,55.3812,15.68168,175.0495,0,0,0,1;
custom,house5,default,1,1,1,0,1,1,1,1,1,55.3812,15.68168,257.098,0,0,0,1;
custom,house5,default,1,1,1,0,1,1,1,1,1,96.79456,15.68168,275.9691,0,-0.7071068,0,0.7071068;
custom,house5,default,1,1,1,0,1,1,1,1,1,170.2889,15.68168,275.9691,0,-0.7071068,0,0.7071068;
custom,house5,default,1,1,1,0,1,1,1,1,1,175.2618,15.68168,230.9268,0,0,0,1;
custom,house5,default,1,1,1,0,1,1,1,1,1,12.60315,15.68168,272.4047,0,0,0,1;
custom,house5,default,1,1,1,0,1,1,1,1,1,0.2246628,15.68168,198.9745,0,0,0,1;
custom,house5,default,1,1,1,0,1,1,1,1,1,-42.65176,15.68168,101.6745,0,0,0,1;
custom,house5,default,1,1,1,0,1,1,1,1,1,-54.10195,15.68168,169.6467,0,0,0,1;
custom,house5,default,1,1,1,0,1,1,1,1,1,-54.10195,15.68168,257.098,0,0,0,1;
custom,house5,default,1,1,1,0,1,1,1,1,1,-90.64467,15.68168,194.8195,0,-0.7071068,0,0.7071068;
custom,house5,default,1,1,1,0,1,1,1,1,1,-172.2176,15.68168,194.8195,0,-0.7071068,0,0.7071068;
custom,house5,default,1,1,1,0,1,1,1,1,1,-90.64467,15.68168,249.3501,0,-0.7071068,0,0.7071068;
custom,house5,default,1,1,1,0,1,1,1,1,1,-164.0495,15.68168,249.3501,0,-0.7071068,0,0.7071068;
custom,house5,default,1,1,1,0,1,1,1,1,1,-120.2735,15.68168,140.0819,0,-0.7071068,0,0.7071068;
custom,house5,default,1,1,1,0,1,1,1,1,1,-90.64467,15.68168,86.81679,0,-0.7071068,0,0.7071068;
custom,house5,default,1,1,1,0,1,1,1,1,1,-161.8515,15.68168,101.6745,0,0,0,1;
custom,house5,default,1,1,1,0,1,1,1,1,1,-161.8515,15.68168,175.0495,0,0,0,1;
custom,house5,default,1,1,1,0,1,1,1,1,1,-161.8515,15.68168,28.80503,0,0,0,1;
custom,house5,default,1,1,1,0,1,1,1,1,1,-47.78886,15.68168,-1.079613,0,-0.7071068,0,0.7071068;
custom,house5,default,1,1,1,0,1,1,1,1,1,-121.1936,15.68168,-1.079613,0,-0.7071068,0,0.7071068;
custom,house5,default,1,1,1,0,1,1,1,1,1,0.2246628,15.68168,101.7012,0,0,0,1;
custom,house5,default,1,1,1,0,1,1,1,1,1,-34.14476,15.68168,-158.3504,0,0,0,1;
custom,house5,default,1,1,1,0,1,1,1,1,1,-34.14476,15.68168,-12.89989,0,0,0,1;
custom,house5,default,1,1,1,0,1,1,1,1,1,-34.00455,15.68168,-80.78069,0,0,0,1;
custom,house5,default,1,1,1,0,1,1,1,1,1,-34.14476,15.68168,-241.0593,0,0,0,1;
custom,house5,default,1,1,1,0,1,1,1,1,1,-70.54944,15.68168,-125.5955,0,-0.7071068,0,0.7071068;
custom,house5,default,1,1,1,0,1,1,1,1,1,-143.1246,15.68168,-125.5955,0,-0.7071068,0,0.7071068;
custom,house5,default,1,1,1,0,1,1,1,1,1,-70.54944,15.68168,-235.0258,0,-0.7071068,0,0.7071068;
custom,house5,default,1,1,1,0,1,1,1,1,1,-143.9543,15.68168,-235.0258,0,-0.7071068,0,0.7071068;
custom,house5,default,1,1,1,0,1,1,1,1,1,-158.1073,15.68168,-139.4119,0,0,0,1;
custom,house5,default,1,1,1,0,1,1,1,1,1,-158.1073,15.68168,-204.8588,0,0,0,1;
custom,house5,default,1,1,1,0,1,1,1,1,1,-70.54944,15.68168,-80.487,0,-0.7071068,0,0.7071068;
custom,house5,default,1,1,1,0,1,1,1,1,1,-143.1246,15.68168,-80.487,0,-0.7071068,0,0.7071068;
custom,tower2,default,0.5,0.5,0.5,0,1,1,1,1,1,53.63013,-5.612416,23.01252,0,0,0,1;
custom,tower2,default,0.5,0.5,0.5,0,1,1,1,1,1,53.63013,-5.612416,32.3932,0,0,0,1;
custom,tower2,default,0.5,0.5,0.5,0,1,1,1,1,1,53.63013,-5.612416,50.94849,0,0,0,1;
custom,tower2,default,0.5,0.5,0.5,0,1,1,1,1,1,53.63013,-5.612416,41.67741,0,0,0,1;
customb,arch1,default,2.5,1,1,0,1,1,1,1,1,-124.9355,15.32673,-38.0184,0,-0.7071068,0,0.7071068;
custom,house5,default,1,1,1,0,1,1,1,1,1,-161.8515,-11.44347,-46.27301,0,0,0,1;
customb,arch1,default,2.5,1,1,0,1,1,1,1,1,-204.3544,15.32673,-38,0,-0.7071068,0,0.7071068;
customb,arch1,default,2.5,1,1,0,1,1,1,1,1,-204.3544,15.32673,-4.193687,0,1,0,0;
customb,arch1,default,2.5,1,1,0,1,1,1,1,1,-204.3544,15.32673,39.30381,0,-0.7071068,0,0.7071068;
custom,house5,default,1,1,1,0,1,1,1,1,1,-247.2508,15.68168,-1.079613,0,-0.7071068,0,0.7071068;
custom,house5,default,1,1,1,0,1,1,1,1,1,-236.0009,15.68168,-45.93402,0,0,0,1;
custom,house5,default,1,1,1,0,1,1,1,1,1,-198.2453,15.68168,73.42551,0,-0.7071068,0,0.7071068;
custom,house5,default,1,1,1,0,1,1,1,1,1,-265.7091,15.68168,73.42551,0,-0.7071068,0,0.7071068;
custom,house5,default,1,1,1,0,1,1,1,1,1,-285.9122,15.68168,28.80503,0,0,0,1;
custom,tower4,default,0.5,0.5,0.5,0,1,1,1,1,1,-97.39046,25.58301,-179.8535,0,-1,0,0;
custom,house5,default,1,1,1,0,1,1,1,1,1,-143.9543,15.68168,-325.4805,0,-0.7071068,0,0.7071068;
custom,house5,default,1,1,1,0,1,1,1,1,1,-158.1073,15.68168,-286.3656,0,0,0,1;
custom,house5,default,1,1,1,0,1,1,1,1,1,-216.5227,15.68168,-325.4805,0,-0.7071068,0,0.7071068;
custom,house5,default,1,1,1,0,1,1,1,1,1,-361.5812,15.68168,-325.4805,0,-0.7071068,0,0.7071068;
custom,house5,default,1,1,1,0,1,1,1,1,1,-289.0127,15.68168,-325.4805,0,-0.7071068,0,0.7071068;
custom,house5,default,1,1,1,0,1,1,1,1,1,-579.0177,15.68168,-325.4805,0,-0.7071068,0,0.7071068;
custom,house5,default,1,1,1,0,1,1,1,1,1,-506.4488,15.68168,-325.4805,0,-0.7071068,0,0.7071068;
custom,house5,default,1,1,1,0,1,1,1,1,1,-433.9592,15.68168,-325.4805,0,-0.7071068,0,0.7071068;
custom,house5,default,1,1,1,0,1,1,1,1,1,-361.5812,15.68168,-234.987,0,-0.7071068,0,0.7071068;
custom,house5,default,1,1,1,0,1,1,1,1,1,-433.9592,15.68168,-234.987,0,-0.7071068,0,0.7071068;
custom,house5,default,1,1,1,0,1,1,1,1,1,-506.4488,15.68168,-234.987,0,-0.7071068,0,0.7071068;
custom,house5,default,1,1,1,0,1,1,1,1,1,-579.0177,15.68168,-234.987,0,-0.7071068,0,0.7071068;
custom,house10,default,1,1,1,0,1,1,1,1,1,-416.5122,21.25819,-236.2921,0,0.006435739,0,-0.9999793;
customb,arch1,default,1,1,1,0,1,1,1,1,1,318.852,27.50484,92.66579,0,-0.7071068,0,0.7071068;
customb,arch1,default,1,1,1,0,1,1,1,1,1,404.5154,20.28307,42.33601,0,-0.7071068,0,0.7071068;
customb,arch1,default,1,1,1,0,1,1,1,1,1,349.5535,14.16015,-9.55291,0,1,0,0;
customb,arch1,default,1,1,1,0,1,1,1,1,1,149.5135,27.38081,-144.9429,0,1,0,0;
customb,arch1,default,1,1,1,0,1,1,1,1,1,97.56866,27.50484,24.18992,0,-0.7071068,0,0.7071068;
customb,arch1,default,1,1,1,0,1,1,1,1,1,97.56866,27.50484,76.78812,0,-0.7071068,0,0.7071068;
customb,arch1,default,1,1,1,0,1,1,1,1,1,10.86566,27.50484,24.18992,0,-0.7071068,0,0.7071068;
custom,house7,default,1.3125,1.3125,1.3125,0,1,1,1,1,1,-201.1258,34.41331,-89.95996,0,-0.7068452,0,0.7073683;
custom,wagon1,default,1,1,1,0,1,1,1,1,1,102.3651,5.1138,47.61506,0,0.7071068,0,0.7071068;
custom,wagon1,default,1,1,1,0,1,1,1,1,1,82.34721,5.1138,47.61506,0,0.7071068,0,0.7071068;
custom,cuboid,stone2,20,0.5,2.5,0,1,1,1,15,1.25,507.4445,-2.4,110.9256,0,0,0,1;
custom,cuboid,stone2,2.5,0.5,15,0,1,1,1,1.825,7.5,298.8354,-2.4,127.0287,0,0,0,1;
custom,cuboid,stone2,10,0.5,2.5,0,1,1,1,7.5,1.25,236.3912,-2.4,189.5177,0,0,0,1;
custom,cuboid,stone2,20,0.5,2.5,0,1,1,1,15,1.25,201.13,-2.44149,162.6675,0,-0.4133863,0,0.9105558;
custom,cuboid,stone2,20,0.5,2.5,0,1,1,1,15,1.25,211.1589,-2.4,-139.896,0,0,0,1;
custom,cuboid,stone2,2.5,0.5,52,0,1,1,1,1.825,39,98.71876,-2.4,-15.2662,0,0,0,1;
custom,cuboid,stone2,20,0.5,2.5,0,1,1,1,15,1.25,-54.55949,-2.4,44.87296,0,0,0,1;
custom,cuboid,stone2,2.5,0.5,32,0,1,1,1,1.825,24,9.264402,-2.4,-144.8631,0,0,0,1;
custom,cuboid,stone2,40,0.5,2.5,0,1,1,1,30,1.25,-389.2842,-2.4,-280.5264,0,0,0,1;
custom,prism,default,0.3449408,0.06,0.7168713,1,0,1,0,1,1,398.9927,7.605597,105.1903,0,0,-0.7078594,0.7063534;
custom,prism,default,0.8,0.06,0.7168713,1,0,1,0,1,1,92.34727,-0.09243557,220.9899,0,0.705689,0,0.7085218;
custom,prism,default,-0.8,-0.06,-0.7168713,1,0,1,0,1,1,9.115631,-0.0924356,38.04839,1,0,-0.0001592044,0;
custom,prism,default,-0.8,-0.06,-0.7168713,1,0,1,0,1,1,2.986648,-0.0924356,-194.7496,0.7096302,0,-0.7045744,0;
custom,prism,default,-0.2465841,-0.06,-0.7168713,1,0,1,0,1,1,-111.1308,-0.2538309,-149.3757,0,0,0,1;
custom,prism,default,-0.1584755,-0.02517684,-0.3008092,1,0,1,0,1,1,-110.312,6.871876,-24.16541,0.4962259,0.496237,0.5037348,0.503746;
custom,prism,wood1,2.60676,1.491109,0.958051,0,1,1,1,1,1,-597.637,11.0775,-280.4836,0.5,0.5,-0.5,0.5;
custom,cuboid,wood1,2.5,0.05,1.5,0,1,1,1,3,1,-596.4555,7.135116,-280.4836,0,0.7071068,0,0.7071068;
custom,cuboid,wood1,2.5,0.05,1.5,0,1,1,1,3,1,-596.4555,-0.1148939,-280.4836,0,0.7071068,0,0.7071068;
custom,cuboid,wood1,0.05,0.75,1.125,0,1,1,1,1,1,-597.9555,3.635106,-292.5336,0,0.7071068,0,0.7071068;
custom,cuboid,wood1,0.05,0.75,1.125,0,1,1,1,1,1,-597.9555,3.635106,-268.4336,0,0.7071068,0,0.7071068;
custom,cuboid,wood1,2.5,0.75,0.05,0,1,1,1,3,1,-603.7055,3.635106,-280.4836,0,0.7071068,0,0.7071068;
custom,cuboid,wood1,0.25,0.75,0.05,0,1,1,1,1,1,-592.4556,3.635106,-291.7336,0,0.7071068,0,0.7071068;
custom,cuboid,wood1,0.25,0.75,0.05,0,1,1,1,1,1,-592.4556,3.635106,-283.4836,0,0.7071068,0,0.7071068;
custom,cuboid,wood1,0.25,0.75,0.05,0,1,1,1,1,1,-592.4556,3.635106,-269.2336,0,0.7071068,0,0.7071068;
custom,cuboid,wood1,0.25,0.75,0.05,0,1,1,1,1,1,-592.4556,3.635106,-277.9336,0,0.7071068,0,0.7071068;
custom,cuboid,wood1,0.625,0.4,0.025,0,1,1,1,1,1,-592.4556,1.760106,-273.5836,0,0.7071068,0,0.7071068;
custom,cuboid,wood1,0.625,0.4,0.025,0,1,1,1,1,1,-592.4556,1.760106,-287.3836,0,0.7071068,0,0.7071068;
custom,cuboid,wood1,0.05,0.75,0.05,0,1,1,1,1,1,-589.4055,3.635106,-268.4336,0,0.7071068,0,0.7071068;
custom,cuboid,wood1,0.05,0.75,0.05,0,1,1,1,1,1,-589.4055,3.635106,-292.5336,0,0.7071068,0,0.7071068;
custom,cuboid,wood1,0.05,0.75,0.05,0,1,1,1,1,1,-589.4055,3.635106,-283.4836,0,0.7071068,0,0.7071068;
custom,cuboid,wood1,0.05,0.75,0.05,0,1,1,1,1,1,-589.4055,3.635106,-277.4836,0,0.7071068,0,0.7071068;
custom,cuboid,wood1,2.5,0.25,0.2337079,0,1,1,1,3,1,-602.3655,1.287852,-280.4836,0,0.7071068,0,0.7071068;
misc,barrier,86.60297,0.2,121.3102,-46.76387,48.59134,-4.202805,0,-0.7071068,0,0.7071068;
misc,barrier,0.2,6,19.81842,529.5419,19.90646,68.79453,0,-0.7071068,0,0.7071068;
misc,barrier,0.2,6,19.81842,336.4736,19.90646,-47.0955,0,-0.7071068,0,0.7071068;
misc,barrier,0.2,6,19.81842,459.5311,19.90646,151.6365,0,-0.7071068,0,0.7071068;
misc,barrier,0.2,6,19.81842,273.0711,19.90646,227.4713,0,-0.7071068,0,0.7071068;
misc,barrier,0.2,6,19.81842,74.51746,19.90644,274.2638,0,-0.7071068,0,0.7071068;
misc,barrier,0.2,6,17.30503,235.7832,19.95763,50.48942,0,0,0,1;
misc,barrier,0.2,6,26.96357,143.8556,19.95763,28.24244,0,0,0,1;
misc,barrier,0.2,6,42.86135,53.67455,19.95763,-1.130156,0,0,0,1;
misc,barrier,0.2,6,13.71728,-55.34936,19.95763,138.6234,0,0,0,1;
misc,barrier,0.2,6,21.02396,-35.36082,19.95763,-82.0358,0,0,0,1;
misc,barrier,0.2,6,13.47496,210.3421,19.90647,-98.84724,0,-0.7071068,0,0.7071068;
misc,barrier,0.2,6,19.86294,250.9937,19.90647,-181.6356,0,-0.7071068,0,0.7071068;
misc,barrier,0.2,6,13.47496,-101.5521,19.90647,-236.5989,0,-0.7071068,0,0.7071068;
misc,barrier,0.2,6,17.30503,-159.5525,19.95763,-191.5396,0,0,0,1;
custom,house5,default,1,1,1,0,1,1,1,1,1,-623.1746,15.68168,-286.3656,0,0,0,1;
custom,cylinder,default,0.035,0.049,0.035,1,0.5113636,0,0,1,1,79.7977,42.49718,-256.0466,0.1116313,-0.6303746,-0.765599,0.06343947;
custom,sphere,default,0.14,0.14,0.14,1,0.5113636,0,0,1,1,80.25783,43.28447,-256.7991,0.1345492,-0.9901195,0.03283029,0.02195756;
custom,cylinder,default,0.07,0.035,0.07,1,0.5113636,0,0,1,1,80.25806,42.46323,-256.8785,0.1345492,-0.9901195,0.03283029,0.02195756;
custom,cylinder,default,0.035,0.049,0.035,1,0.5113636,0,0,1,1,80.76543,43.1898,-257.4969,-0.4620113,-0.8293173,0.281452,0.1398685;
custom,cylinder,default,0.035,0.035,0.035,1,0.5113636,0,0,1,1,80.78983,42.02474,-256.5842,0.3591836,-0.7882358,0.4879393,0.1076413;
custom,cylinder,default,0.035,0.035,0.035,1,0.5113636,0,0,1,1,81.02051,41.73166,-256.7305,0.09047506,-0.8464111,-0.5139173,0.1062616;
custom,cylinder,default,0.035,0.07,0.035,1,0.5113636,0,0,1,1,80.52713,41.53843,-257.0797,0.2966711,-0.9396156,-0.1270354,0.1138897;
custom,cuboid,default,0.14,0.035,0.035,1,0.1704545,0,0,1,1,79.84717,42.544,-255.0318,0.1734869,-0.6937266,0.02183703,0.6986908;
racing,killCylinder,0.07,3.5,0.07,81.81856,35.86675,-219.8336,0.5965742,-0.3744251,-0.4850744,0.5182739;
racing,killCylinder,0.035,2.8,0.035,79.16853,37.82209,-226.2375,-0.4012225,-0.6064425,0.510888,0.458521;
racing,killCylinder,0.035,2.8,0.035,86.63444,39.22343,-227.0685,-0.3424992,-0.5338618,0.5706527,0.5215758;
racing,killCylinder,0.035,2.1,0.035,80.60081,42.23186,-233.2173,-0.4176664,-0.5548264,0.5702139,0.4388378;
racing,killCylinder,0.035,2.1,0.035,76.42329,36.92426,-234.2831,-0.4036836,-0.6701083,0.4585915,0.4215309;
racing,killCylinder,0.035,2.8,0.035,79.36002,41.53068,-226.1293,-0.425671,-0.5759414,0.5508808,0.4285161;
custom,cylinder,metal2,0.014,2.1,0.014,0,1,1,1,1,1,95.66603,52.21265,-269.7644,0.471323,0.8286183,-0.2573046,-0.1582426;
custom,cylinder,default,0.035,0.049,0.035,1,0.5113636,0,0,1,1,89.6649,41.55133,-256.0466,0.2663769,-0.5821314,-0.7251251,0.2536927;
custom,sphere,default,0.14,0.14,0.14,1,0.5113636,0,0,1,1,89.68414,42.46299,-256.7991,0.3789136,-0.9245889,0.03729281,0.01300811;
custom,cylinder,default,0.07,0.035,0.07,1,0.5113636,0,0,1,1,90.08366,41.74546,-256.8785,0.3789136,-0.9245889,0.03729281,0.01300811;
custom,cylinder,default,0.035,0.049,0.035,1,0.5113636,0,0,1,1,90.17376,42.62707,-257.4969,-0.2389119,-0.9187723,0.30756,0.06469602;
custom,cylinder,default,0.035,0.035,0.035,1,0.5113636,0,0,1,1,90.76154,41.62086,-256.5842,0.5456427,-0.6727574,0.4993339,-0.01835924;
custom,cylinder,default,0.035,0.035,0.035,1,0.5113636,0,0,1,1,91.10563,41.47692,-256.7305,0.3001586,-0.7965564,-0.4707558,0.2319303;
custom,cylinder,default,0.035,0.07,0.035,1,0.5113636,0,0,1,1,90.76846,41.06817,-257.0797,0.5231546,-0.8349853,-0.09435913,0.1421453;
custom,cuboid,default,0.14,0.035,0.035,1,0.1704545,0,0,1,1,89.68536,41.61628,-255.0318,0.3421615,-0.6279171,0.1966193,0.6708103;
racing,killCylinder,0.07,3.5,0.07,94.65463,36.73997,-219.8336,0.6714917,-0.2125884,-0.339357,0.6234918;
racing,killCylinder,0.035,2.8,0.035,91.38822,37.16014,-226.2375,-0.236048,-0.6877741,0.6096736,0.3155095;
racing,killCylinder,0.035,2.8,0.035,97.23082,42.01471,-227.0685,-0.1974364,-0.602771,0.6833595,0.3615326;
racing,killCylinder,0.035,2.1,0.035,90.49571,41.70995,-233.2173,-0.2649289,-0.6419427,0.662154,0.2815571;
racing,killCylinder,0.035,2.1,0.035,89.42586,35.0408,-234.2831,-0.2224404,-0.7500174,0.5497626,0.29284;
racing,killCylinder,0.035,2.8,0.035,89.75238,40.49394,-226.1293,-0.2673739,-0.6643909,0.6408485,0.2764221;
custom,cylinder,metal2,0.014,2.1,0.014,0,1,1,1,1,1,98.80738,57.75651,-269.7644,0.2481006,0.9204345,-0.2888013,-0.08854605;
custom,cylinder,default,0.035,0.049,0.035,1,0.5113636,0,0,1,1,100.7442,43.10778,-255.9953,-0.1408346,-0.6496462,-0.7250048,-0.1802596;
custom,sphere,default,0.14,0.14,0.14,1,0.5113636,0,0,1,1,101.5386,43.38368,-256.8264,-0.2152845,-0.9729222,0.04749815,0.06941927;
custom,cylinder,default,0.07,0.035,0.07,1,0.5113636,0,0,1,1,101.0021,42.75703,-256.8413,-0.2152845,-0.9729222,0.04749815,0.06941927;
custom,cylinder,default,0.035,0.049,0.035,1,0.5113636,0,0,1,1,101.8045,42.96033,-257.5361,-0.7139978,-0.6049426,0.2553906,0.2429554;
custom,cylinder,default,0.035,0.035,0.035,1,0.5113636,0,0,1,1,101.1475,42.08773,-256.5371,0.07793979,-0.8450628,0.4310391,0.3065935;
custom,cylinder,default,0.035,0.035,0.035,1,0.5113636,0,0,1,1,101.1212,41.71069,-256.6698,-0.2279771,-0.8360686,-0.4968434,-0.04650196;
custom,cylinder,default,0.035,0.07,0.035,1,0.5113636,0,0,1,1,100.5927,41.87329,-256.9811,-0.05396924,-0.9831024,-0.141079,0.1034114;
custom,cuboid,default,0.14,0.035,0.035,1,0.1704545,0,0,1,1,100.8969,43.14288,-254.9905,-0.09654184,-0.685892,-0.2064448,0.6910951;
racing,killCylinder,0.07,3.5,0.07,101.0307,37.88877,-219.4973,0.3983953,-0.5535595,-0.6429961,0.3484382;
racing,killCylinder,0.035,2.8,0.035,99.74458,40.89529,-225.9131,-0.5815637,-0.3995095,0.3518795,0.6151071;
racing,killCylinder,0.035,2.8,0.035,106.2478,37.08607,-227.1746,-0.5012644,-0.3478667,0.3820246,0.6941037;
racing,killCylinder,0.035,2.1,0.035,103.0938,43.09784,-233.2716,-0.5765704,-0.3443827,0.4133425,0.6149107;
racing,killCylinder,0.035,2.1,0.035,96.40731,41.7444,-233.7372,-0.6065497,-0.4611206,0.3175675,0.5644611;
racing,killCylinder,0.035,2.8,0.035,102.2926,43.59222,-226.1033,-0.5917194,-0.3623259,0.3996706,0.5990422;
custom,cylinder,metal2,0.014,2.1,0.014,0,1,1,1,1,1,117.9141,39.75709,-271.1064,0.7238398,0.6011532,-0.2267049,-0.2515467;
custom,cylinder,default,0.035,0.049,0.035,1,0.5113636,0,0,1,1,111.3796,42.902,-255.9617,-0.04740058,-0.6513707,-0.7536814,-0.07371511;
custom,sphere,default,0.14,0.14,0.14,1,0.5113636,0,0,1,1,112.063,43.41788,-256.7768,-0.07258736,-0.9945087,0.04134775,0.06303973;
custom,cylinder,default,0.07,0.035,0.07,1,0.5113636,0,0,1,1,111.7264,42.66555,-256.8156,-0.07258736,-0.9945087,0.04134775,0.06303973;
custom,cylinder,default,0.035,0.049,0.035,1,0.5113636,0,0,1,1,112.4381,43.1098,-257.4966,-0.6166109,-0.7054912,0.2765404,0.2135384;
custom,cylinder,default,0.035,0.035,0.035,1,0.5113636,0,0,1,1,112.0558,42.05578,-256.53,0.2020647,-0.8324451,0.4575272,0.2384824;
custom,cylinder,default,0.035,0.035,0.035,1,0.5113636,0,0,1,1,112.1376,41.69114,-256.6744,-0.1053421,-0.8521847,-0.5118226,0.02687045;
custom,cylinder,default,0.035,0.07,0.035,1,0.5113636,0,0,1,1,111.5846,41.70684,-256.9851,0.08945376,-0.9786026,-0.1401802,0.1211802;
custom,cuboid,default,0.14,0.035,0.035,1,0.1704545,0,0,1,1,111.516,42.9474,-254.9549,0.01400001,-0.6909096,-0.116091,0.7134219;
racing,killCylinder,0.07,3.5,0.07,113.1354,36.83511,-219.6362,0.48045,-0.4814515,-0.5940304,0.429535;
racing,killCylinder,0.035,2.8,0.035,111.049,39.55326,-225.9698,-0.5094447,-0.4855574,0.428862,0.5663723;
racing,killCylinder,0.035,2.8,0.035,118.3658,37.78671,-227.2874,-0.4362279,-0.4235899,0.4710001,0.6390898;
racing,killCylinder,0.035,2.1,0.035,113.6354,42.84531,-233.2285,-0.5125475,-0.431246,0.4905222,0.5574136;
racing,killCylinder,0.035,2.1,0.035,107.6079,39.6662,-233.7942,-0.5260469,-0.5494593,0.3866349,0.5214237;
racing,killCylinder,0.035,2.8,0.035,112.7268,42.86675,-226.056,-0.5251823,-0.450925,0.4744059,0.5438652;
custom,cylinder,metal2,0.014,2.1,0.014,0,1,1,1,1,1,128.7945,45.03537,-271.013,0.6266951,0.7027258,-0.2494232,-0.2263135;
custom,cylinder,default,0.035,0.049,0.035,1,0.5113636,0,0,1,1,111.3796,2.959777,-256.0297,-0.04136667,-0.7094399,-0.6992956,-0.0772628;
custom,sphere,default,0.14,0.14,0.14,1,0.5113636,0,0,1,1,112.063,3.339381,-256.9165,-0.0773867,-0.9880371,0.1205808,0.05704593;
custom,cylinder,default,0.07,0.035,0.07,1,0.5113636,0,0,1,1,111.7264,2.590463,-256.8352,-0.0773867,-0.9880371,0.1205808,0.05704593;
custom,cylinder,default,0.035,0.049,0.035,1,0.5113636,0,0,1,1,112.4381,2.920718,-257.5781,-0.6316854,-0.6811723,0.3319589,0.1636498;
custom,cylinder,default,0.035,0.035,0.035,1,0.5113636,0,0,1,1,112.0558,2.0339,-256.4562,0.1823886,-0.7932781,0.5224996,0.2538473;
custom,cylinder,default,0.035,0.035,0.035,1,0.5113636,0,0,1,1,112.1376,1.650936,-256.5408,-0.1071505,-0.8903118,-0.4421833,0.01837813;
custom,cylinder,default,0.035,0.07,0.035,1,0.5113636,0,0,1,1,111.5846,1.617007,-256.85,0.07949787,-0.9866683,-0.0616375,0.1279325;
custom,cuboid,default,0.14,0.035,0.035,1,0.1704545,0,0,1,1,111.516,3.16475,-255.043,-0.04297797,-0.6979706,-0.06058376,0.7122638;
racing,killCylinder,0.07,3.5,0.07,113.1354,2.74946,-219.2017,0.4446387,-0.5273218,-0.5537145,0.4665067;
racing,killCylinder,0.035,2.8,0.035,111.049,4.42533,-225.8871,-0.5530185,-0.449784,0.4662432,0.5239105;
racing,killCylinder,0.035,2.8,0.035,118.3658,2.471648,-226.9068,-0.4858381,-0.3846513,0.5033015,0.6022395;
racing,killCylinder,0.035,2.1,0.035,113.6354,6.520602,-233.5771,-0.555396,-0.3907252,0.5233727,0.5147331;
racing,killCylinder,0.035,2.1,0.035,107.6079,3.291986,-233.6298,-0.5659804,-0.5168524,0.4292503,0.4777803;
racing,killCylinder,0.035,2.8,0.035,112.7268,7.682898,-226.4994,-0.5669094,-0.4116274,0.5088779,0.5002198;
custom,cylinder,metal2,0.014,2.1,0.014,0,1,1,1,1,1,128.7945,2.671333,-271.2286,0.6427571,0.6805797,-0.3047075,-0.1755793;
custom,cylinder,default,0.035,0.049,0.035,1,0.5113636,0,0,1,1,102.9591,2.694939,-255.9996,0.1380642,-0.7140661,-0.6804429,0.08969592;
custom,sphere,default,0.14,0.14,0.14,1,0.5113636,0,0,1,1,103.4033,3.313378,-256.9037,0.1627772,-0.9744574,0.1536151,0.01840266;
custom,cylinder,default,0.07,0.035,0.07,1,0.5113636,0,0,1,1,103.4572,2.49848,-256.7858,0.1627772,-0.9744574,0.1536151,0.01840266;
custom,cylinder,default,0.035,0.049,0.035,1,0.5113636,0,0,1,1,103.9465,3.092947,-257.5439,-0.4530281,-0.8070886,0.3739889,0.05921046;
custom,cylinder,default,0.035,0.035,0.035,1,0.5113636,0,0,1,1,104.001,2.17957,-256.3804,0.3604104,-0.7142035,0.5881068,0.118946;
custom,cylinder,default,0.035,0.035,0.035,1,0.5113636,0,0,1,1,104.2552,1.87709,-256.4464,0.1144129,-0.8999467,-0.4040064,0.1174076;
custom,cylinder,default,0.035,0.07,0.035,1,0.5113636,0,0,1,1,103.7906,1.573424,-256.7533,0.3139901,-0.9397529,-0.004994123,0.1350918;
custom,cuboid,default,0.14,0.035,0.035,1,0.1704545,0,0,1,1,102.9604,2.982073,-255.0238,0.1113483,-0.6929331,0.1303686,0.7003208;
racing,killCylinder,0.07,3.5,0.07,103.7644,4.914871,-219.2045,0.5514935,-0.4192294,-0.4086719,0.5942129;
racing,killCylinder,0.035,2.8,0.035,101.2884,5.121816,-225.9634,-0.4421964,-0.562553,0.5866905,0.3791974;
racing,killCylinder,0.035,2.8,0.035,108.6848,6.804396,-226.8873,-0.3949244,-0.4826656,0.6405072,0.4481286;
racing,killCylinder,0.035,2.1,0.035,102.7596,7.85693,-233.7461,-0.4589609,-0.5044558,0.6384592,0.3567201;
racing,killCylinder,0.035,2.1,0.035,98.96364,2.17028,-233.6419,-0.4371788,-0.631341,0.5411199,0.3427425;
racing,killCylinder,0.035,2.8,0.035,101.2493,8.75605,-226.7334,-0.4646253,-0.5277765,0.6213042,0.3457694;
custom,cylinder,metal2,0.014,2.1,0.014,0,1,1,1,1,1,118.803,9.994926,-271.1663,0.4640298,0.8099138,-0.3503796,-0.07713804;
custom,cylinder,default,0.035,0.049,0.035,1,0.5113636,0,0,1,1,91.35159,8.149148,-256.0141,-0.2613693,-0.6367403,-0.6620412,-0.2965625;
custom,sphere,default,0.14,0.14,0.14,1,0.5113636,0,0,1,1,92.15387,8.094582,-256.8808,-0.3837985,-0.9168997,0.06397513,0.08888761;
custom,cylinder,default,0.07,0.035,0.07,1,0.5113636,0,0,1,1,91.43399,7.692923,-256.8451,-0.3837985,-0.9168997,0.06397513,0.08888761;
custom,cylinder,default,0.035,0.049,0.035,1,0.5113636,0,0,1,1,92.22486,7.573706,-257.5717,-0.8105247,-0.4585367,0.237538,0.2763504;
custom,cylinder,default,0.035,0.035,0.035,1,0.5113636,0,0,1,1,91.35326,7.029212,-256.5063,-0.07198296,-0.8282387,0.3909128,0.3950018;
custom,cylinder,default,0.035,0.035,0.035,1,0.5113636,0,0,1,1,91.19257,6.679133,-256.6163,-0.3791936,-0.7964082,-0.45458,-0.1237063;
custom,cylinder,default,0.035,0.07,0.035,1,0.5113636,0,0,1,1,90.73899,7.000797,-256.9219,-0.2312247,-0.9595898,-0.13024,0.09359558;
custom,cuboid,default,0.14,0.035,0.035,1,0.1704545,0,0,1,1,91.55237,8.174376,-255.0176,-0.2374619,-0.6505933,-0.3048682,0.653755;
racing,killCylinder,0.07,3.5,0.07,91.47562,4.806345,-219.2958,0.2737287,-0.6251301,-0.6867187,0.2504046;
racing,killCylinder,0.035,2.8,0.035,91.01596,7.779718,-225.8383,-0.6520856,-0.2703243,0.2592369,0.6591702;
racing,killCylinder,0.035,2.8,0.035,95.74159,1.898381,-227.0514,-0.5655156,-0.2313879,0.2721812,0.74335;
racing,killCylinder,0.035,2.1,0.035,94.58183,8.34947,-233.3997,-0.6363468,-0.2153561,0.3182088,0.6689004;
racing,killCylinder,0.035,2.1,0.035,87.82516,9.380039,-233.6057,-0.6868036,-0.3283814,0.2364539,0.6037849;
racing,killCylinder,0.035,2.8,0.035,94.32644,9.413816,-226.2532,-0.6542417,-0.230997,0.3082956,0.6508164;
custom,cylinder,metal2,0.014,2.1,0.014,0,1,1,1,1,1,105.6073,-1.627339,-271.3622,0.8202946,0.4536714,-0.2078856,-0.2794329;
custom,cylinder,default,0.035,0.049,0.035,1,0.5113636,0,0,1,1,79.9644,12.67821,-249.2472,-0.04136667,-0.7094399,-0.6992956,-0.0772628;
custom,sphere,default,0.14,0.14,0.14,1,0.5113636,0,0,1,1,80.64784,13.05781,-250.1339,-0.0773867,-0.9880371,0.1205808,0.05704593;
custom,cylinder,default,0.07,0.035,0.07,1,0.5113636,0,0,1,1,80.31123,12.30889,-250.0526,-0.0773867,-0.9880371,0.1205808,0.05704593;
custom,cylinder,default,0.035,0.049,0.035,1,0.5113636,0,0,1,1,81.02296,12.63915,-250.7956,-0.6316854,-0.6811723,0.3319589,0.1636498;
custom,cylinder,default,0.035,0.035,0.035,1,0.5113636,0,0,1,1,80.6406,11.75233,-249.6737,0.1823886,-0.7932781,0.5224996,0.2538473;
custom,cylinder,default,0.035,0.035,0.035,1,0.5113636,0,0,1,1,80.7224,11.36937,-249.7582,-0.1071505,-0.8903118,-0.4421833,0.01837813;
custom,cylinder,default,0.035,0.07,0.035,1,0.5113636,0,0,1,1,80.16943,11.33544,-250.0674,0.07949787,-0.9866683,-0.0616375,0.1279325;
custom,cuboid,default,0.14,0.035,0.035,1,0.1704545,0,0,1,1,80.10081,12.88318,-248.2605,-0.04297797,-0.6979706,-0.06058376,0.7122638;
racing,killCylinder,0.07,3.5,0.07,81.72018,12.46789,-212.4191,0.4446387,-0.5273218,-0.5537145,0.4665067;
racing,killCylinder,0.035,2.8,0.035,79.63377,14.14377,-219.1046,-0.5530185,-0.449784,0.4662432,0.5239105;
racing,killCylinder,0.035,2.8,0.035,86.95064,12.19008,-220.1243,-0.4858381,-0.3846513,0.5033015,0.6022395;
racing,killCylinder,0.035,2.1,0.035,82.22023,16.23903,-226.7945,-0.555396,-0.3907252,0.5233727,0.5147331;
racing,killCylinder,0.035,2.1,0.035,76.19274,13.01042,-226.8473,-0.5659804,-0.5168524,0.4292503,0.4777803;
racing,killCylinder,0.035,2.8,0.035,81.31164,17.40133,-219.7168,-0.5669094,-0.4116274,0.5088779,0.5002198;
custom,cylinder,metal2,0.014,2.1,0.014,0,1,1,1,1,1,97.3793,12.38976,-264.4463,0.6427571,0.6805797,-0.3047075,-0.1755793;
custom,cylinder,default,0.035,0.049,0.035,1,0.5113636,0,0,1,1,90.79808,20.5818,-249.2462,0.1249238,-0.6716977,-0.7225432,0.1055823;
custom,sphere,default,0.14,0.14,0.14,1,0.5113636,0,0,1,1,91.18516,21.30101,-250.1009,0.171477,-0.979921,0.09440456,0.03792552;
custom,cylinder,default,0.07,0.035,0.07,1,0.5113636,0,0,1,1,91.24883,20.47869,-250.0779,0.171477,-0.979921,0.09440456,0.03792552;
custom,cylinder,default,0.035,0.049,0.035,1,0.5113636,0,0,1,1,91.68955,21.15837,-250.793,-0.4348301,-0.8260563,0.3421853,0.1070655;
custom,cylinder,default,0.035,0.035,0.035,1,0.5113636,0,0,1,1,91.81713,20.1225,-249.7433,0.3863783,-0.7406114,0.536921,0.1179936;
custom,cylinder,default,0.035,0.035,0.035,1,0.5113636,0,0,1,1,92.06809,19.8318,-249.8573,0.1117736,-0.8718091,-0.4561744,0.1391419;
custom,cylinder,default,0.035,0.07,0.035,1,0.5113636,0,0,1,1,91.58695,19.5592,-250.1681,0.3240037,-0.9324615,-0.06607384,0.145504;
custom,cuboid,default,0.14,0.035,0.035,1,0.1704545,0,0,1,1,90.85693,20.75927,-248.2466,0.1563306,-0.6774594,0.09075914,0.7130023;
racing,killCylinder,0.07,3.5,0.07,93.80407,18.72656,-212.5453,0.5726319,-0.3760075,-0.445541,0.5763718;
racing,killCylinder,0.035,2.8,0.035,90.92568,19.65429,-219.0808,-0.4007514,-0.5842126,0.5688351,0.4177567;
racing,killCylinder,0.035,2.8,0.035,98.24715,21.50484,-220.2489,-0.3484169,-0.5052465,0.625807,0.4813494;
racing,killCylinder,0.035,2.1,0.035,91.9167,23.24844,-226.5851,-0.4173862,-0.5298365,0.6241482,0.3943361;
racing,killCylinder,0.035,2.1,0.035,88.15482,17.54636,-226.8881,-0.3988893,-0.6514059,0.5192587,0.383312;
racing,killCylinder,0.035,2.8,0.035,90.82714,23.35077,-219.4386,-0.4240774,-0.5525061,0.605864,0.3844791;
custom,cylinder,metal2,0.014,2.1,0.014,0,1,1,1,1,1,105.6756,29.67749,-264.422,0.4455104,0.827068,-0.3188567,-0.1257354;
custom,cylinder,default,0.035,0.049,0.035,1,0.5113636,0,0,1,1,104.3235,16.21721,-249.1768,0.1209911,-0.6975951,-0.6975726,0.1100669;
custom,sphere,default,0.14,0.14,0.14,1,0.5113636,0,0,1,1,104.7106,16.87223,-250.0816,0.1699803,-0.9758274,0.1300699,0.04415239;
custom,cylinder,default,0.07,0.035,0.07,1,0.5113636,0,0,1,1,104.7742,16.05377,-249.9987,0.1699803,-0.9758274,0.1300699,0.04415239;
custom,cylinder,default,0.035,0.049,0.035,1,0.5113636,0,0,1,1,105.215,16.67953,-250.7615,-0.4384446,-0.8130309,0.3720761,0.09114041;
custom,cylinder,default,0.035,0.035,0.035,1,0.5113636,0,0,1,1,105.3425,15.72291,-249.639,0.3818192,-0.7205429,0.5635667,0.1320025;
custom,cylinder,default,0.035,0.035,0.035,1,0.5113636,0,0,1,1,105.5935,15.42468,-249.7316,0.1066261,-0.8878617,-0.4240847,0.1431247;
custom,cylinder,default,0.035,0.07,0.035,1,0.5113636,0,0,1,1,105.1124,15.13014,-250.0217,0.3184831,-0.9342506,-0.03203227,0.1572204;
custom,cuboid,default,0.14,0.035,0.035,1,0.1704545,0,0,1,1,104.3823,16.46705,-248.1928,0.1302306,-0.6737,0.1153991,0.718228;
racing,killCylinder,0.07,3.5,0.07,107.3295,17.04134,-212.4383,0.5512367,-0.3920018,-0.4315355,0.5968667;
racing,killCylinder,0.035,2.8,0.035,104.4511,17.49035,-219.024,-0.4157164,-0.5630844,0.5897573,0.4028675;
racing,killCylinder,0.035,2.8,0.035,111.7726,19.25087,-220.3238,-0.3657353,-0.4820935,0.6438124,0.468326;
racing,killCylinder,0.035,2.1,0.035,105.4421,20.52811,-226.7702,-0.4314862,-0.5067279,0.6430511,0.378856;
racing,killCylinder,0.035,2.1,0.035,101.6802,14.81911,-226.6569,-0.4125997,-0.6320406,0.5426638,0.3685137;
racing,killCylinder,0.035,2.8,0.035,104.3525,21.15094,-219.6501,-0.4378136,-0.5300488,0.6256056,0.3687616;
custom,cylinder,metal2,0.014,2.1,0.014,0,1,1,1,1,1,119.201,24.18284,-264.9751,0.4497986,0.8148925,-0.3487998,-0.1094084;
custom,cylinder,default,0.035,0.049,0.035,1,0.5113636,0,0,1,1,85.06256,26.02072,-10.04333,-0.09287479,-0.5941154,-0.7880125,-0.1320512;
custom,sphere,default,0.14,0.14,0.14,1,0.5113636,0,0,1,1,85.83698,26.53134,-10.77619,-0.1418208,-0.9875538,-0.02994433,0.0610542;
custom,cylinder,default,0.07,0.035,0.07,1,0.5113636,0,0,1,1,85.39574,25.84865,-10.91783,-0.1418208,-0.9875538,-0.02994433,0.0610542;
custom,cylinder,default,0.035,0.049,0.035,1,0.5113636,0,0,1,1,86.18392,26.26744,-11.52704,-0.6541265,-0.6768258,0.2068761,0.2668853;
custom,cylinder,default,0.035,0.035,0.035,1,0.5113636,0,0,1,1,85.6245,25.16494,-10.71282,0.1510368,-0.8757472,0.3845685,0.2497236;
custom,cylinder,default,0.035,0.035,0.035,1,0.5113636,0,0,1,1,85.6564,24.81417,-10.90373,-0.1610088,-0.8066067,-0.5686059,-0.01221512;
custom,cylinder,default,0.035,0.07,0.035,1,0.5113636,0,0,1,1,85.12085,24.95184,-11.21461,0.0261713,-0.9722372,-0.2122577,0.09495538;
custom,cuboid,default,0.14,0.035,0.035,1,0.1704545,0,0,1,1,85.17509,25.91399,-9.038267,0.01123396,-0.6876684,-0.2136824,0.6937765;
racing,killCylinder,0.07,3.5,0.07,84.86966,15.08539,25.16767,0.4766301,-0.4793487,-0.6499943,0.3472118;
racing,killCylinder,0.035,2.8,0.035,83.38428,18.88345,19.23247,-0.5094015,-0.4793379,0.3479772,0.6242253;
racing,killCylinder,0.035,2.8,0.035,90.40102,16.23958,17.75987,-0.4275727,-0.4265588,0.3893394,0.6954452;
racing,killCylinder,0.035,2.1,0.035,86.63036,22.67255,12.50047,-0.5096641,-0.4290565,0.4135533,0.6205858;
racing,killCylinder,0.035,2.1,0.035,80.22317,20.52198,11.4609,-0.5332024,-0.5384763,0.3048911,0.5768708;
racing,killCylinder,0.035,2.8,0.035,85.52839,21.89463,19.60329,-0.5244291,-0.4465107,0.3970945,0.6065627;
custom,cylinder,metal2,0.014,2.1,0.014,0,1,1,1,1,1,103.0288,27.49232,-24.5148,0.6628526,0.6716599,-0.1790373,-0.2782896;
custom,cylinder,default,0.035,-0.049,0.035,1,0.5113636,0,0,1,1,111.6799,24.23689,-19.78959,-0.6203709,-0.08836576,0.1351103,0.7675133;
custom,sphere,default,0.14,-0.14,0.14,1,0.5113636,0,0,1,1,110.9054,24.69689,-20.55522,-0.9880019,-0.1438006,-0.05623332,-0.003400258;
custom,cylinder,default,0.07,-0.035,0.07,1,0.5113636,0,0,1,1,111.3467,24.00618,-20.65048,-0.9880019,-0.1438006,-0.05623332,-0.003400258;
custom,cylinder,default,0.035,-0.049,0.035,1,0.5113636,0,0,1,1,110.5585,24.38294,-21.28656,-0.6694592,-0.6627604,-0.2446578,-0.2295987;
custom,cylinder,default,0.035,-0.035,0.035,1,0.5113636,0,0,1,1,111.1179,23.33788,-20.39982,-0.8622702,0.1425235,-0.2546786,-0.4139034;
custom,cylinder,default,0.035,-0.035,0.035,1,0.5113636,0,0,1,1,111.086,22.97499,-20.56663,-0.8253355,-0.1605052,0.01764179,0.5410622;
custom,cylinder,default,0.035,-0.07,0.035,1,0.5113636,0,0,1,1,111.6216,23.09142,-20.88609,-0.9788467,0.02295185,-0.09578433,0.179326;
custom,cuboid,default,0.14,-0.035,0.035,1,0.1704545,0,0,1,1,111.5673,24.19823,-18.77961,-0.6944882,-0.01218564,-0.6937604,0.1903529;
racing,killCylinder,0.07,-3.5,0.07,111.8728,15.70182,16.07895,-0.5010109,0.4646406,-0.3630995,0.6334477;
racing,killCylinder,0.035,-2.8,0.035,113.3581,19.09078,9.901038,-0.4673209,-0.5301772,-0.6066791,-0.3639558;
racing,killCylinder,0.035,-2.8,0.035,106.3414,16.35366,8.610143,-0.4131758,-0.4507984,-0.6806206,-0.4035123;
racing,killCylinder,0.035,-2.1,0.035,110.1121,22.41712,2.928715,-0.4148552,-0.5303172,-0.603033,-0.4277968;
racing,killCylinder,0.035,-2.1,0.035,116.5193,20.20138,2.036578,-0.5278801,-0.5523665,-0.5585482,-0.3228899;
racing,killCylinder,0.035,-2.8,0.035,111.214,22.12013,10.06787,-0.4328552,-0.5446004,-0.5885198,-0.411936;
custom,cylinder,metal2,0.014,-2.1,0.014,0,1,1,1,1,1,93.71362,24.7289,-34.32731,0.6652354,0.6718667,0.2557612,0.2016018;
custom,cylinder,default,0.035,-0.049,0.035,1,0.5113636,0,0,1,1,98.61236,10.50982,79.55332,0.0883286,-0.6860393,-0.7107487,0.1280021;
custom,sphere,default,0.14,-0.14,0.14,1,0.5113636,0,0,1,1,99.05441,11.13108,80.45674,0.0255165,0.146924,-0.9764383,0.1559821;
custom,cylinder,default,0.07,-0.035,0.07,1,0.5113636,0,0,1,1,99.09634,10.3141,80.3488,0.0255165,0.146924,-0.9764383,0.1559821;
custom,cylinder,default,0.035,-0.049,0.035,1,0.5113636,0,0,1,1,99.58486,10.90904,81.10719,0.07036979,0.372151,-0.8049949,-0.4566562;
custom,cylinder,default,0.035,-0.035,0.035,1,0.5113636,0,0,1,1,99.6404,9.981949,79.95441,0.1266962,0.5806342,-0.7195247,0.3592997;
custom,cylinder,default,0.035,-0.035,0.035,1,0.5113636,0,0,1,1,99.88871,9.676041,80.02724,0.1197161,-0.4107177,-0.8977603,0.1049073;
custom,cylinder,default,0.035,-0.07,0.035,1,0.5113636,0,0,1,1,99.41492,9.383474,80.33115,0.1398245,-0.01348348,-0.9412807,0.3070147;
custom,cuboid,default,0.14,-0.035,0.035,1,0.1704545,0,0,1,1,98.63186,10.78603,78.57476,0.7055272,0.1200331,-0.6896515,0.1104722;
racing,killCylinder,0.07,-3.5,0.07,99.96167,12.30451,42.75123,0.590689,-0.4196422,-0.4173097,0.5484884;
racing,killCylinder,0.035,-2.8,0.035,97.39625,12.62714,49.47223,0.3903123,0.5835069,-0.5595221,-0.4405804;
racing,killCylinder,0.035,-2.8,0.035,104.8059,14.19973,50.48062,0.4588625,0.636871,-0.479845,-0.3919048;
racing,killCylinder,0.035,-2.1,0.035,98.80452,15.42496,57.24419,0.3679476,0.6358933,-0.5017347,-0.4566362;
racing,killCylinder,0.035,-2.1,0.035,94.91771,9.799906,57.14947,0.353938,0.5378195,-0.6283477,-0.4366432;
racing,killCylinder,0.035,-2.8,0.035,97.40615,16.26994,50.20145,0.3570523,0.6187385,-0.5249904,-0.4626679;
custom,cylinder,metal2,0.014,-2.1,0.014,0,1,1,1,1,1,114.3632,17.72093,94.85966,-0.08818469,-0.3484566,0.8074753,0.4677447;
custom,prism,default,-0.2465841,-0.06,-0.7168713,1,0,1,0,1,1,98.95738,-0.183891,32.82484,0,0,0,1;
misc,barrier,0.2,6,19.86294,57.98035,19.90647,-241.4739,0,-0.7071068,0,0.7071068;
custom,cylinder,default,0.035,0.049,0.035,1,0.5113636,0,0,1,1,-6.893054,42.49718,-256.0466,0.1116313,-0.6303746,-0.765599,0.06343947;
custom,sphere,default,0.14,0.14,0.14,1,0.5113636,0,0,1,1,-6.432925,43.28447,-256.7991,0.1345492,-0.9901195,0.03283029,0.02195756;
custom,cylinder,default,0.07,0.035,0.07,1,0.5113636,0,0,1,1,-6.432696,42.46323,-256.8785,0.1345492,-0.9901195,0.03283029,0.02195756;
custom,cylinder,default,0.035,0.049,0.035,1,0.5113636,0,0,1,1,-5.925326,43.1898,-257.4969,-0.4620113,-0.8293173,0.281452,0.1398685;
custom,cylinder,default,0.035,0.035,0.035,1,0.5113636,0,0,1,1,-5.90092,42.02474,-256.5842,0.3591836,-0.7882358,0.4879393,0.1076413;
custom,cylinder,default,0.035,0.035,0.035,1,0.5113636,0,0,1,1,-5.670245,41.73166,-256.7305,0.09047506,-0.8464111,-0.5139173,0.1062616;
custom,cylinder,default,0.035,0.07,0.035,1,0.5113636,0,0,1,1,-6.163623,41.53843,-257.0797,0.2966711,-0.9396156,-0.1270354,0.1138897;
custom,cuboid,default,0.14,0.035,0.035,1,0.1704545,0,0,1,1,-6.843585,42.544,-255.0318,0.1734869,-0.6937266,0.02183703,0.6986908;
racing,killCylinder,0.07,3.5,0.07,-4.872195,35.86675,-219.8336,0.5965742,-0.3744251,-0.4850744,0.5182739;
racing,killCylinder,0.035,2.8,0.035,-7.52222,37.82209,-226.2375,-0.4012225,-0.6064425,0.510888,0.458521;
racing,killCylinder,0.035,2.8,0.035,-0.05631447,39.22343,-227.0685,-0.3424992,-0.5338618,0.5706527,0.5215758;
racing,killCylinder,0.035,2.1,0.035,-6.089946,42.23186,-233.2173,-0.4176664,-0.5548264,0.5702139,0.4388378;
racing,killCylinder,0.035,2.1,0.035,-10.26747,36.92426,-234.2831,-0.4036836,-0.6701083,0.4585915,0.4215309;
racing,killCylinder,0.035,2.8,0.035,-7.330729,41.53068,-226.1293,-0.425671,-0.5759414,0.5508808,0.4285161;
custom,cylinder,metal2,0.014,2.1,0.014,0,1,1,1,1,1,8.975279,52.21265,-269.7644,0.471323,0.8286183,-0.2573046,-0.1582426;
custom,cylinder,default,0.035,0.049,0.035,1,0.5113636,0,0,1,1,2.97415,41.55133,-256.0466,0.2663769,-0.5821314,-0.7251251,0.2536927;
custom,sphere,default,0.14,0.14,0.14,1,0.5113636,0,0,1,1,2.993391,42.46299,-256.7991,0.3789136,-0.9245889,0.03729281,0.01300811;
custom,cylinder,default,0.07,0.035,0.07,1,0.5113636,0,0,1,1,3.392904,41.74546,-256.8785,0.3789136,-0.9245889,0.03729281,0.01300811;
custom,cylinder,default,0.035,0.049,0.035,1,0.5113636,0,0,1,1,3.483007,42.62707,-257.4969,-0.2389119,-0.9187723,0.30756,0.06469602;
custom,cylinder,default,0.035,0.035,0.035,1,0.5113636,0,0,1,1,4.070791,41.62086,-256.5842,0.5456427,-0.6727574,0.4993339,-0.01835924;
custom,cylinder,default,0.035,0.035,0.035,1,0.5113636,0,0,1,1,4.414877,41.47692,-256.7305,0.3001586,-0.7965564,-0.4707558,0.2319303;
custom,cylinder,default,0.035,0.07,0.035,1,0.5113636,0,0,1,1,4.077711,41.06817,-257.0797,0.5231546,-0.8349853,-0.09435913,0.1421453;
custom,cuboid,default,0.14,0.035,0.035,1,0.1704545,0,0,1,1,2.994612,41.61628,-255.0318,0.3421615,-0.6279171,0.1966193,0.6708103;
racing,killCylinder,0.07,3.5,0.07,7.963881,36.73997,-219.8336,0.6714917,-0.2125884,-0.339357,0.6234918;
racing,killCylinder,0.035,2.8,0.035,4.69747,37.16014,-226.2375,-0.236048,-0.6877741,0.6096736,0.3155095;
racing,killCylinder,0.035,2.8,0.035,10.54007,42.01471,-227.0685,-0.1974364,-0.602771,0.6833595,0.3615326;
racing,killCylinder,0.035,2.1,0.035,3.80496,41.70995,-233.2173,-0.2649289,-0.6419427,0.662154,0.2815571;
racing,killCylinder,0.035,2.1,0.035,2.735106,35.0408,-234.2831,-0.2224404,-0.7500174,0.5497626,0.29284;
racing,killCylinder,0.035,2.8,0.035,3.061628,40.49394,-226.1293,-0.2673739,-0.6643909,0.6408485,0.2764221;
custom,cylinder,metal2,0.014,2.1,0.014,0,1,1,1,1,1,12.11663,57.75651,-269.7644,0.2481006,0.9204345,-0.2888013,-0.08854605;
custom,cylinder,default,0.035,0.049,0.035,1,0.5113636,0,0,1,1,14.05345,43.10778,-255.9953,-0.1408346,-0.6496462,-0.7250048,-0.1802596;
custom,sphere,default,0.14,0.14,0.14,1,0.5113636,0,0,1,1,14.84784,43.38368,-256.8264,-0.2152845,-0.9729222,0.04749815,0.06941927;
custom,cylinder,default,0.07,0.035,0.07,1,0.5113636,0,0,1,1,14.31135,42.75703,-256.8413,-0.2152845,-0.9729222,0.04749815,0.06941927;
custom,cylinder,default,0.035,0.049,0.035,1,0.5113636,0,0,1,1,15.11374,42.96033,-257.5361,-0.7139978,-0.6049426,0.2553906,0.2429554;
custom,cylinder,default,0.035,0.035,0.035,1,0.5113636,0,0,1,1,14.45675,42.08773,-256.5371,0.07793979,-0.8450628,0.4310391,0.3065935;
custom,cylinder,default,0.035,0.035,0.035,1,0.5113636,0,0,1,1,14.43045,41.71069,-256.6698,-0.2279771,-0.8360686,-0.4968434,-0.04650196;
custom,cylinder,default,0.035,0.07,0.035,1,0.5113636,0,0,1,1,13.90195,41.87329,-256.9811,-0.05396924,-0.9831024,-0.141079,0.1034114;
custom,cuboid,default,0.14,0.035,0.035,1,0.1704545,0,0,1,1,14.20614,43.14288,-254.9905,-0.09654184,-0.685892,-0.2064448,0.6910951;
racing,killCylinder,0.07,3.5,0.07,14.33995,37.88877,-219.4973,0.3983953,-0.5535595,-0.6429961,0.3484382;
racing,killCylinder,0.035,2.8,0.035,13.05383,40.89529,-225.9131,-0.5815637,-0.3995095,0.3518795,0.6151071;
racing,killCylinder,0.035,2.8,0.035,19.55705,37.08607,-227.1746,-0.5012644,-0.3478667,0.3820246,0.6941037;
racing,killCylinder,0.035,2.1,0.035,16.40306,43.09784,-233.2716,-0.5765704,-0.3443827,0.4133425,0.6149107;
racing,killCylinder,0.035,2.1,0.035,9.716558,41.7444,-233.7372,-0.6065497,-0.4611205,0.3175675,0.5644611;
racing,killCylinder,0.035,2.8,0.035,15.60185,43.59222,-226.1033,-0.5917194,-0.3623259,0.3996706,0.5990422;
custom,cylinder,metal2,0.014,2.1,0.014,0,1,1,1,1,1,31.22334,39.75709,-271.1064,0.7238398,0.6011532,-0.2267049,-0.2515467;
custom,cylinder,default,0.035,0.049,0.035,1,0.5113636,0,0,1,1,24.68885,42.902,-255.9617,-0.04740058,-0.6513707,-0.7536814,-0.07371511;
custom,sphere,default,0.14,0.14,0.14,1,0.5113636,0,0,1,1,25.37224,43.41788,-256.7768,-0.07258736,-0.9945087,0.04134775,0.06303973;
custom,cylinder,default,0.07,0.035,0.07,1,0.5113636,0,0,1,1,25.03565,42.66555,-256.8156,-0.07258736,-0.9945087,0.04134775,0.06303973;
custom,cylinder,default,0.035,0.049,0.035,1,0.5113636,0,0,1,1,25.74735,43.1098,-257.4966,-0.6166109,-0.7054912,0.2765404,0.2135384;
custom,cylinder,default,0.035,0.035,0.035,1,0.5113636,0,0,1,1,25.36504,42.05578,-256.53,0.2020647,-0.8324451,0.4575272,0.2384824;
custom,cylinder,default,0.035,0.035,0.035,1,0.5113636,0,0,1,1,25.44684,41.69114,-256.6744,-0.1053421,-0.8521847,-0.5118226,0.02687045;
custom,cylinder,default,0.035,0.07,0.035,1,0.5113636,0,0,1,1,24.89385,41.70684,-256.9851,0.08945376,-0.9786026,-0.1401802,0.1211802;
custom,cuboid,default,0.14,0.035,0.035,1,0.1704545,0,0,1,1,24.82524,42.9474,-254.9549,0.01400001,-0.6909096,-0.116091,0.7134219;
racing,killCylinder,0.07,3.5,0.07,26.44465,36.83511,-219.6362,0.48045,-0.4814515,-0.5940304,0.429535;
racing,killCylinder,0.035,2.8,0.035,24.35825,39.55326,-225.9698,-0.5094447,-0.4855574,0.428862,0.5663723;
racing,killCylinder,0.035,2.8,0.035,31.67502,37.78671,-227.2874,-0.4362279,-0.4235899,0.4710001,0.6390898;
racing,killCylinder,0.035,2.1,0.035,26.94465,42.84531,-233.2285,-0.5125475,-0.431246,0.4905222,0.5574136;
racing,killCylinder,0.035,2.1,0.035,20.91715,39.6662,-233.7942,-0.5260469,-0.5494593,0.3866349,0.5214237;
racing,killCylinder,0.035,2.8,0.035,26.03605,42.86675,-226.056,-0.5251823,-0.450925,0.4744059,0.5438652;
custom,cylinder,metal2,0.014,2.1,0.014,0,1,1,1,1,1,42.10373,45.03537,-271.013,0.6266951,0.7027258,-0.2494232,-0.2263135;
custom,cylinder,default,0.035,0.049,0.035,1,0.5113636,0,0,1,1,24.68885,2.959777,-256.0297,-0.04136667,-0.7094399,-0.6992956,-0.0772628;
custom,sphere,default,0.14,0.14,0.14,1,0.5113636,0,0,1,1,25.37224,3.339381,-256.9165,-0.0773867,-0.9880371,0.1205808,0.05704593;
custom,cylinder,default,0.07,0.035,0.07,1,0.5113636,0,0,1,1,25.03565,2.590463,-256.8352,-0.0773867,-0.9880371,0.1205808,0.05704593;
custom,cylinder,default,0.035,0.049,0.035,1,0.5113636,0,0,1,1,25.74735,2.920718,-257.5781,-0.6316854,-0.6811723,0.3319589,0.1636498;
custom,cylinder,default,0.035,0.035,0.035,1,0.5113636,0,0,1,1,25.36504,2.0339,-256.4562,0.1823886,-0.7932781,0.5224996,0.2538473;
custom,cylinder,default,0.035,0.035,0.035,1,0.5113636,0,0,1,1,25.44684,1.650936,-256.5408,-0.1071505,-0.8903118,-0.4421833,0.01837813;
custom,cylinder,default,0.035,0.07,0.035,1,0.5113636,0,0,1,1,24.89385,1.617007,-256.85,0.07949787,-0.9866683,-0.0616375,0.1279325;
custom,cuboid,default,0.14,0.035,0.035,1,0.1704545,0,0,1,1,24.82524,3.16475,-255.043,-0.04297797,-0.6979706,-0.06058376,0.7122638;
racing,killCylinder,0.07,3.5,0.07,26.44465,2.74946,-219.2017,0.4446387,-0.5273218,-0.5537145,0.4665067;
racing,killCylinder,0.035,2.8,0.035,24.35825,4.42533,-225.8871,-0.5530185,-0.449784,0.4662432,0.5239105;
racing,killCylinder,0.035,2.8,0.035,31.67502,2.471648,-226.9068,-0.4858381,-0.3846513,0.5033015,0.6022395;
racing,killCylinder,0.035,2.1,0.035,26.94465,6.520602,-233.5771,-0.555396,-0.3907252,0.5233727,0.5147331;
racing,killCylinder,0.035,2.1,0.035,20.91715,3.291986,-233.6298,-0.5659804,-0.5168524,0.4292503,0.4777803;
racing,killCylinder,0.035,2.8,0.035,26.03605,7.682898,-226.4994,-0.5669094,-0.4116274,0.5088779,0.5002198;
custom,cylinder,metal2,0.014,2.1,0.014,0,1,1,1,1,1,42.10373,2.671333,-271.2286,0.6427571,0.6805797,-0.3047075,-0.1755793;
custom,cylinder,default,0.035,0.049,0.035,1,0.5113636,0,0,1,1,16.26836,2.694939,-255.9996,0.1380642,-0.7140661,-0.6804429,0.08969592;
custom,sphere,default,0.14,0.14,0.14,1,0.5113636,0,0,1,1,16.71255,3.313378,-256.9037,0.1627772,-0.9744574,0.1536151,0.01840266;
custom,cylinder,default,0.07,0.035,0.07,1,0.5113636,0,0,1,1,16.76645,2.49848,-256.7858,0.1627772,-0.9744574,0.1536151,0.01840266;
custom,cylinder,default,0.035,0.049,0.035,1,0.5113636,0,0,1,1,17.25575,3.092947,-257.5439,-0.4530281,-0.8070886,0.3739889,0.05921046;
custom,cylinder,default,0.035,0.035,0.035,1,0.5113636,0,0,1,1,17.31025,2.17957,-256.3804,0.3604104,-0.7142035,0.5881068,0.118946;
custom,cylinder,default,0.035,0.035,0.035,1,0.5113636,0,0,1,1,17.56445,1.87709,-256.4464,0.1144129,-0.8999467,-0.4040064,0.1174076;
custom,cylinder,default,0.035,0.07,0.035,1,0.5113636,0,0,1,1,17.09985,1.573424,-256.7533,0.3139901,-0.9397529,-0.004994123,0.1350918;
custom,cuboid,default,0.14,0.035,0.035,1,0.1704545,0,0,1,1,16.26965,2.982073,-255.0238,0.1113483,-0.6929331,0.1303686,0.7003208;
racing,killCylinder,0.07,3.5,0.07,17.07365,4.914871,-219.2045,0.5514935,-0.4192294,-0.4086719,0.5942129;
racing,killCylinder,0.035,2.8,0.035,14.59765,5.121816,-225.9634,-0.4421964,-0.562553,0.5866905,0.3791974;
racing,killCylinder,0.035,2.8,0.035,21.99405,6.804396,-226.8873,-0.3949244,-0.4826656,0.6405072,0.4481286;
racing,killCylinder,0.035,2.1,0.035,16.06885,7.85693,-233.7461,-0.4589609,-0.5044558,0.6384592,0.3567201;
racing,killCylinder,0.035,2.1,0.035,12.27289,2.17028,-233.6419,-0.4371788,-0.631341,0.5411199,0.3427425;
racing,killCylinder,0.035,2.8,0.035,14.55855,8.75605,-226.7334,-0.4646253,-0.5277765,0.6213042,0.3457694;
custom,cylinder,metal2,0.014,2.1,0.014,0,1,1,1,1,1,32.11223,9.994926,-271.1663,0.4640298,0.8099138,-0.3503796,-0.07713804;
custom,cylinder,default,0.035,0.049,0.035,1,0.5113636,0,0,1,1,4.660841,8.149148,-256.0141,-0.2613693,-0.6367403,-0.6620412,-0.2965625;
custom,sphere,default,0.14,0.14,0.14,1,0.5113636,0,0,1,1,5.463118,8.094582,-256.8808,-0.3837985,-0.9168997,0.06397513,0.08888761;
custom,cylinder,default,0.07,0.035,0.07,1,0.5113636,0,0,1,1,4.743238,7.692923,-256.8451,-0.3837985,-0.9168997,0.06397513,0.08888761;
custom,cylinder,default,0.035,0.049,0.035,1,0.5113636,0,0,1,1,5.534109,7.573706,-257.5717,-0.8105247,-0.4585367,0.237538,0.2763504;
custom,cylinder,default,0.035,0.035,0.035,1,0.5113636,0,0,1,1,4.662504,7.029212,-256.5063,-0.07198296,-0.8282387,0.3909128,0.3950018;
custom,cylinder,default,0.035,0.035,0.035,1,0.5113636,0,0,1,1,4.501822,6.679133,-256.6163,-0.3791936,-0.7964082,-0.45458,-0.1237063;
custom,cylinder,default,0.035,0.07,0.035,1,0.5113636,0,0,1,1,4.048239,7.000797,-256.9219,-0.2312247,-0.9595898,-0.13024,0.09359558;
custom,cuboid,default,0.14,0.035,0.035,1,0.1704545,0,0,1,1,4.861616,8.174376,-255.0176,-0.2374619,-0.6505933,-0.3048682,0.653755;
racing,killCylinder,0.07,3.5,0.07,4.784864,4.806345,-219.2958,0.2737287,-0.6251301,-0.6867187,0.2504046;
racing,killCylinder,0.035,2.8,0.035,4.325209,7.779718,-225.8383,-0.6520856,-0.2703243,0.2592369,0.6591702;
racing,killCylinder,0.035,2.8,0.035,9.05084,1.898381,-227.0514,-0.5655156,-0.2313879,0.2721812,0.74335;
racing,killCylinder,0.035,2.1,0.035,7.891081,8.34947,-233.3997,-0.6363468,-0.2153561,0.3182088,0.6689004;
racing,killCylinder,0.035,2.1,0.035,1.134405,9.380039,-233.6057,-0.6868036,-0.3283814,0.2364539,0.6037849;
racing,killCylinder,0.035,2.8,0.035,7.635687,9.413816,-226.2532,-0.6542417,-0.230997,0.3082956,0.6508164;
custom,cylinder,metal2,0.014,2.1,0.014,0,1,1,1,1,1,18.91655,-1.627339,-271.3622,0.8202946,0.4536714,-0.2078856,-0.2794329;
custom,cylinder,default,0.035,0.049,0.035,1,0.5113636,0,0,1,1,-6.726352,12.67821,-249.2472,-0.04136667,-0.7094399,-0.6992956,-0.0772628;
custom,sphere,default,0.14,0.14,0.14,1,0.5113636,0,0,1,1,-6.042911,13.05781,-250.1339,-0.0773867,-0.9880371,0.1205808,0.05704593;
custom,cylinder,default,0.07,0.035,0.07,1,0.5113636,0,0,1,1,-6.379519,12.30889,-250.0526,-0.0773867,-0.9880371,0.1205808,0.05704593;
custom,cylinder,default,0.035,0.049,0.035,1,0.5113636,0,0,1,1,-5.667796,12.63915,-250.7956,-0.6316854,-0.6811723,0.3319589,0.1636498;
custom,cylinder,default,0.035,0.035,0.035,1,0.5113636,0,0,1,1,-6.050151,11.75233,-249.6737,0.1823886,-0.7932781,0.5224996,0.2538473;
custom,cylinder,default,0.035,0.035,0.035,1,0.5113636,0,0,1,1,-5.968356,11.36937,-249.7582,-0.1071505,-0.8903118,-0.4421833,0.01837813;
custom,cylinder,default,0.035,0.07,0.035,1,0.5113636,0,0,1,1,-6.521319,11.33544,-250.0674,0.07949787,-0.9866683,-0.0616375,0.1279325;
custom,cuboid,default,0.14,0.035,0.035,1,0.1704545,0,0,1,1,-6.589946,12.88318,-248.2605,-0.04297797,-0.6979706,-0.06058376,0.7122638;
racing,killCylinder,0.07,3.5,0.07,-4.970576,12.46789,-212.4191,0.4446387,-0.5273218,-0.5537145,0.4665067;
racing,killCylinder,0.035,2.8,0.035,-7.056979,14.14377,-219.1046,-0.5530185,-0.449784,0.4662432,0.5239105;
racing,killCylinder,0.035,2.8,0.035,0.2598858,12.19008,-220.1243,-0.4858381,-0.3846513,0.5033015,0.6022395;
racing,killCylinder,0.035,2.1,0.035,-4.470523,16.23903,-226.7945,-0.555396,-0.3907252,0.5233727,0.5147331;
racing,killCylinder,0.035,2.1,0.035,-10.49801,13.01042,-226.8473,-0.5659804,-0.5168524,0.4292503,0.4777803;
racing,killCylinder,0.035,2.8,0.035,-5.379115,17.40133,-219.7168,-0.5669094,-0.4116274,0.5088779,0.5002198;
custom,cylinder,metal2,0.014,2.1,0.014,0,1,1,1,1,1,10.68855,12.38976,-264.4463,0.6427571,0.6805797,-0.3047075,-0.1755793;
custom,cylinder,default,0.035,0.049,0.035,1,0.5113636,0,0,1,1,4.107328,20.5818,-249.2462,0.1249238,-0.6716977,-0.7225432,0.1055823;
custom,sphere,default,0.14,0.14,0.14,1,0.5113636,0,0,1,1,4.494406,21.30101,-250.1009,0.171477,-0.979921,0.09440456,0.03792552;
custom,cylinder,default,0.07,0.035,0.07,1,0.5113636,0,0,1,1,4.558081,20.47869,-250.0779,0.171477,-0.979921,0.09440456,0.03792552;
custom,cylinder,default,0.035,0.049,0.035,1,0.5113636,0,0,1,1,4.9988,21.15837,-250.793,-0.4348301,-0.8260563,0.3421853,0.1070655;
custom,cylinder,default,0.035,0.035,0.035,1,0.5113636,0,0,1,1,5.126379,20.1225,-249.7433,0.3863783,-0.7406114,0.536921,0.1179936;
custom,cylinder,default,0.035,0.035,0.035,1,0.5113636,0,0,1,1,5.37734,19.8318,-249.8573,0.1117736,-0.8718091,-0.4561744,0.1391419;
custom,cylinder,default,0.035,0.07,0.035,1,0.5113636,0,0,1,1,4.8962,19.5592,-250.1681,0.3240037,-0.9324615,-0.06607384,0.145504;
custom,cuboid,default,0.14,0.035,0.035,1,0.1704545,0,0,1,1,4.166182,20.75927,-248.2466,0.1563306,-0.6774594,0.09075914,0.7130023;
racing,killCylinder,0.07,3.5,0.07,7.113317,18.72656,-212.5453,0.5726319,-0.3760075,-0.445541,0.5763718;
racing,killCylinder,0.035,2.8,0.035,4.23493,19.65429,-219.0808,-0.4007514,-0.5842126,0.5688351,0.4177567;
racing,killCylinder,0.035,2.8,0.035,11.5564,21.50484,-220.2489,-0.3484169,-0.5052465,0.625807,0.4813494;
racing,killCylinder,0.035,2.1,0.035,5.22595,23.24844,-226.5851,-0.4173862,-0.5298365,0.6241482,0.3943361;
racing,killCylinder,0.035,2.1,0.035,1.464071,17.54636,-226.8881,-0.3988893,-0.6514059,0.5192587,0.383312;
racing,killCylinder,0.035,2.8,0.035,4.136389,23.35077,-219.4386,-0.4240774,-0.5525061,0.605864,0.3844791;
custom,cylinder,metal2,0.014,2.1,0.014,0,1,1,1,1,1,18.98485,29.67749,-264.422,0.4455104,0.827068,-0.3188567,-0.1257354;
custom,cylinder,default,0.035,0.049,0.035,1,0.5113636,0,0,1,1,17.63275,16.21721,-249.1768,0.1209911,-0.6975951,-0.6975726,0.1100669;
custom,sphere,default,0.14,0.14,0.14,1,0.5113636,0,0,1,1,18.01985,16.87223,-250.0816,0.1699803,-0.9758274,0.1300699,0.04415239;
custom,cylinder,default,0.07,0.035,0.07,1,0.5113636,0,0,1,1,18.08345,16.05377,-249.9987,0.1699803,-0.9758274,0.1300699,0.04415239;
custom,cylinder,default,0.035,0.049,0.035,1,0.5113636,0,0,1,1,18.52424,16.67953,-250.7615,-0.4384446,-0.8130309,0.3720761,0.09114041;
custom,cylinder,default,0.035,0.035,0.035,1,0.5113636,0,0,1,1,18.65175,15.72291,-249.639,0.3818192,-0.7205429,0.5635667,0.1320025;
custom,cylinder,default,0.035,0.035,0.035,1,0.5113636,0,0,1,1,18.90276,15.42468,-249.7316,0.1066261,-0.8878617,-0.4240847,0.1431247;
custom,cylinder,default,0.035,0.07,0.035,1,0.5113636,0,0,1,1,18.42164,15.13014,-250.0217,0.3184831,-0.9342506,-0.03203227,0.1572204;
custom,cuboid,default,0.14,0.035,0.035,1,0.1704545,0,0,1,1,17.69156,16.46705,-248.1928,0.1302306,-0.6737,0.1153991,0.718228;
racing,killCylinder,0.07,3.5,0.07,20.63874,17.04134,-212.4383,0.5512367,-0.3920018,-0.4315355,0.5968667;
racing,killCylinder,0.035,2.8,0.035,17.76036,17.49035,-219.024,-0.4157164,-0.5630844,0.5897573,0.4028675;
racing,killCylinder,0.035,2.8,0.035,25.08184,19.25087,-220.3238,-0.3657353,-0.4820935,0.6438124,0.468326;
racing,killCylinder,0.035,2.1,0.035,18.75136,20.52811,-226.7702,-0.4314862,-0.5067279,0.6430511,0.378856;
racing,killCylinder,0.035,2.1,0.035,14.98945,14.81911,-226.6569,-0.4125997,-0.6320406,0.5426638,0.3685137;
racing,killCylinder,0.035,2.8,0.035,17.66176,21.15094,-219.6501,-0.4378136,-0.5300488,0.6256056,0.3687616;
custom,cylinder,metal2,0.014,2.1,0.014,0,1,1,1,1,1,32.51022,24.18284,-264.9751,0.4497986,0.8148925,-0.3487998,-0.1094084;
custom,cylinder,metal2,0.014,2.1,0.014,0,1,1,1,1,1,88.68536,18.43733,222.3925,0.2800442,0.3753703,0.6896183,0.5523577;
custom,cylinder,default,0.035,0.049,0.035,1,0.5113636,0,0,1,1,101.044,20.74287,202.9933,0.7288846,0.1054009,-0.2648216,-0.6224849;
custom,sphere,default,0.14,0.14,0.14,1,0.5113636,0,0,1,1,100.4751,21.07917,203.9736,-0.01997333,-0.2114009,-0.2314037,-0.9494015;
custom,cylinder,default,0.07,0.035,0.07,1,0.5113636,0,0,1,1,101.0412,20.48247,203.9085,-0.01997333,-0.2114009,-0.2314037,-0.9494015;
custom,cylinder,default,0.035,0.049,0.035,1,0.5113636,0,0,1,1,100.4344,20.7305,204.7675,-0.307153,-0.3676784,-0.6766509,-0.5591183;
custom,cylinder,default,0.035,0.035,0.035,1,0.5113636,0,0,1,1,100.8709,19.77658,203.7229,-0.3603962,-0.4240991,0.1265044,-0.8211281;
custom,cylinder,default,0.035,0.035,0.035,1,0.5113636,0,0,1,1,100.9582,19.41916,203.8814,0.5058126,-0.06322376,-0.3187633,-0.799091;
custom,cylinder,default,0.035,0.07,0.035,1,0.5113636,0,0,1,1,101.5361,19.63979,204.0222,0.1895839,-0.2319452,-0.09536131,-0.9492974;
custom,cuboid,default,0.14,0.035,0.035,1,0.1704545,0,0,1,1,100.6332,20.65366,202.0674,0.2494721,-0.7741142,-0.1050451,-0.5722556;
racing,killCylinder,0.07,3.5,0.07,91.65771,11.28718,168.6142,0.7297792,-0.37746,0.3114245,-0.4774526;
racing,killCylinder,0.035,2.8,0.035,94.3454,15.0759,174.1169,-0.3853504,-0.7039856,-0.5062645,-0.3156036;
racing,killCylinder,0.035,2.8,0.035,88.68928,11.16103,177.4446,-0.4050062,-0.7717125,-0.4169528,-0.2580316;
racing,killCylinder,0.035,2.1,0.035,92.87352,17.97544,181.8396,-0.4485231,-0.6979886,-0.4915352,-0.2646357;
racing,killCylinder,0.035,2.1,0.035,99.53137,16.97783,180.6411,-0.3528275,-0.6624579,-0.5401483,-0.3806601;
racing,killCylinder,0.035,2.8,0.035,91.74511,17.66309,174.7052,-0.4364959,-0.6851123,-0.5097406,-0.2832967;
custom,cylinder,metal2,0.014,2.1,0.014,0,1,1,1,1,1,7.317686,65.81306,233.3958,-0.2469319,0.6806517,0.3790291,0.5762594;
custom,cylinder,default,0.035,0.049,0.035,1,0.5113636,0,0,1,1,24.89551,51.74267,228.1571,0.9682161,0.05738826,-0.2429055,0.0161628;
custom,sphere,default,0.14,0.14,0.14,1,0.5113636,0,0,1,1,24.06028,52.56093,227.9815,0.6251301,-0.1975708,-0.1379371,-0.7423959;
custom,cylinder,default,0.07,0.035,0.07,1,0.5113636,0,0,1,1,24.62011,52.54535,228.5875,0.6251301,-0.1975708,-0.1379371,-0.7423959;
custom,cylinder,default,0.035,0.049,0.035,1,0.5113636,0,0,1,1,23.78492,53.22144,228.4729,0.2281432,-0.6684489,-0.3777127,-0.5987153;
custom,cylinder,default,0.035,0.035,0.035,1,0.5113636,0,0,1,1,24.51284,52.18027,229.2332,0.2626645,-0.184263,0.2416086,-0.9157947;
custom,cylinder,default,0.035,0.035,0.035,1,0.5113636,0,0,1,1,24.54887,52.28217,229.6189,0.9300577,-0.1061175,-0.2217301,-0.2730705;
custom,cylinder,default,0.035,0.07,0.035,1,0.5113636,0,0,1,1,25.05863,52.62687,229.4644,0.7716615,-0.1083468,0.003595773,-0.6267269;
custom,cuboid,default,0.14,0.035,0.035,1,0.1704545,0,0,1,1,24.77933,50.73891,228.0423,0.6347101,-0.5680429,0.3778834,-0.3628701;
racing,killCylinder,0.07,3.5,0.07,26.17974,14.95495,230.2657,0.8569769,0.03073758,0.5141715,0.01653848;
racing,killCylinder,0.035,2.8,0.035,27.10568,21.64626,227.7701,0.02821234,-0.8554858,-0.02297091,-0.5165467;
racing,killCylinder,0.035,2.8,0.035,20.71487,22.32051,231.9048,-0.02679826,-0.8601531,0.09095656,-0.5011442;
racing,killCylinder,0.035,2.1,0.035,23.39947,29.02061,226.3226,-0.05432033,-0.853658,-0.01795685,-0.5176824;
racing,killCylinder,0.035,2.1,0.035,30.11199,29.64307,227.4686,0.09377943,-0.8341525,-0.07727685,-0.5379808;
racing,killCylinder,0.035,2.8,0.035,24.44821,21.95694,225.1928,-0.03254687,-0.8518454,-0.04032302,-0.5212238;
custom,cylinder,metal2,0.014,2.1,0.014,0,1,1,1,1,1,29.33422,69.96858,133.2348,0.0777441,0.9532005,0.2914395,-0.02068274;
custom,cylinder,default,0.035,0.049,0.035,1,0.5113636,0,0,1,1,25.71246,50.76522,120.8852,0.5479833,-0.0863336,-0.829432,0.06560022;
custom,sphere,default,0.14,0.14,0.14,1,0.5113636,0,0,1,1,25.46186,51.80638,121.3865,0.4327416,-0.7247359,-0.4081538,-0.3477112;
custom,cylinder,default,0.07,0.035,0.07,1,0.5113636,0,0,1,1,26.11609,51.62625,120.9169,0.4327416,-0.7247359,-0.4081538,-0.3477112;
custom,cylinder,default,0.035,0.049,0.035,1,0.5113636,0,0,1,1,25.92612,52.53502,121.4702,-0.08640943,-0.9569677,-0.2769672,-0.005948377;
custom,cylinder,default,0.035,0.035,0.035,1,0.5113636,0,0,1,1,26.74939,51.33599,121.1934,0.4440015,-0.74277,0.1270482,-0.4847826;
custom,cylinder,default,0.035,0.035,0.035,1,0.5113636,0,0,1,1,27.13682,51.43188,121.1589,0.551523,-0.3907704,-0.7359545,-0.03862511;
custom,cylinder,default,0.035,0.07,0.035,1,0.5113636,0,0,1,1,27.02918,51.58578,120.553,0.629313,-0.5819172,-0.4265187,-0.2888241;
custom,cuboid,default,0.14,0.035,0.035,1,0.1704545,0,0,1,1,25.58759,49.85196,121.3149,0.6941857,-0.6796977,-0.03597675,0.234143;
racing,killCylinder,0.07,3.5,0.07,27.929,15.66819,131.9631,0.9672459,0.0003196812,-0.2009759,0.1550612;
racing,killCylinder,0.035,2.8,0.035,25.52769,21.60894,128.6767,-0.02732457,-0.9723237,0.128055,0.193499;
racing,killCylinder,0.035,2.8,0.035,29.06528,24.46334,134.8193,0.005935844,-0.9452542,0.2464243,0.2138561;
racing,killCylinder,0.035,2.1,0.035,23.74978,29.74392,129.6116,-0.08374144,-0.9618443,0.1864763,0.1818505;
racing,killCylinder,0.035,2.1,0.035,25.50029,28.16629,123.1923,-0.01064339,-0.9851083,0.044706,0.1656798;
racing,killCylinder,0.035,2.8,0.035,22.71988,22.69621,130.8528,-0.08211584,-0.9680846,0.1558905,0.178234;
custom,cylinder,metal2,0.014,2.1,0.014,0,1,1,1,1,1,-32.33242,64.8886,236.8896,-0.285326,0.08694512,0.09783085,0.9494519;
custom,cylinder,default,0.035,0.049,0.035,1,0.5113636,0,0,1,1,-27.03143,45.68523,248.6171,0.8655442,-0.07144716,0.4889545,-0.08156048;
custom,sphere,default,0.14,0.14,0.14,1,0.5113636,0,0,1,1,-26.85291,46.72639,248.0858,0.43727,0.2964499,0.403298,-0.7471702;
custom,cylinder,default,0.07,0.035,0.07,1,0.5113636,0,0,1,1,-27.4356,46.54627,248.6416,0.43727,0.2964499,0.403298,-0.7471702;
custom,cylinder,default,0.035,0.049,0.035,1,0.5113636,0,0,1,1,-27.32421,47.45504,248.0674,0.2702859,-0.06064015,-0.1054686,-0.9550627;
custom,cylinder,default,0.035,0.035,0.035,1,0.5113636,0,0,1,1,-28.10113,46.256,248.4557,-0.09585205,0.4319353,0.451764,-0.7746958;
custom,cylinder,default,0.035,0.035,0.035,1,0.5113636,0,0,1,1,-28.47998,46.3519,248.5436,0.77254,0.0113464,0.4989882,-0.3925099;
custom,cylinder,default,0.035,0.07,0.035,1,0.5113636,0,0,1,1,-28.2893,46.50581,249.1287,0.4692653,0.2476415,0.5981162,-0.6006004;
custom,cuboid,default,0.14,0.035,0.035,1,0.1704545,0,0,1,1,-26.9674,44.77198,248.1741,0.08418319,-0.2808602,0.6900026,-0.6617606;
racing,killCylinder,0.07,3.5,0.07,-30.76427,10.58824,237.954,0.2677784,-0.1546634,0.9509209,0.01110629;
racing,killCylinder,0.035,2.8,0.035,-27.92999,16.52899,240.8752,-0.129646,-0.2606732,-0.01834991,-0.9565065;
racing,killCylinder,0.035,2.8,0.035,-32.28603,19.38338,235.2832,-0.2454142,-0.2790974,0.02306466,-0.9280865;
racing,killCylinder,0.035,2.1,0.035,-26.29911,24.66396,239.7025,-0.1918512,-0.2483241,-0.07056579,-0.9468626;
racing,killCylinder,0.035,2.1,0.035,-27.14159,23.08634,246.3027,-0.04533842,-0.2338109,-0.007507545,-0.9711954;
racing,killCylinder,0.035,2.8,0.035,-25.45144,17.61626,238.3305,-0.1612259,-0.2451503,-0.07107182,-0.9533396;
custom,cylinder,metal2,0.014,2.1,0.014,0,1,1,1,1,1,-147.763,68.23564,223.5354,-0.164089,0.6544813,0.2530931,0.6933058;
custom,cylinder,default,0.035,0.049,0.035,1,0.5113636,0,0,1,1,-135.1109,49.03241,221.1772,0.9827831,-0.106556,-0.1496016,-0.0200643;
custom,sphere,default,0.14,0.14,0.14,1,0.5113636,0,0,1,1,-135.5846,50.07355,220.8772,0.5929671,-0.2279822,0.0473743,-0.7708242;
custom,cylinder,default,0.07,0.035,0.07,1,0.5113636,0,0,1,1,-135.1834,49.89344,221.5754,0.5929671,-0.2279822,0.0473743,-0.7708242;
custom,cylinder,default,0.035,0.049,0.035,1,0.5113636,0,0,1,1,-135.7146,50.8022,221.3308,0.1475417,-0.6372492,-0.2498181,-0.7139579;
custom,cylinder,default,0.035,0.035,0.035,1,0.5113636,0,0,1,1,-135.5225,49.6032,222.1778,0.2034541,-0.138382,0.4145902,-0.8761117;
custom,cylinder,default,0.035,0.035,0.035,1,0.5113636,0,0,1,1,-135.5272,49.69907,222.5666,0.9158059,-0.2333618,-0.08429798,-0.3158096;
custom,cylinder,default,0.035,0.07,0.035,1,0.5113636,0,0,1,1,-134.9134,49.85297,222.5206,0.7383964,-0.1759079,0.1808959,-0.6253831;
custom,cuboid,default,0.14,0.035,0.035,1,0.1704545,0,0,1,1,-135.5262,48.11914,221.0096,0.4921547,-0.6294571,0.4908902,-0.3472671;
racing,killCylinder,0.07,3.5,0.07,-146.3561,13.93538,222.2656,0.7976571,-0.1148242,0.5828373,0.104208;
racing,killCylinder,0.035,2.8,0.035,-142.8444,19.87613,220.2077,-0.1133245,-0.795515,0.06559097,-0.5916175;
racing,killCylinder,0.035,2.8,0.035,-149.3124,22.73052,223.1082,-0.1788403,-0.7924671,0.1696349,-0.5578853;
racing,killCylinder,0.035,2.1,0.035,-143.5951,28.01112,218.3447,-0.1944958,-0.7798464,0.06290807,-0.5916533;
racing,killCylinder,0.035,2.1,0.035,-137.3852,26.43348,220.7335,-0.04030346,-0.783448,0.02207964,-0.6197559;
racing,killCylinder,0.035,2.8,0.035,-144.7263,20.96341,217.1949,-0.1707141,-0.7813473,0.04360554,-0.5987083;
custom,cylinder,metal2,0.014,2.1,0.014,0,1,1,1,1,1,-79.07761,69.96859,128.4615,-0.1269649,0.7452604,0.2736076,0.5946476;
custom,cylinder,default,0.035,0.049,0.035,1,0.5113636,0,0,1,1,-67.57868,50.76522,122.6818,0.9520817,-0.1083175,-0.2859782,-0.004919311;
custom,sphere,default,0.14,0.14,0.14,1,0.5113636,0,0,1,1,-68.11678,51.80639,122.5252,0.5937505,-0.3338518,-0.03626935,-0.7312236;
custom,cylinder,default,0.07,0.035,0.07,1,0.5113636,0,0,1,1,-67.53746,51.62626,123.0845,0.5937505,-0.3338518,-0.03626935,-0.7312236;
custom,cylinder,default,0.035,0.049,0.035,1,0.5113636,0,0,1,1,-68.11578,52.53503,122.997,0.1110408,-0.7310961,-0.2680436,-0.617512;
custom,cylinder,default,0.035,0.035,0.035,1,0.5113636,0,0,1,1,-67.69579,51.33599,123.7572,0.2595975,-0.2599068,0.3819528,-0.8480387;
custom,cylinder,default,0.035,0.035,0.035,1,0.5113636,0,0,1,1,-67.59225,51.43189,124.1321,0.8949269,-0.2753541,-0.2119248,-0.2799534;
custom,cylinder,default,0.035,0.07,0.035,1,0.5113636,0,0,1,1,-67.01555,51.58579,123.9175,0.7564703,-0.2618917,0.07553241,-0.5945253;
custom,cuboid,default,0.14,0.035,0.035,1,0.1704545,0,0,1,1,-68.02377,49.85197,122.636,0.5561458,-0.6719457,0.4170017,-0.2555395;
racing,killCylinder,0.07,3.5,0.07,-78.07876,15.6682,126.8508,0.8715257,-0.09907228,0.4651868,0.1192846;
racing,killCylinder,0.035,2.8,0.035,-75.27678,21.60895,123.8986,-0.1030041,-0.8706363,0.08083871,-0.4741812;
racing,killCylinder,0.035,2.8,0.035,-80.68461,24.46334,128.4813,-0.1532778,-0.8628871,0.1930441,-0.4412095;
racing,killCylinder,0.035,2.1,0.035,-76.51559,29.74392,122.3174,-0.1837489,-0.8551275,0.08956821,-0.4764145;
racing,killCylinder,0.035,2.1,0.035,-69.88636,28.1663,122.8872,-0.0368082,-0.8626357,0.02751502,-0.5037338;
racing,killCylinder,0.035,2.8,0.035,-77.92155,22.69622,121.527,-0.16291,-0.8576035,0.06712091,-0.4831887;
custom,cylinder,metal2,0.014,2.1,0.014,0,1,1,1,1,1,-65.29027,28.57688,52.20615,0.5864635,0.7626684,0.1843805,0.2010009;
custom,cylinder,default,0.035,0.049,0.035,1,0.5113636,0,0,1,1,-84.49887,22.82776,40.70066,0.4392437,-0.4439487,-0.6845499,-0.3759866;
custom,sphere,default,0.14,0.14,0.14,1,0.5113636,0,0,1,1,-83.61965,23.51907,41.08418,-0.005053593,-0.85175,-0.06430185,-0.5199633;
custom,cylinder,default,0.07,0.035,0.07,1,0.5113636,0,0,1,1,-83.55006,22.77084,40.74325,-0.005053593,-0.85175,-0.06430185,-0.5199633;
custom,cylinder,default,0.035,0.049,0.035,1,0.5113636,0,0,1,1,-82.77223,23.36861,41.19669,-0.5944622,-0.7584674,-0.1576726,-0.2155955;
custom,cylinder,default,0.035,0.035,0.035,1,0.5113636,0,0,1,1,-83.59074,22.13618,41.13993,-0.02293215,-0.8261922,0.4546757,-0.3318895;
custom,cylinder,default,0.035,0.035,0.035,1,0.5113636,0,0,1,1,-83.36079,21.80904,41.16444,0.274019,-0.6839944,-0.5263188,-0.4243274;
custom,cylinder,default,0.035,0.07,0.035,1,0.5113636,0,0,1,1,-83.25644,21.8541,40.54037,0.2333966,-0.8491831,-0.1131268,-0.4600179;
custom,cuboid,default,0.14,0.035,0.035,1,0.1704545,0,0,1,1,-85.3952,22.69319,41.16189,0.1730908,-0.9635889,-0.07545502,0.1893213;
racing,killCylinder,0.07,3.5,0.07,-116.399,10.25094,54.25204,0.794089,-0.5662445,-0.2032976,0.08637144;
racing,killCylinder,0.035,2.8,0.035,-111.7346,13.98428,50.23146,-0.5898999,-0.7843505,0.06734452,0.1796584;
racing,killCylinder,0.035,2.8,0.035,-107.7911,12.86121,56.67976,-0.5548623,-0.773033,0.1528971,0.2667778;
racing,killCylinder,0.035,2.1,0.035,-104.7994,18.68603,50.32515,-0.6324948,-0.7390903,0.1182799,0.1992631;
racing,killCylinder,0.035,2.1,0.035,-105.6343,15.36753,44.40477,-0.5770735,-0.8090156,0.01625356,0.1105249;
racing,killCylinder,0.035,2.8,0.035,-111.7405,17.33649,51.83266,-0.632845,-0.7472221,0.09571272,0.1789006;
custom,cylinder,default,0.035,-0.049,0.035,1,0.5113636,0,0,1,1,8.425737,2.462843,-58.00957,-0.7271012,0.2147557,-0.2632114,0.5965934;
custom,sphere,default,0.14,-0.14,0.14,1,0.5113636,0,0,1,1,8.311692,3.012633,-59.04986,-0.9100808,0.3407337,-0.06201293,-0.2276135;
custom,cylinder,default,0.07,-0.035,0.07,1,0.5113636,0,0,1,1,7.958813,2.302132,-58.82288,-0.9100808,0.3407337,-0.06201293,-0.2276135;
custom,cylinder,default,0.035,-0.049,0.035,1,0.5113636,0,0,1,1,7.782041,2.87275,-59.7234,-0.8349615,-0.282163,0.0001280707,-0.4724652;
custom,cylinder,default,0.035,-0.035,0.035,1,0.5113636,0,0,1,1,7.304502,2.269425,-58.45878,-0.5769413,0.5046251,-0.0844202,-0.6366832;
custom,cylinder,default,0.035,-0.035,0.035,1,0.5113636,0,0,1,1,6.965035,2.064427,-58.51593,-0.8878311,0.238728,-0.2499005,0.3038333;
custom,cylinder,default,0.035,-0.07,0.035,1,0.5113636,0,0,1,1,7.31372,1.568944,-58.70393,-0.8558566,0.4631169,-0.2154331,-0.08136782;
custom,cuboid,default,0.14,-0.035,0.035,1,0.1704545,0,0,1,1,8.445087,2.912285,-57.09749,-0.6055983,0.1802547,-0.7123407,-0.3054993;
custom,cylinder,metal2,0.014,-2.1,0.014,0,1,1,1,1,1,-2.387926,11.69872,-76.23409,0.8406587,0.2953542,0.02085048,0.4534579;
racing,killCylinder,0.035,-2.1,0.035,10.05515,4.849312,-35.47655,-0.6291142,-0.3125139,-0.2384359,-0.6705959;
racing,killCylinder,0.035,-2.8,0.035,9.713236,12.99939,-30.01866,-0.5256263,-0.3533889,-0.2186178,-0.7423204;
racing,killCylinder,0.035,-2.1,0.035,8.580931,11.35774,-36.968,-0.4996791,-0.3519413,-0.2253784,-0.7587245;
racing,killCylinder,0.07,-3.5,0.07,5.356926,11.736,-22.45637,-0.3117352,0.5393406,-0.7264043,0.2902925;
racing,killCylinder,0.035,-2.8,0.035,2.114947,13.69448,-30.9686,-0.4613594,-0.3009012,-0.3186592,-0.7714028;
racing,killCylinder,0.035,-2.8,0.035,8.305161,9.809055,-28.73752,-0.5566462,-0.3301456,-0.2614782,-0.7160853;
custom,cylinder,metal2,0.014,2.1,0.014,0,1,1,1,1,1,-89.35084,37.70207,-33.50677,0.590808,0.5028086,0.602364,-0.1878487;
custom,cylinder,default,0.035,0.049,0.035,1,0.5113636,0,0,1,1,-108.5594,47.04138,-42.35028,0.1288879,0.05111711,-0.8143006,-0.5636396;
custom,sphere,default,0.14,0.14,0.14,1,0.5113636,0,0,1,1,-107.6802,46.87517,-41.57735,-0.3137576,-0.6458859,-0.5589672,-0.4146604;
custom,cylinder,default,0.07,0.035,0.07,1,0.5113636,0,0,1,1,-107.6106,46.98407,-42.39236,-0.3137576,-0.6458859,-0.5589672,-0.4146604;
custom,cylinder,default,0.035,0.049,0.035,1,0.5113636,0,0,1,1,-106.8328,46.72384,-41.68864,-0.6059254,-0.5153419,-0.5784084,0.1808891;
custom,cylinder,default,0.035,0.035,0.035,1,0.5113636,0,0,1,1,-107.6513,46.42013,-42.88442,-0.2160991,-0.934467,-0.1268652,-0.2529385;
custom,cylinder,default,0.035,0.035,0.035,1,0.5113636,0,0,1,1,-107.4214,46.30164,-43.19033,-0.03262438,-0.2359487,-0.8301734,-0.5040595;
custom,cylinder,default,0.035,0.07,0.035,1,0.5113636,0,0,1,1,-107.317,46.91188,-43.32848,-0.08651286,-0.6147432,-0.596658,-0.5085328;
custom,cuboid,default,0.14,0.035,0.035,1,0.1704545,0,0,1,1,-109.4558,46.56096,-42.34502,0.251801,-0.7290798,-0.634539,0.04898078;
racing,killCylinder,0.07,3.5,0.07,-140.4596,30.42088,-50.44817,0.6893121,-0.3337599,-0.5005665,-0.4035918;
racing,killCylinder,0.035,2.8,0.035,-135.7952,35.35258,-48.04375,-0.3668419,-0.6701565,-0.4130749,0.4956676;
racing,killCylinder,0.035,2.8,0.035,-131.8517,28.85609,-47.24522,-0.2868076,-0.7120215,-0.3376124,0.5447795;
racing,killCylinder,0.035,2.1,0.035,-128.86,36.62875,-43.51753,-0.3893802,-0.6641384,-0.3452026,0.5367854;
racing,killCylinder,0.035,2.1,0.035,-129.6949,41.32985,-48.41275,-0.3977154,-0.659539,-0.4688058,0.4324949;
racing,killCylinder,0.035,2.8,0.035,-135.8011,34.79421,-44.37099,-0.4017895,-0.6572295,-0.3681735,0.520637;
custom,cylinder,metal2,0.014,2.1,0.014,0,1,1,1,1,1,-237.4437,37.70207,47.4248,-0.1784301,0.4333135,0.824657,0.3167696;
custom,cylinder,default,0.035,0.049,0.035,1,0.5113636,0,0,1,1,-221.7215,47.04138,33.28295,0.7510877,0.4989435,-0.3399487,-0.2671284;
custom,sphere,default,0.14,0.14,0.14,1,0.5113636,0,0,1,1,-222.7792,46.87517,33.78451,0.2944711,-0.008647376,-0.5693642,-0.767487;
custom,cylinder,default,0.07,0.035,0.07,1,0.5113636,0,0,1,1,-222.0583,46.98407,34.17095,0.2944711,-0.008647376,-0.5693642,-0.767487;
custom,cylinder,default,0.035,0.049,0.035,1,0.5113636,0,0,1,1,-223.0123,46.72384,34.60682,0.150108,-0.4343896,-0.8241172,-0.3310654;
custom,cylinder,default,0.035,0.035,0.035,1,0.5113636,0,0,1,1,-221.5902,46.42014,34.32822,-0.0128097,-0.3023756,-0.2502588,-0.9196605;
custom,cylinder,default,0.035,0.035,0.035,1,0.5113636,0,0,1,1,-221.4003,46.30164,34.66047,0.6755648,0.2913741,-0.4835953,-0.4741825;
custom,cylinder,default,0.035,0.07,0.035,1,0.5113636,0,0,1,1,-221.3147,46.91189,34.811,0.4508718,0.0868893,-0.4002502,-0.793073;
custom,cuboid,default,0.14,0.035,0.035,1,0.1704545,0,0,1,1,-221.3717,46.56096,32.45768,0.6684856,-0.4416882,-0.1384571,-0.5821239;
racing,killCylinder,0.07,3.5,0.07,-201.6625,30.42088,7.190216,0.7970671,0.1536807,0.3006689,-0.5006641;
racing,killCylinder,0.035,2.8,0.035,-205.7162,35.35258,10.52255,0.1434173,-0.782445,-0.5335127,-0.2873599;
racing,killCylinder,0.035,2.8,0.035,-208.0099,28.8561,13.82827,0.1243731,-0.8464847,-0.4251729,-0.2953355;
racing,killCylinder,0.035,2.1,0.035,-212.6171,36.62875,15.10084,0.07432991,-0.8134854,-0.5150309,-0.2597301;
racing,killCylinder,0.035,2.1,0.035,-207.791,41.32985,16.27104,0.1730017,-0.7238368,-0.5899377,-0.3132159;
racing,killCylinder,0.035,2.8,0.035,-209.0869,34.79421,9.063967,0.08669749,-0.7961979,-0.5380242,-0.2628356;
custom,cylinder,metal2,0.014,2.1,0.014,0,1,1,1,1,1,-268.3834,66.46756,48.31376,-0.0835069,0.850214,0.4181957,0.3086669;
custom,cylinder,default,0.035,0.049,0.035,1,0.5113636,0,0,1,1,-259.2987,51.36232,33.35703,0.8221046,0.0288824,-0.5685959,-0.002907824;
custom,sphere,default,0.14,0.14,0.14,1,0.5113636,0,0,1,1,-260.0027,52.2305,33.74249,0.5377666,-0.4653022,-0.3252877,-0.6232888;
custom,cylinder,default,0.07,0.035,0.07,1,0.5113636,0,0,1,1,-259.1839,52.17916,33.83124,0.5377666,-0.4653022,-0.3252877,-0.6232888;
custom,cylinder,default,0.035,0.049,0.035,1,0.5113636,0,0,1,1,-259.8546,52.90532,34.26796,0.06695839,-0.8461287,-0.409822,-0.3341088;
custom,cylinder,default,0.035,0.035,0.035,1,0.5113636,0,0,1,1,-258.857,51.81947,34.40187,0.3340407,-0.4996299,0.1621697,-0.782616;
custom,cylinder,default,0.035,0.035,0.035,1,0.5113636,0,0,1,1,-258.5711,51.91803,34.66457,0.7918347,-0.2244531,-0.525394,-0.2158235;
custom,cylinder,default,0.035,0.07,0.035,1,0.5113636,0,0,1,1,-258.2734,52.2313,34.20017,0.7261156,-0.344083,-0.2485693,-0.5409033;
custom,cuboid,default,0.14,0.035,0.035,1,0.1704545,0,0,1,1,-259.5096,50.36786,33.3853,0.7136278,-0.6739342,0.1464763,-0.1228526;
racing,killCylinder,0.07,3.5,0.07,-258.704,14.55943,35.50809,0.9833235,0.01451886,0.1791417,0.02779258;
racing,killCylinder,0.035,2.8,0.035,-259.3315,21.18815,32.76493,-0.001665231,-0.9830654,-0.008234297,-0.1830627;
racing,killCylinder,0.035,2.8,0.035,-261.3787,22.24094,40.05147,-0.01338036,-0.9793341,0.1172985,-0.1642154;
racing,killCylinder,0.035,2.1,0.035,-262.7163,28.77914,33.82872,-0.07706586,-0.9793039,0.0254803,-0.1854066;
racing,killCylinder,0.035,2.1,0.035,-256.8892,28.9868,30.25621,0.04142362,-0.9730628,-0.0816711,-0.2115723;
racing,killCylinder,0.035,2.8,0.035,-263.0097,21.66759,32.5594,-0.06446719,-0.9796992,-0.003014293,-0.1898013;
custom,cylinder,metal2,0.014,2.1,0.014,0,1,1,1,1,1,-215.2333,19.74343,-138.3596,-0.0185773,0.4855848,0.8435346,0.2287175;
custom,cylinder,default,0.035,0.049,0.035,1,0.5113636,0,0,1,1,-205.9187,29.08276,-157.3441,0.6728625,0.4391351,-0.4763969,-0.3570188;
custom,sphere,default,0.14,0.14,0.14,1,0.5113636,0,0,1,1,-206.713,28.91656,-156.4844,0.1809876,-0.1542391,-0.6149247,-0.7518786;
custom,cylinder,default,0.07,0.035,0.07,1,0.5113636,0,0,1,1,-205.8999,29.02545,-156.3946,0.1809876,-0.1542391,-0.6149247,-0.7518786;
custom,cylinder,default,0.035,0.049,0.035,1,0.5113636,0,0,1,1,-206.6227,28.76523,-155.6344,-0.009126937,-0.4893553,-0.8376266,-0.2425485;
custom,cylinder,default,0.035,0.035,0.035,1,0.5113636,0,0,1,1,-205.4071,28.46152,-156.4232,-0.06010184,-0.4715207,-0.243272,-0.8455027;
custom,cylinder,default,0.035,0.035,0.035,1,0.5113636,0,0,1,1,-205.107,28.34303,-156.1857,0.5714344,0.1960225,-0.603088,-0.5208865;
custom,cylinder,default,0.035,0.07,0.035,1,0.5113636,0,0,1,1,-204.9713,28.95327,-156.078,0.3666579,-0.06529976,-0.4785891,-0.7951418;
custom,cuboid,default,0.14,0.035,0.035,1,0.1704545,0,0,1,1,-205.9017,28.60234,-158.2404,0.6300272,-0.5441987,-0.2628858,-0.4876521;
racing,killCylinder,0.07,3.5,0.07,-197.0363,12.46225,-189.0348,0.8396606,0.05580597,0.1438311,-0.5207383;
racing,killCylinder,0.035,2.8,0.035,-199.555,17.39395,-184.4312,0.03949111,-0.8227773,-0.5510398,-0.1335411;
racing,killCylinder,0.035,2.8,0.035,-200.4507,10.89746,-180.5086,0.04136768,-0.8871664,-0.4410548,-0.1292101;
racing,killCylinder,0.035,2.1,0.035,-204.251,18.67011,-177.6099,-0.02482931,-0.8480063,-0.5197738,-0.1005193;
racing,killCylinder,0.035,2.1,0.035,-199.3367,23.37121,-178.3237,0.05782176,-0.770146,-0.6120561,-0.1700563;
racing,killCylinder,0.035,2.8,0.035,-203.2265,16.83558,-184.5277,-0.01705326,-0.8316224,-0.5446984,-0.1068511;
custom,cylinder,metal2,0.014,2.1,0.014,0,1,1,1,1,1,-188.0721,41.70614,-243.9989,0.4435786,0.8842616,-0.0485952,-0.1376884;
custom,cylinder,default,0.035,0.049,0.035,1,0.5113636,0,0,1,1,-205.6974,27.71118,-238.7175,0.2236739,-0.4810198,-0.8475506,-0.01574511;
custom,sphere,default,0.14,0.14,0.14,1,0.5113636,0,0,1,1,-205.1506,28.71635,-239.0152,0.1527507,-0.9720854,-0.1318974,-0.1196675;
custom,cylinder,default,0.07,0.035,0.07,1,0.5113636,0,0,1,1,-205.0636,27.97878,-239.3747,0.1527507,-0.9720854,-0.1318974,-0.1196675;
custom,cylinder,default,0.035,0.049,0.035,1,0.5113636,0,0,1,1,-204.4955,28.87928,-239.5608,-0.4406458,-0.8869864,0.07273354,0.1174582;
custom,cylinder,default,0.035,0.035,0.035,1,0.5113636,0,0,1,1,-204.5749,27.46328,-239.1354,0.3299894,-0.8630503,0.3771948,-0.06305074;
custom,cylinder,default,0.035,0.035,0.035,1,0.5113636,0,0,1,1,-204.2938,27.24249,-239.3163,0.185991,-0.7431483,-0.6427577,-0.0007914529;
custom,cylinder,default,0.035,0.07,0.035,1,0.5113636,0,0,1,1,-204.6798,27.18819,-239.8167,0.3453534,-0.9009812,-0.2577895,-0.05008588;
custom,cuboid,default,0.14,0.035,0.035,1,0.1704545,0,0,1,1,-205.877,27.38906,-237.7698,0.3088189,-0.7591702,-0.06959908,0.5687245;
racing,killCylinder,0.07,3.5,0.07,-211.1656,8.478701,-207.7394,0.7414353,-0.3250605,-0.4606279,0.3639112;
racing,killCylinder,0.035,2.8,0.035,-212.4928,12.61171,-213.4854,-0.3549737,-0.7471902,0.3511992,0.4385882;
racing,killCylinder,0.035,2.8,0.035,-205.1736,14.21351,-211.9829,-0.2947367,-0.6933425,0.4309685,0.4966615;
racing,killCylinder,0.035,2.1,0.035,-209.9333,19.23882,-217.9285,-0.3826573,-0.7056542,0.4161468,0.4271386;
racing,killCylinder,0.035,2.1,0.035,-213.3085,14.67439,-221.741,-0.3566176,-0.7955389,0.2874841,0.3966041;
racing,killCylinder,0.035,2.8,0.035,-212.644,16.03196,-212.0431,-0.3896337,-0.7217079,0.3922801,0.4164609;
custom,cylinder,default,0.035,-0.049,0.035,1,0.5113636,0,0,1,1,-251.3898,3.564313,-266.5399,-0.6079306,0.4931668,0.4651152,0.4133701;
custom,sphere,default,0.14,-0.14,0.14,1,0.5113636,0,0,1,1,-252.4116,4.007174,-266.1436,-0.7473899,-0.06478442,0.6197706,-0.2304253;
custom,cylinder,default,0.07,-0.035,0.07,1,0.5113636,0,0,1,1,-252.187,3.213241,-266.1571,-0.7473899,-0.06478442,0.6197706,-0.2304253;
custom,cylinder,default,0.035,-0.049,0.035,1,0.5113636,0,0,1,1,-253.0663,3.646215,-265.7018,-0.5956259,-0.654263,0.4655469,0.02088016;
custom,cylinder,default,0.035,-0.035,0.035,1,0.5113636,0,0,1,1,-251.7976,2.889657,-265.6046,-0.6337319,-0.185991,0.3330183,-0.6729711;
custom,cylinder,default,0.035,-0.035,0.035,1,0.5113636,0,0,1,1,-251.8456,2.554298,-265.3907,-0.759445,0.2756111,0.5448449,0.2245572;
custom,cylinder,default,0.035,-0.07,0.035,1,0.5113636,0,0,1,1,-252.0592,2.268347,-265.9153,-0.8137621,0.1546684,0.5221495,-0.203049;
custom,cuboid,default,0.14,-0.035,0.035,1,0.1704545,0,0,1,1,-250.4691,3.972363,-266.3983,-0.9879949,-0.07028716,-0.07080035,-0.1179539;
custom,cylinder,metal2,0.014,-2.1,0.014,0,1,1,1,1,1,-268.9452,7.014416,-251.9019,0.6089427,0.6471411,-0.4562547,-0.04721233;
racing,killCylinder,0.035,-2.1,0.035,-228.8916,6.371089,-267.9714,-0.6535324,-0.7415214,0.1239172,-0.08766959;
racing,killCylinder,0.035,-2.8,0.035,-223.2379,13.48801,-264.2682,-0.575581,-0.8064056,0.0462178,-0.1275948;
racing,killCylinder,0.035,-2.1,0.035,-230.172,11.5305,-263.6706,-0.5658768,-0.8117356,0.02106243,-0.1429168;
racing,killCylinder,0.035,-2.8,0.035,-221.9747,10.00177,-264.4994,-0.6258703,-0.7700506,0.04728395,-0.1143354;
racing,killCylinder,0.035,-2.8,0.035,-223.8643,10.70334,-257.1288,-0.6159605,-0.7646552,-0.06205161,-0.1790104;
racing,killCylinder,0.07,-3.5,0.07,-215.5371,10.38563,-261.2957,-0.757371,0.6391559,-0.1325648,-0.01719105;
custom,cylinder,default,0.035,-0.049,0.035,1,0.5113636,0,0,1,1,-114.3733,56.69376,-176.2522,-0.04512795,-0.9697446,0.2360978,-0.04262326;
custom,sphere,default,0.14,-0.14,0.14,1,0.5113636,0,0,1,1,-113.6853,57.2328,-177.048,0.03530985,-0.786571,-0.6164705,0.004843656;
custom,cylinder,default,0.07,-0.035,0.07,1,0.5113636,0,0,1,1,-113.9439,57.53946,-176.3271,0.03530985,-0.786571,-0.6164705,0.004843656;
custom,cylinder,default,0.035,-0.049,0.035,1,0.5113636,0,0,1,1,-113.2306,57.97157,-177.0141,0.5818305,-0.448519,-0.6471066,-0.2038556;
custom,cylinder,default,0.035,-0.035,0.035,1,0.5113636,0,0,1,1,-113.579,57.42852,-175.6817,-0.07469779,-0.3964081,-0.8704823,0.2820312;
custom,cylinder,default,0.035,-0.035,0.035,1,0.5113636,0,0,1,1,-113.4521,57.67129,-175.3894,0.04860623,-0.9953212,-0.08292843,-0.009797808;
custom,cylinder,default,0.035,-0.07,0.035,1,0.5113636,0,0,1,1,-113.9796,58.01484,-175.4664,-0.06148347,-0.8696648,-0.4638247,0.1573834;
custom,cuboid,default,0.14,-0.035,0.035,1,0.1704545,0,0,1,1,-114.316,55.71539,-175.9806,0.362105,-0.6278802,-0.3515903,0.5924785;
custom,cylinder,metal2,0.014,-2.1,0.014,0,1,1,1,1,1,-96.1935,68.49096,-184.2948,-0.597573,0.462701,0.6242749,0.1977252;
racing,killCylinder,0.035,-2.1,0.035,-119.4239,37.15992,-165.8114,0.6973681,-0.252878,-0.6642759,0.09202217;
racing,killCylinder,0.035,-2.8,0.035,-115.2169,28.33664,-166.6953,0.7158427,-0.1218632,-0.6793964,0.1055422;
racing,killCylinder,0.035,-2.1,0.035,-113.7892,35.02396,-169.0431,0.7147101,-0.095779,-0.681838,0.1229343;
racing,killCylinder,0.035,-2.8,0.035,-116.5687,29.46419,-163.4237,0.7140268,-0.1755426,-0.664038,0.1356615;
racing,killCylinder,0.035,-2.8,0.035,-109.0388,30.53108,-162.6783,0.7008511,-0.09643553,-0.66662,0.2347888;
racing,killCylinder,0.07,-3.5,0.07,-114.6976,24.12994,-158.9624,-0.1693531,-0.7077543,0.1743528,0.6633283;
misc,barrier,0.2,6,13.47496,-101.5521,19.90647,-2.859566,0,-0.7071068,0,0.7071068;
custom,house5,default,1,1,1,0,1,1,1,1,1,-18.15884,15.68168,275.9691,0,-0.7071068,0,0.7071068;
custom,house5,default,1,1,1,0,1,1,1,1,1,-205.5277,15.68168,216.2295,0,0,0,1;
misc,barrier,0.2,6,19.81842,-153.5181,19.90644,247.311,0,-0.7071068,0,0.7071068;
custom,house5,default,1,1,1,0,1,1,1,1,1,30.65786,15.68168,93.94954,0,-0.7071068,0,0.7071068;
custom,prism,default,0.3449408,0.06,0.7168713,1,0,1,0,1,1,-57.06171,7.605582,-42.33566,0.4977069,0.4966479,-0.5033421,0.5022703;
custom,prism,default,0.3449408,0.06,0.7168713,1,0,1,0,1,1,-264.0676,27.53497,34.76553,0.5022534,0.5011833,0.4988055,-0.4977449;
misc,barrier,0.2,6,7.505154,167.8523,19.90646,190.5721,0,-0.9396589,0,0.3421128;
custom,tower2,default,1.280572,1.280572,1.280572,0,1,1,1,1,1,634.3899,-14.17537,293.0441,0,0,0,1;
misc,barrier,0.2,6,13.71728,-55.34936,19.95763,297.7126,0,0,0,1;
misc,barrier,0.2,6,7.498789,-90.21662,19.90643,192.9066,0,-0.7071068,0,0.7071068;
misc,barrier,0.2,6,7.498789,-90.51304,19.90643,85.22499,0,-0.7071068,0,0.7071068;
misc,barrier,0.2,6,19.51924,-163.0768,19.95763,94.73663,0,0,0,1;
photon,spawnPunk,15,0,-238.1011,0.6193894,136.0804,0,0,0,1;
photon,spawnPunk,0,0,-117.5508,0.6193894,310.916,0,0,0,1;
photon,spawnPunk,0,0,64.39222,0.6193894,334.1396,0,0,0,1;
photon,spawnPunk,0,0,-278.0166,0.6193894,121.095,0,0,0,1;
photon,spawnPunk,0,0,-161.9117,0.6193894,301.9383,0,0,0,1;
photon,spawnPunk,0,0,112.1515,0.6193894,325.482,0,0,0,1;
photon,spawnPunk,0,0,235.8652,0.6193894,283.0602,0,0,0,1;