map,disablebounds;
spawnpoint,playerC,550,12,305,0,0,0,0;
spawnpoint,playerm,550,12,295,0,0,0,0;
misc,barrier,120,1,120,0,62,170,0,0,0,0;

custom,cuboid,stone4,120,0.5,120,0,0,0.3,0.8,12,12,0,5,0,0,0,0,0;
racing,killcuboid,120.1,0.6,120.1,0,5,0,0,0,0,0;

custom,cuboid,stone4,7,0.5,7,0,0,0,0,0.7,0.7,550,7,300,0,0,0,0;

custom,cuboid,metal3,75,5,1,0,0,0,0,7.5,0.5,150,32,335,0,0,0,0;
custom,cuboid,metal3,75,5,1,0,0,0,0,7.5,0.5,150,32,265,0,0,0,0;

custom,arc180,metal3,-7,-12,-4,0,0,0,0,0.7,1.2,560,32,299.5,0,0,0,0;

racing,startcuboid,1,5,7,515,32,300,0,0,0,0;

custom,cuboid,metal3,5,5,45,0,0,0,0,4.5,0.5,-350,32,265,0,0,0,0;

custom,cylinder,metal3,5,2.5,5,0,0,0,0,0.5,0.25,-350,32,490,0,0,0,0;
custom,cylinder,metal3,5,2.5,5,0,0,0,0,0.5,0.25,-350,32,40,0,0,0,0;

custom,cylinder,metal3,5,2.5,5,0,0,0,0,0.5,0.25,-220,32,357,0,0,0,0;


racing,killcuboid,10,5,0.5,-275,32,265,0,0,0,0;
racing,killcuboid,3,3,0.5,-275,32,265,0,0,-0.3826834,0.9238795;


custom,cuboid,metal3,1,5,25,0,0,0,0,2.5,0.5,-240,32,490,0,0,0,0;
custom,cuboid,metal3,1,5,70,0,0,0,0,7,0.5,-450,32,265,0,0,0,0;


custom,cuboid,metal3,25,5,1,0,0,0,0,2.5,0.5,-345,32,600,0,0,0,0;
custom,cuboid,metal3,25,5,1,0,0,0,0,2.5,0.5,-325,32,-75,0,0,0,0;

custom,cuboid,metal3,1,5,25,0,0,0,0,2.5,0.5,-240,32,40,0,0,0,0;

custom,cuboid,metal3,35,5,1,0,0,0,0,3.5,0.5,-67,32,165,0,0,0,0;
custom,cuboid,metal3,35,5,1,0,0,0,0,3.5,0.5,400,32,165,0,0,0,0;

custom,cylinder,metal3,1,2.5,1,0,0,0,0,0.25,0.1,167.5,32,55,0,0,0,0;

custom,cuboid,metal3,1,5,16,0,0,0,0,1.6,0.5,127.5,32,-15,0,0.258819,0,0.9659258;
custom,cuboid,metal3,1,5,16,0,0,0,0,1.6,0.5,207.5,32,-15,0,0.9659258,0,0.258819;


custom,cylinder,metal3,-1,-2.5,-1,0,0,0,0,0.25,0.1,167.5,32,-315,0,0,0,0;

custom,cuboid,metal3,-0.5,-5,-16,0,0,0,0,1.6,0.5,127.5,32,-245,0.258819,0,-0.9659258,0;
custom,cuboid,metal3,-0.5,-5,-16,0,0,0,0,1.6,0.5,207.5,32,-245,0.9659258,0,-0.258819,0;



custom,cylinder,metal3,1,2.5,1,0,0,0,0,0.25,0.1,362.5,32,-130,0,0.7071068,0,0.7071068;

custom,cuboid,metal3,1,5,16,0,0,0,0,1.6,0.5,292.5,32,-90,0,0.8660254,0,0.5;
custom,cuboid,metal3,1,5,16,0,0,0,0,1.6,0.5,292.5,32,-170,0,0.8660254,0,-0.5;



custom,cylinder,metal3,1,2.5,1,0,0,0,0,0.25,0.1,-27.5,32,-130,0,-0.7071068,0,0.7071068;

custom,cuboid,metal3,1,5,16,0,0,0,0,1.6,0.5,42.5,32,-170,0,-0.5,0,0.8660254;
custom,cuboid,metal3,1,5,16,0,0,0,0,1.6,0.5,42.5,32,-90,0,0.5,0,0.8660254;


custom,cuboid,metal3,58,5,1,0,0,0,0,5.8,0.5,-127.5,32,-130,0,-0.7071068,0,0.7071068;
custom,cuboid,metal3,58,5,1,0,0,0,0,5.8,0.5,462.5,32,-130,0,-0.7071068,0,0.7071068;

custom,cuboid,metal3,29.5,5,1,0,0,0,0,2.95,0.5,-22.5,32,60,0,-0.3826834,0,0.9238795;
custom,cuboid,metal3,29.5,5,1,0,0,0,0,2.95,0.5,357.5,32,60,0,0.9238795,0,-0.3826834;


custom,cuboid,metal3,-29.5,-5,-0.5,0,0,0,0,2.95,0.5,-22.5,32,-325,-0.3826834,0,-0.9238795,0;
custom,cuboid,metal3,-29.5,-5,-0.5,0,0,0,0,2.95,0.5,357.5,32,-325,0.9238795,0,0.3826834,0;


racing,killcuboid,5,5,13.5,450,32,195,0,0,0,0;


custom,cuboid,metal3,10,5,1,0,0,0,0,1,0.5,247.5,32,-430,0,0,0,0;
custom,cuboid,metal3,10,5,1,0,0,0,0,1,0.5,87.5,32,-430,0,0,0,0;

racing,killcuboid,10.1,0.6,45.1,167.5,62,-640,0.1305262,0,0,0.9914449;

custom,cuboid,stone4,10,0.5,45,0,0,0,0,1,4.5,167.5,62,-640,0.1305262,0,0,0.9914449;
custom,cuboid,stone4,10,0.5,45,0,0,0,0,1,4.5,167.5,115,-640,0.1305262,0,0,0.9914449;


racing,killcuboid,1,25,45,117.5,92,-655,0,0,0,0;
racing,killcuboid,1,25,45,217.5,92,-655,0,0,0,0;


custom,cuboid,stone4,120,0.5,120,0,0,0.3,0.8,12,12,-370,120,-1456,0,0,0,0;
racing,killcuboid,120.1,0.6,120.1,-370,120,-1456,0,0,0,0;

misc,barrier,10,1,125,167.5,177,-1405,0,0,0,0;
misc,barrier,125,1,10,-250,177,-1965,0,0,0,0;
misc,barrier,125,1,30,-250,177,-1065,0,0,0,0;
misc,barrier,75,1,80,-650,177,-1515,0,0,0,0;


custom,cuboid,metal3,1,5,45,0,0,0,0,4.5,0.5,117.5,147,-1105,0,0,0,0;
custom,cuboid,metal3,1,5,45,0,0,0,0,4.5,0.5,217.5,147,-1105,0,0,0,0;

custom,cuboid,metal3,1,5,25,0,0,0,0,2.5,0.5,152.5,147,-1455,0,0,0,0;
custom,cuboid,metal3,1,5,25,0,0,0,0,2.5,0.5,182.5,147,-1455,0,0,0,0;

custom,cuboid,metal3,1,5,25,0,0,0,0,2.5,0.5,117.5,147,-1455,0,0,0,0;
custom,cuboid,metal3,1,5,25,0,0,0,0,2.5,0.5,217.5,147,-1455,0,0,0,0;

custom,cylinder,metal3,1,2.5,0.5,0,0,0,0,0.25,0.5,152.5,147,-1330,0,0,0,0;
custom,cylinder,metal3,1,2.5,0.5,0,0,0,0,0.25,0.5,182.5,147,-1330,0,0,0,0;

custom,cylinder,metal3,1,2.5,1,0,0,0,0,0.25,0.5,152.5,147,-1580,0,0,0,0;
custom,cylinder,metal3,1,2.5,1,0,0,0,0,0.25,0.5,182.5,147,-1580,0,0,0,0;



racing,killcuboid,3,2.5,25,167.5,159,-1455,0,0,0,0;
racing,killcuboid,3,2.5,25,135,135,-1455,0,0,0,0;
racing,killcuboid,3,2.5,25,200,135,-1455,0,0,0,0;



custom,cuboid,metal3,1,5,35,0,0,0,0,3.5,0.5,117.5,147,-1755,0,0,0,0;
custom,cuboid,metal3,1,5,45,0,0,0,0,4.5,0.5,217.5,147,-1805,0,0,0,0;



custom,cuboid,metal3,70,5,1,0,0,0,0,7,0.5,-117.5,147,-2005,0,0,0,0;
custom,cuboid,metal3,60,5,1,0,0,0,0,6,0.5,-182.5,147,-1930,0,0,0,0;

racing,killcuboid,0.5,5,0.5,-117.5,147,-2000,0,0,0,0;
racing,killcuboid,0.5,5,0.5,-117.5,147,-1935,0,0,0,0;

racing,killcuboid,0.5,5,0.5,-122.5,147,-1995,0,0,0,0;
racing,killcuboid,0.5,5,0.5,-122.5,147,-1940,0,0,0,0;

racing,killcuboid,0.5,5,0.5,-127.5,147,-1990,0,0,0,0;
racing,killcuboid,0.5,5,0.5,-127.5,147,-1945,0,0,0,0;

racing,killcuboid,0.5,5,0.5,-132.5,147,-1985,0,0,0,0;
racing,killcuboid,0.5,5,0.5,-132.5,147,-1950,0,0,0,0;

racing,killcuboid,11,5,0.5,-187.5,147,-1980,0,0,0,0;
racing,killcuboid,11,5,0.5,-187.5,147,-1955,0,0,0,0;

racing,killcuboid,11,5,2.5,-292.5,147,-1995,0,0,0,0;
racing,killcuboid,11,5,2.5,-292.5,147,-1940,0,0,0,0;


custom,cylinder,metal3,1,2.5,1,0,0,0,0,0.25,0.5,117.5,147,-1930,0,0,0,0;

custom,cuboid,metal3,50,5,1,0,0,0,0,5,0.5,-717.5,147,-2005,0,0,0,0;
custom,cuboid,metal3,30,5,1,0,0,0,0,3,0.5,-627.5,147,-1930,0,0,0,0;


custom,cuboid,metal3,10,1.5,1,0,0,0,0,1,0.1,-827.5,164.5,-1930,0,0,0,0;
custom,cuboid,metal3,10,1.5,1,0,0,0,0,1,0.1,-827.5,129.5,-1930,0,0,0,0;


racing,killcuboid,10,1.6,0.45,-827.5,164.5,-1930,0,0,0,0;
racing,killcuboid,10,1.6,0.45,-827.5,129.5,-1930,0,0,0,0;

custom,cuboid,metal3,1,5,48,0,0,0,0,4.8,0.5,-880,147,-1780,0,0,0,0;


custom,cuboid,metal3,40,5,1,0,0,0,0,4,0.5,-677.5,147,-1850,0,0,0,0;

custom,cuboid,metal3,10,1.5,1,0,0,0,0,1,0.1,-427.5,164.5,-1850,0,0,0,0;
custom,cuboid,metal3,10,1.5,1,0,0,0,0,1,0.1,-427.5,129.5,-1850,0,0,0,0;


racing,killcuboid,10,1.6,0.45,-427.5,164.5,-1850,0,0,0,0;
racing,killcuboid,10,1.6,0.45,-427.5,129.5,-1850,0,0,0,0;


custom,cuboid,metal3,40,5,1,0,0,0,0,4,0.5,-577.5,147,-1780,0,0,0,0;


custom,cuboid,metal3,10,1.5,1,0,0,0,0,1,0.1,-827.5,164.5,-1780,0,0,0,0;
custom,cuboid,metal3,10,1.5,1,0,0,0,0,1,0.1,-827.5,129.5,-1780,0,0,0,0;


racing,killcuboid,10,1.6,0.45,-827.5,164.5,-1780,0,0,0,0;
racing,killcuboid,10,1.6,0.45,-827.5,129.5,-1780,0,0,0,0;


custom,cuboid,metal3,40,5,1,0,0,0,0,4,0.5,-677.5,147,-1700,0,0,0,0;

custom,cuboid,metal3,10,1.5,1,0,0,0,0,1,0.1,-427.5,164.5,-1700,0,0,0,0;
custom,cuboid,metal3,10,1.5,1,0,0,0,0,1,0.1,-427.5,129.5,-1700,0,0,0,0;


racing,killcuboid,10,1.6,0.45,-427.5,164.5,-1700,0,0,0,0;
racing,killcuboid,10,1.6,0.45,-427.5,129.5,-1700,0,0,0,0;


custom,cuboid,metal3,40,5,1,0,0,0,0,4,0.5,-577.5,147,-1630,0,0,0,0;


custom,cuboid,metal3,10,1.5,1,0,0,0,0,1,0.1,-827.5,164.5,-1630,0,0,0,0;
custom,cuboid,metal3,10,1.5,1,0,0,0,0,1,0.1,-827.5,129.5,-1630,0,0,0,0;


racing,killcuboid,10,1.6,0.45,-827.5,164.5,-1630,0,0,0,0;
racing,killcuboid,10,1.6,0.45,-827.5,129.5,-1630,0,0,0,0;


custom,cuboid,metal3,40,5,1,0,0,0,0,4,0.5,-677.5,147,-1550,0,0,0,0;

custom,cuboid,metal3,10,1.5,1,0,0,0,0,1,0.1,-427.5,164.5,-1550,0,0,0,0;
custom,cuboid,metal3,10,1.5,1,0,0,0,0,1,0.1,-427.5,129.5,-1550,0,0,0,0;


racing,killcuboid,10,1.6,0.45,-427.5,164.5,-1550,0,0,0,0;
racing,killcuboid,10,1.6,0.45,-427.5,129.5,-1550,0,0,0,0;


custom,cuboid,metal3,1,5,50,0,0,0,0,5,0.5,-375,147,-1680,0,0,0,0;


custom,cylinder,metal3,40,2.5,40,0,0,0,0,4,0.25,-425,147,-1280,0,0,0,0;


custom,cuboid,metal3,40,5,3,0,0,0,0,4,1,-575,147,-1280,0,0,0,0;
custom,cylinder,metal3,3,2.5,3,0,0,0,0,0.25,0.3,-775,147,-1280,0,0,0,0;




custom,cuboid,metal3,1,5,70,0,0,0,0,7,0.5,-925,147,-1280,0,0,0,0;

custom,cuboid,metal3,1,5,41,0,0,0,0,4.1,0.5,-780,147,-1405,0,-0.3826834,0,0.9238795;
custom,cuboid,metal3,20,5,20,0,0,0,0,2,0.5,-575,147,-1280,0,-0.3826834,0,0.9238795;

custom,cuboid,metal3,1,5,41,0,0,0,0,4.1,0.5,-780,147,-1155,0,0.9238795,0,-0.3826834;

custom,cuboid,metal3,70,5,1,0,0,0,0,7,0.5,-325,147,-1010,0,0,0,0;
custom,cuboid,metal3,14,5,1,0,0,0,0,1.4,0.5,45,147,-1110,0,0,0,0;
custom,cuboid,metal3,24,5,1,0,0,0,0,2.4,0.5,-205,147,-1110,0,0,0,0;

racing,checkpointcuboid,2,5,10,-305,147,-1060,0,0,0,0;
custom,cuboid,metal3,2.1,1,10,0,0,0,0,1,0.1,-305,127,-1060,0,0,0,0;

racing,killcuboid,3,5,10,15,147,-1060,0,0,0,0;

racing,killcuboid,0.8,5,10,-20,147,-1160,0,0,0,0;
racing,killcuboid,0.8,5,10,-90,147,-1160,0,0,0,0;

racing,killcuboid,8,15,0.8,-55,245,-1210,0,0,0,0;
racing,killcuboid,8.5,20,0.8,-135,220,-1210,0,0,0,0;
racing,killcuboid,8.5,20,0.8,25,220,-1210,0,0,0,0;



racing,killcuboid,8,15,0.8,-55,195,-1610,0,0,0,0;
racing,killcuboid,8.5,20,0.8,-135,220,-1610,0,0,0,0;
racing,killcuboid,8.5,20,0.8,25,220,-1610,0,0,0,0;


racing,killcuboid,1,20,40,-182.5,220,-1410,0,0,0,0;
racing,killcuboid,1,20,40,72.5,220,-1410,0,0,0,0;


racing,killcuboid,28,1,40,-55,320,-1410,0,0,0,0;


custom,cylinder,metal3,1,4,1,0,0,0,0,0.1,0.4,-55,170,-1210,-0.5,-0.5,-0.5,0.5;




custom,cuboid,stone4,8,0.5,60,0,0,0,0,0.8,6,-55,267.75,-1910,0,0,0,0;
racing,killcuboid,8,0.6,60,-55,267.75,-1910,0,0,0,0;

custom,cuboid,metal3,1,5,60,0,0,0,0,6,0.5,-92.5,294.75,-1910,0,0,0,0;
custom,cuboid,metal3,1,5,60,0,0,0,0,6,0.5,-17.5,294.75,-1910,0,0,0,0;

misc,barrier,90,1,140,-55,321.75,-2310,0,0,0,0;




custom,cuboid,stone4,8,0.5,30,0,0,0,0,0.8,3,-55,267.75,-2360,0,0,0,0;
racing,killcuboid,8,0.6,30,-55,267.75,-2360,0,0,0,0;

custom,cuboid,metal3,1,5,30,0,0,0,0,3,0.5,-92.5,294.75,-2360,0,0,0,0;
custom,cuboid,metal3,1,5,30,0,0,0,0,3,0.5,-17.5,294.75,-2360,0,0,0,0;

custom,cuboid,metal3,1,5,20,0,0,0,0,2,0.5,-92.5,294.75,-2610,0,0,0,0;
custom,cuboid,metal3,1,5,20,0,0,0,0,2,0.5,-17.5,294.75,-2610,0,0,0,0;

custom,cylinder,metal3,1,2.5,1,0,0,0,0,0.25,0.5,-17.5,294.75,-2710,0,0,0,0;
custom,cylinder,metal3,1,2.5,1,0,0,0,0,0.25,0.5,-92.5,294.75,-2710,0,0,0,0;

custom,cuboid,metal3,1,5,60,0,0,0,0,6,0.5,-55,294.75,-2510,0,0,0,0;
custom,cylinder,metal3,1,2.5,1,0,0,0,0,0.25,0.5,-55,294.75,-2210,0,0,0,0;



custom,cuboid,stone4,70,0.5,30,0,0,0,0,7,3,-55,267.75,-2660,0,0,0,0;
racing,killcuboid,70,0.6,30,-55,267.75,-2660,0,0,0,0;

custom,cuboid,metal3,55,5,1,0,0,0,0,5.5,0.5,-55,294.75,-2810,0,0,0,0;
racing,killcuboid,54.5,5.1,1.1,-55,294.75,-2810,0,0,0,0;



custom,cuboid,metal3,2.5,5,40,0,0,0,0,4,0.5,-170,294.75,-2610,0,0,0,0;
custom,cylinder,metal3,2.5,2.5,2.5,0,0,0,0,0.25,0.35,-170,294.75,-2410,0,0,0,0;
racing,killcylinder,2.6,2.6,2.6,-170,294.75,-2410,0,0,0,0;

custom,cuboid,metal3,2.5,5,60,0,0,0,0,6,0.5,-247.5,294.75,-2410,0,0,0,0;
custom,cylinder,metal3,2.5,2.5,2.5,0,0,0,0,0.25,0.35,-247.5,294.75,-2710,0,0,0,0;
racing,killcylinder,2.6,2.6,2.6,-247.5,294.75,-2710,0,0,0,0;

custom,cuboid,metal3,2.5,5,70,0,0,0,0,7,0.5,-320,294.75,-2560,0,0,0,0;
custom,cylinder,metal3,2.5,2.5,2.5,0,0,0,0,0.25,0.35,-320,294.75,-2210,0,0,0,0;
racing,killcylinder,2.6,2.6,2.6,-320,294.75,-2210,0,0,0,0;

custom,cuboid,metal3,1,5,90,0,0,0,0,9,0.5,-387.5,294.75,-2560,0,0,0,0;

custom,cuboid,metal3,15,5,1,0,0,0,0,1.5,0.5,-170,294.75,-2310,0,0,0,0;
racing,killcuboid,15.1,5.1,1.1,-170,294.75,-2310,0,0,0,0;

custom,cuboid,metal3,15,5,1,0,0,0,0,1.5,0.5,-320,294.75,-2130,0,0,0,0;
racing,killcuboid,15.1,5.1,1.1,-320,294.75,-2130,0,0,0,0;


custom,cuboid,stone4,30,0.5,40,0,0,0,0,3,4,-245,267.75,-2310,0,0,0,0;
racing,killcuboid,30,0.6,40,-245,267.75,-2310,0,0,0,0;

custom,cuboid,metal3,2.5,-5,40,0,0,0,0,4,0.5,60,294.75,-2610,0,0,0,0;
custom,cylinder,metal3,2.5,-2.5,2.5,0,0,0,0,0.25,0.35,60,294.75,-2410,0,0,0,0;
racing,killcylinder,2.6,-2.6,2.6,60,294.75,-2410,0,0,0,0;

custom,cuboid,metal3,2.5,-5,60,0,0,0,0,6,0.5,137.5,294.75,-2410,0,0,0,0;
custom,cylinder,metal3,2.5,-2.5,2.5,0,0,0,0,0.25,0.35,137.5,294.75,-2710,0,0,0,0;
racing,killcylinder,2.6,-2.6,2.6,137.5,294.75,-2710,0,0,0,0;

custom,cuboid,metal3,2.5,-5,70,0,0,0,0,7,0.5,210,294.75,-2560,0,0,0,0;
custom,cylinder,metal3,2.5,-2.5,2.5,0,0,0,0,0.25,0.35,210,294.75,-2210,0,0,0,0;
racing,killcylinder,2.6,-2.6,2.6,210,294.75,-2210,0,0,0,0;

custom,cuboid,metal3,1,-5,90,0,0,0,0,9,0.5,277.5,294.75,-2560,0,0,0,0;

custom,cuboid,metal3,15,-5,1,0,0,0,0,1.5,0.5,60,294.75,-2310,0,0,0,0;
racing,killcuboid,15.1,-5.1,1.1,60,294.75,-2310,0,0,0,0;

custom,cuboid,metal3,15,-5,1,0,0,0,0,1.5,0.5,210,294.75,-2130,0,0,0,0;
racing,killcuboid,15.1,-5.1,1.1,210,294.75,-2130,0,0,0,0;

custom,cuboid,stone4,30,-0.5,40,0,0,0,0,3,4,135,267.75,-2310,0,0,0,0;
racing,killcuboid,30,-0.6,40,135,267.75,-2310,0,0,0,0;




custom,cuboid,stone4,70,0.5,20,0,0,0,0,7,2,-55,267.75,-2910,0,0,0,0;
racing,killcuboid,70,0.6,20,-55,267.75,-2910,0,0,0,0;

custom,cuboid,grass4,20,0.5,20,1,0,0.8,0.6,2,2,-55,267.75,-3110,0,0,0,0;


custom,cuboid,metal3,55,5,1,0,0,0,0,5.5,0.5,-55,294.75,-2910,0,0,0,0;

custom,cuboid,metal3,30,5,1,0,0,0,0,3,0.5,-235,294.75,-3010,0,0,0,0;
custom,cuboid,metal3,30,5,1,0,0,0,0,3,0.5,125,294.75,-3010,0,0,0,0;

custom,cylinder,metal3,1,2.5,1,0,0,0,0,0.25,0.1,-85,294.75,-3010,0,0,0,0;
custom,cylinder,metal3,1,2.5,1,0,0,0,0,0.25,0.1,-25,294.75,-3010,0,0,0,0;

racing,endcuboid,5,5,10,-55,294.75,-2960,0,0,0,0;











custom,cuboid,metal1,2.1,4,2.1,1,1,0.95,0,0.005,1,-55,300,-3160,0,-0.7071068,0,0.7071068;
custom,pyramid,wallmat,3,2,3,0,1,1,1,0.005,1,-55,280,-3160,0,-0.7071068,0,0.7071068;
custom,cuboid,wallmat,2.02,0.15,2.02,0,1,0.95,0,0.005,1,-55,320,-3160,0,0,0,1;
custom,killcuboid,transparent0.3,1.98,3,1.98,1,1,0.95,0,1,1,-55,335,-3160,0,0,0,1;


custom,cuboid,metal3,2.1,3,2.1,1,0.8,0.8,0.8,0.005,1,-5,295,-3160,0,-0.7071068,0,0.7071068;
custom,pyramid,wallmat,3,2,3,0,1,1,1,0.005,1,-5,280,-3160,0,-0.7071068,0,0.7071068;
custom,cuboid,wallmat,2.02,0.15,2.02,0,0.8,0.8,0.8,0.005,1,-5,310,-3160,0,0,0,1;
custom,killcuboid,transparent0.3,1.98,3,1.98,1,0.8,0.8,0.8,1,1,-5,325,-3160,0,0,0,1;


custom,cuboid,metal1,2,2,2,1,1,0.55,0,0.005,1,-105,290,-3160,0,-0.7071068,0,0.7071068;
custom,pyramid,wallmat,3,2,3,0,1,1,1,0.005,1,-105,280,-3160,0,-0.7071068,0,0.7071068;
custom,cuboid,wallmat,2.02,0.15,2.02,0,1,0.55,0,0.005,1,-105,300,-3160,0,0,0,1;
custom,killcuboid,transparent0.3,1.98,3,1.98,1,1,0.55,0,1,1,-105,315,-3160,0,0,0,1;

