map,disablebounds;

custom,cuboid,stone2,200,0.9,200,1,1,1,1,20,20,0,805,-700,0,0,0,0;


custom,cuboid,stone5,1,10,33,1,1,1,1,3.3,1,128.5,45,-1844.1,0,0,0,0;
custom,cuboid,stone5,1,10,43,1,1,1,1,4.3,1,211.5,45,-1894.1,0,0,0,0;


custom,cuboid,stone5,-17,-1,-13,1,1,1,1,1.7,1.3,-443,10,-2487.2,0,0,0,0;
spawnpoint,playerM,-413,45,-2497.2,0,0,0,0;
spawnpoint,playerC,-473,45,-2497.2,0,0,0,0;


custom,cuboid,stone5,-1,-10,-63,1,1,1,1,6.3,1,-181.8,45,-2004.5,1,0,-1,0;
custom,cuboid,stone5,-1,-10,-63,1,1,1,1,6.3,1,-82.2,45,-2103,1,0,-1,0;

custom,cuboid,stone5,-1,-10,-33,1,1,1,1,3.3,1,-392.5,45,-2263.1,0,0,0,0;
custom,cuboid,stone5,-1,-10,-43,1,1,1,1,4.3,1,-495.5,45,-2213.1,0,0,0,0;


custom,cuboid,stone5,-1,-10,-8,1,1,1,1,0.8,1,-530.8,45,-2424.1,1,0,-1,0;
custom,cuboid,stone5,-1,-10,-8,1,1,1,1,0.8,1,-357.2,45,-2424.1,1,0,-1,0;

custom,cuboid,stone5,-1,-10,-12,1,1,1,1,1.2,1,-530.8,45,-2489.1,0,0,0,0;
custom,cuboid,stone5,-1,-10,-12,1,1,1,1,1.2,1,-357.2,45,-2489.1,0,0,0,0;

custom,cuboid,stone5,-1,-10,-18,1,1,1,1,1.8,1,-443,45,-2554.1,1,0,-1,0;

racing,startcuboid,-1,-10,-10,-443,45,-2407.2,1,0,-1,0;

custom,cuboid,stone7,-1,-0.5,-12,1,1,1,1,1.2,0.05,-392.2,15,-2489.1,0,0,0,0;
custom,cuboid,stone7,-0.99,-0.6,-12,1,1,1,1,0.06,1.2,-392.2,15,-2489.1,0,0,0,0;

custom,cuboid,stone7,-1,-0.5,-12,1,1,1,1,1.2,0.05,-382.2,20,-2489.1,0,0,0,0;
custom,cuboid,stone7,-0.99,-0.6,-12,1,1,1,1,0.06,1.2,-382.2,20,-2489.1,0,0,0,0;

custom,cuboid,stone7,-1,-0.5,-12,1,1,1,1,1.2,0.05,-372.2,25,-2489.1,0,0,0,0;
custom,cuboid,stone7,-0.99,-0.6,-12,1,1,1,1,0.06,1.2,-372.2,25,-2489.1,0,0,0,0;

custom,cuboid,stone7,-1,-0.5,-12,1,1,1,1,1.2,0.05,-362.2,30,-2489.1,0,0,0,0;
custom,cuboid,stone7,-0.99,-0.6,-12,1,1,1,1,0.06,1.2,-362.2,30,-2489.1,0,0,0,0;

custom,cuboid,stone7,-1,-0.5,-12,1,1,1,1,1.2,0.05,-495.8,15,-2489.1,0,0,0,0;
custom,cuboid,stone7,-0.99,-0.6,-12,1,1,1,1,0.06,1.2,-495.8,15,-2489.1,0,0,0,0;

custom,cuboid,stone7,-1,-0.5,-12,1,1,1,1,1.2,0.05,-505.8,20,-2489.1,0,0,0,0;
custom,cuboid,stone7,-0.99,-0.6,-12,1,1,1,1,0.06,1.2,-505.8,20,-2489.1,0,0,0,0;

custom,cuboid,stone7,-1,-0.5,-12,1,1,1,1,1.2,0.05,-515.8,25,-2489.1,0,0,0,0;
custom,cuboid,stone7,-0.99,-0.6,-12,1,1,1,1,0.06,1.2,-515.8,25,-2489.1,0,0,0,0;

custom,cuboid,stone7,-1,-0.5,-12,1,1,1,1,1.2,0.05,-525.8,30,-2489.1,0,0,0,0;
custom,cuboid,stone7,-0.99,-0.6,-12,1,1,1,1,0.06,1.2,-525.8,30,-2489.1,0,0,0,0;


custom,cuboid,stone2,120,1,210,1,1,1,1,12,21,-170,100.4,-1170,0,0,0,0;



custom,cuboid,stone5,1,10,12.6,1,1,1,1,1,1.26,9,45,-680,0,0,0,0;

custom,cuboid,stone5,1,10,12.6,1,1,1,1,1,1.26,331,45,-680,0,0,0,0;

custom,cuboid,stone5,1,10,12.6,1,1,1,1,1,1.26,70,45,-748,0,1,0,1;

custom,cuboid,stone5,1,10,12.6,1,1,1,1,1,1.26,270,45,-748,0,1,0,1;

custom,cuboid,stone5,1,10,12.6,1,1,1,1,1,1.26,9,45,-454,0,0,0,0;

custom,cuboid,stone5,1,10,12.6,1,1,1,1,1,1.26,331,45,-454,0,0,0,0;

custom,cuboid,stone5,1,10,11,1,1,1,1,1,1.1,68,45,-412.1,0,1,0,1;

custom,cuboid,stone5,1,10,11,1,1,1,1,1,1.1,272,45,-412.1,0,1,0,1;

custom,cuboid,stone5,1.01,10,54.5,1,1,1,1,5.4,1,128,45,-1016,0,0,0,0;

custom,cuboid,stone5,1.01,10,54.5,1,1,1,1,5.4,1,212,45,-1016,0,0,0,0;



custom,cuboid,stone3,200,1,500,1,1,1,1,20,50,0,5,-300,0,0,0,0;

racing,killcuboid,200.1,1.3,500.1,0,5,-300,0,0,0,0;


custom,cuboid,stone5,1,50,10,1,1,1,1,1,5,50,255,0,0,0,0,0;

custom,cuboid,stone5,1,50,10,1,1,1,1,1,5,85,255,85,0,0.3826834,0,0.9238795;

custom,cuboid,stone5,1,50,10,1,1,1,1,1,5,170,255,120,0,1,0,1;

custom,cuboid,stone5,1,50,10,1,1,1,1,1,5,255,255,85,0,0.9238795,0,0.3826834;

custom,cuboid,stone5,1,50,10,1,1,1,1,1,5,290,255,0,0,0,0,0;

custom,cuboid,stone5,1,50,10,1,1,1,1,1,5,255,255,-85,0,0.3826834,0,0.9238795;

custom,cuboid,stone5,1,50,10,1,1,1,1,1,5,85,255,-85,0,0.9238795,0,0.3826834;

custom,cuboid,stone5,1,40,10,1,1,1,1,1,4,170,305,-120,0,1,0,1;


racing,killcuboid,5,1,10,170,185,-95,0,1,0,1;

racing,killcuboid,5,1,10,170,185,95,0,1,0,1;

racing,killcuboid,5,1,10,75,185,0,0,0,0,0;

racing,killcuboid,5,1,10,265,185,0,0,0,0,0;


racing,killcuboid,5,1,10,105,185,65,0,0.3826834,0,0.9238795;

racing,killcuboid,5,1,10,235,185,65,0,0.9238795,0,0.3826834;

racing,killcuboid,5,1,10,235,185,-65,0,0.3826834,0,0.9238795;

racing,killcuboid,5,1,10,105,185,-65,0,0.9238795,0,0.3826834;



racing,killcuboid,8,1,10,170,240,-95,0,1,0,1;

racing,killcuboid,8,1,10,170,240,95,0,1,0,1;

racing,killcuboid,8,1,10,75,240,0,0,0,0,0;

racing,killcuboid,8,1,10,265,240,0,0,0,0,0;


racing,killcuboid,8,1,10,105,240,65,0,0.3826834,0,0.9238795;

racing,killcuboid,8,1,10,235,240,65,0,0.9238795,0,0.3826834;

racing,killcuboid,8,1,10,235,240,-65,0,0.3826834,0,0.9238795;

racing,killcuboid,8,1,10,105,240,-65,0,0.9238795,0,0.3826834;



racing,killcuboid,11,1,10,170,295,-95,0,1,0,1;

racing,killcuboid,11,1,10,170,295,95,0,1,0,1;

racing,killcuboid,11,1,10,75,295,0,0,0,0,0;

racing,killcuboid,11,1,10,265,295,0,0,0,0,0;


racing,killcuboid,11,1,10,105,295,65,0,0.3826834,0,0.9238795;

racing,killcuboid,11,1,10,235,295,65,0,0.9238795,0,0.3826834;

racing,killcuboid,11,1,10,235,295,-65,0,0.3826834,0,0.9238795;

racing,killcuboid,11,1,10,105,295,-65,0,0.9238795,0,0.3826834;



racing,killcuboid,14,1,10,170,350,-95,0,1,0,1;

racing,killcuboid,14,1,10,170,350,95,0,1,0,1;

racing,killcuboid,14,1,10,75,350,0,0,0,0,0;

racing,killcuboid,14,1,10,265,350,0,0,0,0,0;


racing,killcuboid,14,1,10,105,350,65,0,0.3826834,0,0.9238795;

racing,killcuboid,14,1,10,235,350,65,0,0.9238795,0,0.3826834;

racing,killcuboid,14,1,10,235,350,-65,0,0.3826834,0,0.9238795;

racing,killcuboid,14,1,10,105,350,-65,0,0.9238795,0,0.3826834;




custom,cuboid,stone5,1,10,30,1,1,1,1,3,1,221,45,-267,0,0,0,0;
custom,cuboid,stone5,1,10,30,1,1,1,1,3,1,119,45,-267,0,0,0,0;


racing,killcuboid,1,3.5,10,119,77.5,-467,0,0,0,0;
racing,killcuboid,1,4,10,119,30,-467,0,0,0,0;


racing,killcuboid,1,3.5,10,221,77.5,-467,0,0,0,0;
racing,killcuboid,1,4,10,221,30,-467,0,0,0,0;


racing,killcuboid,11.2,10,10,170,45,-567,0,0,0,0;

custom,cylinder,stone5,2.5,5.01,2.5,1,1,1,1,0.25,0.5,170,45,-567,0,0,0,0;


racing,killcuboid,10,3.5,10,64,77.5,-567,0,1,0,1;
racing,killcuboid,10,4,10,64,30,-567,0,1,0,1;


racing,killcuboid,10,3.5,10,276,77.5,-567,0,1,0,1;
racing,killcuboid,10,4,10,276,30,-567,0,1,0,1;



racing,killcuboid,3.333,1,6,84,55,-600.3,0,1,0,1;

racing,killcuboid,3.333,1,7,79,55,-567,0,1,0,1;

racing,killcuboid,3.333,1,6,84,55,-533.7,0,1,0,1;


racing,killcuboid,3.333,1,6,256,55,-600.3,0,1,0,1;

racing,killcuboid,3.333,1,7,261,55,-567,0,1,0,1;

racing,killcuboid,3.333,1,6,256,55,-533.7,0,1,0,1;





racing,killcuboid,1,10,10,9,45,-567,0,0,0,0;

racing,killcuboid,1,10,10,331,45,-567,0,0,0,0;



custom,cuboid,stone5,1.2,40,4,1,1,1,1,0.4,4,150,545.01,-20,0,0.9238795,0,0.3826834;

custom,cuboid,stone5,1.2,40,4,1,1,1,1,0.4,4,190,545.01,20,0,0.9238795,0,0.3826834;

custom,cuboid,stone5,1.2,40,4,1,1,1,1,0.4,4,150,545.01,20,0,0.3826834,0,0.9238795;

custom,cuboid,stone5,1.2,40,4,1,1,1,1,0.4,4,190,545.01,-20,0,0.3826834,0,0.9238795;



racing,killcuboid,1.65,39.99,1.65,170,545,-40,0,0.9238795,0,0.3826834;

racing,killcuboid,1.65,39.99,1.65,170,545,40,0,0.9238795,0,0.3826834;

racing,killcuboid,1.65,39.99,1.65,130,545,0,0,0.3826834,0,0.9238795;;

racing,killcuboid,1.65,39.99,1.65,210,545,0,0,0.3826834,0,0.9238795;


custom,cuboid,stone5,30.2,1,7.3,1,1,1,1,3,0.73,39,740,131,0,0.3826834,0,0.9238795;

custom,cuboid,stone5,30.2,1,7.3,1,1,1,1,3,0.73,301,740,131,0,0.9238795,0,0.3826834;


custom,cuboid,stone5,28,1,7.8,1,1,1,1,2.8,0.78,-182,739.98,227,0,0,0,0;

custom,cuboid,stone5,76.3,1,7.3,1,1,1,1,7.63,0.73,-285.5,740.02,-191,0,1,0,1;


custom,cuboid,stone5,28,1,7.8,1,1,1,1,2.8,0.78,522,739.98,227,0,0,0,0;

custom,cuboid,stone5,76.3,1,7.3,1,1,1,1,7.63,0.73,625.5,740.02,-191,0,1,0,1;


custom,cuboid,stone5,33,6,1.2,1,1,1,1,3.3,0.6,42,770,68,0,0.3826834,0,0.9238795;

custom,cuboid,stone5,32,6,1.2,1,1,1,1,3.2,0.6,61,770,166,0,0.3826834,0,0.9238795;


custom,cuboid,stone5,33,6,1.2,1,1,1,1,3.3,0.6,298,770,68,0,0.9238795,0,0.3826834;


custom,cuboid,stone5,32,6,1.2,1,1,1,1,3.2,0.6,279,770,166,0,0.9238795,0,0.3826834;


custom,cuboid,stone5,1.76,1.01,3.99,1,1,1,1,0.176,0.399,148,740,-22,0,0.9238795,0,0.3826834;

custom,cuboid,stone5,1.76,1.01,3.99,1,1,1,1,0.176,0.399,192,740,-22,0,0.3826834,0,0.9238795;


custom,cylinder,stone5,2.3,3,2,1,1,1,1,0.3,0.3,170,770,-52,0,0,0,0;


custom,cuboid,stone5,28,6,1.2,1,1,1,1,2.8,0.6,-182,770,270,0,0,0,0;

custom,cuboid,stone5,17.8,6,1.2,1,1,1,1,1.8,0.6,-160,770,182.8,0,0,0,0;


custom,cuboid,stone5,70,6,1.2,1,1,1,1,7.0,0.6,-243.3,770,-161.4,0,1,0,1;

custom,cuboid,stone5,86,6,1.2,1,1,1,1,7.6,0.6,-328,770,-165,0,1,0,1;




custom,cuboid,stone5,28,6,1.2,1,1,1,1,2.8,0.6,522,770,270,0,0,0,0;

custom,cuboid,stone5,17.8,6,1.2,1,1,1,1,1.8,0.6,500,770,182.8,0,0,0,0;


custom,cuboid,stone5,70,6,1.2,1,1,1,1,7.0,0.6,583.3,770,-161.4,0,1,0,1;

custom,cuboid,stone5,86,6,1.2,1,1,1,1,7.6,0.6,659,770,-165,0,1,0,1;


custom,cuboid,stone5,83.8,1,7.3,1,1,1,1,8.3,0.73,170,740.02,-536,0,0,0,0;

custom,cuboid,stone5,83.77,6,1.2,1,1,1,1,8.3,0.6,170,770,-505.5,0,0,0,0;

custom,cuboid,stone5,42,1,11,1,1,1,1,4.2,1.1,170,740.02,-782.5,0,1,0,1;

custom,cuboid,stone5,44,6,1.2,1,1,1,1,8.3,0.6,-105,770,-578.8,0,0,0,0;

custom,cuboid,stone5,44,6,1.2,1,1,1,1,8.3,0.6,445,770,-578.8,0,0,0,0;

custom,cuboid,stone7,49,1.1,1,1,1,1,1,4.9,0.1,170,740.02,-748,0,1,0,1;

racing,killcuboid,49,1,1.1,170,741,-748,0,1,0,1;

custom,cuboid,stone7,1,6,1.3,1,1,1,1,0.1,0.6,170,770,-505.5,0,0,0,0;

racing,killcuboid,1.1,6,1.4,170,770,-505.5,0,0,0,0;

custom,cuboid,stone7,1,6,1.3,1,1,1,1,0.1,0.6,170,770,-986.5,0,0,0,0;

racing,killcuboid,1.1,6,1.4,170,770,-986.5,0,0,0,0;


custom,cuboid,stone7,49,1.1,1,1,1,1,1,4.9,0.1,170,805.5,-748,0,1,0,1;

racing,killcuboid,49.1,1.1,1.1,170,805.02,-748,0,1,0,1;


base,levelBottom,default,0.049,2,0.001,0,1,1,1,1,1,170,770,-748,0,1,0,1;


custom,cuboid,stone5,42,1,11,1,1,1,1,4.2,1.1,170,740.02,-1202.5,0,1,0,1;



racing,killcuboid,6,0.4,11,170,751,-1023,0.092296,0.7010574,0.092296,0.7010574;

racing,killcuboid,0.4,2,11,170,750.7,-1053.5,0,1,0,1;

racing,killcuboid,6,-0.4,11,170,794.2,-1084,0.092296,-0.7010574,0.092296,-0.7010574;

racing,killcuboid,0.4,-2,11,170,794.5,-1114.5,0,-1,0,-1;


racing,killcuboid,6,0.4,11,170,751,-1145,0.092296,0.7010574,0.092296,0.7010574;

racing,killcuboid,0.4,2,11,170,750.7,-1175.5,0,1,0,1;

racing,killcuboid,6,-0.4,11,170,794.2,-1206,0.092296,-0.7010574,0.092296,-0.7010574;

racing,killcuboid,0.4,-2,11,170,794.5,-1236.5,0,-1,0,-1;


racing,killcuboid,6,0.4,11,170,751,-1267,0.092296,0.7010574,0.092296,0.7010574;

racing,killcuboid,0.4,2,11,170,750.7,-1297.5,0,1,0,1;

racing,killcuboid,6,-0.4,11,170,794.2,-1328,0.092296,-0.7010574,0.092296,-0.7010574;

racing,killcuboid,0.4,-2,11,170,794.5,-1358.5,0,-1,0,-1;

racing,killpyramid,0.2,0.3,3.5,140,763,-1053.5,0,1,0,1;

racing,killpyramid,0.2,-0.3,3.5,140,782.3,-1114.5,0,-1,0,-1;

racing,killpyramid,0.2,-0.3,3.5,200,782.3,-1114.5,0,-1,0,-1;

racing,killpyramid,0.2,0.3,3.5,200,763,-1053.5,0,1,0,1;

racing,killpyramid,0.2,0.3,3.5,140,763,-1175.5,0,1,0,1;

racing,killpyramid,0.2,0.3,3.5,200,763,-1175.5,0,1,0,1;

racing,killpyramid,0.2,-0.3,3.5,140,782.3,-1236.5,0,-1,0,-1;

racing,killpyramid,0.2,-0.3,3.5,200,782.3,-1236.5,0,-1,0,-1;

racing,killpyramid,0.2,0.3,3.5,140,763,-1297.5,0,1,0,1;

racing,killpyramid,0.2,0.3,3.5,200,763,-1297.5,0,1,0,1;

racing,killpyramid,0.2,-0.3,3.5,140,782.3,-1358.5,0,-1,0,-1;

racing,killpyramid,0.2,-0.3,3.5,200,782.3,-1358.5,0,-1,0,-1;


custom,cuboid,stone5,82.9,6,1.03,1,1,1,1,8.2,0.6,110,770,-987.4,0,1,0,1;

custom,cuboid,stone5,82.9,6,1.03,1,1,1,1,8.2,0.6,230,770,-987.4,0,1,0,1;


custom,cuboid,stone5,1.5,6,5.03,1,1,1,1,0.6,0.5,124,770,-1405.4,0,1,0,1;

custom,cuboid,stone5,1.5,6,5.03,1,1,1,1,0.6,0.5,216,770,-1405.4,0,1,0,1;


custom,cuboid,stone5,32,1,4.3,1,1,1,1,3.2,0.4,170,740.02,-1572.5,0,1,0,1;


custom,cuboid,stone5,32.9,6,1.03,1,1,1,1,8.2,0.6,144,770,-1577.3,0,1,0,1;

custom,cuboid,stone5,32.9,6,1.03,1,1,1,1,8.2,0.6,196,770,-1577.3,0,1,0,1;


racing,killcuboid,0.4,2,2,170,752,-1414,0,1,0,1;
racing,killcuboid,0.4,3,2,190,757,-1414,0.3535534,0.6123724,-0.3535534,0.6123724;
racing,killcuboid,0.4,3,2,150,757,-1414,-0.3535534,0.6123724,0.3535534,0.6123724;

racing,killcuboid,0.4,-2,2,170,792,-1414,0,-1,0,-1;
racing,killcuboid,0.4,-3,2,190,787,-1414,0.3535534,-0.6123724,-0.3535534,-0.6123724;
racing,killcuboid,0.4,-3,2,150,787,-1414,-0.3535534,-0.6123724,0.3535534,-0.6123724;

racing,killcuboid,0.4,2,2,170,752,-1444,0,1,0,1;
racing,killcuboid,0.4,3,2,190,757,-1444,0.3535534,0.6123724,-0.3535534,0.6123724;
racing,killcuboid,0.4,3,2,150,757,-1444,-0.3535534,0.6123724,0.3535534,0.6123724;

racing,killcuboid,0.4,-2,2,170,792,-1444,0,-1,0,-1;
racing,killcuboid,0.4,-3,2,190,787,-1444,0.3535534,-0.6123724,-0.3535534,-0.6123724;
racing,killcuboid,0.4,-3,2,150,787,-1444,-0.3535534,-0.6123724,0.3535534,-0.6123724;

racing,killcuboid,0.4,2,2,170,752,-1474,0,1,0,1;
racing,killcuboid,0.4,3,2,190,757,-1474,0.3535534,0.6123724,-0.3535534,0.6123724;
racing,killcuboid,0.4,3,2,150,757,-1474,-0.3535534,0.6123724,0.3535534,0.6123724;

racing,killcuboid,0.4,-2,2,170,792,-1474,0,-1,0,-1;
racing,killcuboid,0.4,-3,2,190,787,-1474,0.3535534,-0.6123724,-0.3535534,-0.6123724;
racing,killcuboid,0.4,-3,2,150,787,-1474,-0.3535534,-0.6123724,0.3535534,-0.6123724;

racing,killcuboid,0.4,2,2,170,752,-1504,0,1,0,1;
racing,killcuboid,0.4,3,2,190,757,-1504,0.3535534,0.6123724,-0.3535534,0.6123724;
racing,killcuboid,0.4,3,2,150,757,-1504,-0.3535534,0.6123724,0.3535534,0.6123724;

racing,killcuboid,0.4,-2,2,170,792,-1504,0,-1,0,-1;
racing,killcuboid,0.4,-3,2,190,787,-1504,0.3535534,-0.6123724,-0.3535534,-0.6123724;
racing,killcuboid,0.4,-3,2,150,787,-1504,-0.3535534,-0.6123724,0.3535534,-0.6123724;

racing,killcuboid,0.4,2,2,170,752,-1534,0,1,0,1;
racing,killcuboid,0.4,3,2,190,757,-1534,0.3535534,0.6123724,-0.3535534,0.6123724;
racing,killcuboid,0.4,3,2,150,757,-1534,-0.3535534,0.6123724,0.3535534,0.6123724;

racing,killcuboid,0.4,-2,2,170,792,-1534,0,-1,0,-1;
racing,killcuboid,0.4,-3,2,190,787,-1534,0.3535534,-0.6123724,-0.3535534,-0.6123724;
racing,killcuboid,0.4,-3,2,150,787,-1534,-0.3535534,-0.6123724,0.3535534,-0.6123724;

racing,killcuboid,0.4,2,2,170,752,-1564,0,1,0,1;
racing,killcuboid,0.4,3,2,190,757,-1564,0.3535534,0.6123724,-0.3535534,0.6123724;
racing,killcuboid,0.4,3,2,150,757,-1564,-0.3535534,0.6123724,0.3535534,0.6123724;

racing,killcuboid,0.4,-2,2,170,792,-1564,0,-1,0,-1;
racing,killcuboid,0.4,-3,2,190,787,-1564,0.3535534,-0.6123724,-0.3535534,-0.6123724;
racing,killcuboid,0.4,-3,2,150,787,-1564,-0.3535534,-0.6123724,0.3535534,-0.6123724;

racing,killcuboid,0.4,2,2,170,752,-1594,0,1,0,1;
racing,killcuboid,0.4,3,2,190,757,-1594,0.3535534,0.6123724,-0.3535534,0.6123724;
racing,killcuboid,0.4,3,2,150,757,-1594,-0.3535534,0.6123724,0.3535534,0.6123724;

racing,killcuboid,0.4,-2,2,170,792,-1594,0,-1,0,-1;
racing,killcuboid,0.4,-3,2,190,787,-1594,0.3535534,-0.6123724,-0.3535534,-0.6123724;
racing,killcuboid,0.4,-3,2,150,787,-1594,-0.3535534,-0.6123724,0.3535534,-0.6123724;

racing,killcuboid,0.4,2,2,170,752,-1624,0,1,0,1;
racing,killcuboid,0.4,3,2,190,757,-1624,0.3535534,0.6123724,-0.3535534,0.6123724;
racing,killcuboid,0.4,3,2,150,757,-1624,-0.3535534,0.6123724,0.3535534,0.6123724;

racing,killcuboid,0.4,-2,2,170,792,-1624,0,-1,0,-1;
racing,killcuboid,0.4,-3,2,190,787,-1624,0.3535534,-0.6123724,-0.3535534,-0.6123724;
racing,killcuboid,0.4,-3,2,150,787,-1624,-0.3535534,-0.6123724,0.3535534,-0.6123724;


racing,killcuboid,0.4,1,0.5,190,772,-1414,0,1,0,1;
racing,killcuboid,0.4,1,0.5,150,772,-1414,0,1,0,1;

racing,killcuboid,0.4,1,0.5,190,772,-1444,0,1,0,1;
racing,killcuboid,0.4,1,0.5,150,772,-1444,0,1,0,1;

racing,killcuboid,0.4,1.1,0.7,190,772,-1474,0,1,0,1;
racing,killcuboid,0.4,1.1,0.7,150,772,-1474,0,1,0,1;

racing,killcuboid,0.4,1.1,0.7,190,772,-1504,0,1,0,1;
racing,killcuboid,0.4,1.1,0.7,150,772,-1504,0,1,0,1;

racing,killcuboid,0.4,1.2,0.9,190,772,-1534,0,1,0,1;
racing,killcuboid,0.4,1.2,0.9,150,772,-1534,0,1,0,1;

racing,killcuboid,0.4,1.2,0.9,190,772,-1564,0,1,0,1;
racing,killcuboid,0.4,1.2,0.9,150,772,-1564,0,1,0,1;

racing,killcuboid,0.4,1.3,1.1,190,772,-1594,0,1,0,1;
racing,killcuboid,0.4,1.3,1.1,150,772,-1594,0,1,0,1;

racing,killcuboid,0.4,1.3,1.1,190,772,-1624,0,1,0,1;
racing,killcuboid,0.4,1.3,1.1,150,772,-1624,0,1,0,1;




racing,killcuboid,8,4,1,170,25,-936,0,0,0,0;
racing,killcuboid,8,4,1,170,80,-936,0,0,0,0;

racing,killcuboid,8,4,1,170,25,-960,0,0,0,0;
racing,killcuboid,8,4,1,170,80,-960,0,0,0,0;

racing,killcuboid,8,4,1,170,25,-984,0,0,0,0;
racing,killcuboid,8,4,1,170,80,-984,0,0,0,0;

racing,killcuboid,8,4,1,170,25,-1008,0,0,0,0;
racing,killcuboid,8,4,1,170,80,-1008,0,0,0,0;

racing,killcuboid,8,4,1,170,25,-1032,0,0,0,0;
racing,killcuboid,8,4,1,170,80,-1032,0,0,0,0;

racing,killcuboid,8,4,1,170,25,-1056,0,0,0,0;
racing,killcuboid,8,4,1,170,80,-1056,0,0,0,0;

racing,killcuboid,8,4,1,170,25,-1080,0,0,0,0;
racing,killcuboid,8,4,1,170,80,-1080,0,0,0,0;

racing,killcuboid,8,4,1,170,25,-1104,0,0,0,0;
racing,killcuboid,8,4,1,170,80,-1104,0,0,0,0;

racing,killcuboid,8,4,1,170,25,-1128,0,0,0,0;
racing,killcuboid,8,4,1,170,80,-1128,0,0,0,0;

racing,killcuboid,8,4,1,170,25,-1152,0,0,0,0;
racing,killcuboid,8,4,1,170,80,-1152,0,0,0,0;

racing,killcuboid,8,4,1,170,25,-1176,0,0,0,0;
racing,killcuboid,8,4,1,170,80,-1176,0,0,0,0;

racing,killcuboid,8,4,1,170,25,-1200,0,0,0,0;
racing,killcuboid,8,4,1,170,80,-1200,0,0,0,0;


custom,cuboid,stone5,1,10,22.6,1,1,1,1,2.2,1,20,45,-1284,0,1,0,1;

custom,cuboid,stone5,1,10,22.6,1,1,1,1,2.2,1,320,45,-1284,0,1,0,1;

custom,cuboid,stone5,1,10,22.6,1,1,1,1,2.2,1,20,45,-1684,0,1,0,1;

custom,cuboid,stone5,1,10,22.6,1,1,1,1,2.2,1,320,45,-1684,0,1,0,1;

custom,cuboid,stone5,1,10,39,1,1,1,1,3.9,1,-20,45,-1484,0,0,0,0;

custom,cuboid,stone5,1,10,39,1,1,1,1,3.9,1,360,45,-1484,0,0,0,0;


custom,cuboid,stone5,1,10,1.03,1,1,1,1,0.1,1,145,45,-1600,0,0,-0.3007058,0.953717;

custom,cuboid,stone5,1,10,1,1,1,1,1,0.1,1,195,45,-1600,0,0,0.3007058,0.953717;

custom,cuboid,stone5,1,12,1.03,1,1,1,1,0.1,1.2,325,45,-1540,0,0,-0.3007058,0.953717;

custom,cuboid,stone5,1,12,1,1,1,1,1,0.1,1.2,15,45,-1540,0,0,0.3007058,0.953717;


custom,cuboid,stone5,1,10,1.03,1,1,1,1,0.1,1,145,45,-1480,0,0,-0.3007058,0.953717;

custom,cuboid,stone5,1,10,1,1,1,1,1,0.1,1,195,45,-1480,0,0,0.3007058,0.953717;

custom,cuboid,stone5,1,12,1.03,1,1,1,1,0.1,1.2,325,45,-1420,0,0,-0.3007058,0.953717;

custom,cuboid,stone5,1,12,1,1,1,1,1,0.1,1.2,15,45,-1420,0,0,0.3007058,0.953717;


racing,killcuboid,0.9,1,14.5,290,15,-1600,0,1,0,1;
racing,killcuboid,0.9,1,16,290,25,-1600,0,1,0,1;
racing,killcuboid,0.9,1,17.5,290,35,-1600,0,1,0,1;
racing,killcuboid,0.9,1,18.5,290,45,-1600,0,1,0,1;
racing,killcuboid,0.9,1,19.5,288,55,-1600,0,1,0,1;
racing,killcuboid,0.9,1,20,283,65,-1600,0,1,0,1;
racing,killcuboid,0.9,1,21,281,75,-1600,0,1,0,1;
racing,killcuboid,0.9,0.8,22,280,84,-1600,0,1,0,1;


racing,killcuboid,0.9,-1,14.5,50,15,-1600,1,0,-1,0;
racing,killcuboid,0.9,-1,16,50,25,-1600,1,0,-1,0;
racing,killcuboid,0.9,-1,17.5,50,35,-1600,1,0,-1,0;
racing,killcuboid,0.9,-1,18.5,50,45,-1600,1,0,-1,0;
racing,killcuboid,0.9,-1,19.5,52,55,-1600,1,0,-1,0;
racing,killcuboid,0.9,-1,20,57,65,-1600,1,0,-1,0;
racing,killcuboid,0.9,-1,21,59,75,-1600,1,0,-1,0;
racing,killcuboid,0.9,-0.8,22,60,84,-1600,1,0,-1,0;


racing,killcuboid,0.9,1,14.5,290,15,-1480,0,1,0,1;
racing,killcuboid,0.9,1,16,290,25,-1480,0,1,0,1;
racing,killcuboid,0.9,1,17.5,290,35,-1480,0,1,0,1;
racing,killcuboid,0.9,1,18.5,290,45,-1480,0,1,0,1;
racing,killcuboid,0.9,1,19.5,288,55,-1480,0,1,0,1;
racing,killcuboid,0.9,1,20,283,65,-1480,0,1,0,1;
racing,killcuboid,0.9,1,21,281,75,-1480,0,1,0,1;
racing,killcuboid,0.9,0.8,22,280,84,-1480,0,1,0,1;


racing,killcuboid,0.9,-1,14.5,50,15,-1480,1,0,-1,0;
racing,killcuboid,0.9,-1,16,50,25,-1480,1,0,-1,0;
racing,killcuboid,0.9,-1,17.5,50,35,-1480,1,0,-1,0;
racing,killcuboid,0.9,-1,18.5,50,45,-1480,1,0,-1,0;
racing,killcuboid,0.9,-1,19.5,52,55,-1480,1,0,-1,0;
racing,killcuboid,0.9,-1,20,57,65,-1480,1,0,-1,0;
racing,killcuboid,0.9,-1,21,59,75,-1480,1,0,-1,0;
racing,killcuboid,0.9,-0.8,22,60,84,-1480,1,0,-1,0;



racing,killcuboid,0.9,1,26.5,170,15,-1540,1,0,-1,0;
racing,killcuboid,0.9,1,28.5,170,25,-1540,1,0,-1,0;
racing,killcuboid,0.9,1,29.5,170,35,-1540,1,0,-1,0;
racing,killcuboid,0.9,1,30.5,170,45,-1540,1,0,-1,0;
racing,killcuboid,0.9,1,32,170,55,-1540,1,0,-1,0;
racing,killcuboid,0.9,1,33.5,170,65,-1540,1,0,-1,0;
racing,killcuboid,0.9,1,35,170,75,-1540,1,0,-1,0;
racing,killcuboid,0.9,0.8,36,170,84,-1540,1,0,-1,0;

racing,killcuboid,0.9,1,44,170,93,-1540,1,0,-1,0;
racing,killcuboid,0.9,1,44,170,93,-1420,1,0,-1,0;
racing,killcuboid,0.9,1,44,170,93,-1600,1,0,-1,0;
racing,killcuboid,0.9,1,44,170,93,-1480,1,0,-1,0;

racing,killcuboid,0.9,1,26.5,170,15,-1420,1,0,-1,0;
racing,killcuboid,0.9,1,28.5,170,25,-1420,1,0,-1,0;
racing,killcuboid,0.9,1,29.5,170,35,-1420,1,0,-1,0;
racing,killcuboid,0.9,1,30.5,170,45,-1420,1,0,-1,0;
racing,killcuboid,0.9,1,32,170,55,-1420,1,0,-1,0;
racing,killcuboid,0.9,1,33.5,170,65,-1420,1,0,-1,0;
racing,killcuboid,0.9,1,35,170,75,-1420,1,0,-1,0;
racing,killcuboid,0.9,0.8,36,170,84,-1420,1,0,-1,0;



custom,cuboid,stone5,1,1,13,1,1,1,1,1.3,0.1,170,35,-370,0,1,0,1;
custom,cuboid,stone5,0.99,1.01,13,1,1,1,1,0.1,1.3,170,35,-370,0,1,0,1;
racing,checkpointcuboid,0.99,3.01,13,170,55,-370,0,1,0,1;



custom,cuboid,stone2,10,2,0.9,1,1,1,1,1,0.2,170,100.4,-120,0,0,0,0;


custom,cuboid,stone5,0.9,31.5,2,1,1,1,1,0.2,3.15,170,895,-1857.5,0.5,-0.5,0.5,-0.5;

racing,killcuboid,0.9,31.5,1,155,895,-1857.5,0.5,-0.5,0.5,-0.5;

racing,killcuboid,0.9,31.5,1,185,895,-1857.5,0.5,-0.5,0.5,-0.5;


custom,cuboid,stone5,0.9,31.5,2,1,1,1,1,0.2,3.15,170,850,-1900.5,0.5,-0.5,0.5,-0.5;

racing,killcuboid,0.9,31.5,1,155,850,-1900.5,0.5,-0.5,0.5,-0.5;

racing,killcuboid,0.9,31.5,1,185,850,-1900.5,0.5,-0.5,0.5,-0.5;



custom,cuboid,stone5,0.9,31.5,2,1,1,1,1,0.2,3.15,170,805,-1857.5,0.5,-0.5,0.5,-0.5;

racing,killcuboid,0.9,31.5,1,155,805,-1857.5,0.5,-0.5,0.5,-0.5;

racing,killcuboid,0.9,31.5,1,185,805,-1857.5,0.5,-0.5,0.5,-0.5;


custom,cuboid,stone5,0.9,31.5,2,1,1,1,1,0.2,3.15,170,940,-1900.5,0.5,-0.5,0.5,-0.5;

racing,killcuboid,0.9,31.5,1,155,940,-1900.5,0.5,-0.5,0.5,-0.5;

racing,killcuboid,0.9,31.5,1,185,940,-1900.5,0.5,-0.5,0.5,-0.5;

custom,cuboid,stone5,1.2,36,38,1,1,1,1,3.5,3.8,196,880,-1890,0,0,0,0;

custom,cuboid,stone5,1.2,36,38,1,1,1,1,3.5,3.8,144,880,-1890,0,0,0,0;

racing,killcuboid,0.9,23,4,170,829.5,-2062.5,0,1,0,1;

racing,killcuboid,0.9,25.5,4,170,937,-1695.5,0,1,0,1;



custom,cuboid,stone5,34,1,4.3,1,1,1,1,3.4,0.4,170,740.02,-1902.5,0,1,0,1;
custom,cuboid,stone2,38,1,4.3,1,1,1,1,3.8,0.4,170,1000.02,-1890,0,1,0,1;


custom,cuboid,stone5,34,0.91,72,1,1,1,1,3.4,7.2,170,940,-2227,0,1,0,1;

custom,cuboid,stone2,34,1,72,1,1,1,1,3.4,7.2,170,1000.02,-2250,0,1,0,1;

custom,cuboid,stone5,1,6,30,1,1,1,1,3.0,0.6,-0.9,970,-2075.1,0,1,0,1;

custom,cuboid,stone5,1,6,30,1,1,1,1,3.0,0.6,340.1,970,-2075.1,0,1,0,1;

custom,cuboid,stone5,1,6,40,1,1,1,1,4.0,0.6,170,970,-2157,0,1,0,1;

custom,cylinder,stone5,5,3,5,1,1,1,1,0.5,0.3,-24,970,-2176,0,1,0,1;

custom,cylinder,stone5,5,3,5,1,1,1,1,0.5,0.3,364,970,-2176,0,1,0,1;

custom,cuboid,stone5,1,6,40,1,1,1,1,4.0,0.6,170,970,-2195,0,1,0,1;



custom,cuboid,stone5,1,6,30,1,1,1,1,3,0.6,-0.9,970,-2260,0,1,0,1;

custom,cuboid,stone5,1,6,30,1,1,1,1,3,0.6,340.1,970,-2260,0,1,0,1;



custom,cylinder,stone5,1,3,1,1,1,1,1,0.1,0.3,150,970,-2260,0,0,0,0;

custom,cylinder,stone5,1,3,1,1,1,1,1,0.1,0.3,190,970,-2260,0,0,0,0;

custom,cuboid,stone5,1,6,6,1,1,1,1,0.6,0.6,128,970,-2281,0,0.3826834,0,0.9238795;

custom,cuboid,stone5,1,6,6,1,1,1,1,0.6,0.6,212,970,-2281,0,-0.3826834,0,0.9238795;

custom,cuboid,stone5,1,6,6,1,1,1,1,0.6,0.6,232,970,-2331,0,0,0,0;

custom,cuboid,stone5,1,6,6,1,1,1,1,0.6,0.6,108,970,-2331,0,0,0,0;

custom,cuboid,stone5,1,6,6,1,1,1,1,0.6,0.6,170,970,-2401,0,1,0,1;

custom,cuboid,stone5,1,6,6,1,1,1,1,0.6,0.6,212,970,-2381,0,0.3826834,0,0.9238795;

custom,cuboid,stone5,1,6,6,1,1,1,1,0.6,0.6,128,970,-2381,0,-0.3826834,0,0.9238795;

racing,endcuboid,1,6,4,170,970,-2260,0,1,0,1;

custom,cuboid,stone2,30,1,40,1,1,1,1,3,4,-413,100.4,-2420,0,0,0,0;


custom,cuboid,stone5,1,6,1,1,1,1,1,0.1,0.6,430,970,-2176,0,1,0,1;

racing,killcuboid,1,2.5,5,400,952.5,-2176,0,1,0,1;

racing,killcuboid,1,2.5,5,400,987.5,-2176,0,1,0,1;

custom,cuboid,stone5,1,6,1,1,1,1,1,0.1,0.6,-90,970,-2176,0,1,0,1;

racing,killcuboid,1,2.5,5,-60,952.5,-2176,0,1,0,1;

racing,killcuboid,1,2.5,5,-60,987.5,-2176,0,1,0,1;



custom,cylinder,default,1,2,1,1,0.1477273,0.1704545,0.1590909,0.2,0.1,170,950,-2380,0,1,0,0;
custom,cylinder,stone4,1.1,0.1,1.1,1,0.9,0.8,0,0.55,0.1,170,970,-2380,0,1,0,0;

custom,cylinder,metal1,0.9,0.11,0.9,1,0,0,0,0.45,0.11,170,970,-2380,0,1,0,0;

custom,killcylinder,cannonregionmat,0.9,0.2,0.9,1,1,0.01,1,0.45,0.2,170,970,-2380,0,1,0,0;
custom,killcylinder,cannonregionmat,0.9,0.4,0.9,1,0.9,0.01,0.9,0.45,0.4,170,970,-2380,0,1,0,0;
custom,killcylinder,cannonregionmat,0.9,0.6,0.9,1,0.8,0.01,0.8,0.45,0.6,170,970,-2380,0,1,0,0;
custom,killcylinder,cannonregionmat,0.9,0.8,0.9,1,0.7,0.01,0.7,0.45,0.8,170,970,-2380,0,1,0,0;
custom,killcylinder,cannonregionmat,0.9,1,0.9,1,0.6,0.01,0.6,0.45,1,170,970,-2380,0,1,0,0;
custom,killcylinder,cannonregionmat,0.9,1.2,0.9,1,0.5,0.01,0.5,0.45,1.2,170,970,-2380,0,1,0,0;
custom,killcylinder,cannonregionmat,0.9,1.4,0.9,1,0.4,0.01,0.4,0.45,1.4,170,970,-2380,0,1,0,0;
custom,killcylinder,cannonregionmat,0.9,1.6,0.9,1,0.3,0.01,0.3,0.45,1.6,170,970,-2380,0,1,0,0;
custom,killcylinder,cannonregionmat,0.9,1.8,0.9,1,0.2,0.01,0.2,0.45,1.8,170,970,-2380,0,1,0,0;
custom,killcylinder,cannonregionmat,0.9,2,0.9,1,0.1,0.01,0.1,0.45,2,170,970,-2380,0,1,0,0;
custom,killcylinder,cannonregionmat,0.9,2.2,0.9,1,0,0.01,0,0.45,2.2,170,970,-2380,0,1,0,0;
custom,killcylinder,cannonregionmat,0.9,2.4,0.9,1,-0.1,0.01,-0.1,0.45,2.4,170,970,-2380,0,1,0,0;







custom,cylinder,default,1,2,1,1,0.1477273,0.1704545,0.1590909,0.2,0.1,210,940,-2350,0,1,0,0;
custom,cylinder,stone4,1.1,0.1,1.1,1,0.7,0.7,0.7,0.55,0.1,210,960,-2350,0,1,0,0;

custom,cylinder,metal1,0.9,0.11,0.9,1,0,0,0,0.45,0.11,210,960,-2350,0,1,0,0;

custom,killcylinder,cannonregionmat,0.9,0.2,0.9,1,1,0.01,1,0.45,0.2,210,960,-2350,0,1,0,0;
custom,killcylinder,cannonregionmat,0.9,0.4,0.9,1,0.9,0.01,0.9,0.45,0.4,210,960,-2350,0,1,0,0;
custom,killcylinder,cannonregionmat,0.9,0.6,0.9,1,0.8,0.01,0.8,0.45,0.6,210,960,-2350,0,1,0,0;
custom,killcylinder,cannonregionmat,0.9,0.8,0.9,1,0.7,0.01,0.7,0.45,0.8,210,960,-2350,0,1,0,0;
custom,killcylinder,cannonregionmat,0.9,1,0.9,1,0.6,0.01,0.6,0.45,1,210,960,-2350,0,1,0,0;
custom,killcylinder,cannonregionmat,0.9,1.2,0.9,1,0.5,0.01,0.5,0.45,1.2,210,960,-2350,0,1,0,0;
custom,killcylinder,cannonregionmat,0.9,1.4,0.9,1,0.4,0.01,0.4,0.45,1.4,210,960,-2350,0,1,0,0;
custom,killcylinder,cannonregionmat,0.9,1.6,0.9,1,0.3,0.01,0.3,0.45,1.6,210,960,-2350,0,1,0,0;
custom,killcylinder,cannonregionmat,0.9,1.8,0.9,1,0.2,0.01,0.2,0.45,1.8,210,960,-2350,0,1,0,0;
custom,killcylinder,cannonregionmat,0.9,2,0.9,1,0.1,0.01,0.1,0.45,2,210,960,-2350,0,1,0,0;
custom,killcylinder,cannonregionmat,0.9,2.2,0.9,1,0,0.01,0,0.45,2.2,210,960,-2350,0,1,0,0;
custom,killcylinder,cannonregionmat,0.9,2.4,0.9,1,-0.1,0.01,-0.1,0.45,2.4,210,960,-2350,0,1,0,0;






custom,cylinder,default,1,2,1,1,0.1477273,0.1704545,0.1590909,0.2,0.1,130,930,-2350,0,1,0,0;
custom,cylinder,stone4,1.1,0.1,1.1,1,0.6,0.4,0.3,0.55,0.1,130,950,-2350,0,1,0,0;

custom,cylinder,metal1,0.9,0.11,0.9,1,0,0,0,0.45,0.11,130,950,-2350,0,1,0,0;

custom,killcylinder,cannonregionmat,0.9,0.2,0.9,1,1,0.01,1,0.45,0.2,130,950,-2350,0,1,0,0;
custom,killcylinder,cannonregionmat,0.9,0.4,0.9,1,0.9,0.01,0.9,0.45,0.4,130,950,-2350,0,1,0,0;
custom,killcylinder,cannonregionmat,0.9,0.6,0.9,1,0.8,0.01,0.8,0.45,0.6,130,950,-2350,0,1,0,0;
custom,killcylinder,cannonregionmat,0.9,0.8,0.9,1,0.7,0.01,0.7,0.45,0.8,130,950,-2350,0,1,0,0;
custom,killcylinder,cannonregionmat,0.9,1,0.9,1,0.6,0.01,0.6,0.45,1,130,950,-2350,0,1,0,0;
custom,killcylinder,cannonregionmat,0.9,1.2,0.9,1,0.5,0.01,0.5,0.45,1.2,130,950,-2350,0,1,0,0;
custom,killcylinder,cannonregionmat,0.9,1.4,0.9,1,0.4,0.01,0.4,0.45,1.4,130,950,-2350,0,1,0,0;
custom,killcylinder,cannonregionmat,0.9,1.6,0.9,1,0.3,0.01,0.3,0.45,1.6,130,950,-2350,0,1,0,0;
custom,killcylinder,cannonregionmat,0.9,1.8,0.9,1,0.2,0.01,0.2,0.45,1.8,130,950,-2350,0,1,0,0;
custom,killcylinder,cannonregionmat,0.9,2,0.9,1,0.1,0.01,0.1,0.45,2,130,950,-2350,0,1,0,0;
custom,killcylinder,cannonregionmat,0.9,2.2,0.9,1,0,0.01,0,0.45,2.2,130,950,-2350,0,1,0,0;
custom,killcylinder,cannonregionmat,0.9,2.4,0.9,1,-0.1,0.01,-0.1,0.45,2.4,130,950,-2350,0,1,0,0;




custom,endPrism,default,-1.4,-0.2,-2,1,0,1,1,1,1,170,760,-2070,-0.7071068,0,0,0.7071068;


custom,endPrism,default,-1.4,-0.2,-2,1,0,1,1,1,1,170,780,-2070,-0.7071068,0,0,0.7071068;


custom,endPrism,default,-1.4,-0.2,-2,1,0,1,1,1,1,170,800,-2070,-0.7071068,0,0,0.7071068;


custom,endPrism,default,-1.4,-0.2,-2,1,0,1,1,1,1,170,770,-525,-0.7071068,0.7071068,0,0;


custom,endPrism,default,-1.4,-0.2,-2,1,0,1,1,1,1,170,770,-545,-0.7071068,0.7071068,0,0;


custom,endPrism,default,-1.4,-0.2,-2,1,0,1,1,1,1,170,770,-565,-0.7071068,0.7071068,0,0;





custom,endPrism,default,-3,-0.2,-3,1,0,1,1,1,1,170,35,110,-0.7071068,0,0,0.7071068;


custom,endPrism,default,-3,-0.2,-3,1,0,1,1,1,1,170,65,110,-0.7071068,0,0,0.7071068;


custom,endPrism,default,-3,-0.2,-3,1,0,1,1,1,1,170,95,110,-0.7071068,0,0,0.7071068;


custom,endPrism,default,-1.5,-0.2,-2.5,1,0,1,1,1,1,185,55,-610,-0.5,0.5,-0.5,0.5;

custom,endPrism,default,-1.5,-0.2,-2.5,1,0,1,1,1,1,155,55,-610,-0.5,-0.5,0.5,0.5;



custom,tower4,default,1,1,1,0,1,1,1,1.0,1.0,171.5,935,-2408.3,0,0,0,0;


custom,statue1,default,1,1,1,1,0.3,0.4,0.5,0.1,0.1,210,944,-2305,0,0.7071068,0,-0.7071068;


custom,statue1,default,-1,-1,-1,1,0.3,0.4,0.5,0.1,0.1,133,944,-2305,-0.7071068,0,0.7071068,0;




custom,cuboid,stone5,1,17,10,0,1,1,1,1.0,1.7,171.5,850,-2349,0,1,0,1;



racing,killCuboid,-3,0.65,-0.65,-450.375,54.75,-2551.75,-0.5,-0.5,-0.5,-0.5;
racing,killCuboid,-3,0.65,-0.65,-450.375,54.75,-2551.75,-0.5,-0.5,-0.5,-0.5;

racing,killCuboid,-3,0.65,-0.65,-471.875,54.75,-2551.75,-0.5,-0.5,-0.5,-0.5;
racing,killCuboid,-3,0.65,-0.65,-471.875,54.75,-2551.75,-0.5,-0.5,-0.5,-0.5;

racing,killCuboid,-2.5,0.65,-0.65,-481.125,43,-2551.75,0,-0.7071068,-0.7071068,0;
racing,killCuboid,-2.5,0.65,-0.65,-481.125,43,-2551.75,0,-0.7071068,-0.7071068,0;

racing,killCuboid,-3,0.65,-0.65,-421.125,43,-2551.75,0,-0.7071068,-0.7071068,0;
racing,killCuboid,-3,0.65,-0.65,-421.125,43,-2551.75,0,-0.7071068,-0.7071068,0;

racing,killCuboid,-3,0.65,-0.65,-421.125,66,-2551.75,0,-0.7071068,-0.7071068,0;
racing,killCuboid,-3,0.65,-0.65,-421.125,66,-2551.75,0,-0.7071068,-0.7071068,0;


racing,killCuboid,-3.5,0.65,-0.65,-420.875,54.75,-2551.75,-0.2705981,-0.6532815,-0.6532815,-0.2705981;
racing,killCuboid,-3.5,0.65,-0.65,-420.875,54.75,-2551.75,-0.2705981,-0.6532815,-0.6532815,-0.2705981;





racing,killCuboid,1,5,1,191.5,905,-2348,0,1,0,1;

racing,killCuboid,1,5,1,151.5,905,-2348,0,1,0,1;

racing,killCuboid,1,6,1,171.5,905,-2348,0.2705981,0.6532815,-0.2705981,0.6532815;


racing,killCuboid,1,5,1,191.5,850,-2348,0,1,0,1;

racing,killCuboid,1,5,1,151.5,850,-2348,0,1,0,1;

racing,killCuboid,1,1,3,171.5,830,-2348,0,1,0,1;


racing,killCuboid,1,5,1,191.5,795,-2348,0,1,0,1;

racing,killCuboid,1,1,4,166.5,775,-2348,0,1,0,1;

racing,killCuboid,1,1,4,166.5,795,-2348,0,1,0,1;

racing,killCuboid,1,1,1,151.5,785,-2348,0,1,0,1;


racing,killCuboid,1,1,3,171.5,815,-2348,0,1,0,1;

racing,killCuboid,1,1,1,161.5,805,-2348,0,1,0,1;




custom,arc180,stone5,12,11,12,1,1,1,1,1.2,1.1,-150,970,-2173,0,0,0,0;

custom,arc180,stone5,12,11,12,1,1,1,1,1.2,1.1,480.2,970,-2173,0,0,-1,0;
