custom,cuboid,wood1,10,7,10,0,1,1,1,1.0,1.0,-4881.39,211.5033,-3970.931,0,0.02821883,0,0.9996018;
map,disablebounds;
custom,cuboid,wood1,1,10,10,0,1,1,1,1.0,1.0,-4837.373,281.6956,-3974.645,0,0.03577179,0,0.99936;
custom,cuboid,wood1,1,10,10,0,1,1,1,1.0,1.0,-4927.181,281.6956,-3968.223,0,0.03577179,0,0.99936;
custom,cuboid,wood1,1,10,10,0,1,1,1,1.0,1.0,-4885.691,281.3234,-4016.093,0,0.6788325,0,-0.7342931;
custom,cuboid,wood1,10,1,10,0,1,1,1,1.0,1.0,-4881.768,327.2144,-3971.049,0,0.9993702,0,-0.03548476;
misc,barrier,5,25,700,-4707.236,270.601,-529.3115,0,0.03709523,0,0.9993117;
misc,barrier,5,25,685,-4551.839,270.601,-612.2688,0,0.03709523,0,0.9993117;
misc,barrier,20,5,700,-4623.827,370.904,-530.774,0,0.03705087,0,0.9993134;
misc,barrier,20,5,700,-4623.827,171.702,-530.774,0,0.03705087,0,0.9993134;
racing,startCuboid,20,25,4,-4879.647,277.6109,-3903.227,0,0.9992921,0,-0.03762043;
misc,barrier,20,25,4,-4889.583,277.9147,-4036.519,0,0.04863868,0,0.9988164;
racing,startSphere,1,1,1,-4853.075,283.7631,-3902.578,0,0.9985662,0,-0.05353267;
racing,startSphere,1,1,1,-4889.775,282.5995,-3899.985,0,0.9991806,0,-0.04047496;
racing,startArc180,2,2,2,-4870.144,255.7003,-3901.771,-0.4672289,-0.5265737,0.5017056,0.5027016;
racing,startSphere,1,1,1,-4853.075,283.7631,-3902.578,0,0.9985662,0,-0.05353267;
racing,startSphere,1,1,1,-4889.775,282.5995,-3899.985,0,0.9991806,0,-0.04047496;
racing,startArc180,2,2,2,-4870.144,255.7003,-3901.771,-0.4672289,-0.5265737,0.5017056,0.5027016;
racing,startSphere,1,1,1,-4853.075,283.7631,-3902.578,0,0.9985662,0,-0.05353267;
racing,startSphere,1,1,1,-4889.775,282.5995,-3899.985,0,0.9991806,0,-0.04047496;
racing,startArc180,2,2,2,-4870.144,255.7003,-3901.73,-0.4672289,-0.5265737,0.5017056,0.5027016;
racing,startPrism,1,1,1,-4870.994,271.2377,-3900.688,0,0.02963105,0,0.999561;
racing,startPrism,1,1,1,-4870.994,271.2377,-3900.688,0,0.02963105,0,0.999561;
racing,startPrism,1,1,1,-4870.994,271.2377,-3900.688,0,0.02963105,0,0.999561;
racing,killCuboid,5,25,685,-4561.257,269.5386,-607.1576,0,0.03674021,0,0.9993249;
racing,killCuboid,5,25,700,-4702.728,277.1391,-529.4454,0,0.03674021,0,0.9993249;
racing,killCuboid,20,5,700,-4628.875,185.17,-531.6065,0,0.03698149,0,0.999316;
racing,killCuboid,20,5,700,-4628.686,365.9718,-529.4671,0,0.03698149,0,0.999316;
custom,castle1,default,0.01,0.01,0.01,0,1,1,1,1.0,1.0,-4880.11,332.3446,-3978.829,0,-0.6480669,0,0.7615834;
custom,church1,default,0.01,0.01,0.01,0,1,1,1,1.0,1.0,-4880.923,332.3657,-3979.416,0,0.9991913,0,-0.04020815;
custom,village1,default,0.01,0.01,0.01,0,1,1,1,1.0,1.0,-4879.388,332.1653,-3979.716,0,0.9991909,0,-0.04021792;
custom,statue1,default,0.01,0.01,0.01,0,1,1,1,1.0,1.0,-4879.012,332.2432,-3977.08,0,0.5197791,0,-0.8543007;
custom,dummy1,default,0.1,0.1,0.1,0,1,1,1,1.0,1.0,-4883.925,331.9814,-3976.205,0,0.8615797,0,0.5076224;
misc,barrier,5,25,300,-2976.686,270.1488,2866.763,0,0.7340913,0,0.6790509;
misc,barrier,5,25,260,-3024.493,271.1489,2674.993,0,0.7340913,0,0.6790509;
misc,barrier,25,5,300,-2986.944,171.2679,2770.229,0,0.7355946,0,0.6774221;
misc,barrier,25,5,300,-2994.936,370.5104,2770.249,0,0.7355946,0,0.6774221;
racing,killCuboid,5,25,300,-2974.572,270.1488,2858.673,0,0.7340913,0,0.6790509;
racing,killCuboid,5,25,260,-3021.168,271.1489,2678.291,0,0.7340913,0,0.6790509;
racing,killCuboid,25,5,300,-2986.944,173.4679,2770.229,0,0.7355946,0,0.6774221;
racing,killCuboid,25,5,300,-2994.936,369.9104,2770.249,0,0.7355946,0,0.6774221;
misc,barrier,20,5,600,-1854.316,167.375,-204.4576,0,0.9991854,0,-0.04035484;
misc,barrier,20,5,600,-1850.814,377.7774,-204.8295,0,0.9991854,0,-0.04035484;
misc,barrier,5,25,600,-1997.078,280.3999,-412.0535,0,0.9992146,0,-0.03962696;
misc,barrier,5,25,600,-1736.889,276.9997,-212.2059,0,0.9992146,0,-0.03962696;
racing,killCuboid,20,5,600,-1854.316,171.975,-204.4576,0,0.9991854,0,-0.04035484;
racing,killCuboid,20,5,600,-1850.814,375.7773,-204.8295,0,0.9991854,0,-0.04035484;
racing,killCuboid,5,25,600,-1989.011,276.9997,-386.7687,0,0.9992146,0,-0.03962696;
racing,killCuboid,5,25,600,-1742.599,276.9997,-213.2241,0,0.9992146,0,-0.03962696;
misc,barrier,40,40,4,-2109.571,272.0427,-3155.839,0,0.0299492,0,0.9995515;
racing,killCuboid,40,40,4,-2109.031,272.0427,-3150.666,0,0.0299492,0,0.9995515;
racing,checkpointCuboid,180,5,5,-1408.672,303.3283,-3038.208,0,0.01287598,0,0.9999171;
custom,cuboid,rock2,1,10,45,0,1,1,1,1.0,1.0,-1446.071,322.8557,-2854.993,0,0.02292348,0,0.9997373;
custom,cuboid,rock2,10,3,45,0,1,1,1,1.0,1.0,-1400.268,261.5125,-2857.108,0,0.02008442,0,0.9997983;
custom,cuboid,rock2,1,10,45,0,1,1,1,1.0,1.0,-1357.15,321.8154,-2858.787,0,0.02152756,0,0.9997683;
custom,cuboid,rock2,12,15,2,0,1,1,1,1.0,1.0,-1413.589,317.6325,-3076.25,0,0.02195965,0,0.9997589;
custom,startcuboid,default,10,1,35,0,1,1,1,1.0,1.0,-1403.181,369.3143,-2895.541,0,0.02008442,0,0.9997983;
custom,sphere,ice1,0.8,0.8,0.8,0,1,1,1,1.0,1.0,-4765.794,325.5041,-2918.225,0,0.7007129,0,-0.7134434;
custom,sphere,ice1,0.8,0.8,0.8,0,1,1,1,1.0,1.0,-4643.371,318.6523,-188.9888,0,0.04184994,0,0.9991239;
custom,sphere,ice1,0.8,0.8,0.8,0,1,1,1,1.0,1.0,-4472.459,317.3676,2024.011,0,0.9989282,0,-0.0462857;
custom,sphere,ice1,0.8,0.8,0.8,0,1,1,1,1.0,1.0,-3767.918,331.077,2790.578,0,0.7346765,0,0.6784176;
custom,checkpointpyramid,default,0.8,0.8,0.8,0,1,1,1,1.0,1.0,-4362.524,271.5846,2940.062,-0.3128485,-0.1196847,-0.6189602,0.7104151;
custom,checkpointpyramid,default,0.8,0.8,0.8,0,1,1,1,1.0,1.0,-1542.563,288.1848,2634.942,-0.6771393,0.2972139,-0.2667452,0.6180561;
custom,checkpointcuboid,default,0.3,2,0.3,0,1,1,1,1.0,1.0,-1539.691,288.601,2650.494,-0.5380365,0.5140131,-0.4682338,0.4765128;
custom,checkpointcuboid,default,0.3,2,0.3,0,1,1,1,1.0,1.0,-4379.632,271.6488,2940.752,-0.03760057,0.03812927,-0.7011456,0.7110044;
racing,killCuboid,15,150,3,-1397.333,1118.411,-2740.574,0,0.9998929,0,-0.01463749;
racing,killCuboid,15,150,3,-1333.822,1001.594,-2680.598,0,0.7239154,0,0.6898888;
racing,killCuboid,15,150,3,-1387.869,1001.455,-2623.219,0,0.9998929,0,-0.01463749;
racing,killCuboid,15,150,3,-1453.271,1001.194,-2678.782,0,0.7239154,0,0.6898888;
misc,barrier,15,150,3,-1395.802,1119.411,-2744.481,0,0.9998929,0,-0.01463749;
misc,barrier,15,150,3,-1331.528,1001.594,-2678.857,0,0.7239154,0,0.6898888;
misc,barrier,15,150,3,-1389.182,1000.216,-2619.063,0,0.9998929,0,-0.01463749;
misc,barrier,15,150,3,-1455.286,1001.194,-2678.948,0,0.7239154,0,0.6898888;
custom,killcuboid,empty,2,2,10,0,1,1,1,1.0,1.0,-1387.542,1806.554,-2631.901,0,0.7181054,0,0.6959344;
custom,sphere,ice1,0.8,0.8,0.8,0,1,1,1,1.0,1.0,-1393.86,1516.073,-2639.363,0,0.01833986,0,0.9998319;
racing,killCuboid,2,15,100,-1436.342,1803.563,-2264.998,0,-0.01980578,0,-0.9998038;
racing,killCuboid,2,15,100,-1319.686,1802.363,-2269.593,0,-0.01980578,0,-0.9998038;
racing,killCuboid,15,2,80,-1382.913,1741.162,-2234.722,0,0.01888449,0,0.9998217;
racing,killCuboid,15,2,100,-1376.6,1805.558,-2266.513,0,0.01888449,0,0.9998217;
misc,barrier,2,15,100,-1438.859,1803.563,-2264.347,0,-0.01980578,0,-0.9998038;
misc,barrier,2,15,100,-1317.556,1802.363,-2270.143,0,-0.01980578,0,-0.9998038;
misc,barrier,15,2,80,-1382.899,1739.562,-2234.523,0,0.01888449,0,0.9998217;
misc,barrier,15,2,100,-1376.6,1808.158,-2266.513,0,0.01888449,0,0.9998217;
racing,killCuboid,20,300,2,-1419.626,237.0485,-1852.058,0,0.6949039,0,-0.7191026;
racing,killCuboid,20,300,2,-1305.207,237.0485,-1867.954,0,0.6949039,0,-0.7191026;
racing,killCuboid,20,300,2,-1407.104,247.4841,-1957.229,0,0.9999949,0,-0.003199979;
racing,killCuboid,20,300,2,-1346.359,365.4853,-1761.709,0,0.9999289,0,-0.01192635;
misc,barrier,20,300,2,-1422.202,238.4485,-1846.643,0,0.6949039,0,-0.7191026;
misc,barrier,20,300,2,-1303.93,237.0485,-1867.408,0,0.6949039,0,-0.7191026;
misc,barrier,20,300,2,-1407.811,246.6841,-1959.603,0,0.9999949,0,-0.003199979;
misc,barrier,20,300,2,-1342.81,365.4853,-1755.091,0,0.999339,0,-0.03635323;
custom,cuboid,stone1,15,2,20,0,1,1,1,1.0,1.0,-1365.491,-1239.765,-1854.595,0,0.9999408,0,-0.01088623;
racing,killCuboid,15,4,400,-1329.481,-116.8643,-46.83497,-0.2621766,0.009535554,0.002590751,0.9649693;
racing,killCuboid,15,4,400,-1329.435,-250.7055,-96.01006,-0.2665527,0.009523696,0.002633994,0.9637697;
racing,killCuboid,4,8,410,-1289.276,-157.4032,-51.32104,0.2663344,-0.003637987,0.01112926,-0.9638096;
racing,killCuboid,4,8,410,-1375.674,-153.2032,-45.31894,0.2663344,-0.003637987,0.01112926,-0.9638096;
misc,barrier,15,4,400,-1329.879,-115.6643,-51.13978,-0.2621766,0.009535555,0.002590751,0.9649693;
misc,barrier,15,4,400,-1329.452,-250.9055,-93.81312,-0.2665527,0.009523695,0.002633994,0.9637697;
misc,barrier,4,8,410,-1286.68,-157.4032,-51.44735,0.2663344,-0.003637987,0.01112926,-0.9638096;
misc,barrier,4,8,410,-1379.034,-155.0032,-43.40292,0.2663344,-0.003637987,0.01112926,-0.9638096;
racing,checkpointCuboid,2,2,2,-1367.446,-1221.937,-1917.306,0,0.9999331,0,-0.01156534;
racing,killCuboid,200,3,200,-373.1087,890.5269,2596.322,0,0.9999517,0,-0.009833784;
racing,killCuboid,200,3,200,-372.1018,773.7313,2596.178,0,0.9999517,0,-0.009833784;
misc,barrier,200,3,200,-373.1087,894.327,2596.322,0,0.9999517,0,-0.009833784;
misc,barrier,200,3,200,-373.1087,772.9317,2596.322,0,0.9999517,0,-0.009833784;
racing,killCuboid,3,14,200,563.8114,827.9786,2573.488,0,-0.00424901,0,-0.999991;
racing,killCuboid,3,14,200,-1346.686,827.9786,2615.591,0,-0.00424901,0,-0.999991;
racing,killCuboid,3,14,200,-391.1718,831.3948,3229.327,0,0.6985441,0,-0.715567;
racing,killCuboid,3,14,200,-275.2574,831.3948,1618.194,0,0.6985441,0,-0.715567;
misc,barrier,3,14,200,563.8114,827.9786,2573.488,0,-0.00424901,0,-0.999991;
misc,barrier,3,14,200,-1351.157,827.9786,2618.25,0,-0.00424901,0,-0.999991;
misc,barrier,3,14,200,-391.1718,831.3948,3229.327,0,0.6985441,0,-0.715567;
misc,barrier,3,14,200,-276.0181,831.3948,1613.862,0,0.6985441,0,-0.715567;
racing,endCuboid,5,5,5,383.5452,814.9111,2818.78,0,0.1654295,0,0.9862216;
racing,killCuboid,2,10,50,-1102.357,825.2599,1794.963,0,0.4018774,0,0.9156935;
racing,killCuboid,2,10,55,-1148.711,827.6597,1902.971,0,0.3986786,0,0.9170907;
racing,killCuboid,1,12,50,-778.2026,834.1097,1915.02,0,0.9308577,0,0.3653819;
racing,killCuboid,1,12,45,-774.3276,834.1097,1800.613,0,0.9308577,0,0.3653819;
custom,cuboid,ice1,4,3,0.8,0,1,1,1,1.0,1.0,-659.3057,836.1873,1786.585,0,0.3927647,0,0.9196391;
racing,killCuboid,1,12,120,-923.0179,834.1097,2256.233,0,0.9308577,0,0.3653819;
racing,killCuboid,1,12,65,-1139.757,834.1097,2304.509,0,0.9308577,0,0.3653819;
racing,killCuboid,1,12,120,-836.6598,834.1097,2074.551,0,0.9308577,0,0.3653819;
racing,killCuboid,1,12,150,-732.558,834.1097,2148.688,0,0.9308577,0,0.3653819;
racing,killCuboid,1,12,158,-793.2456,834.1097,2299.743,0,0.9308577,0,0.3653819;
racing,killCuboid,1,12,165,-654.9666,834.1097,2235.635,0,0.9308577,0,0.3653819;
racing,killCuboid,1,12,170,364.5825,830.3099,2412.192,0,0.9827135,0,-0.1851332;
racing,killCuboid,1,12,170,-741.1276,830.3099,2404.013,0,0.9308577,0,0.3653819;
racing,killCuboid,1,12,170,141.544,830.3099,2576.485,0,0.9827135,0,-0.1851332;
racing,killArc180,20,21,8,28.08066,824.1309,2124.949,0,0.9830501,0,-0.1833372;
racing,killArc180,20,21,8,229.9926,815.731,2239.066,0,-0.2004658,0,-0.9797007;
racing,killArc180,20,21,8,128.1445,826.5309,1925.185,0,-0.1816211,0,-0.9833686;
racing,killArc180,20,21,8,-84.45197,825.9308,1836.65,0,0.9451532,0,-0.3266272;
racing,killArc180,20,21,8,133.4699,817.7311,2463.012,0,0.9901115,0,-0.1402826;
custom,cuboid,metal1,20,1,20,0,1,1,1,1.0,1.0,382.61,785.4958,2840.1,0,0.1799839,0,0.9836696;
custom,cuboid,metal1,20,15,2,0,1,1,1,1.0,1.0,414.5826,808.3756,2923.783,0,0.1809154,0,0.9834987;
custom,cuboid,default,1,5,1,1,0,1,0,1.0,1.0,358.0941,836.6608,2936.804,0.03393636,0.1886104,0.1738027,0.965954;
custom,cuboid,default,1,3,1,1,0,1,0,1.0,1.0,373.5496,829.0374,2932.434,-0.0441381,0.1974626,-0.2136312,0.9557312;
custom,cuboid,default,1,5,1,1,0,1,0,1.0,1.0,403.8016,838.0372,2921.765,-0.02500863,0.1755638,-0.1068466,0.9783332;
custom,cuboid,default,1,3,1,1,0,1,0,1.0,1.0,387.1708,829.4374,2927.644,0.04985314,0.160996,0.2018465,0.9648072;
custom,cuboid,default,1,1,1,1,0,1,0,1.0,1.0,429.0759,861.3101,2910.169,0,0.2023355,0,0.9793163;
custom,cuboid,default,1,4,1,1,0,1,0,1.0,1.0,429.2646,832.5113,2911.613,0,0.2023355,0,0.9793163;
custom,cuboid,default,1,5,1,1,0,1,0,1.0,1.0,450.7756,838.8309,2902.702,0,0.2023355,0,0.9793163;
custom,cuboid,default,1,5,1,1,0,1,0,1.0,1.0,462.1028,839.7739,2898.978,0.02851554,0.1552141,0.2265635,0.9611267;
custom,cuboid,default,1,5,1,1,0,1,0,1.0,1.0,476.2139,839.3739,2893.798,-0.00445507,0.1730548,-0.03988376,0.9840943;
racing,checkpointCuboid,1,100,1,484.1102,683.7452,2852.238,0,0.1780938,0,0.9840135;
custom,cuboid,default,10,4,10,0,0,1,0,1.0,1.0,485.887,511.5024,2844.622,0,0.6016431,0,-0.7987651;
racing,checkpointCuboid,1000,1,1,224.0181,537.7032,-269.3759,0,0.6810469,0,-0.7322398;
racing,killCuboid,20,50,5,420.145,522.6071,2882.251,0,0.7968203,0,0.6042163;
racing,killCuboid,20,50,5,462.1533,515.2999,2779.824,0,0.1405379,0,0.9900753;
racing,killCuboid,20,50,5,520.5708,510.2056,2910.632,0,0.9891284,0,-0.1470545;
racing,killCuboid,20,50,5,556.6939,509.1349,2832.02,0,0.6026765,0,-0.7979857;
custom,killcuboid,empty,0.8,15,0.8,0,1,1,1,1.0,1.0,-1240.811,827.372,2509.458,0,0.9249511,0,0.380086;
custom,killcuboid,empty,0.8,15,0.8,0,1,1,1,1.0,1.0,-518.0296,831.0157,1820.215,0,0.3739978,0,-0.9274296;
custom,killcuboid,empty,0.8,15,0.8,0,1,1,1,1.0,1.0,-1239.277,839.8457,2695.318,0,0.9073297,0,0.4204198;
custom,killcuboid,empty,0.8,15,0.8,0,1,1,1,1.0,1.0,-259.3028,836.1854,1724.329,0,0.3820405,0,-0.9241456;
custom,killcuboid,empty,0.8,15,0.8,0,1,1,1,1.0,1.0,-1212.516,826.0086,2836.915,0,0.918231,0,0.3960452;
custom,killcuboid,empty,8,1,0.8,0,1,1,1,1.0,1.0,-1309.044,838.9445,1615.61,0,0.01182402,0,0.9999301;
custom,killcuboid,empty,8,1,0.8,0,1,1,1,1.0,1.0,-1308.268,791.3455,1612.889,0,0.01182402,0,0.9999301;
racing,killCuboid,3,14,200,563.8114,827.9786,2573.488,0,-0.00424901,0,-0.999991;
racing,killCuboid,3,14,200,-1346.686,827.9786,2615.591,0,-0.00424901,0,-0.999991;
racing,killCuboid,3,14,200,-391.1718,831.3948,3229.327,0,0.6985441,0,-0.715567;
racing,killCuboid,3,14,200,-275.2574,831.3948,1618.194,0,0.6985441,0,-0.715567;
racing,killCuboid,12,5,15,-1363.82,-478.1497,-1881.879,0,0.9999432,0,-0.01065928;
racing,killCuboid,12,5,15,-1371.558,-821.9376,-1888.929,0,0.9999432,0,-0.01065928;
racing,killCuboid,12,5,15,-1370.928,-733.1412,-1838.14,0,0.9999432,0,-0.01065928;
racing,killCuboid,12,5,15,-1370.947,-566.348,-1840.54,0,0.9999432,0,-0.01065928;
racing,killCuboid,12,5,15,-1370.947,-1081.527,-1840.54,0,0.9999432,0,-0.01065928;
racing,killCuboid,12,5,15,-1363.783,-293.7478,-1881.276,0,0.9999432,0,-0.01065928;
racing,killCuboid,12,5,15,-1362.965,-201.3469,-1839.492,0,0.9999432,0,-0.01065928;
racing,killCuboid,12,5,15,-1355.552,-15.34635,-1835.759,0,0.9999432,0,-0.01065928;
racing,killCuboid,12,5,15,-1364.086,80.65348,-1882.881,0,0.9999432,0,-0.01065928;
racing,killCuboid,12,5,15,-1363.972,259.4546,-1883.481,0,0.9999432,0,-0.01065928;
racing,killCuboid,12,5,15,-1363.832,-991.5305,-1882.481,0,0.9999432,0,-0.01065928;
racing,killCuboid,10,7,20,-1321.864,1133.342,-1853.085,0,0.01800936,0,0.9998379;
racing,killCuboid,10,7,20,-1319.027,1445.929,-1852.547,0,0.01800936,0,0.9998379;
racing,killCuboid,10,7,20,-1311.944,790.1556,-1856.378,0,0.01800936,0,0.9998379;
racing,killCuboid,10,7,20,-1308.037,437.9662,-1855.414,0,0.01800936,0,0.9998379;
racing,killCuboid,10,7,20,-1397.928,1276.337,-1848.933,0,0.01800936,0,0.9998379;
racing,killCuboid,10,7,20,-1397.928,973.7482,-1848.933,0,0.01800936,0,0.9998379;
racing,killCuboid,10,7,20,-1397.928,616.7627,-1848.933,0,0.01800936,0,0.9998379;
racing,killCuboid,10,7,20,-1397.928,1616.922,-1848.933,0,0.01800936,0,0.9998379;
spawnpoint,playerC,-4881.413,246.4793,-3961.404,0,0.9995835,0,-0.02885731;
spawnpoint,playerM,-4881.638,246.3197,-3961.846,0,0.9992803,0,-0.03793246;
custom,sphere,ice1,0.8,0.8,0.8,0,1,1,1,1.0,1.0,-2618.957,323.9047,2771.946,0,0.7464107,0,0.6654856;
custom,sphere,ice1,0.7,0.7,0.7,0,1,1,1,1.0,1.0,-1360.009,1805.484,-1965.447,0,0.0403527,0,0.9991855;
custom,sphere,ice1,0.7,0.7,0.7,0,1,1,1,1.0,1.0,-1381.257,1805.533,-2314.783,0,0.04680984,0,0.9989038;
custom,sphere,ice1,0.7,0.7,0.7,0,1,1,1,1.0,1.0,-1388.039,1806.476,-2534.881,0,0.9996292,0,-0.02723052;
custom,sphere,ice1,0.4,0.4,0.4,0,1,1,1,1.0,1.0,-1313.332,1614.005,-1863.604,0,0.9999073,0,0.01361538;
custom,capsule,ice1,0.8,0.8,0.8,0,1,1,1,1.0,1.0,-1223.515,830.9523,1707.156,0,0.4044052,0,0.9145799;
custom,capsule,ice1,0.8,0.8,0.8,0,1,1,1,1.0,1.0,-1142.324,838.9824,1883.503,0,0.6307408,0,0.7759936;
custom,capsule,ice1,0.8,0.8,0.8,0,1,1,1,1.0,1.0,-938.4031,838.0532,1970.733,0,0.9373149,0,0.3484837;
custom,sphere,ice1,0.8,0.8,0.8,0,1,1,1,1.0,1.0,-1411.125,1476.088,-1855.608,0,0.9977428,0,-0.06715228;
custom,sphere,ice1,0.8,0.8,0.8,0,1,1,1,1.0,1.0,-1314.026,1284.172,-1863.26,0,0.6996396,0,-0.714496;
custom,sphere,ice1,0.8,0.8,0.8,0,1,1,1,1.0,1.0,-1411.374,1150.047,-1851.697,0,0.01927323,0,0.9998143;
custom,sphere,ice1,0.8,0.8,0.8,0,1,1,1,1.0,1.0,-1312.997,982.5405,-1853.256,0,0.755921,0,0.6546628;
custom,sphere,ice1,0.8,0.8,0.8,0,1,1,1,1.0,1.0,-1411.094,799.3788,-1848.165,0,0.9998123,0,-0.01937535;
custom,sphere,ice1,0.8,0.8,0.8,0,1,1,1,1.0,1.0,-1314.402,627.9706,-1867.625,0,0.6644322,0,-0.7473485;
custom,sphere,ice1,0.8,0.8,0.8,0,1,1,1,1.0,1.0,-1411.547,429.7106,-1852.471,0,0.02377804,0,0.9997173;
custom,sphere,ice1,0.8,0.8,0.8,0,1,1,1,1.0,1.0,-1364.394,258.6464,-1849.309,0,0.999294,0,-0.03757074;
custom,sphere,ice1,0.8,0.8,0.8,0,1,1,1,1.0,1.0,-1358.462,76.88177,-1837.906,0,0.7107192,0,0.7034758;
custom,sphere,ice1,0.8,0.8,0.8,0,1,1,1,1.0,1.0,-1365.086,-15.02368,-1881.091,0,0.7392635,0,0.6734163;
custom,sphere,ice1,0.8,0.8,0.8,0,1,1,1,1.0,1.0,-1362.389,-197.3884,-1882.273,0,0.7319003,0,0.6814119;
custom,sphere,ice1,0.8,0.8,0.8,0,1,1,1,1.0,1.0,-1361.474,-293.1445,-1835.314,0,0.6905191,0,0.7233142;
custom,sphere,ice1,0.8,0.8,0.8,0,1,1,1,1.0,1.0,-1356.139,-479.6494,-1844.687,0,0.7244459,0,0.6893317;
custom,sphere,ice1,0.8,0.8,0.8,0,1,1,1,1.0,1.0,-1365.557,-569.0268,-1891.352,0,0.7422481,0,0.6701252;
custom,sphere,ice1,0.8,0.8,0.8,0,1,1,1,1.0,1.0,-1367.699,-732.4611,-1893.813,0,0.7363854,0,0.6765624;
custom,sphere,ice1,0.8,0.8,0.8,0,1,1,1,1.0,1.0,-1363.695,-828.0183,-1845.302,0,0.7169071,0,0.6971686;
custom,sphere,ice1,0.8,0.8,0.8,0,1,1,1,1.0,1.0,-1363.739,-988.2852,-1831.556,0,0.7349312,0,0.6781417;
custom,sphere,ice1,0.8,0.8,0.8,0,1,1,1,1.0,1.0,-1372.592,-1078.564,-1899.044,0,0.7408252,0,0.6716979;
custom,sphere,ice1,0.8,0.8,0.8,0,1,1,1,1.0,1.0,-1349.275,-1152.382,-1724.406,0,0.003324654,0,-0.9999945;
custom,sphere,ice1,0.8,0.8,0.8,0,1,1,1,1.0,1.0,-1367.297,-1066.711,-1582.468,0,0.00104222,0,0.9999995;
custom,sphere,ice1,0.8,0.8,0.8,0,1,1,1,1.0,1.0,-1344.473,-977.1937,-1434.743,0,0.003228428,0,0.9999948;
custom,sphere,ice1,0.8,0.8,0.8,0,1,1,1,1.0,1.0,-1357.005,-836.3936,-1203.68,0,0.003315117,0,-0.9999945;
custom,sphere,ice1,0.8,0.8,0.8,0,1,1,1,1.0,1.0,-1328.645,345.95,795.8596,0,0.9999997,0,0.0007894794;
custom,sphere,ice1,0.8,0.8,0.8,0,1,1,1,1.0,1.0,-1340.459,-691.3614,-960.0636,0,0.003233413,0,0.9999948;
custom,sphere,ice1,0.8,0.8,0.8,0,1,1,1,1.0,1.0,-1318.504,153.5514,466.9566,0,0.9996359,0,0.02698507;
custom,sphere,ice1,0.8,0.8,0.8,0,1,1,1,1.0,1.0,-1349.331,-528.5452,-685.0333,0,0.01850479,0,0.9998288;
custom,sphere,ice1,0.8,0.8,0.8,0,1,1,1,1.0,1.0,-1336.416,-34.80632,155.1773,0,0.9999997,0,0.0008096257;
custom,sphere,ice1,0.8,0.8,0.8,0,1,1,1,1.0,1.0,-1333.634,-379.6895,-433.5974,0,0.009851447,0,-0.9999515;
custom,sphere,ice1,0.8,0.8,0.8,0,1,1,1,1.0,1.0,-1345.428,-292.0268,-285.2641,0,0.001121433,0,-0.9999994;
custom,sphere,ice1,0.8,0.8,0.8,0,1,1,1,1.0,1.0,-1327.688,-171.4968,-78.82244,0,0.001121433,0,-0.9999994;
custom,sphere,ice1,0.8,0.8,0.8,0,1,1,1,1.0,1.0,-1309.271,555.9646,1151.135,0,0.9999683,0,-0.007958731;
custom,sphere,ice1,0.8,0.8,0.8,0,1,1,1,1.0,1.0,-1323.877,717.2007,1423.134,0,0.9999682,0,-0.007982333;
custom,sphere,ice1,0.8,0.8,0.8,0,1,1,1,1.0,1.0,-1292.111,830.7672,1628.976,0,0.999968,0,-0.008006532;
custom,cuboid,ice1,4,3,0.8,0,1,1,1,1.0,1.0,-884.152,839.238,2312.062,0,0.3976517,0,0.9175364;
custom,cuboid,ice1,4,3,0.8,0,1,1,1,1.0,1.0,-574.807,843.2723,1881.512,0,0.4068189,0,0.9135088;
custom,cuboid,ice1,4,3,0.8,0,1,1,1,1.0,1.0,-531.3697,836.5648,2016.372,0,0.3996763,0,0.9166564;
custom,cuboid,ice1,4,3,0.8,0,1,1,1,1.0,1.0,-741.7647,837.437,2328.97,0,0.4005404,0,0.9162791;
custom,cuboid,ice1,4,3,0.8,0,1,1,1,1.0,1.0,-268.9619,824.6123,1896.759,0,0.4109306,0,0.9116666;
custom,cuboid,ice1,1,1,1,0,1,1,1,1.0,1.0,96.44836,839.7468,1950.415,0,0.8150402,0,0.5794045;
custom,cuboid,ice1,1,1,1,0,1,1,1,1.0,1.0,-29.62912,828.8472,1799.245,0,0.4803715,0,-0.8770651;
custom,cuboid,ice1,1,1,1,0,1,1,1,1.0,1.0,77.39727,833.9271,2106.989,0,0.5333542,0,-0.845892;
custom,cuboid,ice1,1,1,1,0,1,1,1,1.0,1.0,196.1655,824.6955,2254.709,0,0.5498108,0,-0.8352892;
custom,cuboid,ice1,1,1,1,0,1,1,1,1.0,1.0,172.3485,822.4384,2451.604,0,0.7988682,0,0.6015061;
custom,killcuboid,empty,0.8,15,0.8,0,1,1,1,1.0,1.0,-611.9699,820.1407,1736.562,0,0.3682301,0,-0.9297347;
custom,killcuboid,empty,10,0.8,0.8,0,1,1,1,1.0,1.0,-1358.118,1799.888,-1840.107,0,0.02464375,0,0.9996963;
custom,killcuboid,empty,10,0.8,0.8,0,1,1,1,1.0,1.0,-1354.69,1746.692,-1839.892,0,0.02464375,0,0.9996963;
base,aot_supply,default,1,1,1,0,1,1,1,1.0,1.0,-39.77155,-0.5124893,-39.7392,0,0.9996812,0,0.02524682;
base,aot_supply,default,1,1,1,0,1,1,1,1.0,1.0,-627.1158,0.5336359,-617.1917,0,0.8983266,0,-0.4393283;
base,aot_supply,default,1,1,1,0,1,1,1,1.0,1.0,-636.0402,0.480299,632.6581,0,0.3508038,0,-0.936449;
base,aot_supply,default,1,1,1,0,1,1,1,1.0,1.0,603.223,-0.06851185,622.8428,0,0.4184895,0,0.9082217;
base,aot_supply,default,1,1,1,0,1,1,1,1.0,1.0,606.0648,-0.1235111,-608.6826,0,0.9351401,0,0.354278;
custom,tree1,default,1,1,1,0,1,1,1,1.0,1.0,499.285,-3.180433,-596.7188,0,0.9082799,0,0.4183631;
custom,tree1,default,1,1,1,0,1,1,1,1.0,1.0,589.3317,-2.617011,-509.5641,0,0.9595346,0,0.2815907;
custom,tree1,default,1,1,1,0,1,1,1,1.0,1.0,-614.4297,-5.445165,-521.6882,0,0.9106904,0,-0.4130895;
custom,tree1,default,1,1,1,0,1,1,1,1.0,1.0,-534.6583,-5.336977,-606.7818,0,0.9097865,0,-0.4150765;
custom,tree1,default,1,1,1,0,1,1,1,1.0,1.0,-530.5638,-2.060513,613.8787,0,0.406241,0,-0.913766;
custom,tree1,default,1,1,1,0,1,1,1,1.0,1.0,-612.8931,0.8848074,521.5952,0,0.406241,0,-0.913766;
custom,tree1,default,1,1,1,0,1,1,1,1.0,1.0,606.77,-5.133392,541.4103,0,0.3281628,0,0.9446212;
custom,tree1,default,1,1,1,0,1,1,1,1.0,1.0,521.6681,-3.139893,625.6028,0,0.3281628,0,0.9446212;
custom,tree6,default,1,1,1,0,1,1,1,1.0,1.0,431.119,91.02534,452.8954,0,0.352874,0,0.9356709;
custom,tree6,default,1,1,1,0,1,1,1,1.0,1.0,252.1591,89.71021,262.7791,0,0.3364944,0,0.9416855;
custom,tree6,default,1,1,1,0,1,1,1,1.0,1.0,87.84521,85.02613,90.15899,0,0.3365207,0,0.9416761;
custom,tree6,default,1,1,1,0,1,1,1,1.0,1.0,-125.1226,87.27895,101.7538,0,0.9093503,0,0.4160314;
custom,tree6,default,1,1,1,0,1,1,1,1.0,1.0,-419.753,90.5733,399.255,0,0.3719049,0,-0.9282708;
custom,tree6,default,1,1,1,0,1,1,1,1.0,1.0,-284.2477,90.39719,248.5191,0,0.4113995,0,0.9114551;
custom,tree6,default,1,1,1,0,1,1,1,1.0,1.0,-450.4177,88.99129,-430.2234,0,0.9521495,0,-0.3056326;
custom,tree6,default,1,1,1,0,1,1,1,1.0,1.0,-146.745,88.52416,-119.8026,0,0.6094369,0,0.7928346;
custom,tree6,default,1,1,1,0,1,1,1,1.0,1.0,-296.5505,91.84576,-271.4365,0,0.9765782,0,-0.2151627;
custom,tree6,default,1,1,1,0,1,1,1,1.0,1.0,83.09761,87.57307,-125.1584,0,0.1425991,0,-0.9897805;
custom,tree6,default,1,1,1,0,1,1,1,1.0,1.0,411.897,85.97388,-419.4927,0,0.8542515,0,0.5198599;
custom,tree6,default,1,1,1,0,1,1,1,1.0,1.0,247.2706,88.76204,-266.6802,0,0.8894445,0,0.4570432;
custom,tree3,default,1,1,1,0,1,1,1,1.0,1.0,280.444,85.97137,521.8333,0,0.05265771,0,-0.9986126;
custom,tree3,default,1,1,1,0,1,1,1,1.0,1.0,357.0427,92.21658,134.0965,0,0.6340632,0,0.7732812;
custom,tree3,default,1,1,1,0,1,1,1,1.0,1.0,-306.7031,88.61391,541.0831,0,0.1104362,0,0.9938833;
custom,tree3,default,1,1,1,0,1,1,1,1.0,1.0,-409.7263,89.08004,140.7054,0,0.53977,0,-0.8418126;
customb,tree0,default,1,1,1,0,1,1,1,1.0,1.0,498.9631,71.84197,-8.946907,0,0.6466407,0,0.7627947;
custom,tree3,default,1,1,1,0,1,1,1,1.0,1.0,263.2794,88.79218,-523.0237,0,0.976548,0,0.2152999;
customb,tree0,default,1,1,1,0,1,1,1,1.0,1.0,-527.5414,73.68626,-21.06767,0,0.7295051,0,-0.6839755;
customb,tree0,default,1,1,1,0,1,1,1,1.0,1.0,-17.49676,73.50712,507.8777,0,0.001745136,0,-0.9999985;
custom,tree3,default,1,1,1,0,1,1,1,1.0,1.0,-553.4274,85.52054,275.3343,0,0.7121865,0,-0.7019904;
custom,tree3,default,1,1,1,0,1,1,1,1.0,1.0,-196.2946,91.13475,396.8993,0,0.257321,0,-0.966326;
custom,tree3,default,1,1,1,0,1,1,1,1.0,1.0,497.6072,88.6963,280.5045,0,0.6943555,0,0.7196323;
custom,tree3,default,1,1,1,0,1,1,1,1.0,1.0,138.6641,89.17304,396.2882,0,0.164717,0,0.9863409;
customb,tree0,default,1,1,1,0,1,1,1,1.0,1.0,-21.39626,71.60596,299.6174,0,0.2584594,0,-0.9660221;
customb,tree0,default,1,1,1,0,1,1,1,1.0,1.0,-331.1626,74.82087,-15.24632,0,0.7113788,0,-0.7028089;
custom,tree3,default,1,1,1,0,1,1,1,1.0,1.0,-178.1269,92.77419,-392.9271,0,0.9943916,0,-0.1057614;
custom,tree3,default,1,1,1,0,1,1,1,1.0,1.0,-545.93,82.82526,-277.0342,0,0.67132,0,-0.7411677;
customb,tree0,default,1,1,1,0,1,1,1,1.0,1.0,-32.3413,74.06771,-296.4509,0,0.9994442,0,-0.03333611;
customb,tree0,default,1,1,1,0,1,1,1,1.0,1.0,-23.16603,69.17889,-508.4291,0,0.9985485,0,0.05386006;
customb,tree0,default,1,1,1,0,1,1,1,1.0,1.0,254.5262,74.71088,-7.849623,0,0.6728638,0,0.7397664;
custom,tree3,default,1,1,1,0,1,1,1,1.0,1.0,118.6301,83.99194,-387.5315,0,0.976548,0,0.2152999;
custom,tree3,default,1,1,1,0,1,1,1,1.0,1.0,-299.518,89.51916,-528.4936,0,0.9892033,0,0.1465495;
custom,tree3,default,1,1,1,0,1,1,1,1.0,1.0,-407.1795,91.06551,-171.7583,0,0.8196099,0,-0.5729221;
custom,tree3,default,1,1,1,0,1,1,1,1.0,1.0,344.3134,94.08469,-136.1541,0,0.7325254,0,0.6807397;
custom,tree3,default,1,1,1,0,1,1,1,1.0,1.0,500.6667,87.27806,-250.4985,0,0.6911917,0,0.7226714;
custom,house9,default,1,1,1,0,1,1,1,1.0,1.0,622.4673,20.25484,-627.2969,0,0.3480676,0,-0.9374694;
custom,house9,default,1,1,1,0,1,1,1,1.0,1.0,624.9838,20.14682,641.926,0,0.9120734,0,-0.4100269;
custom,house9,default,1,1,1,0,1,1,1,1.0,1.0,-651.4756,20.72442,650.8885,0,-0.9383943,0,-0.3455663;
custom,house9,default,1,1,1,0,1,1,1,1.0,1.0,-644.9666,21.60157,-630.373,0,-0.4436492,0,-0.8962006;
custom,sphere,ice1,0.8,0.8,0.8,0,1,1,1,1.0,1.0,-4821.918,323.0439,-2623.302,0,0.05915752,0,0.9982487;
custom,sphere,ice1,0.8,0.8,0.8,0,1,1,1,1.0,1.0,-4781.842,321.5907,-2194.398,0,0.0482948,0,0.9988331;
custom,sphere,ice1,0.8,0.8,0.8,0,1,1,1,1.0,1.0,-4734.704,327.579,-1552.558,0,0.9963746,0,-0.08507451;
custom,sphere,ice1,0.8,0.8,0.8,0,1,1,1,1.0,1.0,-4732.533,323.9275,-2379.346,0,0.05262355,0,0.9986144;
custom,village1,default,1,1,1,0,1,1,1,1.0,1.0,150.2872,0.4979407,577.8571,0,0.03082667,0,0.9995247;
custom,village2,default,1,1,1,0,1,1,1,1.0,1.0,108.7066,9.810255,210.2183,0,0.6620545,0,-0.7494558;
custom,village2,default,1,1,1,0,1,1,1,1.0,1.0,-235.587,12.10211,59.14771,0,0.4591097,0,-0.8883796;
custom,village1,default,1,1,1,0,1,1,1,1.0,1.0,-506.2393,-1.055879,170.5055,0,0.589143,0,0.8080288;
custom,house12,default,1,1,1,0,1,1,1,1.0,1.0,-305.0526,-1.236869,409.3016,0,0.1594003,0,0.987214;
custom,village2,default,1,1,1,0,1,1,1,1.0,1.0,107.3358,11.39167,-272.8229,0,0.9622235,0,-0.272261;
custom,village1,default,1,1,1,0,1,1,1,1.0,1.0,-116.2419,-0.7875377,-295.4699,0,0.8519562,0,0.523613;
custom,windmill1,default,1,1,1,0,1,1,1,1.0,1.0,-450.1236,-4.457737,-302.6784,0,-0.313966,0,0.9494342;
custom,castle1,default,1,1,1,0,1,1,1,1.0,1.0,393.0512,12.33909,-287.1548,0,0.9993459,0,0.03616398;
custom,village2,default,1,1,1,0,1,1,1,1.0,1.0,371.2342,13.42101,-566.6254,0,-0.1094382,0,-0.9939936;
custom,church1,default,1,1,1,0,1,1,1,1.0,1.0,-167.3236,19.47383,538.8411,0,0.3418423,0,-0.9397573;
custom,house14,default,1,1,1,0,1,1,1,1.0,1.0,569.7961,-3.508193,392.642,0,0.6505913,0,-0.7594281;
custom,house12,default,1,1,1,0,1,1,1,1.0,1.0,-22.35903,-0.001032621,196.215,0,-0.6339654,0,-0.7733615;
custom,house7,default,1,1,1,0,1,1,1,1.0,1.0,479.7733,15.62873,144.843,0,0.4728962,0,-0.8811181;
custom,house8,default,1,1,1,0,1,1,1,1.0,1.0,-174.6579,18.14658,-601.5549,0,-0.9464698,0,0.3227925;
customb,house1,default,1,1,1,0,1,1,1,1.0,1.0,-571.1766,17.26613,-445.0986,0,-0.1406403,0,-0.9900608;
custom,wall2,metal1,3.8,3.8,3.8,0,0.2159091,0.9659091,0.2840909,1.0,1.0,-3.742159,-8.247181,-688.6711,0,1,0,-0.0002443648;
custom,house3,default,1,1,1,0,0.2159091,0.9659091,0.2840909,1.0,1.0,471.4406,-0.2650324,-75.55196,0,0.2967013,0,-0.9549704;
custom,wall2,metal1,3.8,3.8,3.8,0,0.2159091,0.9659091,0.2840909,1.0,1.0,686.5958,-7.232439,-0.6588975,0,0.7075293,0,0.7066841;
custom,wall2,metal1,3.8,3.8,3.8,0,0.2159091,0.9659091,0.2840909,1.0,1.0,-10.79277,-7.148869,693.4609,0,0.004574415,0,-0.9999896;
custom,wall2,metal1,3.8,3.8,3.8,0,0.2159091,0.9659091,0.2840909,1.0,1.0,-697.541,-7.35537,-16.19019,0,0.706529,0,-0.7076841;
custom,house12,default,1,1,1,0,0.2159091,0.9659091,0.2840909,1.0,1.0,134.6273,-0.2847801,-49.9254,0,0.8511908,0,0.5248563;
custom,house8,default,1,1,1,0,0.2159091,0.9659091,0.2840909,1.0,1.0,50.6669,17.37077,-478.2953,0,0.7294759,0,0.6840066;
photon,spawnAbnormal,30,0,294.3672,-0.473428,391.4155,0,0.4670143,0,0.8842498;
photon,spawnAbnormal,30,0,296.7096,-0.4653915,304.2318,0,0.8425325,0,-0.5386456;
photon,spawnTitan,30,0,-491.7641,1.826159,-42.7939,0,0.9782628,0,-0.2073689;
photon,spawnTitan,30,0,-605.4537,2.116623,-312.9227,0,0.9890947,0,-0.1472812;
photon,spawnTitan,30,0,-335.0138,2.365812,-579.2873,0,0.888779,0,0.4583359;
photon,spawnTitan,30,0,-57.55127,5.354434,-218.3715,0,0.3064502,0,0.9518867;
photon,spawnTitan,30,0,226.293,5.024118,58.55653,0,0.6204039,0,0.7842824;
photon,spawnPunk,30,0,455.5644,-0.3502134,60.60077,0,0.8226056,0,0.5686124;
photon,spawnCrawler,30,0,321.5455,4.050585,-384.2938,0,0.9994504,0,0.03315028;
photon,spawnTitan,30,0,46.16624,7.597717,-578.1022,0,0.7477834,0,-0.6639428;
custom,sphere,ice1,0.8,0.8,0.8,0,1,1,1,1.0,1.0,-4123.034,314.9775,2853.807,0,0.7449496,0,0.6671208;
custom,sphere,ice1,0.8,0.8,0.8,0,1,1,1,1.0,1.0,-4488.352,323.6782,850.2704,0,0.9988805,0,-0.04730525;
custom,sphere,ice1,0.8,0.8,0.8,0,1,1,1,1.0,1.0,-4870.958,329.1328,-3288.698,0,0.9992943,0,-0.03756395;
custom,sphere,ice1,0.8,0.8,0.8,0,1,1,1,1.0,1.0,-4685.724,323.0685,-830.712,0,0.9992712,0,-0.038171;
custom,sphere,ice1,0.8,0.8,0.8,0,1,1,1,1.0,1.0,-4595.51,320.1223,-501.2511,0,0.9992694,0,-0.03821865;
custom,sphere,ice1,0.8,0.8,0.8,0,1,1,1,1.0,1.0,-4540.271,320.4361,186.874,0,0.9993438,0,-0.03622173;
custom,sphere,ice1,0.8,0.8,0.8,0,1,1,1,1.0,1.0,-4594.95,322.8427,489.1677,0,0.9994169,0,-0.03414591;
custom,sphere,ice1,0.8,0.8,0.8,0,1,1,1,1.0,1.0,-4541.365,324.1915,1213.797,0,0.9993342,0,-0.03648691;
custom,sphere,ice1,0.8,0.8,0.8,0,1,1,1,1.0,1.0,-4435.009,323.7987,1572.674,0,0.9993316,0,-0.03655792;
custom,sphere,ice1,0.8,0.8,0.8,0,1,1,1,1.0,1.0,-4428.582,323.6551,2347.076,0,0.9993996,0,-0.03464784;
custom,cuboid,ice1,2,4,2,0,1,1,1,1.0,1.0,-4331.786,300.9173,2615.695,0,0.7321396,0,0.6811547;
custom,sphere,ice1,0.8,0.8,0.8,0,1,1,1,1.0,1.0,-3416.479,322.6671,2840.523,0,0.7391037,0,0.6735917;
custom,sphere,ice1,0.8,0.8,0.8,0,1,1,1,1.0,1.0,-2985.97,327.7041,2720.672,0,0.6900218,0,-0.7237886;
custom,sphere,ice1,0.8,0.8,0.8,0,1,1,1,1.0,1.0,-2244.989,325.9331,2671.06,0,0.6692111,0,-0.7430723;
custom,cuboid,ice1,2,4,550,0,1,1,1,1.0,1.0,-1966.953,288.2072,-141.1412,0,0.9992507,0,-0.03870474;
racing,checkpointCuboid,10,5,8,-1355.188,1770.802,-1786.255,0,0.02234168,0,0.9997504;
custom,sphere,ice1,0.8,0.8,0.8,0,1,1,1,1.0,1.0,-4871.423,294.9625,-3783.333,0,0.9986177,0,-0.05256118;
custom,sphere,ice1,0.8,0.8,0.8,0,1,1,1,1.0,1.0,-4695.804,326.5478,-1900.957,0,0.05491799,0,0.9984909;
custom,sphere,ice1,0.8,0.8,0.8,0,1,1,1,1.0,1.0,-4643.456,327.2623,-1208.548,0,0.9981387,0,0.06098545;
custom,cuboid,wood1,10,3,10,0,1,1,1,1.0,1.0,-1647.821,191.4839,2661.118,0,0.7364522,0,0.6764896;
racing,checkpointCuboid,10,3,10,-1648.039,211.2882,2660.933,0,0.735607,0,0.6774086;
custom,cuboid,ice1,2,4,550,0,1,1,1,1.0,1.0,-1729.817,288.2072,25.12561,0,0.9992507,0,-0.03870474;
racing,killCuboid,20,10,1,-1955.26,369.7849,-1572.452,0,0.9986972,0,-0.0510289;
racing,killCuboid,20,10,1,-1956.188,227.4427,-1578.512,0,0.9995469,0,-0.03009911;
racing,killCuboid,20,10,1,-1890.942,302.2853,-596.3521,0,0.9989265,0,-0.04632393;
racing,killCuboid,20,10,1,-1889.747,174.8844,-596.4508,0,0.9989266,0,-0.04632047;
racing,killCuboid,19,10,1,-1726.436,275.8298,1500.994,0,0.9988679,0,-0.04756954;
racing,killCuboid,19,10,1,-1691.212,337.6305,2018.196,0,0.9972804,0,-0.07370052;
racing,killCuboid,19,10,1,-1688.404,214.0292,2016.231,0,0.9972804,0,-0.07370052;
racing,killCuboid,20,10,1,-1828.881,310.3644,218.4426,0,0.9992238,0,-0.03939364;
racing,killCuboid,20,10,1,-1780.95,240.5637,836.3015,0,0.9992244,0,-0.03937697;
misc,barrier,18,9,0.7,-1955.26,369.7849,-1572.452,0,0.9986972,0,-0.0510289;
misc,barrier,18,9,0.7,-1956.188,227.4427,-1578.512,0,0.9995469,0,-0.03009911;
misc,barrier,18,9,0.7,-1890.942,302.2853,-596.3521,0,0.9989265,0,-0.04632393;
misc,barrier,18,9,0.7,-1889.747,174.8844,-596.4508,0,0.9989266,0,-0.04632047;
misc,barrier,18,9,0.7,-1726.436,275.8298,1500.994,0,0.9988679,0,-0.04756954;
misc,barrier,18,9,0.7,-1691.212,337.6305,2018.196,0,0.9972804,0,-0.07370052;
misc,barrier,18,9,0.7,-1688.404,214.0292,2016.231,0,0.9972804,0,-0.07370052;
misc,barrier,18,9,0.7,-1828.871,310.3644,218.562,0,0.9992238,0,-0.03939364;
misc,barrier,18,9,0.7,-1780.95,240.5637,836.3015,0,0.9992244,0,-0.03937697;
custom,cuboid,ice1,4,3,0.8,0,1,1,1,1.0,1.0,-862.6649,833.413,2102.557,0,0.3963918,0,0.9180815;
custom,cuboid,ice1,4,3,0.8,0,1,1,1,1.0,1.0,-1172.02,839.342,2435.705,0,0.3984073,0,0.9172087;
custom,cuboid,ice1,4,3,0.8,0,1,1,1,1.0,1.0,-1174.015,834.2507,2625.138,0,0.3992645,0,0.9168358;
custom,cuboid,ice1,4,3,0.8,0,1,1,1,1.0,1.0,-320.9953,839.1121,1790.774,0,0.3992801,0,0.916829;
custom,cuboid,ice1,4,3,0.8,0,1,1,1,1.0,1.0,-1136.992,837.2213,2754.526,0,0.4049405,0,0.9143431;
racing,checkpointCuboid,5,5,5,383.5452,814.9111,2818.78,0,0.1654295,0,0.9862216;
custom,cylinder,default,1,4,1,1,0,0,1,1.0,1.0,125.224,321.6283,-56.22817,-0.1873814,0.9822872,3.020864E-05,-0.0001583593;
custom,cylinder,default,1,4,1,1,0,0,1,1.0,1.0,96.72977,322.2649,-56.98677,0.1873798,0.9822787,0.0007816724,0.004097671;
custom,cylinder,default,1,2,1,1,0,0,1,1.0,1.0,112.3853,312.384,-56.37597,-0.6971593,0.7169042,-0.002908266,0.002990634;
custom,cylinder,default,1,4,1,1,0,0,1,1.0,1.0,43.52334,328.7239,-58.73498,0,0.9999599,0,-0.008951948;
custom,cylinder,default,1,4,1,1,0,0,1,1.0,1.0,72.05919,325.5574,-59.85823,0,0.9999636,0,0.008533211;
custom,cylinder,default,1,4,1,1,0,0,1,1.0,1.0,56.08941,326.8839,-59.36643,0.1667621,0.9859566,-0.00149092,-0.008814847;
custom,cylinder,default,1,4,1,1,0,0,1,1.0,1.0,20.50822,327.8713,-62.0205,0,0.9998779,0,-0.01562906;
custom,arc180,default,6,1,6,1,0,0,1,1.0,1.0,-3.764165,329.2634,-59.06743,0.7090116,0.02159144,-0.02737621,0.7043344;
custom,cylinder,default,1,4,1,1,0,0,1,1.0,1.0,-69.23992,326.132,-60.72578,-0.2587949,0.9658358,0.003533692,-0.01318792;
custom,cylinder,default,1,2,1,1,0,0,1,1.0,1.0,-58.91765,345.7323,-58.5149,0.2334236,0.9722792,-0.003189238,-0.01328413;
custom,arc180,default,3,1,1,1,0,0,0,1.0,1.0,33.01564,436.6628,-22.87399,-0.6478582,0.0357905,-0.007312892,0.7608846;
custom,prism,default,9,1,9,1,0,0,0,1.0,1.0,36.38086,451.8103,-31.34066,0.04159843,0.7509161,-0.65731,0.04835445;
custom,prism,default,7,1,7,1,0,0,1,1.0,1.0,35.51493,450.6004,-28.18689,0.03124829,0.7761871,-0.6285444,0.03858843;
custom,arc180,default,4,1,2,1,0,0,0,1.0,1.0,33.04088,443.5691,-24.14392,-0.5518665,0.496533,0.4972987,-0.4489905;
