custom,cuboid,ice1,250,250,250,1,0,0,1,1.0,1.0,-22.8991,-1247.844,22.66578,0,0.9999996,0,-0.0009080524;
custom,capsule,stone9,80,50,40,0,0,0,1,1.0,1.0,-735.4153,111.4274,-273.1737,-0.2489449,0.6036542,0.1432641,0.7437093;
custom,cone,stone9,7,20,7,0,0,0,1,0.3,0.3,-335.6063,-49.6841,-1018.357,-0.3358807,0.8814408,0.08741586,-0.3203198;
custom,capsule,stone9,7,7,7,0,0,0,1,0.3,0.3,505.1971,338.4952,329.8526,-0.142501,0.7701888,-0.184906,-0.5935593;
custom,capsule,stone9,7,7,7,0,0,0,1,0.3,0.3,372.0235,226.5636,433.455,-0.506191,0.8120154,-0.1785715,-0.2291592;
custom,capsule,stone9,7,7,7,0,0,0,1,0.3,0.3,445.0022,184.963,421.5598,-0.4733222,0.8027765,0.05239729,-0.3588463;
custom,capsule,stone9,7,7,7,0,0,0,1,0.3,0.3,460.1228,414.8415,316.398,0.002633658,0.3735626,-0.293169,-0.8800546;
custom,capsule,stone9,7,7,7,0,0,0,1,0.3,0.3,408.3105,487.7311,281.4694,-0.3838229,0.849255,-0.007948496,0.3624677;
custom,capsule,stone9,7,7,7,0,0,0,1,0.3,0.3,551.0974,344.8146,253.8504,-0.2189267,0.4890997,0.1283129,0.8344989;
custom,capsule,stone9,7,7,7,0,0,0,1,0.3,0.3,579.2745,313.0492,181.8847,-0.4121674,0.4646948,0.1279214,0.7731836;
custom,capsule,stone9,7,7,7,0,0,0,1,0.3,0.3,607.5933,276.4479,100.4153,-0.5282253,0.471316,0.1840775,0.6818759;
custom,capsule,stone9,7,7,7,0,0,0,1,0.3,0.3,483.7171,406.0557,223.2682,-0.4531906,0.4939894,0.2959985,0.6804246;
custom,capsule,stone9,7,7,7,0,0,0,1,0.3,0.3,405.0182,423.0424,189.7337,-0.5748326,0.3990467,0.3786813,0.6057472;
custom,capsule,stone9,7,7,7,0,0,0,1,0.3,0.3,513.8951,336.0346,141.0168,-0.6185924,0.3602066,0.3984916,0.5734102;
custom,capsule,stone9,7,7,7,0,0,0,1,0.3,0.3,440.9751,311.1408,114.2562,-0.683422,0.3108664,0.5173686,0.4106413;
custom,capsule,stone9,7,7,7,0,0,0,1,0.3,0.3,535.7788,271.2488,63.94604,-0.6934106,0.3224642,0.4445546,0.4664438;
custom,capsule,stone9,7,7,7,0,0,0,1,0.3,0.3,503.1591,222.3182,50.26763,0.07836029,0.5513284,-0.05211579,0.8289636;
custom,tube,stone9,30,40,12,0,0,0,1,0.3,0.3,560.6812,95.43978,266.4763,-0.5178321,0.6624661,0.3430738,-0.4186753;
custom,capsule,stone9,9,15,8,0,0,0,1,0.3,0.3,505.6754,141.5924,384.7596,0.02791162,0.9685116,-0.127507,0.2120098;
custom,capsule,stone9,9,15,8,0,0,0,1,0.3,0.3,614.2225,88.5826,164.1096,0.07791012,0.2364369,0.01902327,-0.9683315;
map,disablebounds;
custom,tube,stone9,10,10,10,0,0,0,1,0.3,0.3,-571.3994,191.0136,-322.7159,0.2795281,0.7376107,0.431536,-0.4376885;
custom,tube,stone9,10,10,10,0,0,0,1,0.3,0.3,-494.0403,62.34761,-285.7991,0.3409975,0.7602225,0.3663288,-0.4142291;
custom,tube,stone9,10,10,10,0,0,0,1,0.3,0.3,-730.0367,186.2136,42.6498,0.2088721,0.760643,0.470811,-0.395135;
custom,tube,stone9,10,10,10,0,0,0,1,0.3,0.3,-654.9125,70.74759,80.32384,0.2304794,0.8006852,0.4210396,-0.3584805;
custom,killcylinder,bombexplosiontex,1,4,1,1,0,0,1,99999,99999,125.224,321.6283,-56.22817,-0.1873814,0.9822872,3.020864E-05,-0.0001583593;
custom,killcylinder,bombexplosiontex,1,4,1,1,0,0,1,99999,99999,96.72977,322.2649,-56.98677,0.1873798,0.9822787,0.0007816724,0.004097671;
custom,killcylinder,bombexplosiontex,1,2,1,1,0,0,1,99999,99999,112.3853,312.384,-56.37597,-0.6971593,0.7169042,-0.002908266,0.002990634;
custom,killcylinder,bombexplosiontex,1,4,1,1,0,0,1,99999,99999,43.52334,328.7239,-58.73498,0,0.9999599,0,-0.008951948;
custom,killcylinder,bombexplosiontex,1,4,1,1,0,0,1,99999,99999,72.05919,325.5574,-59.85823,0,0.9999636,0,0.008533211;
custom,killcylinder,bombexplosiontex,1,4,1,1,0,0,1,99999,99999,56.08941,326.8839,-59.36643,0.1667621,0.9859566,-0.00149092,-0.008814847;
custom,killcylinder,bombexplosiontex,1,4,1,1,0,0,1,99999,99999,20.50822,327.8713,-62.0205,0,0.9998779,0,-0.01562906;
custom,arc180,bombexplosiontex,6,1,6,1,0,0,1,99999,99999,-3.764165,329.2634,-59.06743,0.7090116,0.02159144,-0.02737621,0.7043344;
custom,killcylinder,bombexplosiontex,1,4,1,1,0,0,1,99999,99999,-69.23992,326.132,-60.72578,-0.2587949,0.9658358,0.003533692,-0.01318792;
custom,killcylinder,bombexplosiontex,1,2,1,1,0,0,1,99999,99999,-58.91765,345.7323,-58.5149,0.2334236,0.9722792,-0.003189238,-0.01328413;
custom,arc180,bombexplosiontex,3,1,1,1,0,0,0,99999,99999,33.01564,436.6628,-22.87399,-0.6478582,0.0357905,-0.007312892,0.7608846;
custom,prism,bombexplosiontex,9,1,9,1,0,0,0,99999,99999,36.38086,451.8103,-31.34066,0.04159843,0.7509161,-0.65731,0.04835445;
custom,prism,bombexplosiontex,7,1,7,1,0,0,1,99999,99999,35.51493,450.6004,-28.18689,0.03124829,0.7761871,-0.6285444,0.03858843;
custom,arc180,bombexplosiontex,4,1,2,1,0,0,0,99999,99999,33.04088,443.5691,-24.14392,-0.5518665,0.496533,0.4972987,-0.4489905;
custom,cylinder,stone4,8,3,8,0,1,1,1,1.0,1.0,1106.401,-19.04917,1135.652,0,0.9996535,0,-0.02632307;
racing,killcuboid,250.2,250.2,250.2,-22.8991,-1247.844,22.66578,0,0.9999996,0,-0.0009080524;
custom,killcuboid,transparent0.5,250.2,250.2,250.2,1,0.0,0.0,1.0,0,0,-22.8991,-1247.844,22.66578,0,0.9999996,0,-0.0009080524;
spawnpoint,playerC,1104.457,11.79939,1134.765,0,0.9999186,0,-0.01276027;
spawnpoint,playerM,1104.116,11.43923,1135.155,0,0.999688,0,-0.02497876;
custom,cuboid,stone4,2,25,25,0,1,1,1,2,2,1105.098,125.7542,1261.797,0,0.7061251,0,-0.7080872;
custom,cuboid,stone4,25,10,25,0,1,1,1,4.0,4.0,1104.213,-47.58505,1144.657,0,1,0,0.0001745395;
custom,killcuboid,bombexplosiontex,25,25,2,1,0,0,0,99999,99999,989.5475,126.1289,1147.643,0,0.7080423,0,0.70617;
custom,killcuboid,bombexplosiontex,25,25,2,1,0,0,0,99999,99999,1220.355,126.1289,1146.595,0,0.7080423,0,0.70617;
custom,killcuboid,bombexplosiontex,25,2,25,1,0,0,0,99999,99999,1104.158,241.1025,1146.914,0,0.001014021,0,0.9999995;
custom,killcuboid,bombexplosiontex,25,20,2,1,0,0,0,99999,99999,1104.802,45.23413,1031.676,0,0.003076564,0,0.9999953;
custom,killcuboid,bombexplosiontex,10,12,2,1,0,0,0,99999,99999,1029.52,189.4362,1034.561,0,-0.004018082,0,0.999992;
custom,killcuboid,bombexplosiontex,10,12,2,1,0,0,0,99999,99999,1179.493,189.4362,1032.813,0,-0.004367145,0,0.9999905;
custom,killcuboid,bombexplosiontex,8,5,2,1,0,0,0,99999,99999,1104.614,223.0355,1030.244,0,0.999983,0,-0.005835525;
custom,killcuboid,bombexplosiontex,1,5,1,1,0,0,1,99999,99999,1135.089,170.4969,1030.585,0,0.9995602,0,-0.02965568;
custom,killcuboid,bombexplosiontex,1,5,1,1,0,0,1,99999,99999,1072.341,170.017,1032.39,0,0.9999937,0,-0.003535069;
custom,killcuboid,bombexplosiontex,1,5,1,1,0,0,1,99999,99999,1105.017,203.295,1031.606,-0.7068162,0.7073702,0.005067756,-0.003548589;
custom,killcuboid,bombexplosiontex,1,5,1,1,0,0,1,99999,99999,1104.321,140.144,1031.533,-0.7071031,0.707103,0.002310192,-0.002310178;
custom,sphere,stone4,3,5,0.4,0,0,0,1,1,1,1102.672,73.73605,1036.492,0,-0.003016617,0,-0.9999955;
misc,barrier,25,25,2,989.5475,126.1289,1147.643,0,0.7080423,0,0.70617;
misc,barrier,25,25,2,1220.355,126.1289,1146.595,0,0.7080423,0,0.70617;
misc,barrier,25,2,25,1104.158,241.1025,1146.914,0,0.001014021,0,0.9999995;
misc,barrier,25,20,2,1104.802,45.23413,1031.676,0,0.003076564,0,0.9999953;
misc,barrier,10,12,2,1029.52,189.4362,1034.561,0,-0.004018082,0,0.999992;
misc,barrier,10,12,2,1179.493,189.4362,1032.813,0,-0.004367145,0,0.9999905;
misc,barrier,8,5,2,1104.614,223.0355,1030.244,0,0.999983,0,-0.005835525;
custom,killcuboid,bombexplosiontex,7,1,10,1,0,0,0,99999,99999,1103.631,140.3737,972.895,0,0.003220635,0,0.9999948;
custom,killcuboid,bombexplosiontex,1,7,10,1,0,0,0,99999,99999,1073.634,171.1353,974.0333,0,0.9999947,0,-0.003267423;
custom,killcuboid,bombexplosiontex,7,1,10,1,0,0,0,99999,99999,1103.613,201.5742,972.2953,0,0.003220635,0,0.9999948;
custom,killcuboid,bombexplosiontex,1,7,10,1,0,0,0,99999,99999,1133.27,171.1353,971.2433,0,0.9999947,0,-0.003267423;
misc,barrier,7,1,10,1103.631,140.3737,972.895,0,0.003220635,0,0.9999948;
misc,barrier,1,7,10,1073.634,171.1353,974.0333,0,0.9999947,0,-0.003267423;
misc,barrier,7,1,10,1103.613,201.5742,972.2953,0,0.003220635,0,0.9999948;
misc,barrier,1,7,10,1133.27,171.1353,971.2433,0,0.9999947,0,-0.003267423;
racing,startTube,10,10,10,1106.699,35.28535,1130.913,0,0.9560047,0,0.2933514;
racing,startCylinder,10,1,10,1104.928,63.1086,1138.898,0,0.9999924,0,-0.003916536;
custom,cuboid,stone4,40,2,40,0,0,0,0,7,7,943.896,134.8383,735.73,0,0.01668905,0,0.9998608;
misc,barrier,40,2,40,933.6445,204.4385,738.2086,0,0.01668905,0,0.9998608;
custom,cuboid,stone4,40,7,2,0,0,0,0,5,2,746.0505,159.693,742.1403,0,0.6953127,0,-0.7187074;
custom,cuboid,stone4,40,7,2,0,0,0,0,5,2,1133.836,159.493,728.5249,0,0.6953127,0,-0.7187074;
custom,cuboid,stone4,33,7,2,0,0,0,0,5,2,907.5684,160.4866,926.492,0,0.9998584,0,-0.01682898;
custom,cuboid,stone4,30,7,1,0,1,1,1,5,2,903.7935,159.6703,783.363,0,0.01690945,0,0.9998571;
custom,cuboid,stone4,30,7,1,0,1,1,1,5,2,992.5841,159.2702,714.9533,0,0.01690945,0,0.9998571;
custom,cuboid,stone4,30,7,1,0,1,1,1,5,2,883.8859,159.2702,652.1425,0,0.01690945,0,0.9998571;
custom,cuboid,stone4,30,7,1,0,1,1,1,5,2,879.5626,159.2702,542.5186,0,0.01690945,0,0.9998571;
custom,cuboid,stone4,12,7,2,0,1,1,1,5,2,1022.13,159.4514,592.8503,0,0.6958499,0,-0.7181873;
custom,cuboid,stone4,30,7,1,0,1,1,1,5,2,996.4487,159.2702,852.572,0,0.01690945,0,0.9998571;
custom,cuboid,stone4,12,2,50,0,1,1,1,3,7,1055.279,134.5026,-212.9656,0,0.9998701,0,-0.01611984;
custom,cuboid,stone4,12,2,50,0,1,1,1,3,7,1039.172,134.9826,-710.9212,0,0.9998701,0,-0.01611984;
custom,cuboid,stone4,12,2,50,0,1,1,1,3,7,1071.636,134.9826,287.3012,0,0.9998701,0,-0.01611984;
custom,cuboid,stone4,3,6,3,0,1,1,1,1,1,1096.363,166.1278,309.0846,0,0.01762124,0,0.9998448;
custom,cuboid,stone4,3,6,3,0,1,1,1,1,1,1023.035,171.0585,-46.71303,0,0.01371032,0,0.999906;
custom,cuboid,stone4,3,6,3,0,1,1,1,1,1,1068.204,170.7103,-375.2071,0,0.7216014,0,0.6923088;
custom,cuboid,stone4,12,2,50,0,1,1,1,3,7,839.0779,135.1024,-1011.155,0,0.7208369,0,0.6931048;
racing,killcuboid,12,2,50,839.0779,135.1824,-1011.155,0,0.7208369,0,0.6931048;
racing,killcuboid,12,2,50,1055.395,135.3826,-211.3658,0,0.9998701,0,-0.01611984;
racing,killcuboid,12,2,50,1039.164,135.3825,-710.6868,0,0.9998701,0,-0.01611984;
racing,killcuboid,12,2,50,1071.636,135.2626,287.3012,0,0.9998701,0,-0.01611984;
custom,killcuboid,bombexplosiontex,2,7,150,1,0,0,0,99999,99999,995.6442,159.8725,-207.9591,0,0.9998621,0,-0.01661371;
custom,killcuboid,bombexplosiontex,2,7,172,1,0,0,0,99999,99999,1098.816,159.8725,-220.9482,0,0.9998049,0,-0.01975478;
custom,killcuboid,bombexplosiontex,13,2,172,1,0,0,0,99999,99999,1043.922,204.2319,-219.0401,0,0.01979048,0,0.9998041;
custom,killcuboid,bombexplosiontex,5,7,5,1,0,0,0,99999,99999,1087.924,178.4301,310.07,0,0.7207029,0,0.6932442;
custom,killcuboid,bombexplosiontex,5,7,5,1,0,0,0,99999,99999,1035.115,178.7403,-47.62389,0,0.6910134,0,-0.722842;
custom,killcuboid,bombexplosiontex,5,7,5,1,0,0,0,99999,99999,1058.412,177.8903,-377.9884,0,0.7204654,0,0.6934909;
misc,barrier,2,7,150,995.6442,159.8725,-207.9591,0,0.9998621,0,-0.01661371;
misc,barrier,2,7,172,1098.816,159.8725,-220.9482,0,0.9998049,0,-0.01975478;
misc,barrier,13,2,172,1043.922,204.2319,-219.0401,0,0.01979048,0,0.9998041;
misc,barrier,5,7,5,1087.924,178.4301,310.07,0,0.7207029,0,0.6932442;
misc,barrier,5,7,5,1034.881,178.7403,-47.63906,0,0.6910134,0,-0.722842;
misc,barrier,5,7,5,1059.082,177.8903,-377.9462,0,0.7223992,0,0.6914762;
custom,cylinder,stone4,3,3,3,0,0,0,0,1,1,995.3356,164.5625,-861.8889,0,0.1291481,0,-0.9916253;
custom,killcuboid,bombexplosiontex,65,7,2,1,0,0,0,99999,99999,762.3015,164.3865,-1058.142,0,0.01960237,0,0.9998079;
custom,killcuboid,bombexplosiontex,54,7,2,1,0,0,0,99999,99999,710.3318,160.9866,-956.5591,0,0.01960237,0,0.9998079;
custom,killcuboid,bombexplosiontex,51,2,13,1,0,0,0,99999,99999,695.4428,205.1869,-1001.957,0,0.01960237,0,0.9998079;
misc,barrier,65,7,2,762.3015,164.3865,-1058.142,0,0.01960237,0,0.9998079;
misc,barrier,54,7,2,710.3318,160.9866,-956.5591,0,0.01960237,0,0.9998079;
misc,barrier,51,2,13,695.4428,205.1869,-1001.957,0,0.01960237,0,0.9998079;
custom,cuboid,stone4,12,20,2,0,1,1,1,2,3,450.2704,103.7791,-992.9042,0,0.7210267,0,0.6929074;
racing,killCuboid,2,13,65,770.222,65.00491,-868.5059,0,0.7213114,0,0.6926109;
racing,killCuboid,2,13,60,729.0907,65.00491,-955.9715,0,0.7213114,0,0.6926109;
racing,killCuboid,20,13,2,1081.33,65.29549,-970.5363,0,0.6941053,0,-0.7198735;
racing,killCuboid,2,13,65,760.9178,65.00491,-1054.329,0,0.7213114,0,0.6926109;
racing,killCuboid,12,2,65,771.8306,134.5989,-907.512,0,0.6931387,0,-0.7208043;
racing,killCuboid,12,2,65,765.0098,10.59917,-1006.1,0,0.6931387,0,-0.7208043;
racing,killCuboid,12,2,65,772.0938,10.59917,-908.1364,0,0.6931387,0,-0.7208043;
misc,barrier,1,13,65,770.222,65.00491,-868.5059,0,0.7213114,0,0.6926109;
misc,barrier,1,13,60,729.0907,65.00491,-955.9715,0,0.7213114,0,0.6926109;
misc,barrier,20,13,1,1081.33,65.29549,-970.5363,0,0.6941053,0,-0.7198735;
misc,barrier,1,13,65,762.5148,65.00491,-1053.944,0,0.7213114,0,0.6926109;
misc,barrier,12,1,65,771.8306,134.5989,-907.512,0,0.6931387,0,-0.7208043;
misc,barrier,12,1,65,765.0098,10.59917,-1006.1,0,0.6931387,0,-0.7208043;
misc,barrier,12,1,65,772.0938,10.59917,-908.1364,0,0.6931387,0,-0.7208043;
racing,killCuboid,10,8,3,952.7957,93.17874,-1017.627,0,0.6943308,0,-0.7196561;
racing,killCuboid,8,4,3,655.9037,105.3788,-945.8901,0,0.6918145,0,-0.7220753;
racing,killCuboid,5,4,3,652.3087,105.5789,-1031.171,0,0.6918145,0,-0.7220753;
racing,killCylinder,3,10,3,868.3784,25.62682,-995.2884,0,0.7169577,0,0.6971167;
racing,killCylinder,3,10,3,833.0364,28.76767,-1025.568,0,0.7123811,0,0.7017929;
racing,killCuboid,10,8,3,653.2477,52.17892,-1001.184,0,0.6918145,0,-0.7220753;
racing,killPrism,3,3,3,734.3856,95.48235,-979.3063,0.01274216,-0.0005039891,0.703304,-0.7107748;
racing,killPrism,3,3,10,734.2317,53.45998,-1004.92,0.4821815,0.5177124,-0.5069806,0.4923877;
racing,killPrism,3,3,3,735.8519,97.88234,-1024.64,0.7020102,0.7120091,-0.01273975,-0.007904691;
racing,killPrism,3,3,3,733.0727,112.2823,-1004.789,0.5002729,0.4925188,0.4926537,-0.5142418;
racing,killCuboid,3,3,3,931.5842,63.42907,-936.961,0,0.7016265,0,-0.7125449;
racing,killCuboid,3,3,3,841.8524,81.02915,-899.8749,0,0.6874999,0,-0.7261845;
racing,killCuboid,3,3,3,639.5447,54.76874,-918.41,0,0.6698741,0,-0.7424747;
racing,killCuboid,3,3,3,513.5018,79.49368,-884.4254,0,0.6859078,0,-0.7276885;
racing,killCuboid,10,8,3,952.7957,93.37874,-1017.627,0,0.6943308,0,-0.7196561;
racing,killCuboid,8,4,3,655.9037,105.3788,-945.8901,0,0.6918145,0,-0.7220753;
racing,killCuboid,5,4,3,652.3087,105.5789,-1031.171,0,0.6918145,0,-0.7220753;
racing,killCylinder,3,10,3,868.3784,25.62682,-995.2884,0,0.7169577,0,0.6971167;
racing,killCylinder,3,10,3,833.0364,28.76767,-1025.568,0,0.7123811,0,0.7017929;
racing,killCuboid,10,8,3,653.2477,52.17892,-1001.184,0,0.6918145,0,-0.7220753;
racing,killPrism,3,3,3,734.3856,95.48235,-979.3063,0.01274216,-0.0005039891,0.703304,-0.7107748;
racing,killPrism,3,3,10,734.2317,53.45998,-1004.92,0.4821815,0.5177124,-0.5069806,0.4923877;
racing,killPrism,3,3,3,735.8519,97.88234,-1024.64,0.7020102,0.7120091,-0.01273975,-0.007904691;
racing,killPrism,3,3,3,733.0727,112.2823,-1004.789,0.5002729,0.4925188,0.4926537,-0.5142418;
racing,killCuboid,3,3,3,931.5842,63.42907,-936.961,0,0.7016265,0,-0.7125449;
racing,killCuboid,3,3,3,841.8524,81.02915,-899.8749,0,0.6874999,0,-0.7261845;
racing,killCuboid,3,3,3,639.5447,54.76874,-918.41,0,0.6698741,0,-0.7424747;
racing,killCuboid,3,3,3,513.5018,79.49368,-884.4254,0,0.6859078,0,-0.7276885;
custom,cuboid,stone4,10,8,2,0,1,1,1,2,3,453.3864,19.73362,-896.6935,0,0.7214239,0,0.6924939;
custom,cuboid,stone4,10,7,2,0,1,1,1,2,3,454.3286,109.6136,-897.0306,0,0.7217283,0,0.6921764;
racing,killcuboid,10,8,2,454.7752,19.73362,-896.8495,0,0.7214239,0,0.6924939;
racing,killcuboid,10,7,2,455.7174,109.6136,-897.1866,0,0.7217283,0,0.6921764;
custom,cuboid,stone4,20,2,7,0,1,1,1,9,4,412.2484,22.90212,-833.0808,0,0.7219691,0,0.6919253;
custom,cuboid,stone4,20,2,7,0,1,1,1,9,4,412.2484,104.5019,-833.0808,0,0.7219691,0,0.6919253;
custom,cuboid,stone4,20,14,2,0,1,1,1,9,4,385.1802,43.10215,-832.2304,0,0.7219691,0,0.6919253;
custom,cuboid,stone4,12,14,2,0,1,1,1,5,5,457.5961,44.10215,-795.2907,0,0.7219691,0,0.6919253;
custom,cuboid,stone4,10,8,2,0,1,1,1,3,3,413.5882,70.53927,-924.5906,0,0.02077555,0,0.9997842;
custom,cylinder,stone7,3,0.1,3,1,1,1,0,3,3,418.2836,32.03756,-890.1423,0,0.9983226,0,-0.05789633;
racing,checkpointCuboid,2,1,2,418.4843,37.85017,-889.4911,0,0.9994377,0,-0.03352914;
racing,killCuboid,10,3,70,430.7561,113.0443,-505.7762,0,0.02131688,0,0.9997728;
racing,killCuboid,10,3,70,437.0216,6.644616,-391.1086,0,0.02131688,0,0.9997728;
racing,killCuboid,2,10,70,401.1561,62.44455,-389.9428,0,0.02131688,0,0.9997728;
racing,killCuboid,2,10,70,477.2416,57.64457,-392.9544,0,0.02131688,0,0.9997728;
custom,cylinder,stone4,1,6,1,0,1,1,0,3,3,440.8047,60.44975,-366.1856,0,0.9999945,0,0.003330658;
racing,killCuboid,10,50,2,453.6111,150.6305,-51.77145,0,0.9998611,0,-0.01667093;
racing,killCuboid,10,15,2,446.6925,201.2312,-166.0739,0,0.9996775,0,-0.02539562;
racing,killCuboid,2,29,14,412.7988,253.8305,-107.3306,0,0.9998611,0,-0.01667093;
racing,killCuboid,2,29,14,493.3468,253.0314,-110.2518,0,0.9998611,0,-0.01667093;
custom,cylinder,stone4,3,5,3,0,1,1,0.9090909,2,2,441.9658,116.8995,-179.497,-0.703992,0.7097232,0.01438406,-0.02193859;
misc,barrier,10,50,1,453.6111,150.6305,-51.77145,0,0.9998611,0,-0.01667093;
misc,barrier,10,15,1,446.6925,201.2312,-166.0739,0,0.9996775,0,-0.02539562;
misc,barrier,1,29,14,412.7988,253.8305,-107.3306,0,0.9998611,0,-0.01667093;
misc,barrier,1,29,14,493.3468,253.0314,-110.2518,0,0.9998611,0,-0.01667093;
misc,barrier,10,1.5,70,430.7561,113.0443,-505.7762,0,0.02131688,0,0.9997728;
misc,barrier,10,1.5,70,437.0216,6.644616,-391.1086,0,0.02131688,0,0.9997728;
misc,barrier,1,10,70,401.1561,62.44455,-389.9428,0,0.02131688,0,0.9997728;
misc,barrier,1,10,70,477.2416,57.64457,-392.9544,0,0.02131688,0,0.9997728;
racing,killCuboid,10,2,40,293.8608,386.9032,-214.8112,0,0.7285754,0,0.6849657;
racing,killCuboid,10,2,40,293.8608,265.7017,-214.8112,0,0.7285754,0,0.6849657;
misc,barrier,10,1,40,294.3342,265.5017,-214.1792,0,0.7285754,0,0.6849657;
misc,barrier,10,1,40,293.8608,387.3037,-214.8112,0,0.7285754,0,0.6849657;
racing,killCuboid,2,13,40,291.9011,325.5025,-254.7215,0,0.7285754,0,0.6849657;
racing,killCuboid,2,13,29,258.909,324.9024,-157.0842,0,0.7285754,0,0.6849657;
misc,barrier,1,13,40,291.9011,325.5025,-254.7215,0,0.7285754,0,0.6849657;
misc,barrier,1,13,29,258.581,324.9024,-155.4065,0,0.7285754,0,0.6849657;
racing,killCuboid,10,12,2,490.5005,328.3317,-225.0799,0,0.6895202,0,-0.7242664;
racing,killCuboid,10,2,13,450.4977,387.4401,-115.4982,0,0.02159825,0,0.9997668;
misc,barrier,10,12,1,490.5005,328.3317,-225.0799,0,0.6895202,0,-0.7242664;
misc,barrier,10,1,13,450.4977,387.4401,-115.4982,0,0.02159825,0,0.9997668;
racing,killCuboid,2,2,1,458.7519,67.48696,-926.4846,0,0.6861292,0,-0.7274798;
custom,cuboid,stone4,10,5,1,0,1,1,1,2,2,117.3651,283.1601,-195.313,0,0.7290241,0,0.6844882;
custom,cuboid,stone4,4.5,5,1,0,1,1,1,1,1,116.3268,331.6862,-223.2446,0,0.7287883,0,0.6847391;
custom,cuboid,stone4,10,5,1,0,1,1,1,2,2,117.982,357.5612,-195.1818,0,0.7235051,0,0.690319;
custom,cuboid,stone4,4.5,5,1,0,1,1,1,1,1,119.2196,331.6862,-167.7372,0,0.7287884,0,0.6847391;
racing,killcuboid,10,5,1.2,117.3651,283.1601,-195.313,0,0.7290241,0,0.6844882;
racing,killcuboid,4.5,5,1.2,116.3268,331.6862,-223.2446,0,0.7287883,0,0.6847391;
racing,killcuboid,10,5,1.2,117.982,357.5612,-195.1818,0,0.7235051,0,0.690319;
racing,killcuboid,4.5,5,1.2,119.2196,331.6862,-167.7372,0,0.7287884,0,0.6847391;
custom,cuboid,stone4,7,1.5,30,0,1,1,0.9090909,2,8,-28.65582,291.2218,-184.4002,0,0.7330434,0,0.6801819;
custom,cuboid,stone4,7,1.5,30,0,1,1,0.9090909,2,8,-28.78101,350.6225,-184.9911,0,0.7330434,0,0.6801819;
custom,cuboid,stone4,1.5,6,30,0,1,1,0.9090909,8,2,-26.76505,321.0249,-157.5019,0,0.7326168,0,0.6806413;
custom,cuboid,stone4,1.5,6,25,0,1,1,0.9090909,8,2,-10.7385,321.0249,-213.3044,0,0.7326168,0,0.6806414;
custom,cylinder,stone4,3,5,3,0,1,1,0.9090909,2,2,392.509,326.6521,-145.1621,0,0.9372578,0,0.3486373;
custom,cuboid,stone4,12,6,1.5,0,1,1,0.9090909,5,2,-173.4263,322.5948,-203.4448,0,0.7339044,0,0.6792529;
custom,cuboid,stone4,5,6,1.5,0,1,1,0.9090909,2,2,-130.2508,328.9952,-234.5217,0,0.7339044,0,0.6792529;
custom,cuboid,stone4,6,12,1.5,0,1,1,0.9090909,2,6,-155.0822,352.4023,-249.9956,0,0.0441916,0,0.9990231;
custom,cuboid,stone4,6,1.5,6,0,1,1,0.9090909,2,2,-153.3007,291.2093,-235.2397,0,0.9989309,0,-0.0462308;
custom,cuboid,stone4,6,6,1.5,0,1,1,0.9090909,2,2,-175.2008,382.4753,-224.0983,0,0.7335435,0,0.6796426;
custom,cuboid,stone4,12,6,1.5,0,1,1,0.9090909,4,2,-120.6755,382.5407,-205.7144,0,0.9993143,0,-0.03702689;
custom,cuboid,stone4,12,1.5,6,0,1,1,0.9090909,4,2,-122.3619,404.5823,-230.2562,0,0.04623582,0,0.9989306;
custom,cuboid,stone4,6,1.5,70,0,1,1,0.9090909,2,13,-126.8338,404.7505,-527.7108,0,0.9990058,0,-0.04458062;
custom,cuboid,stone4,6,1.5,70,0,1,1,0.9090909,2,13,-130.1667,351.75,-534.541,0,0.9990058,0,-0.04458062;
custom,cuboid,stone4,1.5,6,70,0,1,1,0.9090909,13,2,-102.597,375.5497,-537.7276,0,0.9990058,0,-0.04458062;
custom,cuboid,stone4,1.5,6,64,0,1,1,0.9090909,13,2,-160.4113,373.9498,-563.4347,0,0.9990058,0,-0.04458062;
custom,cuboid,stone4,6,4,1,0,1,1,0.9090909,2,2,44.75536,347.6025,-185.9393,0,0.73855,0,0.6741987;
custom,cuboid,stone4,6,4,1,0,1,1,0.9090909,2,2,-27.4579,344.4931,-189.1735,0,0.7473174,0,0.6644673;
custom,cuboid,stone4,6,3,1,0,1,1,0.9090909,2,2,-107.3842,369.0498,-309.5722,0,0.9988314,0,-0.04832998;
custom,cuboid,stone4,6,4,1,0,1,1,0.9090909,2,2,44.75536,294.201,-185.9393,0,0.73855,0,0.6741987;
custom,cuboid,stone4,6,4,1,0,1,1,0.9090909,2,2,-27.4579,297.292,-189.1735,0,0.7473174,0,0.6644673;
custom,cuboid,stone4,6,4,1,0,1,1,0.9090909,2,2,-118.3928,297.9564,-178.8511,0,0.7312268,0,0.6821344;
custom,cuboid,stone4,6,3,1,0,1,1,0.9090909,2,2,-151.9649,387.0509,-689.1468,0,0.9988314,0,-0.04832997;
custom,cuboid,stone4,6,3,1,0,1,1,0.9090909,2,2,-113.0125,386.2508,-384.3867,0,0.9988314,0,-0.04832997;
custom,cuboid,stone4,6,3,1,0,1,1,0.9090909,2,2,-123.4543,368.4498,-457.5052,0,0.9988314,0,-0.04832997;
custom,cuboid,stone4,6,3,1,0,1,1,0.9090909,2,2,-125.9026,386.6508,-532.4916,0,0.9988314,0,-0.04832997;
custom,cuboid,stone4,6,3,1,0,1,1,0.9090909,2,2,-142.206,368.6498,-608.7368,0,0.9988314,0,-0.04832997;
racing,checkpointCuboid,3,3,3,-162.141,376.7795,-895.6904,0,0.7392358,0,0.6734467;
racing,killcuboid,7.1,1.6,30.1,-28.65582,291.2218,-184.4002,0,0.7330434,0,0.6801819;
racing,killcuboid,7.1,1.6,30.1,-28.78101,350.6225,-184.9911,0,0.7330434,0,0.6801819;
racing,killcuboid,1.6,6.1,30.1,-26.76505,321.0249,-157.5019,0,0.7326168,0,0.6806413;
racing,killcuboid,1.6,6.1,25.1,-10.7385,321.0249,-213.3044,0,0.7326168,0,0.6806414;
racing,killcuboid,12.1,6.1,1.6,-173.4263,322.5948,-203.4448,0,0.7339044,0,0.6792529;
racing,killcuboid,5.1,6.1,1.6,-130.2508,328.9952,-234.5217,0,0.7339044,0,0.6792529;
racing,killcuboid,6.1,12.1,1.6,-155.0822,352.4023,-249.9956,0,0.0441916,0,0.9990231;
racing,killcuboid,6.1,1.6,6.1,-153.3007,291.2093,-235.2397,0,0.9989309,0,-0.0462308;
racing,killcuboid,6.1,6.1,1.6,-175.2008,382.4753,-224.0983,0,0.7335435,0,0.6796426;
racing,killcuboid,12.1,6.1,1.6,-120.6755,382.5407,-205.7144,0,0.9993143,0,-0.03702689;
racing,killcuboid,12.1,1.6,6.1,-122.3619,404.5823,-230.2562,0,0.04623582,0,0.9989306;
racing,killcuboid,6.1,1.6,70.1,-126.8338,404.7505,-527.7108,0,0.9990058,0,-0.04458062;
racing,killcuboid,6.1,1.6,70.1,-130.1667,351.75,-534.541,0,0.9990058,0,-0.04458062;
racing,killcuboid,1.6,6.1,70.1,-102.597,375.5497,-537.7276,0,0.9990058,0,-0.04458062;
racing,killcuboid,1.6,6.1,64.1,-160.4113,373.9498,-563.4347,0,0.9990058,0,-0.04458062;
racing,killcuboid,6.1,4.1,1.1,44.75536,347.6025,-185.9393,0,0.73855,0,0.6741987;
racing,killcuboid,6.1,4.1,1.1,-27.4579,344.4931,-189.1735,0,0.7473174,0,0.6644673;
racing,killcuboid,6.1,3.1,1.1,-107.3842,369.0498,-309.5722,0,0.9988314,0,-0.04832998;
racing,killcuboid,6.1,4.1,1.1,44.75536,294.201,-185.9393,0,0.73855,0,0.6741987;
racing,killcuboid,6.1,4.1,1.1,-27.4579,297.292,-189.1735,0,0.7473174,0,0.6644673;
racing,killcuboid,6.1,4.1,1.1,-118.3928,297.9564,-178.8511,0,0.7312268,0,0.6821344;
racing,killcuboid,6.1,3.1,1.1,-151.9649,387.0509,-689.1468,0,0.9988314,0,-0.04832997;
racing,killcuboid,6.1,3.1,1.1,-113.0125,386.4508,-384.3867,0,0.9988314,0,-0.04832997;
racing,killcuboid,6.1,3.1,1.1,-123.4543,368.2498,-457.5052,0,0.9988314,0,-0.04832997;
racing,killcuboid,6.1,3.1,1.1,-125.9026,386.8509,-532.4916,0,0.9988314,0,-0.04832997;
racing,killcuboid,6.1,3.1,1.1,-142.206,368.2498,-608.7368,0,0.9988314,0,-0.04832997;
custom,cylinder,stone4,7,30,7,0,1,1,1,2,10,-169.9561,121.8004,-978.3754,0,0.03520579,0,0.9993801;
custom,cuboid,stone4,8,1.5,8,0,1,1,1,2,2,-208.927,249.4392,-935.6989,0,0.4443623,0,0.8958472;
custom,cuboid,stone4,8,1.5,8,0,1,1,1,2,2,-164.9193,234.7993,-923.0296,0,0.04401247,0,0.999031;
custom,cuboid,stone4,8,1.5,8,0,1,1,1,2,2,-124.1966,219.999,-943.0511,0,0.4064583,0,0.9136693;
custom,cuboid,stone4,8,1.5,8,0,1,1,1,2,2,-111.0875,205.276,-982.4121,0,0.04401247,0,0.999031;
custom,cuboid,stone4,8,1.5,8,0,1,1,1,2,2,-216.1755,279.159,-1015.2,0,0.4443623,0,0.8958472;
custom,cuboid,stone4,8,1.5,8,0,1,1,1,2,2,-175.3007,175.9969,-1037.327,0,0.04401247,0,0.999031;
custom,cuboid,stone4,8,1.5,8,0,1,1,1,2,2,-131.3798,308.318,-1022.964,0,0.4064583,0,0.9136693;
custom,cuboid,stone4,8,1.5,8,0,1,1,1,2,2,-228.7693,264.3199,-971.4581,0,0.04401247,0,0.999031;
custom,cuboid,stone4,8,1.5,8,0,1,1,1,2,2,-208.927,131.8776,-935.6989,0,0.4443623,0,0.8958472;
custom,cuboid,stone4,8,1.5,8,0,1,1,1,2,2,-164.9193,351.1606,-923.0296,0,0.04401247,0,0.999031;
custom,cuboid,stone4,8,1.5,8,0,1,1,1,2,2,-124.1966,336.5603,-943.0511,0,0.4064583,0,0.9136693;
custom,cuboid,stone4,8,1.5,8,0,1,1,1,2,2,-111.0875,322.3571,-982.4121,0,0.04401247,0,0.999031;
custom,cuboid,stone4,8,1.5,8,0,1,1,1,2,2,-216.1755,161.4777,-1015.2,0,0.4443623,0,0.8958472;
custom,cuboid,stone4,8,1.5,8,0,1,1,1,2,2,-175.3007,293.5982,-1037.327,0,0.04401247,0,0.999031;
custom,cuboid,stone4,8,1.5,8,0,1,1,1,2,2,-131.3798,190.6364,-1022.964,0,0.4064583,0,0.9136693;
custom,cuboid,stone4,8,1.5,8,0,1,1,1,2,2,-228.7693,146.8789,-971.4581,0,0.04401247,0,0.999031;
custom,tube,bombexplosiontex,20.2,35,20.2,1,0,0,0,999999,99999,-173.9787,226.1169,-975.9598,0,0.6515556,0,-0.7586009;
custom,cuboid,stone4,8,10,1.5,0,0,0,0,2,2,-100.7169,407.6739,-1046.406,0,0.9280503,0,0.3724551;
custom,cuboid,stone4,8,10,1.5,0,0,0,0,2,2,-100.7218,407.914,-905.9525,0,0.3936566,0,0.9192576;
custom,cuboid,stone4,8,10,1.5,0,0,0,0,2,2,-71.60857,407.7251,-977.7375,0,0.6909761,0,0.7228776;
custom,cuboid,stone4,8,10,1.5,0,0,0,0,2,2,-171.9998,407.5316,-1069.994,0,0.9983683,0,-0.05710289;
custom,cuboid,stone4,8,10,1.5,0,0,0,0,2,2,-238.8554,407.2553,-1034.955,0,0.9067917,0,-0.4215788;
custom,cuboid,stone4,8,10,1.5,0,0,0,0,2,2,-257.951,407.0565,-963.1623,0,0.6372918,0,-0.7706226;
custom,cuboid,stone4,8,10,1.5,0,0,0,0,2,2,-220.2121,407.0689,-900.0148,0,0.3463602,0,-0.9381016;
custom,cylinder,stone4,20,1,20,0,0,0,0,2,2,-169.2737,402.2831,-971.1854,0,0.06357014,0,0.9979774;
custom,cuboid,stone4,8,5,1,0,0,0,0,2,2,-194.7885,381.2356,-914.0133,0,0.6418486,0,0.7668314;
racing,killtube,20,35,20,-173.9787,226.1169,-975.9598,0,0.6515556,0,-0.7586009;
custom,cuboid,stone4,8,10,1,0,0,0,0,2,2,-124.2948,153.7111,-952.5566,0,-0.006248204,0,-0.9999805;
custom,cuboid,stone4,8,20,1,0,0,0,0,2,8,-157.7326,64.18746,-918.6456,0.260486,0.6911655,-0.2976629,0.6048421;
custom,cuboid,stone4,3,3,1,0,0,0,0,2,8,-139.7173,96.68431,-953.4995,0,0.9999642,0,0.008466753;
racing,killcuboid,8.1,20.1,1.1,-157.7326,64.18746,-918.6456,0.260486,0.6911655,-0.2976629,0.6048421;
custom,cuboid,stone4,8,18,1,0,0,0,0,2,8,-277.4568,89.22724,-908.8204,0.3460488,0.6402675,-0.3954372,0.560301;
racing,killCuboid,20,10,1.5,-247.893,48.97062,-946.5314,-0.2321237,0.9652032,0.07966313,-0.09030674;
racing,killCuboid,20,10,1.5,-213.8206,75.37051,-879.2766,-0.3522072,0.9348012,0.01059655,-0.04454776;
racing,killCuboid,40,10,1.5,-442.223,23.94798,-845.0541,0,0.9968293,0,-0.07957006;
racing,killCuboid,40,10,1.5,-453.6208,24.54799,-902.949,0,0.99304,0,-0.1177775;
misc,barrier,40,10,1,-442.223,23.94798,-845.0541,0,0.9968293,0,-0.07957006;
misc,barrier,40,10,1,-453.6208,24.54799,-902.949,0,0.99304,0,-0.1177775;
racing,killCuboid,40,10,1.5,-843.0169,24.77393,-813.4033,0,0.1082193,0,0.9941271;
racing,killCuboid,40,10,1.5,-831.5034,24.77393,-763.3989,0,0.12486,0,0.9921744;
racing,killCuboid,17,10,1.5,-1102.396,24.7235,-720.8849,0,0.3209941,0,0.9470812;
racing,killCuboid,17,10,1.5,-1088.922,24.7235,-663.9653,0,0.3209941,0,0.9470812;
racing,killCuboid,10,10,1.5,-1153.773,24.60033,-614.1365,0,0.3232087,0,0.9463277;
racing,killCuboid,1.5,10,50,-1181.259,24.57203,-340.6011,0,0.01762061,0,0.9998448;
racing,killCuboid,10,10,1.5,-1209.469,24.60033,-638.741,0,0.3232087,0,0.9463277;
racing,killCuboid,1.5,10,60,-1235.616,24.57203,-315.306,0,0.01762061,0,0.9998448;
racing,killCuboid,1.5,10,50,-1139.432,24.83265,165.0544,0,0.1890262,0,0.981972;
racing,killCuboid,1.5,10,50,-1080.068,24.83265,138.5711,0,0.1890262,0,0.981972;
racing,killCuboid,40,10,1.5,-806.6218,24.95136,297.0191,0,0.982354,0,-0.1870309;
misc,barrier,40,10,1,-843.0169,24.77393,-813.4033,0,0.1082193,0,0.9941271;
misc,barrier,40,10,1,-831.5034,24.77393,-763.3989,0,0.12486,0,0.9921744;
misc,barrier,17,10,1,-1102.396,24.7235,-720.8849,0,0.3209941,0,0.9470812;
misc,barrier,17,10,1,-1088.922,24.7235,-663.9653,0,0.3209941,0,0.9470812;
misc,barrier,10,10,1,-1153.773,24.60033,-614.1365,0,0.3232087,0,0.9463277;
misc,barrier,1,10,50,-1181.259,24.57203,-340.6011,0,0.01762061,0,0.9998448;
misc,barrier,10,10,1,-1209.469,24.60033,-638.741,0,0.3232087,0,0.9463277;
misc,barrier,1,10,60,-1235.616,24.57203,-315.306,0,0.01762061,0,0.9998448;
misc,barrier,1,10,50,-1139.432,24.83265,165.0544,0,0.1890262,0,0.981972;
misc,barrier,1,10,50,-1080.068,24.83265,138.5711,0,0.1890262,0,0.981972;
misc,barrier,8,2,50,-545.3564,83.85481,-852.8654,0,0.6365324,0,-0.77125;
misc,barrier,8,2,50,-1215.458,82.64498,-506.2759,0,-0.01128321,0,-0.9999363;
misc,barrier,8,2,50,-957.7552,84.51218,-751.8738,0,0.57037,0,-0.8213879;
misc,barrier,8,2,10,-1156.342,83.3602,-636.0699,0,0.3263645,0,-0.945244;
misc,barrier,8,2,25,-1199.815,83.02643,-142.2626,0,0.04464314,0,0.999003;
misc,barrier,8,2,45,-1100.627,81.72253,171.6132,0,0.1892686,0,0.9819254;
custom,cylinder,stone4,3,4,3,0,0,0,0,2,2,-1058.132,41.84403,386.567,0,0.1855456,0,0.9826357;
custom,cylinder,stone4,3,4,3,0,0,0,0,2,2,-978.291,41.84403,352.2108,0,0.1855456,0,0.9826357;
custom,cylinder,stone4,3,4,3,0,0,0,0,2,2,-1162.304,33.54691,-97.40586,0,0.9864453,0,-0.1640907;
custom,cylinder,stone4,3,4,3,0,0,0,0,2,2,-1238.626,34.46429,-62.57031,0,0.8992099,0,-0.4375176;
custom,cylinder,stone4,3,4,3,0,0,0,0,2,2,-1174.079,30.0349,-577.071,0,0.8984053,0,0.4391674;
custom,cylinder,stone4,3,4,3,0,0,0,0,2,2,-1257.51,33.67995,-611.6309,0,0.6218259,0,0.7831556;
custom,cylinder,stone4,3,4,3,0,0,0,0,2,2,-1012.08,27.66096,-703.8113,0,0.6404504,0,0.7679995;
custom,cylinder,stone4,3,4,3,0,0,0,0,2,2,-1042.633,30.92601,-781.7115,0,0.1921066,0,0.9813741;
custom,cylinder,stone4,3,4,3,0,0,0,0,2,2,-641.3409,36.03841,-869.4075,0,0.7724816,0,0.6350371;
custom,cylinder,stone4,3,4,3,0,0,0,0,2,2,-632.6088,36.03841,-801.4097,0,0.7724816,0,0.6350371;
racing,killCuboid,40,10,1.5,-844.7185,22.35135,383.5216,0,0.982354,0,-0.1870309;
racing,killCuboid,40,10,1.5,-737.7158,22.35135,409.4769,0,0.982354,0,-0.1870309;
racing,killCuboid,40,10,1.5,-795.0201,22.35135,500.5027,0,0.982354,0,-0.1870309;
racing,killCuboid,40,10,1.5,-695.0924,22.35135,527.6016,0,0.982354,0,-0.1870309;
racing,killCuboid,5,10,1.5,-618.1804,24.75355,222.7069,0,0.9849698,0,-0.1727269;
racing,killCuboid,30,10,1.5,-559.4883,25.00403,337.4075,0,0.5775895,0,-0.8163274;
racing,killCuboid,45,10,1.5,-969.2819,24.30647,582.9164,0,0.832739,0,0.5536658;
racing,killCuboid,28,10,1.5,-762.5643,24.07049,733.0102,0,0.9810696,0,-0.1936554;
racing,killTube,15,10,15,-725.9327,34.64548,680.5974,0,0.568633,0,-0.8225914;
racing,killTube,15,10,15,-532.081,34.93314,553.6549,0,0.6711176,0,-0.7413509;
racing,killTube,15,10,15,-334.3507,35.43502,400.4054,0,0.5595253,0,-0.8288133;
racing,killCuboid,1.5,10,30,-413.9614,24.20232,278.0789,0,0.5663533,0,-0.8241626;
racing,killCuboid,1.5,10,30,-558.9525,24.00016,726.3563,0,0.8349057,0,0.5503932;
racing,killCuboid,25,10,1.5,-360.3497,24.21358,564.0181,0,0.873041,0,-0.4876469;
racing,killCuboid,1.5,10,10,-299.0842,29.02718,298.1992,0,0.5542309,0,-0.832363;
racing,killCuboid,1.5,10,10,-628.1115,23.76762,705.6046,0,0.9790625,0,-0.2035599;
custom,cylinder,stone4,14,10,14,0,1,1,1,1.0,1.0,-721.8306,-31.06959,681.5781,0,0.7933365,0,0.6087834;
custom,cylinder,stone4,14,10,14,0,1,1,1,1.0,1.0,-528.31,-26.43591,555.7932,0,0.2249425,0,0.974372;
custom,cylinder,stone4,14,10,14,0,1,1,1,1.0,1.0,-330.4989,-26.81273,395.6075,0,0.1542756,0,0.9880279;
custom,cuboid,stone4,30,3,1,0,1,1,1,10,1.0,-736.528,39.90453,545.5542,0,0.1876037,0,0.9822448;
custom,cuboid,stone4,30,3,1,0,1,1,1,10,1.0,-752.7467,39.90453,484.9406,0,0.1876037,0,0.9822448;
custom,cuboid,stone4,30,3,1,0,1,1,1,10,1.0,-803.8624,39.90453,368.4988,0,0.1876037,0,0.9822448;
custom,cuboid,stone4,30,3,1,0,1,1,1,10,1.0,-782.3026,39.90453,426.9621,0,0.1876037,0,0.9822448;
misc,barrier,40,10,1,-844.7185,22.35135,383.5216,0,0.982354,0,-0.1870309;
misc,barrier,40,10,1,-737.7158,22.35135,409.4769,0,0.982354,0,-0.1870309;
misc,barrier,40,10,1,-795.0201,22.35135,500.5027,0,0.982354,0,-0.1870309;
misc,barrier,40,10,1,-695.0924,22.35135,527.6016,0,0.982354,0,-0.1870309;
misc,barrier,5,10,1,-618.1804,24.75355,222.7069,0,0.9849698,0,-0.1727269;
misc,barrier,30,10,1,-559.4883,25.00403,337.4075,0,0.5775895,0,-0.8163274;
misc,barrier,45,10,1,-969.2819,24.30647,582.9164,0,0.832739,0,0.5536658;
misc,barrier,28,10,1,-762.5643,24.07049,733.0102,0,0.9810696,0,-0.1936554;
racing,killTube,15,10,15,-725.9327,34.64548,680.5974,0,0.568633,0,-0.8225914;
racing,killTube,15,10,15,-532.081,34.93314,553.6549,0,0.6711176,0,-0.7413509;
racing,killTube,15,10,15,-334.3507,35.43502,400.4054,0,0.5595253,0,-0.8288133;
misc,barrier,1,10,30,-413.9614,24.20232,278.0789,0,0.5663533,0,-0.8241626;
misc,barrier,1,10,30,-558.9525,24.00016,726.3563,0,0.8349057,0,0.5503932;
misc,barrier,25,10,1,-360.3497,24.21358,564.0181,0,0.873041,0,-0.4876469;
misc,barrier,1,10,10,-299.0842,29.02718,298.1992,0,0.5542309,0,-0.832363;
misc,barrier,1,10,10,-628.1115,23.76762,705.6046,0,0.9790625,0,-0.2035599;
misc,barrier,40,10,1,-806.6218,24.95136,297.0191,0,0.982354,0,-0.1870309;
misc,barrier,50,3,50,-737.0027,88.72697,526.3948,0,0.823883,0,0.56676;
misc,barrier,40,3,40,-319.8389,88.91943,428.4318,0,0.1839215,0,0.982941;
custom,tube,stone4,7,25,7,0,1,1,1,3,4,-189.2799,38.36946,221.2997,0.3872489,0.5948839,-0.5827258,0.3957045;
racing,endcuboid,7,5,7,-148.8551,40.21682,203.6628,-0.5979961,0.3846859,-0.3976138,-0.5799317;
custom,killcuboid,bombexplosiontex,7,0.01,7,1,1,0,0,1,1,-219.219,39.36257,231.4742,0.3779719,0.6035354,-0.5828272,0.391401;
custom,killcuboid,bombexplosiontex,7,0.01,7,1,1,1,0,1,1,-231.0946,39.76262,237.2665,0.3800161,0.6004753,-0.5859795,0.3894166;
custom,killcuboid,bombexplosiontex,7,0.01,7,1,0,1,0,1,1,-235.2532,37.87541,240.7709,0.3476803,0.6297871,-0.5852348,0.3741481;
custom,killcuboid,bombexplosiontex,7,0.01,7,1,0,1,1,1,1,-246.4263,36.87544,242.0839,0.351579,0.6236241,-0.5917979,0.3704869;
custom,killcuboid,bombexplosiontex,7,0.01,7,1,0,0,1,1,1,-258.1299,36.87543,251.902,0.3576597,0.6230755,-0.5925725,0.3642998;
custom,checkpointprism,default,1,0.01,3,1,0,0,1,99999,99999,-117.8399,115.6249,-922.5724,-0.2708837,0.657477,0.1893718,0.6771147;
custom,checkpointprism,default,1,0.01,3,1,0,0,1,99999,99999,-97.20311,132.4247,-922.9574,-0.2874073,0.6461853,0.2184369,0.6724039;
