map,disablebounds;
custom,cuboid,default,625,7.5,625,1,0.552,0.172,0.904,40,40,-7.755,-32.5,5.325,0,0,0,0;
racing,killCuboid,625.2,7.7,625.2,-7.755,-32.5,5.325,0,0,0,0;
custom,cuboid,default,7.5,0.4,5.5,0,1,1,1,1,1,-2742.13,25.5,-2729.05,0,0,0,0;
spawnpoint,playerC,-2742.13,27.5,-2729.05,0,0,0,0;
spawnpoint,playerM,-2742.13,27.5,-2729.05,0,0,0,0;
custom,cuboid,default,0.5,3,0.5,1,0.552,0.172,0.904,1,1,-2707.13,42.5,-2754.05,0,0,0,0;
custom,cuboid,default,0.5,3,0.5,1,0.552,0.172,0.904,1,1,-2777.13,42.5,-2754.05,0,0,0,0;
custom,cuboid,bombexplosiontex,6.49,2.99,0.4,1,0.552,0.172,0.904,1000000,1000000,-2742.13,42.5,-2754.05,0,0,0,0;
custom,cuboid,bombexplosiontex,0.4,2.99,4.99,1,0.552,0.172,0.904,1000000,1000000,-2777.13,42.5,-2726.5,0,0,0,0;
custom,cuboid,bombexplosiontex,0.4,2.99,4.99,1,0.552,0.172,0.904,1000000,1000000,-2707.13,42.5,-2726.5,0,0,0,0;
custom,cuboid,default,7.5,0.4,5.5,0,1,1,1,1,1,-2742.13,59.5,-2729.05,0,0,0,0;
custom,cuboid,default,1,7.5,1,1,0.552,0.172,0.904,1,1,-2707.13,42.5,-2703.55,0,0,0,0;
custom,cuboid,default,1,7.5,1,1,0.552,0.172,0.904,1,1,-2777.13,42.5,-2703.55,0,0,0,0;
custom,cuboid,bombexplosiontex,5.99,1.84,0.7,1,0.552,0.172,0.904,1000000,1000000,-2742.13,70.8,-2705.05,0,0,0,0;
custom,cuboid,bombexplosiontex,5.99,1.84,0.7,1,0.552,0.172,0.904,1000000,1000000,-2742.13,14.25,-2705.05,0,0,0,0;
custom,cuboid,default,8.5,0.5,6.5,0,1,1,1,1,1,-2742.13,21,-2729.05,0,0,0,0;
custom,cuboid,default,9.5,0.5,7.5,0,1,1,1,1,1,-2742.13,16,-2729.05,0,0,0,0;
custom,cuboid,default,10.5,0.5,8.5,0,1,1,1,1,1,-2742.13,11,-2729.05,0,0,0,0;
custom,cuboid,default,11.5,0.5,9.5,0,1,1,1,1,1,-2742.13,6,-2729.05,0,0,0,0;
custom,prism,default,7.5,5.5,2,0,1,1,1,1,1,-2741.43,69.75,-2730.25,0,1,-1,0;
custom,cuboid,bombexplosiontex,1.99,2.24,1,1,0.552,0.172,0.904,1000000,1000000,-2792.13,68.8,-2703.55,0,0,0,0;
racing,killCuboid,1.99,3.015,1,-2792.13,42.525,-2703.55,0,0,0,0;
custom,cuboid,bombexplosiontex,1.99,2.24,1,1,0.552,0.172,0.904,1000000,1000000,-2792.13,16.25,-2703.55,0,0,0,0;
custom,cuboid,bombexplosiontex,1.99,2.24,1,1,0.552,0.172,0.904,1000000,1000000,-2692.13,68.8,-2703.55,0,0,0,0;
racing,killCuboid,1.99,3.015,1,-2692.13,42.525,-2703.55,0,0,0,0;
custom,cuboid,bombexplosiontex,1.99,2.24,1,1,0.552,0.172,0.904,1000000,1000000,-2692.13,16.25,-2703.55,0,0,0,0;
custom,cuboid,bombexplosiontex,1,2.24,50,1,0.552,0.172,0.904,1000000,1000000,-2797.13,68.8,-2458.55,0,0,0,0;
racing,killCuboid,1,3.015,50,-2797.13,42.525,-2458.55,0,0,0,0;
custom,cuboid,bombexplosiontex,1,2.24,50,1,0.552,0.172,0.904,1000000,1000000,-2797.13,16.25,-2458.55,0,0,0,0;
custom,cuboid,bombexplosiontex,1,2.24,38.24,1,0.552,0.172,0.904,1000000,1000000,-2687.13,68.8,-2517.35,0,0,0,0;
racing,killCuboid,1,3.015,38.24,-2687.13,42.525,-2517.35,0,0,0,0;
custom,cuboid,bombexplosiontex,1,2.24,38.24,1,0.552,0.172,0.904,1000000,1000000,-2687.13,16.25,-2517.35,0,0,0,0;
custom,cuboid,default,1.5,7.5,1.5,1,0.552,0.172,0.904,1,1,-2687.13,42.5,-2318.6,0,0,0,0;
custom,cuboid,bombexplosiontex,23,2.24,1,1,0.552,0.172,0.904,1000000,1000000,-2687.13,68.8,-2213.55,0,0,0,0;
racing,killCuboid,23,3.015,1,-2687.13,42.525,-2213.55,0,0,0,0;
custom,cuboid,bombexplosiontex,23,2.24,1,1,0.552,0.172,0.904,1000000,1000000,-2687.13,16.25,-2213.55,0,0,0,0;
custom,cuboid,bombexplosiontex,1,2.24,50,1,0.552,0.172,0.904,1000000,1000000,-2577.13,68.8,-2458.55,0,0,0,0;
racing,killCuboid,1,3.015,50,-2577.13,42.525,-2458.55,0,0,0,0;
custom,cuboid,bombexplosiontex,1,2.24,50,1,0.552,0.172,0.904,1000000,1000000,-2577.13,16.25,-2458.55,0,0,0,0;
custom,cylinder,default,2,0.25,2,1,1,1,1,1,1,-2502.13,7.5,-2708.55,0,0,0,0;
custom,cylinder,default,2,0.25,2,1,1,0.1,0.1,1,1,-2502.13,12.5,-2708.55,0,0,0,0;
custom,cylinder,default,2,0.25,2,1,1,1,1,1,1,-2502.13,17.5,-2708.55,0,0,0,0;
custom,cylinder,default,2,0.25,2,1,1,0.1,0.1,1,1,-2502.13,22.5,-2708.55,0,0,0,0;
custom,cylinder,default,2,0.25,2,1,1,1,1,1,1,-2502.13,27.5,-2708.55,0,0,0,0;
custom,cylinder,default,2,0.25,2,1,1,0.1,0.1,1,1,-2502.13,32.5,-2708.55,0,0,0,0;
custom,cylinder,default,2,0.25,2,1,1,1,1,1,1,-2502.13,37.5,-2708.55,0,0,0,0;
custom,cylinder,default,2,0.25,2,1,1,0.1,0.1,1,1,-2502.13,42.5,-2708.55,0,0,0,0;
custom,cylinder,default,2,0.25,2,1,1,1,1,1,1,-2502.13,47.5,-2708.55,0,0,0,0;
custom,cylinder,default,2,0.25,2,1,1,0.1,0.1,1,1,-2502.13,52.5,-2708.55,0,0,0,0;
custom,cylinder,default,2,0.25,2,1,1,1,1,1,1,-2502.13,57.5,-2708.55,0,0,0,0;
custom,cylinder,default,2,0.25,2,1,1,0.1,0.1,1,1,-2502.13,62.5,-2708.55,0,0,0,0;
custom,cylinder,default,2,0.25,2,1,1,1,1,1,1,-2502.13,67.5,-2708.55,0,0,0,0;
custom,cylinder,default,2,0.25,2,1,1,0.1,0.1,1,1,-2502.13,72.5,-2708.55,0,0,0,0;
custom,cylinder,default,2,0.25,2,1,1,1,1,1,1,-2502.13,77.5,-2708.55,0,0,0,0;
custom,cuboid,bombexplosiontex,1,2.24,2.51327412287183,1,0.552,0.172,0.904,1000000,1000000,-2575.21893720404,68.8,-2720.12615041298,0,1,0,0.0787017068246184;
custom,cuboid,bombexplosiontex,1,2.24,2.51327412287183,1,0.552,0.172,0.904,1000000,1000000,-2568.06448278994,68.8,-2742.14529698073,0,1,0,0.240078759080116;
custom,cuboid,bombexplosiontex,1,2.24,2.51327412287183,1,0.552,0.172,0.904,1000000,1000000,-2554.4559018078,68.8,-2760.8759018078,0,1,0,0.414213562373095;
custom,cuboid,bombexplosiontex,1,2.24,2.51327412287183,1,0.552,0.172,0.904,1000000,1000000,-2535.72529698073,68.8,-2774.48448278994,0,1,0,0.612800788139932;
custom,cuboid,bombexplosiontex,1,2.24,2.51327412287183,1,0.552,0.172,0.904,1000000,1000000,-2513.70615041298,68.8,-2781.63893720404,0,1,0,0.854080685463467;
custom,cuboid,bombexplosiontex,1,2.24,2.51327412287183,1,0.552,0.172,0.904,1000000,1000000,-2490.55384958702,68.8,-2781.63893720404,0,1,0,-0.854080685463467;
custom,cuboid,bombexplosiontex,1,2.24,2.51327412287183,1,0.552,0.172,0.904,1000000,1000000,-2468.53470301927,68.8,-2774.48448278994,0,1,0,-0.612800788139932;
custom,cuboid,bombexplosiontex,1,2.24,2.51327412287183,1,0.552,0.172,0.904,1000000,1000000,-2449.8040981922,68.8,-2760.8759018078,0,1,0,-0.414213562373095;
custom,cuboid,bombexplosiontex,1,2.24,2.51327412287183,1,0.552,0.172,0.904,1000000,1000000,-2436.19551721006,68.8,-2742.14529698073,0,1,0,-0.240078759080116;
custom,cuboid,bombexplosiontex,1,2.24,2.51327412287183,1,0.552,0.172,0.904,1000000,1000000,-2429.04106279596,68.8,-2720.12615041298,0,1,0,-0.0787017068246184;
racing,killCuboid,1,3.015,2.51327412287183,-2575.21893720404,42.525,-2720.12615041298,0,1,0,0.0787017068246184;
racing,killCuboid,1,3.015,2.51327412287183,-2568.06448278994,42.525,-2742.14529698073,0,1,0,0.240078759080116;
racing,killCuboid,1,3.015,2.51327412287183,-2554.4559018078,42.525,-2760.8759018078,0,1,0,0.414213562373095;
racing,killCuboid,1,3.015,2.51327412287183,-2535.72529698073,42.525,-2774.48448278994,0,1,0,0.612800788139932;
racing,killCuboid,1,3.015,2.51327412287183,-2513.70615041298,42.525,-2781.63893720404,0,1,0,0.854080685463467;
racing,killCuboid,1,3.015,2.51327412287183,-2490.55384958702,42.525,-2781.63893720404,0,1,0,-0.854080685463467;
racing,killCuboid,1,3.015,2.51327412287183,-2468.53470301927,42.525,-2774.48448278994,0,1,0,-0.612800788139932;
racing,killCuboid,1,3.015,2.51327412287183,-2449.8040981922,42.525,-2760.8759018078,0,1,0,-0.414213562373095;
racing,killCuboid,1,3.015,2.51327412287183,-2436.19551721006,42.525,-2742.14529698073,0,1,0,-0.240078759080116;
racing,killCuboid,1,3.015,2.51327412287183,-2429.04106279596,42.525,-2720.12615041298,0,1,0,-0.0787017068246184;
custom,cuboid,bombexplosiontex,1,2.24,2.51327412287183,1,0.552,0.172,0.904,1000000,1000000,-2575.21893720404,16.25,-2720.12615041298,0,1,0,0.0787017068246184;
custom,cuboid,bombexplosiontex,1,2.24,2.51327412287183,1,0.552,0.172,0.904,1000000,1000000,-2568.06448278994,16.25,-2742.14529698073,0,1,0,0.240078759080116;
custom,cuboid,bombexplosiontex,1,2.24,2.51327412287183,1,0.552,0.172,0.904,1000000,1000000,-2554.4559018078,16.25,-2760.8759018078,0,1,0,0.414213562373095;
custom,cuboid,bombexplosiontex,1,2.24,2.51327412287183,1,0.552,0.172,0.904,1000000,1000000,-2535.72529698073,16.25,-2774.48448278994,0,1,0,0.612800788139932;
custom,cuboid,bombexplosiontex,1,2.24,2.51327412287183,1,0.552,0.172,0.904,1000000,1000000,-2513.70615041298,16.25,-2781.63893720404,0,1,0,0.854080685463467;
custom,cuboid,bombexplosiontex,1,2.24,2.51327412287183,1,0.552,0.172,0.904,1000000,1000000,-2490.55384958702,16.25,-2781.63893720404,0,1,0,-0.854080685463467;
custom,cuboid,bombexplosiontex,1,2.24,2.51327412287183,1,0.552,0.172,0.904,1000000,1000000,-2468.53470301927,16.25,-2774.48448278994,0,1,0,-0.612800788139932;
custom,cuboid,bombexplosiontex,1,2.24,2.51327412287183,1,0.552,0.172,0.904,1000000,1000000,-2449.8040981922,16.25,-2760.8759018078,0,1,0,-0.414213562373095;
custom,cuboid,bombexplosiontex,1,2.24,2.51327412287183,1,0.552,0.172,0.904,1000000,1000000,-2436.19551721006,16.25,-2742.14529698073,0,1,0,-0.240078759080116;
custom,cuboid,bombexplosiontex,1,2.24,2.51327412287183,1,0.552,0.172,0.904,1000000,1000000,-2429.04106279596,16.25,-2720.12615041298,0,1,0,-0.0787017068246184;
custom,cuboid,bombexplosiontex,1,2.24,5.94572522674283,1,0.552,0.172,0.904,1000000,1000000,-2682.63004424376,68.8,-2737.1383984861,0,1,0,0.0787017068246184;
custom,cuboid,bombexplosiontex,1,2.24,5.94572522674283,1,0.552,0.172,0.904,1000000,1000000,-2664.96144229542,68.8,-2791.5167638274,0,1,0,0.240078759080116;
custom,cuboid,bombexplosiontex,1,2.24,5.94572522674283,1,0.552,0.172,0.904,1000000,1000000,-2631.35376426184,68.8,-2837.77376426184,0,1,0,0.414213562373095;
custom,cuboid,bombexplosiontex,1,2.24,5.94572522674283,1,0.552,0.172,0.904,1000000,1000000,-2585.0967638274,68.8,-2871.38144229542,0,1,0,0.612800788139932;
custom,cuboid,bombexplosiontex,1,2.24,5.94572522674283,1,0.552,0.172,0.904,1000000,1000000,-2530.7183984861,68.8,-2889.05004424376,0,1,0,0.854080685463467;
custom,cuboid,bombexplosiontex,1,2.24,5.94572522674283,1,0.552,0.172,0.904,1000000,1000000,-2473.5416015139,68.8,-2889.05004424376,0,1,0,-0.854080685463467;
custom,cuboid,bombexplosiontex,1,2.24,5.94572522674283,1,0.552,0.172,0.904,1000000,1000000,-2419.1632361726,68.8,-2871.38144229542,0,1,0,-0.612800788139932;
custom,cuboid,bombexplosiontex,1,2.24,5.94572522674283,1,0.552,0.172,0.904,1000000,1000000,-2372.90623573816,68.8,-2837.77376426184,0,1,0,-0.414213562373095;
custom,cuboid,bombexplosiontex,1,2.24,5.94572522674283,1,0.552,0.172,0.904,1000000,1000000,-2339.29855770458,68.8,-2791.5167638274,0,1,0,-0.240078759080116;
custom,cuboid,bombexplosiontex,1,2.24,5.94572522674283,1,0.552,0.172,0.904,1000000,1000000,-2321.62995575624,68.8,-2737.1383984861,0,1,0,-0.0787017068246184;
racing,killCuboid,1,3.015,5.94572522674283,-2682.63004424376,42.525,-2737.1383984861,0,1,0,0.0787017068246184;
racing,killCuboid,1,3.015,5.94572522674283,-2664.96144229542,42.525,-2791.5167638274,0,1,0,0.240078759080116;
racing,killCuboid,1,3.015,5.94572522674283,-2631.35376426184,42.525,-2837.77376426184,0,1,0,0.414213562373095;
racing,killCuboid,1,3.015,5.94572522674283,-2585.0967638274,42.525,-2871.38144229542,0,1,0,0.612800788139932;
racing,killCuboid,1,3.015,5.94572522674283,-2530.7183984861,42.525,-2889.05004424376,0,1,0,0.854080685463467;
racing,killCuboid,1,3.015,5.94572522674283,-2473.5416015139,42.525,-2889.05004424376,0,1,0,-0.854080685463467;
racing,killCuboid,1,3.015,5.94572522674283,-2419.1632361726,42.525,-2871.38144229542,0,1,0,-0.612800788139932;
racing,killCuboid,1,3.015,5.94572522674283,-2372.90623573816,42.525,-2837.77376426184,0,1,0,-0.414213562373095;
racing,killCuboid,1,3.015,5.94572522674283,-2339.29855770458,42.525,-2791.5167638274,0,1,0,-0.240078759080116;
racing,killCuboid,1,3.015,5.94572522674283,-2321.62995575624,42.525,-2737.1383984861,0,1,0,-0.0787017068246184;
custom,cuboid,bombexplosiontex,1,2.24,5.94572522674283,1,0.552,0.172,0.904,1000000,1000000,-2682.63004424376,16.25,-2737.1383984861,0,1,0,0.0787017068246184;
custom,cuboid,bombexplosiontex,1,2.24,5.94572522674283,1,0.552,0.172,0.904,1000000,1000000,-2664.96144229542,16.25,-2791.5167638274,0,1,0,0.240078759080116;
custom,cuboid,bombexplosiontex,1,2.24,5.94572522674283,1,0.552,0.172,0.904,1000000,1000000,-2631.35376426184,16.25,-2837.77376426184,0,1,0,0.414213562373095;
custom,cuboid,bombexplosiontex,1,2.24,5.94572522674283,1,0.552,0.172,0.904,1000000,1000000,-2585.0967638274,16.25,-2871.38144229542,0,1,0,0.612800788139932;
custom,cuboid,bombexplosiontex,1,2.24,5.94572522674283,1,0.552,0.172,0.904,1000000,1000000,-2530.7183984861,16.25,-2889.05004424376,0,1,0,0.854080685463467;
custom,cuboid,bombexplosiontex,1,2.24,5.94572522674283,1,0.552,0.172,0.904,1000000,1000000,-2473.5416015139,16.25,-2889.05004424376,0,1,0,-0.854080685463467;
custom,cuboid,bombexplosiontex,1,2.24,5.94572522674283,1,0.552,0.172,0.904,1000000,1000000,-2419.1632361726,16.25,-2871.38144229542,0,1,0,-0.612800788139932;
custom,cuboid,bombexplosiontex,1,2.24,5.94572522674283,1,0.552,0.172,0.904,1000000,1000000,-2372.90623573816,16.25,-2837.77376426184,0,1,0,-0.414213562373095;
custom,cuboid,bombexplosiontex,1,2.24,5.94572522674283,1,0.552,0.172,0.904,1000000,1000000,-2339.29855770458,16.25,-2791.5167638274,0,1,0,-0.240078759080116;
custom,cuboid,bombexplosiontex,1,2.24,5.94572522674283,1,0.552,0.172,0.904,1000000,1000000,-2321.62995575624,16.25,-2737.1383984861,0,1,0,-0.0787017068246184;
custom,cuboid,bombexplosiontex,1,2.24,50,1,0.552,0.172,0.904,1000000,1000000,-2427.13,68.8,-2458.55,0,0,0,0;
racing,killCuboid,1,3.015,50,-2427.13,42.525,-2458.55,0,0,0,0;
custom,cuboid,bombexplosiontex,1,2.24,50,1,0.552,0.172,0.904,1000000,1000000,-2427.13,16.25,-2458.55,0,0,0,0;
custom,cuboid,bombexplosiontex,23,2.24,1,1,0.552,0.172,0.904,1000000,1000000,-2317.13,68.8,-2213.55,0,0,0,0;
racing,killCuboid,23,3.015,1,-2317.13,42.525,-2213.55,0,0,0,0;
custom,cuboid,bombexplosiontex,23,2.24,1,1,0.552,0.172,0.904,1000000,1000000,-2317.13,16.25,-2213.55,0,0,0,0;
custom,cuboid,bombexplosiontex,1,2.24,38.24,1,0.552,0.172,0.904,1000000,1000000,-2317.13,68.8,-2517.35,0,0,0,0;
racing,killCuboid,1,3.015,38.24,-2317.13,42.525,-2517.35,0,0,0,0;
custom,cuboid,bombexplosiontex,1,2.24,38.24,1,0.552,0.172,0.904,1000000,1000000,-2317.13,16.25,-2517.35,0,0,0,0;
custom,cuboid,default,1.5,7.5,1.5,1,0.552,0.172,0.904,1,1,-2317.13,42.5,-2318.6,0,0,0,0;
custom,cuboid,bombexplosiontex,1,2.24,50,1,0.552,0.172,0.904,1000000,1000000,-2207.13,68.8,-2458.55,0,0,0,0;
racing,killCuboid,1,3.015,50,-2207.13,42.525,-2458.55,0,0,0,0;
custom,cuboid,bombexplosiontex,1,2.24,50,1,0.552,0.172,0.904,1000000,1000000,-2207.13,16.25,-2458.55,0,0,0,0;
custom,cylinder,default,2,0.25,2,1,1,1,1,1,1,-2132.13,7.5,-2708.55,0,0,0,0;
custom,cylinder,default,2,0.25,2,1,1,0.1,0.1,1,1,-2132.13,12.5,-2708.55,0,0,0,0;
custom,cylinder,default,2,0.25,2,1,1,1,1,1,1,-2132.13,17.5,-2708.55,0,0,0,0;
custom,cylinder,default,2,0.25,2,1,1,0.1,0.1,1,1,-2132.13,22.5,-2708.55,0,0,0,0;
custom,cylinder,default,2,0.25,2,1,1,1,1,1,1,-2132.13,27.5,-2708.55,0,0,0,0;
custom,cylinder,default,2,0.25,2,1,1,0.1,0.1,1,1,-2132.13,32.5,-2708.55,0,0,0,0;
custom,cylinder,default,2,0.25,2,1,1,1,1,1,1,-2132.13,37.5,-2708.55,0,0,0,0;
custom,cylinder,default,2,0.25,2,1,1,0.1,0.1,1,1,-2132.13,42.5,-2708.55,0,0,0,0;
custom,cylinder,default,2,0.25,2,1,1,1,1,1,1,-2132.13,47.5,-2708.55,0,0,0,0;
custom,cylinder,default,2,0.25,2,1,1,0.1,0.1,1,1,-2132.13,52.5,-2708.55,0,0,0,0;
custom,cylinder,default,2,0.25,2,1,1,1,1,1,1,-2132.13,57.5,-2708.55,0,0,0,0;
custom,cylinder,default,2,0.25,2,1,1,0.1,0.1,1,1,-2132.13,62.5,-2708.55,0,0,0,0;
custom,cylinder,default,2,0.25,2,1,1,1,1,1,1,-2132.13,67.5,-2708.55,0,0,0,0;
custom,cylinder,default,2,0.25,2,1,1,0.1,0.1,1,1,-2132.13,72.5,-2708.55,0,0,0,0;
custom,cylinder,default,2,0.25,2,1,1,1,1,1,1,-2132.13,77.5,-2708.55,0,0,0,0;
custom,cuboid,bombexplosiontex,1,2.24,2.51327412287183,1,0.552,0.172,0.904,1000000,1000000,-2059.04106279596,68.8,-2720.12615041298,0,1,0,-0.0787017068246184;
custom,cuboid,bombexplosiontex,1,2.24,2.51327412287183,1,0.552,0.172,0.904,1000000,1000000,-2066.19551721006,68.8,-2742.14529698073,0,1,0,-0.240078759080116;
custom,cuboid,bombexplosiontex,1,2.24,2.51327412287183,1,0.552,0.172,0.904,1000000,1000000,-2079.8040981922,68.8,-2760.8759018078,0,1,0,-0.414213562373095;
custom,cuboid,bombexplosiontex,1,2.24,2.51327412287183,1,0.552,0.172,0.904,1000000,1000000,-2098.53470301927,68.8,-2774.48448278994,0,1,0,-0.612800788139932;
custom,cuboid,bombexplosiontex,1,2.24,2.51327412287183,1,0.552,0.172,0.904,1000000,1000000,-2120.55384958702,68.8,-2781.63893720404,0,1,0,-0.854080685463467;
custom,cuboid,bombexplosiontex,1,2.24,2.51327412287183,1,0.552,0.172,0.904,1000000,1000000,-2143.70615041298,68.8,-2781.63893720404,0,1,0,0.854080685463467;
custom,cuboid,bombexplosiontex,1,2.24,2.51327412287183,1,0.552,0.172,0.904,1000000,1000000,-2165.72529698073,68.8,-2774.48448278994,0,1,0,0.612800788139932;
custom,cuboid,bombexplosiontex,1,2.24,2.51327412287183,1,0.552,0.172,0.904,1000000,1000000,-2184.4559018078,68.8,-2760.8759018078,0,1,0,0.414213562373095;
custom,cuboid,bombexplosiontex,1,2.24,2.51327412287183,1,0.552,0.172,0.904,1000000,1000000,-2198.06448278994,68.8,-2742.14529698073,0,1,0,0.240078759080116;
custom,cuboid,bombexplosiontex,1,2.24,2.51327412287183,1,0.552,0.172,0.904,1000000,1000000,-2205.21893720404,68.8,-2720.12615041298,0,1,0,0.0787017068246184;
racing,killCuboid,1,3.015,2.51327412287183,-2059.04106279596,42.525,-2720.12615041298,0,1,0,-0.0787017068246184;
racing,killCuboid,1,3.015,2.51327412287183,-2066.19551721006,42.525,-2742.14529698073,0,1,0,-0.240078759080116;
racing,killCuboid,1,3.015,2.51327412287183,-2079.8040981922,42.525,-2760.8759018078,0,1,0,-0.414213562373095;
racing,killCuboid,1,3.015,2.51327412287183,-2098.53470301927,42.525,-2774.48448278994,0,1,0,-0.612800788139932;
racing,killCuboid,1,3.015,2.51327412287183,-2120.55384958702,42.525,-2781.63893720404,0,1,0,-0.854080685463467;
racing,killCuboid,1,3.015,2.51327412287183,-2143.70615041298,42.525,-2781.63893720404,0,1,0,0.854080685463467;
racing,killCuboid,1,3.015,2.51327412287183,-2165.72529698073,42.525,-2774.48448278994,0,1,0,0.612800788139932;
racing,killCuboid,1,3.015,2.51327412287183,-2184.4559018078,42.525,-2760.8759018078,0,1,0,0.414213562373095;
racing,killCuboid,1,3.015,2.51327412287183,-2198.06448278994,42.525,-2742.14529698073,0,1,0,0.240078759080116;
racing,killCuboid,1,3.015,2.51327412287183,-2205.21893720404,42.525,-2720.12615041298,0,1,0,0.0787017068246184;
custom,cuboid,bombexplosiontex,1,2.24,2.51327412287183,1,0.552,0.172,0.904,1000000,1000000,-2059.04106279596,16.25,-2720.12615041298,0,1,0,-0.0787017068246184;
custom,cuboid,bombexplosiontex,1,2.24,2.51327412287183,1,0.552,0.172,0.904,1000000,1000000,-2066.19551721006,16.25,-2742.14529698073,0,1,0,-0.240078759080116;
custom,cuboid,bombexplosiontex,1,2.24,2.51327412287183,1,0.552,0.172,0.904,1000000,1000000,-2079.8040981922,16.25,-2760.8759018078,0,1,0,-0.414213562373095;
custom,cuboid,bombexplosiontex,1,2.24,2.51327412287183,1,0.552,0.172,0.904,1000000,1000000,-2098.53470301927,16.25,-2774.48448278994,0,1,0,-0.612800788139932;
custom,cuboid,bombexplosiontex,1,2.24,2.51327412287183,1,0.552,0.172,0.904,1000000,1000000,-2120.55384958702,16.25,-2781.63893720404,0,1,0,-0.854080685463467;
custom,cuboid,bombexplosiontex,1,2.24,2.51327412287183,1,0.552,0.172,0.904,1000000,1000000,-2143.70615041298,16.25,-2781.63893720404,0,1,0,0.854080685463467;
custom,cuboid,bombexplosiontex,1,2.24,2.51327412287183,1,0.552,0.172,0.904,1000000,1000000,-2165.72529698073,16.25,-2774.48448278994,0,1,0,0.612800788139932;
custom,cuboid,bombexplosiontex,1,2.24,2.51327412287183,1,0.552,0.172,0.904,1000000,1000000,-2184.4559018078,16.25,-2760.8759018078,0,1,0,0.414213562373095;
custom,cuboid,bombexplosiontex,1,2.24,2.51327412287183,1,0.552,0.172,0.904,1000000,1000000,-2198.06448278994,16.25,-2742.14529698073,0,1,0,0.240078759080116;
custom,cuboid,bombexplosiontex,1,2.24,2.51327412287183,1,0.552,0.172,0.904,1000000,1000000,-2205.21893720404,16.25,-2720.12615041298,0,1,0,0.0787017068246184;
custom,cuboid,bombexplosiontex,1,2.24,5.94572522674283,1,0.552,0.172,0.904,1000000,1000000,-1951.62995575624,68.8,-2737.1383984861,0,1,0,-0.0787017068246184;
custom,cuboid,bombexplosiontex,1,2.24,5.94572522674283,1,0.552,0.172,0.904,1000000,1000000,-1969.29855770458,68.8,-2791.5167638274,0,1,0,-0.240078759080116;
custom,cuboid,bombexplosiontex,1,2.24,5.94572522674283,1,0.552,0.172,0.904,1000000,1000000,-2002.90623573816,68.8,-2837.77376426184,0,1,0,-0.414213562373095;
custom,cuboid,bombexplosiontex,1,2.24,5.94572522674283,1,0.552,0.172,0.904,1000000,1000000,-2049.1632361726,68.8,-2871.38144229542,0,1,0,-0.612800788139932;
custom,cuboid,bombexplosiontex,1,2.24,5.94572522674283,1,0.552,0.172,0.904,1000000,1000000,-2103.5416015139,68.8,-2889.05004424376,0,1,0,-0.854080685463467;
custom,cuboid,bombexplosiontex,1,2.24,5.94572522674283,1,0.552,0.172,0.904,1000000,1000000,-2160.7183984861,68.8,-2889.05004424376,0,1,0,0.854080685463467;
custom,cuboid,bombexplosiontex,1,2.24,5.94572522674283,1,0.552,0.172,0.904,1000000,1000000,-2215.0967638274,68.8,-2871.38144229542,0,1,0,0.612800788139932;
custom,cuboid,bombexplosiontex,1,2.24,5.94572522674283,1,0.552,0.172,0.904,1000000,1000000,-2261.35376426184,68.8,-2837.77376426184,0,1,0,0.414213562373095;
custom,cuboid,bombexplosiontex,1,2.24,5.94572522674283,1,0.552,0.172,0.904,1000000,1000000,-2294.96144229542,68.8,-2791.5167638274,0,1,0,0.240078759080116;
custom,cuboid,bombexplosiontex,1,2.24,5.94572522674283,1,0.552,0.172,0.904,1000000,1000000,-2312.63004424376,68.8,-2737.1383984861,0,1,0,0.0787017068246184;
racing,killCuboid,1,3.015,5.94572522674283,-1951.62995575624,42.525,-2737.1383984861,0,1,0,-0.0787017068246184;
racing,killCuboid,1,3.015,5.94572522674283,-1969.29855770458,42.525,-2791.5167638274,0,1,0,-0.240078759080116;
racing,killCuboid,1,3.015,5.94572522674283,-2002.90623573816,42.525,-2837.77376426184,0,1,0,-0.414213562373095;
racing,killCuboid,1,3.015,5.94572522674283,-2049.1632361726,42.525,-2871.38144229542,0,1,0,-0.612800788139932;
racing,killCuboid,1,3.015,5.94572522674283,-2103.5416015139,42.525,-2889.05004424376,0,1,0,-0.854080685463467;
racing,killCuboid,1,3.015,5.94572522674283,-2160.7183984861,42.525,-2889.05004424376,0,1,0,0.854080685463467;
racing,killCuboid,1,3.015,5.94572522674283,-2215.0967638274,42.525,-2871.38144229542,0,1,0,0.612800788139932;
racing,killCuboid,1,3.015,5.94572522674283,-2261.35376426184,42.525,-2837.77376426184,0,1,0,0.414213562373095;
racing,killCuboid,1,3.015,5.94572522674283,-2294.96144229542,42.525,-2791.5167638274,0,1,0,0.240078759080116;
racing,killCuboid,1,3.015,5.94572522674283,-2312.63004424376,42.525,-2737.1383984861,0,1,0,0.0787017068246184;
custom,cuboid,bombexplosiontex,1,2.24,5.94572522674283,1,0.552,0.172,0.904,1000000,1000000,-1951.62995575624,16.25,-2737.1383984861,0,1,0,-0.0787017068246184;
custom,cuboid,bombexplosiontex,1,2.24,5.94572522674283,1,0.552,0.172,0.904,1000000,1000000,-1969.29855770458,16.25,-2791.5167638274,0,1,0,-0.240078759080116;
custom,cuboid,bombexplosiontex,1,2.24,5.94572522674283,1,0.552,0.172,0.904,1000000,1000000,-2002.90623573816,16.25,-2837.77376426184,0,1,0,-0.414213562373095;
custom,cuboid,bombexplosiontex,1,2.24,5.94572522674283,1,0.552,0.172,0.904,1000000,1000000,-2049.1632361726,16.25,-2871.38144229542,0,1,0,-0.612800788139932;
custom,cuboid,bombexplosiontex,1,2.24,5.94572522674283,1,0.552,0.172,0.904,1000000,1000000,-2103.5416015139,16.25,-2889.05004424376,0,1,0,-0.854080685463467;
custom,cuboid,bombexplosiontex,1,2.24,5.94572522674283,1,0.552,0.172,0.904,1000000,1000000,-2160.7183984861,16.25,-2889.05004424376,0,1,0,0.854080685463467;
custom,cuboid,bombexplosiontex,1,2.24,5.94572522674283,1,0.552,0.172,0.904,1000000,1000000,-2215.0967638274,16.25,-2871.38144229542,0,1,0,0.612800788139932;
custom,cuboid,bombexplosiontex,1,2.24,5.94572522674283,1,0.552,0.172,0.904,1000000,1000000,-2261.35376426184,16.25,-2837.77376426184,0,1,0,0.414213562373095;
custom,cuboid,bombexplosiontex,1,2.24,5.94572522674283,1,0.552,0.172,0.904,1000000,1000000,-2294.96144229542,16.25,-2791.5167638274,0,1,0,0.240078759080116;
custom,cuboid,bombexplosiontex,1,2.24,5.94572522674283,1,0.552,0.172,0.904,1000000,1000000,-2312.63004424376,16.25,-2737.1383984861,0,1,0,0.0787017068246184;
custom,cuboid,bombexplosiontex,1,2.24,50,1,0.552,0.172,0.904,1000000,1000000,-2057.13,68.8,-2458.55,0,0,0,0;
racing,killCuboid,1,3.015,50,-2057.13,42.525,-2458.55,0,0,0,0;
custom,cuboid,bombexplosiontex,1,2.24,50,1,0.552,0.172,0.904,1000000,1000000,-2057.13,16.25,-2458.55,0,0,0,0;
custom,cuboid,bombexplosiontex,1,2.24,38.24,1,0.552,0.172,0.904,1000000,1000000,-1947.13,68.8,-2517.35,0,0,0,0;
racing,killCuboid,1,3.015,38.24,-1947.13,42.525,-2517.35,0,0,0,0;
custom,cuboid,bombexplosiontex,1,2.24,38.24,1,0.552,0.172,0.904,1000000,1000000,-1947.13,16.25,-2517.35,0,0,0,0;
custom,cuboid,default,1.5,7.5,1.5,1,0.552,0.172,0.904,1,1,-1947.13,42.5,-2318.6,0,0,0,0;
custom,cuboid,bombexplosiontex,23,2.24,1,1,0.552,0.172,0.904,1000000,1000000,-1947.13,68.8,-2213.55,0,0,0,0;
racing,killCuboid,23,3.015,1,-1947.13,42.525,-2213.55,0,0,0,0;
custom,cuboid,bombexplosiontex,23,2.24,1,1,0.552,0.172,0.904,1000000,1000000,-1947.13,16.25,-2213.55,0,0,0,0;
custom,cuboid,bombexplosiontex,1,2.24,50,1,0.552,0.172,0.904,1000000,1000000,-1837.13,68.8,-2458.55,0,0,0,0;
racing,killCuboid,1,3.015,50,-1837.13,42.525,-2458.55,0,0,0,0;
custom,cuboid,bombexplosiontex,1,2.24,50,1,0.552,0.172,0.904,1000000,1000000,-1837.13,16.25,-2458.55,0,0,0,0;
custom,cylinder,default,2,0.25,2,1,1,1,1,1,1,-1762.13,7.5,-2708.55,0,0,0,0;
custom,cylinder,default,2,0.25,2,1,1,0.1,0.1,1,1,-1762.13,12.5,-2708.55,0,0,0,0;
custom,cylinder,default,2,0.25,2,1,1,1,1,1,1,-1762.13,17.5,-2708.55,0,0,0,0;
custom,cylinder,default,2,0.25,2,1,1,0.1,0.1,1,1,-1762.13,22.5,-2708.55,0,0,0,0;
custom,cylinder,default,2,0.25,2,1,1,1,1,1,1,-1762.13,27.5,-2708.55,0,0,0,0;
custom,cylinder,default,2,0.25,2,1,1,0.1,0.1,1,1,-1762.13,32.5,-2708.55,0,0,0,0;
custom,cylinder,default,2,0.25,2,1,1,1,1,1,1,-1762.13,37.5,-2708.55,0,0,0,0;
custom,cylinder,default,2,0.25,2,1,1,0.1,0.1,1,1,-1762.13,42.5,-2708.55,0,0,0,0;
custom,cylinder,default,2,0.25,2,1,1,1,1,1,1,-1762.13,47.5,-2708.55,0,0,0,0;
custom,cylinder,default,2,0.25,2,1,1,0.1,0.1,1,1,-1762.13,52.5,-2708.55,0,0,0,0;
custom,cylinder,default,2,0.25,2,1,1,1,1,1,1,-1762.13,57.5,-2708.55,0,0,0,0;
custom,cylinder,default,2,0.25,2,1,1,0.1,0.1,1,1,-1762.13,62.5,-2708.55,0,0,0,0;
custom,cylinder,default,2,0.25,2,1,1,1,1,1,1,-1762.13,67.5,-2708.55,0,0,0,0;
custom,cylinder,default,2,0.25,2,1,1,0.1,0.1,1,1,-1762.13,72.5,-2708.55,0,0,0,0;
custom,cylinder,default,2,0.25,2,1,1,1,1,1,1,-1762.13,77.5,-2708.55,0,0,0,0;
custom,cuboid,bombexplosiontex,1,2.24,2.51327412287183,1,0.552,0.172,0.904,1000000,1000000,-1835.21893720404,68.8,-2720.12615041298,0,1,0,0.0787017068246184;
custom,cuboid,bombexplosiontex,1,2.24,2.51327412287183,1,0.552,0.172,0.904,1000000,1000000,-1828.06448278994,68.8,-2742.14529698073,0,1,0,0.240078759080116;
custom,cuboid,bombexplosiontex,1,2.24,2.51327412287183,1,0.552,0.172,0.904,1000000,1000000,-1814.4559018078,68.8,-2760.8759018078,0,1,0,0.414213562373095;
custom,cuboid,bombexplosiontex,1,2.24,2.51327412287183,1,0.552,0.172,0.904,1000000,1000000,-1795.72529698073,68.8,-2774.48448278994,0,1,0,0.612800788139932;
custom,cuboid,bombexplosiontex,1,2.24,2.51327412287183,1,0.552,0.172,0.904,1000000,1000000,-1773.70615041298,68.8,-2781.63893720404,0,1,0,0.854080685463467;
custom,cuboid,bombexplosiontex,1,2.24,2.51327412287183,1,0.552,0.172,0.904,1000000,1000000,-1750.55384958702,68.8,-2781.63893720404,0,1,0,-0.854080685463467;
custom,cuboid,bombexplosiontex,1,2.24,2.51327412287183,1,0.552,0.172,0.904,1000000,1000000,-1728.53470301927,68.8,-2774.48448278994,0,1,0,-0.612800788139932;
custom,cuboid,bombexplosiontex,1,2.24,2.51327412287183,1,0.552,0.172,0.904,1000000,1000000,-1709.8040981922,68.8,-2760.8759018078,0,1,0,-0.414213562373095;
custom,cuboid,bombexplosiontex,1,2.24,2.51327412287183,1,0.552,0.172,0.904,1000000,1000000,-1696.19551721006,68.8,-2742.14529698073,0,1,0,-0.240078759080116;
custom,cuboid,bombexplosiontex,1,2.24,2.51327412287183,1,0.552,0.172,0.904,1000000,1000000,-1689.04106279596,68.8,-2720.12615041298,0,1,0,-0.0787017068246184;
racing,killCuboid,1,3.015,2.51327412287183,-1835.21893720404,42.525,-2720.12615041298,0,1,0,0.0787017068246184;
racing,killCuboid,1,3.015,2.51327412287183,-1828.06448278994,42.525,-2742.14529698073,0,1,0,0.240078759080116;
racing,killCuboid,1,3.015,2.51327412287183,-1814.4559018078,42.525,-2760.8759018078,0,1,0,0.414213562373095;
racing,killCuboid,1,3.015,2.51327412287183,-1795.72529698073,42.525,-2774.48448278994,0,1,0,0.612800788139932;
racing,killCuboid,1,3.015,2.51327412287183,-1773.70615041298,42.525,-2781.63893720404,0,1,0,0.854080685463467;
racing,killCuboid,1,3.015,2.51327412287183,-1750.55384958702,42.525,-2781.63893720404,0,1,0,-0.854080685463467;
racing,killCuboid,1,3.015,2.51327412287183,-1728.53470301927,42.525,-2774.48448278994,0,1,0,-0.612800788139932;
racing,killCuboid,1,3.015,2.51327412287183,-1709.8040981922,42.525,-2760.8759018078,0,1,0,-0.414213562373095;
racing,killCuboid,1,3.015,2.51327412287183,-1696.19551721006,42.525,-2742.14529698073,0,1,0,-0.240078759080116;
racing,killCuboid,1,3.015,2.51327412287183,-1689.04106279596,42.525,-2720.12615041298,0,1,0,-0.0787017068246184;
custom,cuboid,bombexplosiontex,1,2.24,2.51327412287183,1,0.552,0.172,0.904,1000000,1000000,-1835.21893720404,16.25,-2720.12615041298,0,1,0,0.0787017068246184;
custom,cuboid,bombexplosiontex,1,2.24,2.51327412287183,1,0.552,0.172,0.904,1000000,1000000,-1828.06448278994,16.25,-2742.14529698073,0,1,0,0.240078759080116;
custom,cuboid,bombexplosiontex,1,2.24,2.51327412287183,1,0.552,0.172,0.904,1000000,1000000,-1814.4559018078,16.25,-2760.8759018078,0,1,0,0.414213562373095;
custom,cuboid,bombexplosiontex,1,2.24,2.51327412287183,1,0.552,0.172,0.904,1000000,1000000,-1795.72529698073,16.25,-2774.48448278994,0,1,0,0.612800788139932;
custom,cuboid,bombexplosiontex,1,2.24,2.51327412287183,1,0.552,0.172,0.904,1000000,1000000,-1773.70615041298,16.25,-2781.63893720404,0,1,0,0.854080685463467;
custom,cuboid,bombexplosiontex,1,2.24,2.51327412287183,1,0.552,0.172,0.904,1000000,1000000,-1750.55384958702,16.25,-2781.63893720404,0,1,0,-0.854080685463467;
custom,cuboid,bombexplosiontex,1,2.24,2.51327412287183,1,0.552,0.172,0.904,1000000,1000000,-1728.53470301927,16.25,-2774.48448278994,0,1,0,-0.612800788139932;
custom,cuboid,bombexplosiontex,1,2.24,2.51327412287183,1,0.552,0.172,0.904,1000000,1000000,-1709.8040981922,16.25,-2760.8759018078,0,1,0,-0.414213562373095;
custom,cuboid,bombexplosiontex,1,2.24,2.51327412287183,1,0.552,0.172,0.904,1000000,1000000,-1696.19551721006,16.25,-2742.14529698073,0,1,0,-0.240078759080116;
custom,cuboid,bombexplosiontex,1,2.24,2.51327412287183,1,0.552,0.172,0.904,1000000,1000000,-1689.04106279596,16.25,-2720.12615041298,0,1,0,-0.0787017068246184;
custom,cuboid,bombexplosiontex,1,2.24,5.94572522674283,1,0.552,0.172,0.904,1000000,1000000,-1942.63004424376,68.8,-2737.1383984861,0,1,0,0.0787017068246184;
custom,cuboid,bombexplosiontex,1,2.24,5.94572522674283,1,0.552,0.172,0.904,1000000,1000000,-1924.96144229542,68.8,-2791.5167638274,0,1,0,0.240078759080116;
custom,cuboid,bombexplosiontex,1,2.24,5.94572522674283,1,0.552,0.172,0.904,1000000,1000000,-1891.35376426184,68.8,-2837.77376426184,0,1,0,0.414213562373095;
custom,cuboid,bombexplosiontex,1,2.24,5.94572522674283,1,0.552,0.172,0.904,1000000,1000000,-1845.0967638274,68.8,-2871.38144229542,0,1,0,0.612800788139932;
custom,cuboid,bombexplosiontex,1,2.24,5.94572522674283,1,0.552,0.172,0.904,1000000,1000000,-1790.7183984861,68.8,-2889.05004424376,0,1,0,0.854080685463467;
custom,cuboid,bombexplosiontex,1,2.24,5.94572522674283,1,0.552,0.172,0.904,1000000,1000000,-1733.5416015139,68.8,-2889.05004424376,0,1,0,-0.854080685463467;
custom,cuboid,bombexplosiontex,1,2.24,5.94572522674283,1,0.552,0.172,0.904,1000000,1000000,-1679.1632361726,68.8,-2871.38144229542,0,1,0,-0.612800788139932;
custom,cuboid,bombexplosiontex,1,2.24,5.94572522674283,1,0.552,0.172,0.904,1000000,1000000,-1632.90623573816,68.8,-2837.77376426184,0,1,0,-0.414213562373095;
custom,cuboid,bombexplosiontex,1,2.24,5.94572522674283,1,0.552,0.172,0.904,1000000,1000000,-1599.29855770458,68.8,-2791.5167638274,0,1,0,-0.240078759080116;
custom,cuboid,bombexplosiontex,1,2.24,5.94572522674283,1,0.552,0.172,0.904,1000000,1000000,-1581.62995575624,68.8,-2737.1383984861,0,1,0,-0.0787017068246184;
racing,killCuboid,1,3.015,5.94572522674283,-1942.63004424376,42.525,-2737.1383984861,0,1,0,0.0787017068246184;
racing,killCuboid,1,3.015,5.94572522674283,-1924.96144229542,42.525,-2791.5167638274,0,1,0,0.240078759080116;
racing,killCuboid,1,3.015,5.94572522674283,-1891.35376426184,42.525,-2837.77376426184,0,1,0,0.414213562373095;
racing,killCuboid,1,3.015,5.94572522674283,-1845.0967638274,42.525,-2871.38144229542,0,1,0,0.612800788139932;
racing,killCuboid,1,3.015,5.94572522674283,-1790.7183984861,42.525,-2889.05004424376,0,1,0,0.854080685463467;
racing,killCuboid,1,3.015,5.94572522674283,-1733.5416015139,42.525,-2889.05004424376,0,1,0,-0.854080685463467;
racing,killCuboid,1,3.015,5.94572522674283,-1679.1632361726,42.525,-2871.38144229542,0,1,0,-0.612800788139932;
racing,killCuboid,1,3.015,5.94572522674283,-1632.90623573816,42.525,-2837.77376426184,0,1,0,-0.414213562373095;
racing,killCuboid,1,3.015,5.94572522674283,-1599.29855770458,42.525,-2791.5167638274,0,1,0,-0.240078759080116;
racing,killCuboid,1,3.015,5.94572522674283,-1581.62995575624,42.525,-2737.1383984861,0,1,0,-0.0787017068246184;
custom,cuboid,bombexplosiontex,1,2.24,5.94572522674283,1,0.552,0.172,0.904,1000000,1000000,-1942.63004424376,16.25,-2737.1383984861,0,1,0,0.0787017068246184;
custom,cuboid,bombexplosiontex,1,2.24,5.94572522674283,1,0.552,0.172,0.904,1000000,1000000,-1924.96144229542,16.25,-2791.5167638274,0,1,0,0.240078759080116;
custom,cuboid,bombexplosiontex,1,2.24,5.94572522674283,1,0.552,0.172,0.904,1000000,1000000,-1891.35376426184,16.25,-2837.77376426184,0,1,0,0.414213562373095;
custom,cuboid,bombexplosiontex,1,2.24,5.94572522674283,1,0.552,0.172,0.904,1000000,1000000,-1845.0967638274,16.25,-2871.38144229542,0,1,0,0.612800788139932;
custom,cuboid,bombexplosiontex,1,2.24,5.94572522674283,1,0.552,0.172,0.904,1000000,1000000,-1790.7183984861,16.25,-2889.05004424376,0,1,0,0.854080685463467;
custom,cuboid,bombexplosiontex,1,2.24,5.94572522674283,1,0.552,0.172,0.904,1000000,1000000,-1733.5416015139,16.25,-2889.05004424376,0,1,0,-0.854080685463467;
custom,cuboid,bombexplosiontex,1,2.24,5.94572522674283,1,0.552,0.172,0.904,1000000,1000000,-1679.1632361726,16.25,-2871.38144229542,0,1,0,-0.612800788139932;
custom,cuboid,bombexplosiontex,1,2.24,5.94572522674283,1,0.552,0.172,0.904,1000000,1000000,-1632.90623573816,16.25,-2837.77376426184,0,1,0,-0.414213562373095;
custom,cuboid,bombexplosiontex,1,2.24,5.94572522674283,1,0.552,0.172,0.904,1000000,1000000,-1599.29855770458,16.25,-2791.5167638274,0,1,0,-0.240078759080116;
custom,cuboid,bombexplosiontex,1,2.24,5.94572522674283,1,0.552,0.172,0.904,1000000,1000000,-1581.62995575624,16.25,-2737.1383984861,0,1,0,-0.0787017068246184;
custom,cuboid,bombexplosiontex,1,2.24,50,1,0.552,0.172,0.904,1000000,1000000,-1687.13,68.8,-2458.55,0,0,0,0;
racing,killCuboid,1,3.015,50,-1687.13,42.525,-2458.55,0,0,0,0;
custom,cuboid,bombexplosiontex,1,2.24,50,1,0.552,0.172,0.904,1000000,1000000,-1687.13,16.25,-2458.55,0,0,0,0;
custom,cuboid,bombexplosiontex,1,2.24,50,1,0.552,0.172,0.904,1000000,1000000,-1577.13,68.8,-2458.55,0,0,0,0;
racing,killCuboid,1,3.015,50,-1577.13,42.525,-2458.55,0,0,0,0;
custom,cuboid,bombexplosiontex,1,2.24,50,1,0.552,0.172,0.904,1000000,1000000,-1577.13,16.25,-2458.55,0,0,0,0;
racing,killCuboid,10,45,1,-1632.13,230,-2093.55,0,0,0,0;
racing,killCuboid,1,55.25,10,-1577.13,281.25,-2148.55,0,0,0,0;
racing,killCuboid,1,55.25,10,-1687.13,281.25,-2148.55,0,0,0,0;
racing,killCuboid,10,47.75,1,-1632.13,318.75,-2203.55,0,0,0,0;
custom,cuboid,bombexplosiontex,3.015,45,1,0,0.552,0.172,0.904,1000000,1000000,-1632.13,230,-2093.55,0,0,0,0;
custom,cuboid,bombexplosiontex,3.015,47.75,1,0,0.552,0.172,0.904,1000000,1000000,-1632.13,318.75,-2203.55,0,0,0,0;
custom,cuboid,default,1,55.25,1,1,0.552,0.172,0.904,1000000,1000000,-1687.13,281.25,-2203.55,0,0,0,0;
custom,cuboid,default,1,55.25,1,1,0.552,0.172,0.904,1000000,1000000,-1577.13,281.25,-2203.55,0,0,0,0;
custom,cuboid,default,1,55.25,1,1,0.552,0.172,0.904,1000000,1000000,-1687.13,281.25,-2093.55,0,0,0,0;
custom,cuboid,default,1,55.25,1,1,0.552,0.172,0.904,1000000,1000000,-1577.13,281.25,-2093.55,0,0,0,0;
racing,killCuboid,10,1,125,-1632.13,450,-1473.55,0,0,0,0;
racing,killCuboid,12,1,124.75,-1632.13,562.5,-1584.8,0,0,0,0;
racing,killCuboid,1,11.25,125,-1687.13,501.25,-1473.55,0,0,0,0;
racing,killCuboid,1,11.25,125,-1577.13,501.25,-1473.55,0,0,0,0;
custom,cylinder,default,2,0.25,2,0,1,0.1,0.1,1,1,-1689.63,562.5,-966.05,1,1,0,0;
custom,cylinder,default,2,0.25,2,1,1,0.1,0.1,1,1,-1684.63,562.5,-966.05,1,1,0,0;
custom,cylinder,default,2,0.25,2,0,1,0.1,0.1,1,1,-1679.63,562.5,-966.05,1,1,0,0;
custom,cylinder,default,2,0.25,2,1,1,0.1,0.1,1,1,-1674.63,562.5,-966.05,1,1,0,0;
custom,cylinder,default,2,0.25,2,0,1,0.1,0.1,1,1,-1669.63,562.5,-966.05,1,1,0,0;
custom,cylinder,default,2,0.25,2,1,1,0.1,0.1,1,1,-1664.63,562.5,-966.05,1,1,0,0;
custom,cylinder,default,2,0.25,2,0,1,0.1,0.1,1,1,-1659.63,562.5,-966.05,1,1,0,0;
custom,cylinder,default,2,0.25,2,1,1,0.1,0.1,1,1,-1654.63,562.5,-966.05,1,1,0,0;
custom,cylinder,default,2,0.25,2,0,1,0.1,0.1,1,1,-1649.63,562.5,-966.05,1,1,0,0;
custom,cylinder,default,2,0.25,2,1,1,0.1,0.1,1,1,-1644.63,562.5,-966.05,1,1,0,0;
custom,cylinder,default,2,0.25,2,0,1,0.1,0.1,1,1,-1639.63,562.5,-966.05,1,1,0,0;
custom,cylinder,default,2,0.25,2,1,1,0.1,0.1,1,1,-1634.63,562.5,-966.05,1,1,0,0;
custom,cylinder,default,2,0.25,2,0,1,0.1,0.1,1,1,-1629.63,562.5,-966.05,1,1,0,0;
custom,cylinder,default,2,0.25,2,1,1,0.1,0.1,1,1,-1624.63,562.5,-966.05,1,1,0,0;
custom,cylinder,default,2,0.25,2,0,1,0.1,0.1,1,1,-1619.63,562.5,-966.05,1,1,0,0;
custom,cylinder,default,2,0.25,2,1,1,0.1,0.1,1,1,-1614.63,562.5,-966.05,1,1,0,0;
custom,cylinder,default,2,0.25,2,0,1,0.1,0.1,1,1,-1609.63,562.5,-966.05,1,1,0,0;
custom,cylinder,default,2,0.25,2,1,1,0.1,0.1,1,1,-1604.63,562.5,-966.05,1,1,0,0;
custom,cylinder,default,2,0.25,2,0,1,0.1,0.1,1,1,-1599.63,562.5,-966.05,1,1,0,0;
custom,cylinder,default,2,0.25,2,1,1,0.1,0.1,1,1,-1594.63,562.5,-966.05,1,1,0,0;
custom,cylinder,default,2,0.25,2,0,1,0.1,0.1,1,1,-1589.63,562.5,-966.05,1,1,0,0;
custom,cylinder,default,2,0.25,2,1,1,0.1,0.1,1,1,-1584.63,562.5,-966.05,1,1,0,0;
custom,cylinder,default,2,0.25,2,0,1,0.1,0.1,1,1,-1579.63,562.5,-966.05,1,1,0,0;
custom,cylinder,default,2,0.25,2,1,1,0.1,0.1,1,1,-1574.63,562.5,-966.05,1,1,0,0;
racing,killCylinder,2.1,6.1,2.1,-1632.13,562.5,-966.05,1,1,0,0;
racing,killCuboid,12,46.875,1,-1632.13,791.875,-966.05,0,0,0,0;
custom,cuboid,bombexplosiontex,3.015,46.875,1,0,1,1,1,1000000,1000000,-1632.13,791.875,-966.05,0,0,0,0;
racing,killCuboid,12,58.125,1,-1632.13,735.625,-853.55,0,0,0,0;
racing,killCuboid,1,46.875,12.25,-1687.13,791.875,-909.8,0,0,0,0;
racing,killCuboid,1,46.875,12.25,-1577.13,791.875,-909.8,0,0,0,0;
custom,cylinder,default,2,0.25,2,0,1,0.1,0.1,1,1,-1689.63,1026.25,-741.05,1,1,0,0;
custom,cylinder,default,2,0.25,2,1,1,0.1,0.1,1,1,-1684.63,1026.25,-741.05,1,1,0,0;
custom,cylinder,default,2,0.25,2,0,1,0.1,0.1,1,1,-1679.63,1026.25,-741.05,1,1,0,0;
custom,cylinder,default,2,0.25,2,1,1,0.1,0.1,1,1,-1674.63,1026.25,-741.05,1,1,0,0;
custom,cylinder,default,2,0.25,2,0,1,0.1,0.1,1,1,-1669.63,1026.25,-741.05,1,1,0,0;
custom,cylinder,default,2,0.25,2,1,1,0.1,0.1,1,1,-1664.63,1026.25,-741.05,1,1,0,0;
custom,cylinder,default,2,0.25,2,0,1,0.1,0.1,1,1,-1659.63,1026.25,-741.05,1,1,0,0;
custom,cylinder,default,2,0.25,2,1,1,0.1,0.1,1,1,-1654.63,1026.25,-741.05,1,1,0,0;
custom,cylinder,default,2,0.25,2,0,1,0.1,0.1,1,1,-1649.63,1026.25,-741.05,1,1,0,0;
custom,cylinder,default,2,0.25,2,1,1,0.1,0.1,1,1,-1644.63,1026.25,-741.05,1,1,0,0;
custom,cylinder,default,2,0.25,2,0,1,0.1,0.1,1,1,-1639.63,1026.25,-741.05,1,1,0,0;
custom,cylinder,default,2,0.25,2,1,1,0.1,0.1,1,1,-1634.63,1026.25,-741.05,1,1,0,0;
custom,cylinder,default,2,0.25,2,0,1,0.1,0.1,1,1,-1629.63,1026.25,-741.05,1,1,0,0;
custom,cylinder,default,2,0.25,2,1,1,0.1,0.1,1,1,-1624.63,1026.25,-741.05,1,1,0,0;
custom,cylinder,default,2,0.25,2,0,1,0.1,0.1,1,1,-1619.63,1026.25,-741.05,1,1,0,0;
custom,cylinder,default,2,0.25,2,1,1,0.1,0.1,1,1,-1614.63,1026.25,-741.05,1,1,0,0;
custom,cylinder,default,2,0.25,2,0,1,0.1,0.1,1,1,-1609.63,1026.25,-741.05,1,1,0,0;
custom,cylinder,default,2,0.25,2,1,1,0.1,0.1,1,1,-1604.63,1026.25,-741.05,1,1,0,0;
custom,cylinder,default,2,0.25,2,0,1,0.1,0.1,1,1,-1599.63,1026.25,-741.05,1,1,0,0;
custom,cylinder,default,2,0.25,2,1,1,0.1,0.1,1,1,-1594.63,1026.25,-741.05,1,1,0,0;
custom,cylinder,default,2,0.25,2,0,1,0.1,0.1,1,1,-1589.63,1026.25,-741.05,1,1,0,0;
custom,cylinder,default,2,0.25,2,1,1,0.1,0.1,1,1,-1584.63,1026.25,-741.05,1,1,0,0;
custom,cylinder,default,2,0.25,2,0,1,0.1,0.1,1,1,-1579.63,1026.25,-741.05,1,1,0,0;
custom,cylinder,default,2,0.25,2,1,1,0.1,0.1,1,1,-1574.63,1026.25,-741.05,1,1,0,0;
racing,killCuboid,12,3.68155389092554,1,-1632.13,1043.62986906597,-850.78217464012,0,1,0.0787017068246184,0;
racing,killCuboid,12,3.68155389092554,1,-1632.13,1076.68834452106,-840.040824837328,0,1,0.240078759080116,0;
racing,killCuboid,12,3.68155389092554,1,-1632.13,1104.80956338983,-819.609563389826,0,1,0.414213562373095,0;
racing,killCuboid,12,3.68155389092554,1,-1632.13,1125.24082483733,-791.488344521064,0,1,0.612800788139932,0;
racing,killCuboid,12,3.68155389092554,1,-1632.13,1135.98217464012,-758.42986906597,0,1,0.854080685463467,0;
racing,killCuboid,12,3.68155389092554,1,-1632.13,1135.98217464012,-723.670130934031,0,1,-0.854080685463467,0;
racing,killCuboid,12,3.68155389092554,1,-1632.13,1125.24082483733,-690.611655478937,0,1,-0.612800788139932,0;
racing,killCuboid,12,3.68155389092554,1,-1632.13,1104.80956338983,-662.490436610175,0,1,-0.414213562373095,0;
racing,killCuboid,12,3.68155389092554,1,-1632.13,1076.68834452106,-642.059175162673,0,1,-0.240078759080116,0;
racing,killCuboid,12,3.68155389092554,1,-1632.13,1043.62986906597,-631.31782535988,0,1,-0.0787017068246184,0;
racing,killCuboid,12,7.21284027609901,1,-1632.13,1061.0332033017,-960.662502531329,0,1,0.0787017068246184,0;
racing,killCuboid,12,7.21284027609901,1,-1632.13,1127.19478761709,-939.165300653284,0,1,0.240078759080116,0;
racing,killCuboid,12,7.21284027609901,1,-1632.13,1183.47519279683,-898.275192796829,0,1,0.414213562373095,0;
racing,killCuboid,12,7.21284027609901,1,-1632.13,1224.36530065328,-841.994787617088,0,1,0.612800788139932,0;
racing,killCuboid,12,7.21284027609901,1,-1632.13,1245.86250253133,-775.833203301696,0,1,0.854080685463467,0;
racing,killCuboid,12,7.21284027609901,1,-1632.13,1245.86250253133,-706.266796698305,0,1,-0.854080685463467,0;
racing,killCuboid,12,7.21284027609901,1,-1632.13,1224.36530065328,-640.105212382912,0,1,-0.612800788139932,0;
racing,killCuboid,12,7.21284027609901,1,-1632.13,1183.47519279683,-583.824807203171,0,1,-0.414213562373095,0;
racing,killCuboid,12,7.21284027609901,1,-1632.13,1127.19478761709,-542.934699346717,0,1,-0.240078759080116,0;
racing,killCuboid,12,7.21284027609901,1,-1632.13,1061.0332033017,-521.437497468671,0,1,-0.0787017068246184,0;
racing,killCuboid,1,7.21284027609901,12.25,-1577.13,1052.23376464318,-905.105033372853,0,1,0.0787017068246184,0;
racing,killCuboid,1,7.21284027609901,12.25,-1577.13,1101.65782200674,-889.046183667688,0,1,0.240078759080116,0;
racing,killCuboid,1,7.21284027609901,12.25,-1577.13,1143.70043635509,-858.500436355086,0,1,0.414213562373095,0;
racing,killCuboid,1,7.21284027609901,12.25,-1577.13,1174.24618366769,-816.457822006739,0,1,0.612800788139932,0;
racing,killCuboid,1,7.21284027609901,12.25,-1577.13,1190.30503337285,-767.033764643183,0,1,0.854080685463467,0;
racing,killCuboid,1,7.21284027609901,12.25,-1577.13,1190.30503337285,-715.066235356818,0,1,-0.854080685463467,0;
racing,killCuboid,1,7.21284027609901,12.25,-1577.13,1174.24618366769,-665.642177993261,0,1,-0.612800788139932,0;
racing,killCuboid,1,7.21284027609901,12.25,-1577.13,1143.70043635509,-623.599563644915,0,1,-0.414213562373095,0;
racing,killCuboid,1,7.21284027609901,12.25,-1577.13,1101.65782200674,-593.053816332312,0,1,-0.240078759080116,0;
racing,killCuboid,1,7.21284027609901,12.25,-1577.13,1052.23376464318,-576.994966627148,0,1,-0.0787017068246184,0;
racing,killCuboid,1,7.21284027609901,12.25,-1687.13,1052.23376464318,-905.105033372853,0,1,0.0787017068246184,0;
racing,killCuboid,1,7.21284027609901,12.25,-1687.13,1101.65782200674,-889.046183667688,0,1,0.240078759080116,0;
racing,killCuboid,1,7.21284027609901,12.25,-1687.13,1143.70043635509,-858.500436355086,0,1,0.414213562373095,0;
racing,killCuboid,1,7.21284027609901,12.25,-1687.13,1174.24618366769,-816.457822006739,0,1,0.612800788139932,0;
racing,killCuboid,1,7.21284027609901,12.25,-1687.13,1190.30503337285,-767.033764643183,0,1,0.854080685463467,0;
racing,killCuboid,1,7.21284027609901,12.25,-1687.13,1190.30503337285,-715.066235356818,0,1,-0.854080685463467,0;
racing,killCuboid,1,7.21284027609901,12.25,-1687.13,1174.24618366769,-665.642177993261,0,1,-0.612800788139932,0;
racing,killCuboid,1,7.21284027609901,12.25,-1687.13,1143.70043635509,-623.599563644915,0,1,-0.414213562373095,0;
racing,killCuboid,1,7.21284027609901,12.25,-1687.13,1101.65782200674,-593.053816332312,0,1,-0.240078759080116,0;
racing,killCuboid,1,7.21284027609901,12.25,-1687.13,1052.23376464318,-576.994966627148,0,1,-0.0787017068246184,0;
racing,killCuboid,12,46.875,1,-1632.13,791.875,-516.05,0,0,0,0;
custom,cuboid,bombexplosiontex,3.015,46.875,1,0,1,1,1,1000000,1000000,-1632.13,791.875,-516.05,0,0,0,0;
racing,killCuboid,12,58.125,1,-1632.13,735.625,-628.55,0,0,0,0;
racing,killCuboid,1,46.875,12.25,-1687.13,791.875,-572.3,0,0,0,0;
racing,killCuboid,1,46.875,12.25,-1577.13,791.875,-572.3,0,0,0,0;
racing,killCuboid,12,1,125,-1632.13,450,-8.55000000000018,0,0,0,0;
racing,killCuboid,12,1,125,-1632.13,562.5,103.95,0,0,0,0;
racing,killCuboid,1,11.25,125,-1687.13,501.25,-8.55000000000018,0,0,0,0;
racing,killCuboid,1,11.25,125,-1577.13,501.25,-8.55000000000018,0,0,0,0;
custom,cylinder,default,2,0.25,2,0,1,0.1,0.1,1,1,-1689.63,562.5,-516.05,1,1,0,0;
custom,cylinder,default,2,0.25,2,1,1,0.1,0.1,1,1,-1684.63,562.5,-516.05,1,1,0,0;
custom,cylinder,default,2,0.25,2,0,1,0.1,0.1,1,1,-1679.63,562.5,-516.05,1,1,0,0;
custom,cylinder,default,2,0.25,2,1,1,0.1,0.1,1,1,-1674.63,562.5,-516.05,1,1,0,0;
custom,cylinder,default,2,0.25,2,0,1,0.1,0.1,1,1,-1669.63,562.5,-516.05,1,1,0,0;
custom,cylinder,default,2,0.25,2,1,1,0.1,0.1,1,1,-1664.63,562.5,-516.05,1,1,0,0;
custom,cylinder,default,2,0.25,2,0,1,0.1,0.1,1,1,-1659.63,562.5,-516.05,1,1,0,0;
custom,cylinder,default,2,0.25,2,1,1,0.1,0.1,1,1,-1654.63,562.5,-516.05,1,1,0,0;
custom,cylinder,default,2,0.25,2,0,1,0.1,0.1,1,1,-1649.63,562.5,-516.05,1,1,0,0;
custom,cylinder,default,2,0.25,2,1,1,0.1,0.1,1,1,-1644.63,562.5,-516.05,1,1,0,0;
custom,cylinder,default,2,0.25,2,0,1,0.1,0.1,1,1,-1639.63,562.5,-516.05,1,1,0,0;
custom,cylinder,default,2,0.25,2,1,1,0.1,0.1,1,1,-1634.63,562.5,-516.05,1,1,0,0;
custom,cylinder,default,2,0.25,2,0,1,0.1,0.1,1,1,-1629.63,562.5,-516.05,1,1,0,0;
custom,cylinder,default,2,0.25,2,1,1,0.1,0.1,1,1,-1624.63,562.5,-516.05,1,1,0,0;
custom,cylinder,default,2,0.25,2,0,1,0.1,0.1,1,1,-1619.63,562.5,-516.05,1,1,0,0;
custom,cylinder,default,2,0.25,2,1,1,0.1,0.1,1,1,-1614.63,562.5,-516.05,1,1,0,0;
custom,cylinder,default,2,0.25,2,0,1,0.1,0.1,1,1,-1609.63,562.5,-516.05,1,1,0,0;
custom,cylinder,default,2,0.25,2,1,1,0.1,0.1,1,1,-1604.63,562.5,-516.05,1,1,0,0;
custom,cylinder,default,2,0.25,2,0,1,0.1,0.1,1,1,-1599.63,562.5,-516.05,1,1,0,0;
custom,cylinder,default,2,0.25,2,1,1,0.1,0.1,1,1,-1594.63,562.5,-516.05,1,1,0,0;
custom,cylinder,default,2,0.25,2,0,1,0.1,0.1,1,1,-1589.63,562.5,-516.05,1,1,0,0;
custom,cylinder,default,2,0.25,2,1,1,0.1,0.1,1,1,-1584.63,562.5,-516.05,1,1,0,0;
custom,cylinder,default,2,0.25,2,0,1,0.1,0.1,1,1,-1579.63,562.5,-516.05,1,1,0,0;
custom,cylinder,default,2,0.25,2,1,1,0.1,0.1,1,1,-1574.63,562.5,-516.05,1,1,0,0;
racing,killCylinder,2.1,6.1,2.1,-1632.13,562.5,-516.05,1,1,0,0;
racing,killCuboid,12,11.25,1,-1632.13,501.25,723.95,0,0,0,0;
racing,killCuboid,12,12.25,1,-1632.13,393.75,611.45,0,0,0,0;
custom,cuboid,bombexplosiontex,3.015,11.25,1,0,1,1,1,1000000,1000000,-1632.13,501.25,723.95,0,0,0,0;
custom,cuboid,bombexplosiontex,3.015,12.25,1,0,1,1,1,1000000,1000000,-1632.13,393.75,611.45,0,0,0,0;
racing,killCuboid,1,22.5,12.25,-1577.13,445,667.7,0,0,0,0;
racing,killCuboid,1,22.5,12.25,-1687.13,445,667.7,0,0,0,0;
custom,cylinder,default,2,6,2,0,1,1,1,1,1,-1632.13,450,611.45,1,1,0,0;
racing,killCylinder,2.1,6.1,2.1,-1632.13,450,611.45,1,1,0,0;
custom,cylinder,default,2,6,2,0,1,1,1,1,1,-1632.13,562.5,611.45,1,1,0,0;
racing,killCylinder,2.1,6.1,2.1,-1632.13,562.5,611.45,1,1,0,0;
custom,cylinder,default,2,6,2,0,1,1,1,1,1,-1632.13,450,723.95,1,1,0,0;
racing,killCylinder,2.1,6.1,2.1,-1632.13,450,723.95,1,1,0,0;
racing,killCuboid,12,1,12.25,-1632.13,450,780.2,0,0,0,0;
racing,killCuboid,12,1,12.25,-1632.13,337.5,667.7,0,0,0,0;
custom,cuboid,bombexplosiontex,3.015,1,12.25,0,1,1,1,1000000,1000000,-1632.13,450,780.2,0,0,0,0;
custom,cuboid,bombexplosiontex,3.015,1,12.25,0,1,1,1,1000000,1000000,-1632.13,337.5,667.7,0,0,0,0;
racing,killCuboid,1,23.5,12.25,-1577.13,337.5,780.2,0,0,0,0;
racing,killCuboid,1,23.5,12.25,-1687.13,337.5,780.2,0,0,0,0;
custom,cylinder,default,2,6,2,0,1,1,1,1,1,-1632.13,337.5,723.95,1,1,0,0;
racing,killCylinder,2.1,6.1,2.1,-1632.13,337.5,723.95,1,1,0,0;
racing,killCuboid,12,12.25,1,-1632.13,393.75,836.45,0,0,0,0;
racing,killCuboid,12,12.25,1,-1632.13,281.25,723.95,0,0,0,0;
custom,cuboid,bombexplosiontex,3.015,12.25,1,0,1,1,1,1000000,1000000,-1632.13,393.75,836.45,0,0,0,0;
custom,cuboid,bombexplosiontex,3.015,12.25,1,0,1,1,1,1000000,1000000,-1632.13,281.25,723.95,0,0,0,0;
custom,cylinder,default,2,6,2,0,1,1,1,1,1,-1632.13,337.5,836.45,1,1,0,0;
racing,killCylinder,2.1,6.1,2.1,-1632.13,337.5,836.45,1,1,0,0;
racing,killCuboid,12,1,49,-1632.13,337.5,1076.45,0,0,0,0;
racing,killCuboid,12,1,49,-1632.13,225,963.95,0,0,0,0;
racing,killCuboid,1,12.25,49,-1577.13,281.25,1076.45,0,0,0,0;
racing,killCuboid,1,12.25,49,-1687.13,281.25,1076.45,0,0,0,0;
racing,killCuboid,12,12.25,1,-1632.13,281.25,1316.45,0,0,0,0;
racing,killCuboid,12,12.25,1,-1632.13,168.75,1203.95,0,0,0,0;
custom,cuboid,bombexplosiontex,3.015,12.25,1,0,1,1,1,1000000,1000000,-1632.13,281.25,1316.45,0,0,0,0;
custom,cuboid,bombexplosiontex,3.015,12.25,1,0,1,1,1,1000000,1000000,-1632.13,168.75,1203.95,0,0,0,0;
custom,cylinder,default,2,6,2,0,1,1,1,1,1,-1632.13,225,1203.95,1,1,0,0;
racing,killCylinder,2.1,6.1,2.1,-1632.13,225,1203.95,1,1,0,0;
custom,cylinder,default,2,6,2,0,1,1,1,1,1,-1632.13,337.5,1203.95,1,1,0,0;
racing,killCylinder,2.1,6.1,2.1,-1632.13,337.5,1203.95,1,1,0,0;
custom,cylinder,default,2,6,2,0,1,1,1,1,1,-1632.13,225,1316.45,1,1,0,0;
racing,killCylinder,2.1,6.1,2.1,-1632.13,225,1316.45,1,1,0,0;
racing,killCuboid,12,1,12.25,-1632.13,225,1372.7,0,0,0,0;
racing,killCuboid,12,1,12.25,-1632.13,112.5,1260.2,0,0,0,0;
custom,cuboid,bombexplosiontex,2,1,12.25,0,1,1,1,1000000,1000000,-1632.13,225,1372.7,0,0,0,0;
custom,cuboid,bombexplosiontex,2,1,12.25,0,1,1,1,1000000,1000000,-1632.13,112.5,1260.2,0,0,0,0;
racing,killCuboid,12,12.25,1,-1632.13,168.75,1428.95,0,0,0,0;
racing,killCuboid,12,11.25,1,-1632.13,61.25,1316.45,0,0,0,0;
custom,cuboid,bombexplosiontex,2,12.25,1,0,1,1,1,1000000,1000000,-1632.13,168.75,1428.95,0,0,0,0;
custom,cuboid,bombexplosiontex,2,11.25,1,0,1,1,1,1000000,1000000,-1632.13,61.25,1316.45,0,0,0,0;
racing,killCuboid,1,12.25,23.5,-1577.13,168.75,1316.45,0,0,0,0;
racing,killCuboid,1,12.25,23.5,-1687.13,168.75,1316.45,0,0,0,0;
custom,cylinder,default,2,6,2,0,1,1,1,1,1,-1632.13,112.5,1316.45,1,1,0,0;
racing,killCylinder,2.1,6.1,2.1,-1632.13,112.5,1316.45,1,1,0,0;
custom,cylinder,default,2,6,2,0,1,1,1,1,1,-1632.13,112.5,1428.95,1,1,0,0;
racing,killCylinder,2.1,6.1,2.1,-1632.13,112.5,1428.95,1,1,0,0;
racing,killCuboid,12,1,36.75,-1632.13,112.5,1607.7,0,0,0,0;
racing,killCuboid,1,11.25,48,-1577.13,61.25,1551.45,0,0,0,0;
racing,killCuboid,1,11.25,48,-1687.13,61.25,1551.45,0,0,0,0;
custom,cuboid,default,12.5,3,2,1,0.552,0.172,0.904,1000000,1000000,-1632.13,105,1786.45,0,0,0,0;
custom,cuboid,default,12.5,3,2,1,0.552,0.172,0.904,1000000,1000000,-1632.13,20,1786.45,0,0,0,0;
custom,cuboid,default,3,5.5,2,1,0.552,0.172,0.904,1000000,1000000,-1679.63,62.5,1786.45,0,0,0,0;
custom,cuboid,default,3,5.5,2,1,0.552,0.172,0.904,1000000,1000000,-1584.63,62.5,1786.45,0,0,0,0;
racing,checkpointCuboid,6.5,5.5,1.5,-1632.13,62.5,1786.45,0,0,0,0;
racing,killCuboid,1,11.25,10,-1577.13,61.25,1846.45,0,0,0,0;
racing,killCuboid,1,11.25,21,-1687.13,61.25,1901.45,0,0,0,0;
racing,killCuboid,12,1,21,-1632.13,112.5,1901.45,0,0,0,0;
racing,killCuboid,100,11.25,1,-1082.13,61.25,1891.45,0,0,0,0;
racing,killCuboid,122,11.25,1,-1082.13,61.25,2001.45,0,0,0,0;
racing,killCuboid,110,1,12,-1022.13,112.5,1946.45,0,0,0,0;

custom,tube,default,22.5,111.12,22.5,0,1,1,1,1,1,-1102.13,61.25,1946.45,1,1,0,0;
racing,killCuboid,1,11.25,95.5,-587.13,61.25,1418.95,0,0,0,0;
racing,killCuboid,1,11.25,106.5,-477.13,61.25,1473.95,0,0,0,0;
racing,killCuboid,1,12.9903810567666,90,-587.13,286.25,584.214520938919,0,1,0.267949192431123,0;
racing,killCuboid,1,12.9903810567666,90,-477.13,286.25,584.214520938919,0,1,0.267949192431123,0;
racing,killCuboid,12,1,88.0048094716167,-532.13,112.5,1446.42595264192,0,0,0,0;
racing,killCuboid,12,1,90,-532.13,338.169872981078,614.190473580835,0,1,0.267949192431123,0;
racing,killCuboid,12,1,90,-532.13,225.669872981078,549.238568297002,0,1,0.267949192431123,0;
custom,cuboid,bombexplosiontex,2.5,2.5,0.1,1,0.1,1,0.1,1000000,1000000,-532.13,162.5,1006.40190528383,0,0,0,0;
custom,cuboid,bombexplosiontex,2.5,2.5,0.1,1,0.1,1,0.1,1000000,1000000,-532.13,162.5,1006.40190528383,0,0,0,0;
racing,killCuboid,1,11.25,86.0529041877838,-587.13,511.25,-203.285479061081,0,0,0,0;
racing,killCuboid,1,11.25,86.0529041877838,-477.13,511.25,-203.285479061081,0,0,0,0;
racing,killCuboid,12,1,74.8029041877838,-532.13,562.5,-147.035479061081,0,0,0,0;
racing,killCuboid,12,1,79.5577136594005,-532.13,450,-235.761431702998,0,0,0,0;
custom,cuboid,bombexplosiontex,2.5,2.5,0.1,1,0.1,1,0.1,1000000,1000000,-532.13,400,162.027136594005,0,0,0,0;
custom,cuboid,bombexplosiontex,2.5,2.5,0.1,1,0.1,1,0.1,1000000,1000000,-532.13,400,162.027136594005,0,0,0,0;
custom,cylinder,default,2,0.25,2,0,1,0.1,0.1,1,1,-589.63,562.5,-516.05,1,1,0,0;
custom,cylinder,default,2,0.25,2,1,1,0.1,0.1,1,1,-584.63,562.5,-516.05,1,1,0,0;
custom,cylinder,default,2,0.25,2,0,1,0.1,0.1,1,1,-579.63,562.5,-516.05,1,1,0,0;
custom,cylinder,default,2,0.25,2,1,1,0.1,0.1,1,1,-574.63,562.5,-516.05,1,1,0,0;
custom,cylinder,default,2,0.25,2,0,1,0.1,0.1,1,1,-569.63,562.5,-516.05,1,1,0,0;
custom,cylinder,default,2,0.25,2,1,1,0.1,0.1,1,1,-564.63,562.5,-516.05,1,1,0,0;
custom,cylinder,default,2,0.25,2,0,1,0.1,0.1,1,1,-559.63,562.5,-516.05,1,1,0,0;
custom,cylinder,default,2,0.25,2,1,1,0.1,0.1,1,1,-554.63,562.5,-516.05,1,1,0,0;
custom,cylinder,default,2,0.25,2,0,1,0.1,0.1,1,1,-549.63,562.5,-516.05,1,1,0,0;
custom,cylinder,default,2,0.25,2,1,1,0.1,0.1,1,1,-544.63,562.5,-516.05,1,1,0,0;
custom,cylinder,default,2,0.25,2,0,1,0.1,0.1,1,1,-539.63,562.5,-516.05,1,1,0,0;
custom,cylinder,default,2,0.25,2,1,1,0.1,0.1,1,1,-534.63,562.5,-516.05,1,1,0,0;
custom,cylinder,default,2,0.25,2,0,1,0.1,0.1,1,1,-529.63,562.5,-516.05,1,1,0,0;
custom,cylinder,default,2,0.25,2,1,1,0.1,0.1,1,1,-524.63,562.5,-516.05,1,1,0,0;
custom,cylinder,default,2,0.25,2,0,1,0.1,0.1,1,1,-519.63,562.5,-516.05,1,1,0,0;
custom,cylinder,default,2,0.25,2,1,1,0.1,0.1,1,1,-514.63,562.5,-516.05,1,1,0,0;
custom,cylinder,default,2,0.25,2,0,1,0.1,0.1,1,1,-509.63,562.5,-516.05,1,1,0,0;
custom,cylinder,default,2,0.25,2,1,1,0.1,0.1,1,1,-504.63,562.5,-516.05,1,1,0,0;
custom,cylinder,default,2,0.25,2,0,1,0.1,0.1,1,1,-499.63,562.5,-516.05,1,1,0,0;
custom,cylinder,default,2,0.25,2,1,1,0.1,0.1,1,1,-494.63,562.5,-516.05,1,1,0,0;
custom,cylinder,default,2,0.25,2,0,1,0.1,0.1,1,1,-489.63,562.5,-516.05,1,1,0,0;
custom,cylinder,default,2,0.25,2,1,1,0.1,0.1,1,1,-484.63,562.5,-516.05,1,1,0,0;
custom,cylinder,default,2,0.25,2,0,1,0.1,0.1,1,1,-479.63,562.5,-516.05,1,1,0,0;
custom,cylinder,default,2,0.25,2,1,1,0.1,0.1,1,1,-474.63,562.5,-516.05,1,1,0,0;
racing,killCylinder,2.1,6.1,2.1,-532.13,562.5,-516.05,1,1,0,0;
racing,killCuboid,12,46.875,1,-532.13,791.875,-516.05,0,0,0,0;
custom,cuboid,bombexplosiontex,3.015,46.875,1,0,1,1,1,1000000,1000000,-532.13,791.875,-516.05,0,0,0,0;
racing,killCuboid,12,58.125,1,-532.13,735.625,-628.55,0,0,0,0;
racing,killCuboid,1,46.875,12.25,-587.13,791.875,-572.3,0,0,0,0;
racing,killCuboid,1,46.875,12.25,-477.13,791.875,-572.3,0,0,0,0;
custom,cylinder,default,2,0.25,2,0,1,0.1,0.1,1,1,-589.63,1026.25,-741.05,1,1,0,0;
custom,cylinder,default,2,0.25,2,1,1,0.1,0.1,1,1,-584.63,1026.25,-741.05,1,1,0,0;
custom,cylinder,default,2,0.25,2,0,1,0.1,0.1,1,1,-579.63,1026.25,-741.05,1,1,0,0;
custom,cylinder,default,2,0.25,2,1,1,0.1,0.1,1,1,-574.63,1026.25,-741.05,1,1,0,0;
custom,cylinder,default,2,0.25,2,0,1,0.1,0.1,1,1,-569.63,1026.25,-741.05,1,1,0,0;
custom,cylinder,default,2,0.25,2,1,1,0.1,0.1,1,1,-564.63,1026.25,-741.05,1,1,0,0;
custom,cylinder,default,2,0.25,2,0,1,0.1,0.1,1,1,-559.63,1026.25,-741.05,1,1,0,0;
custom,cylinder,default,2,0.25,2,1,1,0.1,0.1,1,1,-554.63,1026.25,-741.05,1,1,0,0;
custom,cylinder,default,2,0.25,2,0,1,0.1,0.1,1,1,-549.63,1026.25,-741.05,1,1,0,0;
custom,cylinder,default,2,0.25,2,1,1,0.1,0.1,1,1,-544.63,1026.25,-741.05,1,1,0,0;
custom,cylinder,default,2,0.25,2,0,1,0.1,0.1,1,1,-539.63,1026.25,-741.05,1,1,0,0;
custom,cylinder,default,2,0.25,2,1,1,0.1,0.1,1,1,-534.63,1026.25,-741.05,1,1,0,0;
custom,cylinder,default,2,0.25,2,0,1,0.1,0.1,1,1,-529.63,1026.25,-741.05,1,1,0,0;
custom,cylinder,default,2,0.25,2,1,1,0.1,0.1,1,1,-524.63,1026.25,-741.05,1,1,0,0;
custom,cylinder,default,2,0.25,2,0,1,0.1,0.1,1,1,-519.63,1026.25,-741.05,1,1,0,0;
custom,cylinder,default,2,0.25,2,1,1,0.1,0.1,1,1,-514.63,1026.25,-741.05,1,1,0,0;
custom,cylinder,default,2,0.25,2,0,1,0.1,0.1,1,1,-509.63,1026.25,-741.05,1,1,0,0;
custom,cylinder,default,2,0.25,2,1,1,0.1,0.1,1,1,-504.63,1026.25,-741.05,1,1,0,0;
custom,cylinder,default,2,0.25,2,0,1,0.1,0.1,1,1,-499.63,1026.25,-741.05,1,1,0,0;
custom,cylinder,default,2,0.25,2,1,1,0.1,0.1,1,1,-494.63,1026.25,-741.05,1,1,0,0;
custom,cylinder,default,2,0.25,2,0,1,0.1,0.1,1,1,-489.63,1026.25,-741.05,1,1,0,0;
custom,cylinder,default,2,0.25,2,1,1,0.1,0.1,1,1,-484.63,1026.25,-741.05,1,1,0,0;
custom,cylinder,default,2,0.25,2,0,1,0.1,0.1,1,1,-479.63,1026.25,-741.05,1,1,0,0;
custom,cylinder,default,2,0.25,2,1,1,0.1,0.1,1,1,-474.63,1026.25,-741.05,1,1,0,0;
racing,killCuboid,12,3.68155389092554,1,-532.13,1043.62986906597,-850.78217464012,0,1,0.0787017068246184,0;
racing,killCuboid,12,3.68155389092554,1,-532.13,1076.68834452106,-840.040824837328,0,1,0.240078759080116,0;
racing,killCuboid,12,3.68155389092554,1,-532.13,1104.80956338983,-819.609563389826,0,1,0.414213562373095,0;
racing,killCuboid,12,3.68155389092554,1,-532.13,1125.24082483733,-791.488344521064,0,1,0.612800788139932,0;
racing,killCuboid,12,3.68155389092554,1,-532.13,1135.98217464012,-758.42986906597,0,1,0.854080685463467,0;
racing,killCuboid,12,3.68155389092554,1,-532.13,1135.98217464012,-723.670130934031,0,1,-0.854080685463467,0;
racing,killCuboid,12,3.68155389092554,1,-532.13,1125.24082483733,-690.611655478937,0,1,-0.612800788139932,0;
racing,killCuboid,12,3.68155389092554,1,-532.13,1104.80956338983,-662.490436610175,0,1,-0.414213562373095,0;
racing,killCuboid,12,3.68155389092554,1,-532.13,1076.68834452106,-642.059175162673,0,1,-0.240078759080116,0;
racing,killCuboid,12,3.68155389092554,1,-532.13,1043.62986906597,-631.31782535988,0,1,-0.0787017068246184,0;
racing,killCuboid,12,3.68155389092554,1,-532.13,916.51782535988,-758.42986906597,0,1,-0.854080685463467,0;
racing,killCuboid,12,3.68155389092554,1,-532.13,927.259175162672,-791.488344521064,0,1,-0.612800788139932,0;
racing,killCuboid,12,3.68155389092554,1,-532.13,947.690436610175,-819.609563389826,0,1,-0.414213562373095,0;
racing,killCuboid,12,3.68155389092554,1,-532.13,975.811655478936,-840.040824837328,0,1,-0.240078759080116,0;
racing,killCuboid,12,3.68155389092554,1,-532.13,1008.87013093403,-850.78217464012,0,1,-0.0787017068246184,0;
racing,killCuboid,12,7.21284027609901,1,-532.13,1061.0332033017,-960.662502531329,0,1,0.0787017068246184,0;
racing,killCuboid,12,7.21284027609901,1,-532.13,1127.19478761709,-939.165300653284,0,1,0.240078759080116,0;
racing,killCuboid,12,7.21284027609901,1,-532.13,1183.47519279683,-898.275192796829,0,1,0.414213562373095,0;
racing,killCuboid,12,7.21284027609901,1,-532.13,1224.36530065328,-841.994787617088,0,1,0.612800788139932,0;
racing,killCuboid,12,7.21284027609901,1,-532.13,1245.86250253133,-775.833203301696,0,1,0.854080685463467,0;
racing,killCuboid,12,7.21284027609901,1,-532.13,1245.86250253133,-706.266796698305,0,1,-0.854080685463467,0;
racing,killCuboid,12,7.21284027609901,1,-532.13,1224.36530065328,-640.105212382912,0,1,-0.612800788139932,0;
racing,killCuboid,12,7.21284027609901,1,-532.13,1183.47519279683,-583.824807203171,0,1,-0.414213562373095,0;
racing,killCuboid,12,7.21284027609901,1,-532.13,1127.19478761709,-542.934699346717,0,1,-0.240078759080116,0;
racing,killCuboid,12,7.21284027609901,1,-532.13,1061.0332033017,-521.437497468671,0,1,-0.0787017068246184,0;
racing,killCuboid,12,7.21284027609901,1,-532.13,806.637497468671,-775.833203301696,0,1,-0.854080685463467,0;
racing,killCuboid,12,7.21284027609901,1,-532.13,828.134699346716,-841.994787617088,0,1,-0.612800788139932,0;
racing,killCuboid,12,7.21284027609901,1,-532.13,869.024807203171,-898.275192796829,0,1,-0.414213562373095,0;
racing,killCuboid,12,7.21284027609901,1,-532.13,925.305212382912,-939.165300653284,0,1,-0.240078759080116,0;
racing,killCuboid,12,7.21284027609901,1,-532.13,991.466796698305,-960.662502531329,0,1,-0.0787017068246184,0;
racing,killCuboid,1,7.21284027609901,12.25,-587.13,1052.23376464318,-905.105033372853,0,1,0.0787017068246184,0;
racing,killCuboid,1,7.21284027609901,12.25,-587.13,1101.65782200674,-889.046183667688,0,1,0.240078759080116,0;
racing,killCuboid,1,7.21284027609901,12.25,-587.13,1143.70043635509,-858.500436355086,0,1,0.414213562373095,0;
racing,killCuboid,1,7.21284027609901,12.25,-587.13,1174.24618366769,-816.457822006739,0,1,0.612800788139932,0;
racing,killCuboid,1,7.21284027609901,12.25,-587.13,1190.30503337285,-767.033764643183,0,1,0.854080685463467,0;
racing,killCuboid,1,7.21284027609901,12.25,-587.13,1190.30503337285,-715.066235356818,0,1,-0.854080685463467,0;
racing,killCuboid,1,7.21284027609901,12.25,-587.13,1174.24618366769,-665.642177993261,0,1,-0.612800788139932,0;
racing,killCuboid,1,7.21284027609901,12.25,-587.13,1143.70043635509,-623.599563644915,0,1,-0.414213562373095,0;
racing,killCuboid,1,7.21284027609901,12.25,-587.13,1101.65782200674,-593.053816332312,0,1,-0.240078759080116,0;
racing,killCuboid,1,7.21284027609901,12.25,-587.13,1052.23376464318,-576.994966627148,0,1,-0.0787017068246184,0;
racing,killCuboid,1,7.21284027609901,12.25,-587.13,862.194966627148,-767.033764643183,0,1,-0.854080685463467,0;
racing,killCuboid,1,7.21284027609901,12.25,-587.13,878.253816332312,-816.457822006739,0,1,-0.612800788139932,0;
racing,killCuboid,1,7.21284027609901,12.25,-587.13,908.799563644915,-858.500436355086,0,1,-0.414213562373095,0;
racing,killCuboid,1,7.21284027609901,12.25,-587.13,950.842177993261,-889.046183667688,0,1,-0.240078759080116,0;
racing,killCuboid,1,7.21284027609901,12.25,-587.13,1000.26623535682,-905.105033372853,0,1,-0.0787017068246184,0;
racing,killCuboid,1,7.21284027609901,12.25,-477.13,1052.23376464318,-905.105033372853,0,1,0.0787017068246184,0;
racing,killCuboid,1,7.21284027609901,12.25,-477.13,1101.65782200674,-889.046183667688,0,1,0.240078759080116,0;
racing,killCuboid,1,7.21284027609901,12.25,-477.13,1143.70043635509,-858.500436355086,0,1,0.414213562373095,0;
racing,killCuboid,1,7.21284027609901,12.25,-477.13,1174.24618366769,-816.457822006739,0,1,0.612800788139932,0;
racing,killCuboid,1,7.21284027609901,12.25,-477.13,1190.30503337285,-767.033764643183,0,1,0.854080685463467,0;
racing,killCuboid,1,7.21284027609901,12.25,-477.13,1190.30503337285,-715.066235356818,0,1,-0.854080685463467,0;
racing,killCuboid,1,7.21284027609901,12.25,-477.13,1174.24618366769,-665.642177993261,0,1,-0.612800788139932,0;
racing,killCuboid,1,7.21284027609901,12.25,-477.13,1143.70043635509,-623.599563644915,0,1,-0.414213562373095,0;
racing,killCuboid,1,7.21284027609901,12.25,-477.13,1101.65782200674,-593.053816332312,0,1,-0.240078759080116,0;
racing,killCuboid,1,7.21284027609901,12.25,-477.13,1052.23376464318,-576.994966627148,0,1,-0.0787017068246184,0;
racing,killCuboid,1,7.21284027609901,12.25,-477.13,862.194966627148,-767.033764643183,0,1,-0.854080685463467,0;
racing,killCuboid,1,7.21284027609901,12.25,-477.13,878.253816332312,-816.457822006739,0,1,-0.612800788139932,0;
racing,killCuboid,1,7.21284027609901,12.25,-477.13,908.799563644915,-858.500436355086,0,1,-0.414213562373095,0;
racing,killCuboid,1,7.21284027609901,12.25,-477.13,950.842177993261,-889.046183667688,0,1,-0.240078759080116,0;
racing,killCuboid,1,7.21284027609901,12.25,-477.13,1000.26623535682,-905.105033372853,0,1,-0.0787017068246184,0;
custom,cylinder,default,2,0.25,2,0,1,0.1,0.1,1,1,-589.63,801.25,-741.05,1,1,0,0;
custom,cylinder,default,2,0.25,2,1,1,0.1,0.1,1,1,-584.63,801.25,-741.05,1,1,0,0;
custom,cylinder,default,2,0.25,2,0,1,0.1,0.1,1,1,-579.63,801.25,-741.05,1,1,0,0;
custom,cylinder,default,2,0.25,2,1,1,0.1,0.1,1,1,-574.63,801.25,-741.05,1,1,0,0;
custom,cylinder,default,2,0.25,2,0,1,0.1,0.1,1,1,-569.63,801.25,-741.05,1,1,0,0;
custom,cylinder,default,2,0.25,2,1,1,0.1,0.1,1,1,-564.63,801.25,-741.05,1,1,0,0;
custom,cylinder,default,2,0.25,2,0,1,0.1,0.1,1,1,-559.63,801.25,-741.05,1,1,0,0;
custom,cylinder,default,2,0.25,2,1,1,0.1,0.1,1,1,-554.63,801.25,-741.05,1,1,0,0;
custom,cylinder,default,2,0.25,2,0,1,0.1,0.1,1,1,-549.63,801.25,-741.05,1,1,0,0;
custom,cylinder,default,2,0.25,2,1,1,0.1,0.1,1,1,-544.63,801.25,-741.05,1,1,0,0;
custom,cylinder,default,2,0.25,2,0,1,0.1,0.1,1,1,-539.63,801.25,-741.05,1,1,0,0;
custom,cylinder,default,2,0.25,2,1,1,0.1,0.1,1,1,-534.63,801.25,-741.05,1,1,0,0;
custom,cylinder,default,2,0.25,2,0,1,0.1,0.1,1,1,-529.63,801.25,-741.05,1,1,0,0;
custom,cylinder,default,2,0.25,2,1,1,0.1,0.1,1,1,-524.63,801.25,-741.05,1,1,0,0;
custom,cylinder,default,2,0.25,2,0,1,0.1,0.1,1,1,-519.63,801.25,-741.05,1,1,0,0;
custom,cylinder,default,2,0.25,2,1,1,0.1,0.1,1,1,-514.63,801.25,-741.05,1,1,0,0;
custom,cylinder,default,2,0.25,2,0,1,0.1,0.1,1,1,-509.63,801.25,-741.05,1,1,0,0;
custom,cylinder,default,2,0.25,2,1,1,0.1,0.1,1,1,-504.63,801.25,-741.05,1,1,0,0;
custom,cylinder,default,2,0.25,2,0,1,0.1,0.1,1,1,-499.63,801.25,-741.05,1,1,0,0;
custom,cylinder,default,2,0.25,2,1,1,0.1,0.1,1,1,-494.63,801.25,-741.05,1,1,0,0;
custom,cylinder,default,2,0.25,2,0,1,0.1,0.1,1,1,-489.63,801.25,-741.05,1,1,0,0;
custom,cylinder,default,2,0.25,2,1,1,0.1,0.1,1,1,-484.63,801.25,-741.05,1,1,0,0;
custom,cylinder,default,2,0.25,2,0,1,0.1,0.1,1,1,-479.63,801.25,-741.05,1,1,0,0;
custom,cylinder,default,2,0.25,2,1,1,0.1,0.1,1,1,-474.63,801.25,-741.05,1,1,0,0;
racing,killCylinder,2.1,6,2.1,-532.13,801.25,-741.05,1,1,0,0;
racing,killCuboid,12,1,12.25,-532.13,913.75,-684.8,0,0,0,0;
racing,killCuboid,1,47.375,12.25,-587.13,681.875,-684.8,0,0,0,0;
racing,killCuboid,1,47.375,12.25,-477.13,681.875,-684.8,0,0,0,0;
racing,killCuboid,12,24.875,1,-532.13,681.875,-741.05,0,0,0,0;
custom,cuboid,bombexplosiontex,3.015,24.875,1,0,1,1,1,1000000,1000000,-532.13,681.875,-741.05,0,0,0,0;
racing,killCuboid,8,31.5833333333333,1,-532.13,681.875,-628.55,0,0,0,0;
racing,killCuboid,4,15.7916666666667,1,-532.13,681.875,-628.55,0,0,0,0;
custom,cylinder,default,2,0.25,2,0,1,0.1,0.1,1,1,-589.63,562.5,-741.05,1,1,0,0;
custom,cylinder,default,2,0.25,2,1,1,0.1,0.1,1,1,-584.63,562.5,-741.05,1,1,0,0;
custom,cylinder,default,2,0.25,2,0,1,0.1,0.1,1,1,-579.63,562.5,-741.05,1,1,0,0;
custom,cylinder,default,2,0.25,2,1,1,0.1,0.1,1,1,-574.63,562.5,-741.05,1,1,0,0;
custom,cylinder,default,2,0.25,2,0,1,0.1,0.1,1,1,-569.63,562.5,-741.05,1,1,0,0;
custom,cylinder,default,2,0.25,2,1,1,0.1,0.1,1,1,-564.63,562.5,-741.05,1,1,0,0;
custom,cylinder,default,2,0.25,2,0,1,0.1,0.1,1,1,-559.63,562.5,-741.05,1,1,0,0;
custom,cylinder,default,2,0.25,2,1,1,0.1,0.1,1,1,-554.63,562.5,-741.05,1,1,0,0;
custom,cylinder,default,2,0.25,2,0,1,0.1,0.1,1,1,-549.63,562.5,-741.05,1,1,0,0;
custom,cylinder,default,2,0.25,2,1,1,0.1,0.1,1,1,-544.63,562.5,-741.05,1,1,0,0;
custom,cylinder,default,2,0.25,2,0,1,0.1,0.1,1,1,-539.63,562.5,-741.05,1,1,0,0;
custom,cylinder,default,2,0.25,2,1,1,0.1,0.1,1,1,-534.63,562.5,-741.05,1,1,0,0;
custom,cylinder,default,2,0.25,2,0,1,0.1,0.1,1,1,-529.63,562.5,-741.05,1,1,0,0;
custom,cylinder,default,2,0.25,2,1,1,0.1,0.1,1,1,-524.63,562.5,-741.05,1,1,0,0;
custom,cylinder,default,2,0.25,2,0,1,0.1,0.1,1,1,-519.63,562.5,-741.05,1,1,0,0;
custom,cylinder,default,2,0.25,2,1,1,0.1,0.1,1,1,-514.63,562.5,-741.05,1,1,0,0;
custom,cylinder,default,2,0.25,2,0,1,0.1,0.1,1,1,-509.63,562.5,-741.05,1,1,0,0;
custom,cylinder,default,2,0.25,2,1,1,0.1,0.1,1,1,-504.63,562.5,-741.05,1,1,0,0;
custom,cylinder,default,2,0.25,2,0,1,0.1,0.1,1,1,-499.63,562.5,-741.05,1,1,0,0;
custom,cylinder,default,2,0.25,2,1,1,0.1,0.1,1,1,-494.63,562.5,-741.05,1,1,0,0;
custom,cylinder,default,2,0.25,2,0,1,0.1,0.1,1,1,-489.63,562.5,-741.05,1,1,0,0;
custom,cylinder,default,2,0.25,2,1,1,0.1,0.1,1,1,-484.63,562.5,-741.05,1,1,0,0;
custom,cylinder,default,2,0.25,2,0,1,0.1,0.1,1,1,-479.63,562.5,-741.05,1,1,0,0;
custom,cylinder,default,2,0.25,2,1,1,0.1,0.1,1,1,-474.63,562.5,-741.05,1,1,0,0;
racing,killCylinder,2.1,6,2.1,-532.13,562.5,-741.05,1,1,0,0;
racing,killCuboid,12,1,147.25,-532.13,801.25,-1472.3,0,0,0,0;
racing,killCuboid,1,36.125,147.25,-587.13,625.625,-1472.3,0,0,0,0;
racing,killCuboid,1,36.125,147.25,-477.13,625.625,-1472.3,0,0,0,0;
racing,killCuboid,12,1,158.5,-532.13,450,-1416.05,0,0,0,0;
racing,killCuboid,12,16.0625,1,-532.13,725.9375,-2203.55,0,0,0,0;
racing,killCuboid,12,16.0625,1,-532.13,525.3125,-2203.55,0,0,0,0;
racing,killCuboid,4,36.125,1,-572.13,625.625,-2203.55,0,0,0,0;
racing,killCuboid,4,36.125,1,-492.13,625.625,-2203.55,0,0,0,0;
racing,killCuboid,1,6,30,-557.13,625.625,-2348.55,0,0,0,0;
racing,killCuboid,1,6,25,-507.13,625.625,-2323.55,0,0,0,0;
racing,killCuboid,6,1,30,-532.13,650.625,-2348.55,0,0,0,0;
racing,killCuboid,6,1,30,-532.13,600.625,-2348.55,0,0,0,0;
custom,cuboid,default,1,8,31,1,1,0.666666666666667,0.784313725490196,1,1,-567.13,625.625,-2353.55,0,0,0,0;
custom,cuboid,default,1,8,24,1,1,0.666666666666667,0.784313725490196,1,1,-497.13,625.625,-2318.55,0,0,0,0;
custom,cuboid,default,8,1,31,1,1,0.666666666666667,0.784313725490196,1,1,-532.13,660.625,-2353.55,0,0,0,0;
custom,cuboid,default,8,1,31,1,1,0.666666666666667,0.784313725490196,1,1,-532.13,590.625,-2353.55,0,0,0,0;
racing,killCuboid,30,6,1,-412.13,625.625,-2493.55,0,0,0,0;
racing,killCuboid,25,6,1,-387.13,625.625,-2443.55,0,0,0,0;
racing,killCuboid,30,1,6,-412.13,650.625,-2468.55,0,0,0,0;
racing,killCuboid,30,1,6,-412.13,600.625,-2468.55,0,0,0,0;
custom,cuboid,default,31,8,1,1,1,0.666666666666667,0.784313725490196,1,1,-417.13,625.625,-2503.55,0,0,0,0;
custom,cuboid,default,24,8,1,1,1,0.666666666666667,0.784313725490196,1,1,-382.13,625.625,-2433.55,0,0,0,0;
custom,cuboid,default,31,1,8,1,1,0.666666666666667,0.784313725490196,1,1,-417.13,660.625,-2468.55,0,0,0,0;
custom,cuboid,default,31,1,8,1,1,0.666666666666667,0.784313725490196,1,1,-417.13,590.625,-2468.55,0,0,0,0;
custom,cuboid,default,8.5,1.5,1.5,1,1,0.666666666666667,0.784313725490196,1,1,-532.13,660.625,-2203.55,0,0,0,0;
custom,cuboid,default,8.5,1.5,1.5,1,1,0.666666666666667,0.784313725490196,1,1,-532.13,590.625,-2203.55,0,0,0,0;
custom,cuboid,default,1.5,8,1.5,1,1,0.666666666666667,0.784313725490196,1,1,-567.13,625.625,-2203.55,0,0,0,0;
custom,cuboid,default,1.5,8,1.5,1,1,0.666666666666667,0.784313725490196,1,1,-497.13,625.625,-2203.55,0,0,0,0;
custom,cuboid,default,1.5,1.5,8.5,1,1,0.666666666666667,0.784313725490196,1,1,-267.13,660.625,-2468.55,0,0,0,0;
custom,cuboid,default,1.5,1.5,8.5,1,1,0.666666666666667,0.784313725490196,1,1,-267.13,590.625,-2468.55,0,0,0,0;
custom,cuboid,default,1.5,8,1.5,1,1,0.666666666666667,0.784313725490196,1,1,-267.13,625.625,-2503.55,0,0,0,0;
custom,cuboid,default,1.5,8,1.5,1,1,0.666666666666667,0.784313725490196,1,1,-267.13,625.625,-2433.55,0,0,0,0;
custom,cuboid,default,1.5,10,1.5,1,1,0.666666666666667,0.784313725490196,1,1,-167.13,418.75,-2513.55,0,0,0,0;
custom,cuboid,default,1.5,10,1.5,1,1,0.666666666666667,0.784313725490196,1,1,-167.13,418.75,-2423.55,0,0,0,0;
custom,cuboid,default,1.5,1.5,10.5,1,1,0.666666666666667,0.784313725490196,1,1,-167.13,463.75,-2468.55,0,0,0,0;
custom,cuboid,default,1.5,1.5,10.5,1,1,0.666666666666667,0.784313725490196,1,1,-167.13,373.75,-2468.55,0,0,0,0;
racing,killCuboid,30,6,1,-22.1300000000001,418.75,-2493.55,0,0,0,0;
racing,killCuboid,30,6,1,-22.1300000000001,418.75,-2443.55,0,0,0,0;
racing,killCuboid,30,1,6,-22.1300000000001,443.75,-2468.55,0,0,0,0;
racing,killCuboid,30,1,6,-22.1300000000001,393.75,-2468.55,0,0,0,0;
custom,cuboid,default,30,10,1,1,1,0.666666666666667,0.784313725490196,1,1,-22.1300000000001,418.75,-2513.55,0,0,0,0;
custom,cuboid,default,30,10,1,1,1,0.666666666666667,0.784313725490196,1,1,-22.1300000000001,418.75,-2423.55,0,0,0,0;
custom,cuboid,default,30,1,10,1,1,0.666666666666667,0.784313725490196,1,1,-22.1300000000001,463.75,-2468.55,0,0,0,0;
custom,cuboid,default,30,1,10,1,1,0.666666666666667,0.784313725490196,1,1,-22.1300000000001,373.75,-2468.55,0,0,0,0;
custom,cuboid,default,1.5,10,1.5,1,1,0.666666666666667,0.784313725490196,1,1,122.87,418.75,-2513.55,0,0,0,0;
custom,cuboid,default,1.5,10,1.5,1,1,0.666666666666667,0.784313725490196,1,1,122.87,418.75,-2423.55,0,0,0,0;
custom,cuboid,default,1.5,1.5,10.5,1,1,0.666666666666667,0.784313725490196,1,1,122.87,463.75,-2468.55,0,0,0,0;
custom,cuboid,default,1.5,1.5,10.5,1,1,0.666666666666667,0.784313725490196,1,1,122.87,373.75,-2468.55,0,0,0,0;
racing,killCuboid,1,40.6875,4,-267.13,522.1875,-2508.55,0,0,0,0;
racing,killCuboid,1,40.6875,4,-267.13,522.1875,-2428.55,0,0,0,0;
racing,killCuboid,1,8,12,-267.13,685.625,-2468.55,0,0,0,0;
racing,killCuboid,1,28.6875,12,-267.13,462.1875,-2468.55,0,0,0,0;
racing,killCuboid,1,40.6875,4,-167.13,522.1875,-2508.55,0,0,0,0;
racing,killCuboid,1,40.6875,4,-167.13,522.1875,-2428.55,0,0,0,0;
racing,killCuboid,1,28.6875,12,-167.13,582.1875,-2468.55,0,0,0,0;
racing,killCuboid,1,8,12,-167.13,358.75,-2468.55,0,0,0,0;
racing,killCuboid,11,1,12,-217.13,720.625,-2468.55,0,0,0,0;
racing,killCuboid,11,1,12,-217.13,323.75,-2468.55,0,0,0,0;
racing,killCuboid,11,40.6875,1,-217.13,522.1875,-2413.55,0,0,0,0;
racing,killCuboid,11,40.6875,1,-217.13,522.1875,-2523.55,0,0,0,0;
custom,endPrism,default,2,1,2,0,1,1,1,1,1,-167.33,625.625,-2468.55,0.5,-0.5,-0.5,-0.5;
custom,endPrism,default,2,1,2,0,1,1,1,1,1,-167.33,625.625,-2468.55,0.5,-0.5,-0.5,-0.5;
custom,cuboid,default,1.5,12,1.5,1,1,0.666666666666667,0.784313725490196,1,1,222.87,211.875,-2523.55,0,0,0,0;
custom,cuboid,default,1.5,12,1.5,1,1,0.666666666666667,0.784313725490196,1,1,222.87,211.875,-2413.55,0,0,0,0;
custom,cuboid,default,1.5,1.5,12.5,1,1,0.666666666666667,0.784313725490196,1,1,222.87,266.875,-2468.55,0,0,0,0;
custom,cuboid,default,1.5,1.5,12.5,1,1,0.666666666666667,0.784313725490196,1,1,222.87,156.875,-2468.55,0,0,0,0;
racing,killCuboid,30,6,1,367.87,211.875,-2493.55,0,0,0,0;
racing,killCuboid,30,6,1,367.87,211.875,-2443.55,0,0,0,0;
racing,killCuboid,30,1,6,367.87,236.875,-2468.55,0,0,0,0;
racing,killCuboid,30,1,6,367.87,186.875,-2468.55,0,0,0,0;
custom,cuboid,default,30,12,1,1,1,0.666666666666667,0.784313725490196,1,1,367.87,211.875,-2523.55,0,0,0,0;
custom,cuboid,default,30,12,1,1,1,0.666666666666667,0.784313725490196,1,1,367.87,211.875,-2413.55,0,0,0,0;
custom,cuboid,default,30,1,12,1,1,0.666666666666667,0.784313725490196,1,1,367.87,266.875,-2468.55,0,0,0,0;
custom,cuboid,default,30,1,12,1,1,0.666666666666667,0.784313725490196,1,1,367.87,156.875,-2468.55,0,0,0,0;
custom,cuboid,default,1.5,12,1.5,1,1,0.666666666666667,0.784313725490196,1,1,512.87,211.875,-2523.55,0,0,0,0;
custom,cuboid,default,1.5,12,1.5,1,1,0.666666666666667,0.784313725490196,1,1,512.87,211.875,-2413.55,0,0,0,0;
custom,cuboid,default,1.5,1.5,12.5,1,1,0.666666666666667,0.784313725490196,1,1,512.87,266.875,-2468.55,0,0,0,0;
custom,cuboid,default,1.5,1.5,12.5,1,1,0.666666666666667,0.784313725490196,1,1,512.87,156.875,-2468.55,0,0,0,0;
racing,killCuboid,1,40.6875,4,122.87,315.3125,-2508.55,0,0,0,0;
racing,killCuboid,1,40.6875,4,122.87,315.3125,-2428.55,0,0,0,0;
racing,killCuboid,1,8,12,122.87,478.75,-2468.55,0,0,0,0;
racing,killCuboid,1,28.6875,12,122.87,255.3125,-2468.55,0,0,0,0;
racing,killCuboid,1,40.6875,4,222.87,315.3125,-2508.55,0,0,0,0;
racing,killCuboid,1,40.6875,4,222.87,315.3125,-2428.55,0,0,0,0;
racing,killCuboid,1,28.6875,12,222.87,375.3125,-2468.55,0,0,0,0;
racing,killCuboid,1,8,12,222.87,151.875,-2468.55,0,0,0,0;
racing,killCuboid,11,1,12,172.87,513.75,-2468.55,0,0,0,0;
racing,killCuboid,11,1,12,172.87,116.875,-2468.55,0,0,0,0;
racing,killCuboid,11,40.6875,1,172.87,315.3125,-2523.55,0,0,0,0;
racing,killCuboid,11,40.6875,1,172.87,315.3125,-2413.55,0,0,0,0;
custom,endPrism,default,2,1,2,0,1,1,1,1,1,222.67,418.75,-2468.55,0.5,-0.5,-0.5,-0.5;
custom,endPrism,default,2,1,2,0,1,1,1,1,1,222.67,418.75,-2468.55,0.5,-0.5,-0.5,-0.5;
racing,killCuboid,1,30.6875,8,512.87,158.4375,-2528.55,0,0,0,0;
racing,killCuboid,1,30.6875,8,512.87,158.4375,-2408.55,0,0,0,0;
racing,killCuboid,1,8,20,512.87,271.875,-2468.55,0,0,0,0;
racing,killCuboid,1,18.6875,20,512.87,98.4375,-2468.55,0,0,0,0;
racing,killCuboid,11,30.6875,1,562.87,158.4375,-2563.55,0,0,0,0;
racing,killCuboid,11,30.6875,1,562.87,158.4375,-2373.55,0,0,0,0;
racing,killCuboid,11,1,20,562.87,306.875,-2468.55,0,0,0,0;
racing,killCuboid,1,23.1875,20,612.87,195.9375,-2468.55,0,0,0,0;
racing,killCuboid,1,30.6875,5,612.87,158.4375,-2543.55,0,0,0,0;
racing,killCuboid,1,30.6875,5,612.87,158.4375,-2393.55,0,0,0,0;
custom,endPrism,default,2,1,2,0,1,1,1,1,1,612.87,211.875,-2468.55,0.5,-0.5,-0.5,-0.5;
custom,endPrism,default,2,1,2,0,1,1,1,1,1,612.87,211.875,-2468.55,0.5,-0.5,-0.5,-0.5;
custom,cuboid,default,1.5,7.5,1.5,1,1,0.666666666666667,0.784313725490196,1,1,612.87,42.5,-2523.55,0,0,0,0;
custom,cuboid,default,1.5,7.5,1.5,1,1,0.666666666666667,0.784313725490196,1,1,612.87,42.5,-2413.55,0,0,0,0;
custom,cuboid,default,1.5,1.5,12.5,1,1,0.666666666666667,0.784313725490196,1,1,612.87,85,-2468.55,0,0,0,0;
custom,cuboid,default,45,1,12,1,1,0.666666666666667,0.784313725490196,1,1,845.37,85,-2468.55,0,0,0,0;
custom,cuboid,default,45,1,16.9705627484771,1,1,0.666666666666667,0.784313725490196,1,1,1169.46902576697,85,-2309.45097423303,0,1,0,0.414213562373095;
custom,cuboid,default,12,1,45,1,1,0.666666666666667,0.784313725490196,1,1,1328.56805153395,85,-1985.35194846605,0,0,0,0;
custom,cuboid,default,45,7.5,1,1,1,0.666666666666667,0.784313725490196,1,1,845.37,42.5,-2523.55,0,0,0,0;
custom,cuboid,default,33.8591854424332,7.5,1,1,1,0.666666666666667,0.784313725490196,1,1,789.665927212166,42.5,-2413.55,0,0,0,0;
custom,cuboid,default,45,7.5,1,1,1,0.666666666666667,0.784313725490196,1,1,1113.00455967291,42.5,-2252.98650813896,0,1,0,0.414213562373095;
custom,cuboid,default,45,7.5,1,1,1,0.666666666666667,0.784313725490196,1,1,1225.93349186104,42.5,-2365.91544032709,0,1,0,0.414213562373095;
custom,cuboid,default,1,7.5,33.8591854424332,1,1,0.666666666666667,0.784313725490196,1,1,1273.56805153395,42.5,-1929.64787567822,0,0,0,0;
custom,cuboid,default,1,7.5,45,1,1,0.666666666666667,0.784313725490196,1,1,1383.56805153395,42.5,-1985.35194846605,0,0,0,0;
custom,cylinder,default,2.5,4.25,2.5,1,1,0.666666666666667,0.784313725490196,1,1,958.961854424332,47.5,-2413.55,0,0,0,0;
custom,cylinder,default,2.5,4.25,2.5,1,1,0.666666666666667,0.784313725490196,1,1,1273.56805153395,47.5,-2098.94380289039,0,0,0,0;
racing,killcuboid,45.2,1.2,12.2,845.37,85,-2468.55,0,0,0,0;
racing,killcuboid,45.2,1.2,17.1705627484771,1169.46902576697,85,-2309.45097423303,0,1,0,0.414213562373095;
racing,killcuboid,12.2,1.2,45.2,1328.56805153395,85,-1985.35194846605,0,0,0,0;
racing,killcuboid,45.2,7.7,1.2,845.37,42.5,-2523.55,0,0,0,0;
racing,killcuboid,34.0591854424332,7.7,1.2,789.665927212166,42.5,-2413.55,0,0,0,0;
racing,killcuboid,45.2,7.7,1.2,1113.00455967291,42.5,-2252.98650813896,0,1,0,0.414213562373095;
racing,killcuboid,45.2,7.7,1.2,1225.93349186104,42.5,-2365.91544032709,0,1,0,0.414213562373095;
racing,killcuboid,1.2,7.7,34.0591854424332,1273.56805153395,42.5,-1929.64787567822,0,0,0,0;
racing,killcuboid,1.2,7.7,45.2,1383.56805153395,42.5,-1985.35194846605,0,0,0,0;
racing,killcylinder,2.7,4.35,2.7,958.961854424332,47.5,-2413.55,0,0,0,0;
racing,killcylinder,2.7,4.35,2.7,1273.56805153395,47.5,-2098.94380289039,0,0,0,0;
custom,cuboid,default,2,7.5,2,1,1,0.666666666666667,0.784313725490196,1,1,1383.56805153395,42.5,-1750.35194846605,0,0,0,0;
custom,cuboid,default,2,7.5,2,1,1,0.666666666666667,0.784313725490196,1,1,1273.56805153395,42.5,-1750.35194846605,0,1,0,0;
custom,cuboid,default,13,2,2,1,1,0.666666666666667,0.784313725490196,1,1,1328.56805153395,85,-1750.35194846605,0,0,0,0;
racing,checkpointCuboid,2,10,2,1328.56805153395,55,-1510.35194846605,0,0,0,0;
custom,cuboid,default,20.5035053533779,11.25,1.5,0,1,1,1,1,1,1328.56805153395,136.25,-1750.35194846605,0,0,0,0;
custom,cuboid,default,3.75175267668897,18.75,1.5,0,1,1,1,1,1,1412.32681491739,98.75,-1750.35194846605,0,0,0,0;
custom,cuboid,default,3.75175267668897,18.75,1.5,0,1,1,1,1,1,1244.8092881505,98.75,-1750.35194846605,0,0,0,0;
custom,cuboid,default,20.5035053533779,18.75,1.5,0,1,1,1,1,1,1498.27367901872,98.75,-1680.05757595083,0,1,0,0.414213562373095;
custom,cuboid,default,20.5035053533779,18.75,1.5,0,1,1,1,1,1,1158.86242404917,98.75,-1680.05757595083,0,1,0,-0.414213562373095;
custom,cuboid,default,1.5,18.75,20.5035053533779,0,1,1,1,1,1,1568.56805153395,98.75,-1510.35194846605,0,0,0,0;
custom,cuboid,default,1.5,18.75,20.5035053533779,0,1,1,1,1,1,1088.56805153395,98.75,-1510.35194846605,0,0,0,0;
custom,cuboid,default,20.5035053533779,18.75,1.5,0,1,1,1,1,1,1498.27367901872,98.75,-1340.64632098128,0,1,0,-0.414213562373095;
custom,cuboid,default,20.5035053533779,18.75,1.5,0,1,1,1,1,1,1158.86242404917,98.75,-1340.64632098128,0,1,0,0.414213562373095;
custom,cuboid,default,46.5,0.5,19.4386045440868,0,1,1,1,1,1,1328.56805153395,7.5,-1510.35194846605,0,0,0,0;
custom,cuboid,default,46.5,0.5,19.4386045440868,0,1,1,1,1,1,1328.56805153395,7.5,-1510.35194846605,0,1,0,0.414213562373095;
custom,cuboid,default,46.5,0.5,19.4386045440868,0,1,1,1,1,1,1328.56805153395,7.5,-1510.35194846605,0,1,0,-0.414213562373095;
custom,cuboid,default,19.4386045440868,0.5,46.5,0,1,1,1,1,1,1328.56805153395,7.5,-1510.35194846605,0,0,0,0;
custom,cuboid,barriereditormat,49.5,1.5,20.5035053533779,0,1,1,1,1,1,1328.56805153395,200,-1510.35194846605,0,0,0,0;
custom,cuboid,barriereditormat,49.5,1.5,20.5035053533779,0,1,1,1,1,1,1328.56805153395,200,-1510.35194846605,0,1,0,0.414213562373095;
custom,cuboid,barriereditormat,49.5,1.5,20.5035053533779,0,1,1,1,1,1,1328.56805153395,200,-1510.35194846605,0,1,0,-0.414213562373095;
custom,cuboid,barriereditormat,20.5035053533779,1.5,49.5,0,1,1,1,1,1,1328.56805153395,200,-1510.35194846605,0,0,0,0;
racing,endCuboid,9,9,1.5,1328.56805153395,30,-1750.35194846605,0,0,0,0;
misc,barrier,70,2,125,-2190,90,-2550,0,0.7,0,0.7;
racing,startCuboid,7,4,1,-2742,41.6,-2703.6,0,1,0,0;
