custom,cuboid,ice1,6.877314,9.334794,7.754088,0,1,1,1,1,1,-299.5394,-46.58965,266.4062,0,0.9999995,0,-0.001033194;
custom,cuboid,stone6,6.877314,11.45383,7.754088,0,1,1,1,1,1,-230.0445,-56.96241,267.5595,0,0.9999835,0,-0.005740137;
custom,cuboid,ice1,6.877314,9.334794,7.754088,0,1,1,1,1,1,-299.5394,-46.23151,112.4733,0,0.9999995,0,-0.001033194;
custom,cuboid,stone6,6.877314,11.45383,7.754088,0,1,1,1,1,1,-230.0445,-56.73447,113.6264,0,0.9999835,0,-0.005740137;
custom,cuboid,ice1,6.877314,9.334794,7.754088,0,1,1,1,1,1,-300.2772,-45.71476,-38.20275,0,0.9999995,0,-0.001033194;
custom,cuboid,stone6,6.877314,11.45383,7.754088,0,1,1,1,1,1,-230.7814,-56.71267,-37.04972,0,0.9999835,0,-0.005740137;
custom,cuboid,ice1,6.877314,9.334794,8.178091,0,1,1,1,1,1,-300.2772,-46.35864,-195.0156,0,0.9999995,0,-0.001033194;
custom,cuboid,stone6,6.877314,11.45383,8.178091,0,1,1,1,1,1,-230.7814,-56.53957,-193.894,0,0.9999835,0,-0.005740137;
custom,cuboid,ice1,6.877314,9.334794,12.78101,0,1,1,1,1,1,-231.6749,-46.41045,-120.5552,0,-0.0007221442,0,-0.9999998;
custom,cuboid,stone6,6.877314,11.45383,7.754088,0,1,1,1,1,1,-301.1717,-57.05614,188.612,0,-0.005429145,0,-0.9999853;
custom,cuboid,ice1,6.877314,9.334794,7.754088,0,1,1,1,1,1,-231.6749,-46.20811,189.8135,0,-0.0007221442,0,-0.9999998;
custom,cuboid,stone6,6.877314,11.45383,12.78101,0,1,1,1,1,1,-301.1717,-57.15779,-121.4201,0,-0.005429145,0,-0.9999853;
custom,cuboid,ice1,6.877314,9.334794,7.754088,0,1,1,1,1,1,-231.6749,-46.39163,37.55738,0,-0.0007221442,0,-0.9999998;
custom,cuboid,stone6,6.877314,11.45383,7.754088,0,1,1,1,1,1,-301.1717,-56.96241,36.35596,0,-0.005429145,0,-0.9999853;
custom,cuboid,ice1,6.877314,9.334794,8.296319,0,1,1,1,1,1,-231.6749,-45.67973,-267.3918,0,-0.0007221442,0,-0.9999998;
custom,cuboid,stone6,6.877314,11.45383,8.296319,0,1,1,1,1,1,-301.1717,-56.42228,-268.5568,0,-0.005429145,0,-0.9999853;
custom,sphere,default,1,1,0.9931378,0,1,1,1,1,1,-301.0867,27.04327,-193.0641,0,0.9776834,0,0.2100838;
custom,cone,default,0.5,0.5,0.4965689,0,1,1,1,1,1,-300.3927,7.529297,-193.7561,0,0.2732375,0,0.9619466;
custom,cuboid,ice1,6.877314,9.334794,7.754088,0,1,1,1,1,1,-163.2982,-46.58965,266.4062,0,0.9999995,0,-0.001033194;
custom,cuboid,stone6,6.877314,11.45383,7.754088,0,1,1,1,1,1,-93.80362,-56.96241,265.8388,0,0.9999835,0,-0.005740137;
custom,cuboid,ice1,6.877314,9.334794,7.754088,0,1,1,1,1,1,-163.2982,-46.23151,112.4733,0,0.9999995,0,-0.001033194;
custom,cuboid,stone6,6.877314,11.45383,7.754088,0,1,1,1,1,1,-93.80362,-56.73447,111.9057,0,0.9999835,0,-0.005740137;
custom,cuboid,ice1,6.877314,9.334794,7.754088,0,1,1,1,1,1,-164.0359,-45.71476,-38.20275,0,0.9999995,0,-0.001033194;
custom,cuboid,stone6,6.877314,11.45383,7.754088,0,1,1,1,1,1,-94.54053,-56.71267,-38.77042,0,0.9999835,0,-0.005740137;
custom,cuboid,ice1,6.877314,9.334794,8.178091,0,1,1,1,1,1,-164.0359,-46.35864,-195.0156,0,0.9999995,0,-0.001033194;
custom,cuboid,stone6,6.877314,11.45383,8.178091,0,1,1,1,1,1,-94.54053,-56.53957,-195.6147,0,0.9999835,0,-0.005740137;
custom,cuboid,ice1,6.877314,9.334794,12.78101,0,1,1,1,1,1,-95.43402,-46.41045,-122.2759,0,-0.0007221442,0,-0.9999998;
custom,cuboid,stone6,6.877314,11.45383,7.754088,0,1,1,1,1,1,-164.9305,-57.05614,188.612,0,-0.005429145,0,-0.9999853;
custom,cuboid,ice1,6.877314,9.334794,7.754088,0,1,1,1,1,1,-95.43402,-46.20811,188.0928,0,-0.0007221442,0,-0.9999998;
custom,cuboid,stone6,6.877314,11.45383,12.78101,0,1,1,1,1,1,-164.9305,-57.15779,-121.4201,0,-0.005429145,0,-0.9999853;
custom,cuboid,ice1,6.877314,9.334794,7.754088,0,1,1,1,1,1,-95.43402,-46.39163,35.83668,0,-0.0007221442,0,-0.9999998;
custom,cuboid,stone6,6.877314,11.45383,7.754088,0,1,1,1,1,1,-164.9305,-56.96241,36.35596,0,-0.005429145,0,-0.9999853;
custom,cuboid,ice1,6.877314,9.334794,8.296319,0,1,1,1,1,1,-95.43402,-45.67973,-269.1125,0,-0.0007221442,0,-0.9999998;
custom,cuboid,stone6,6.877314,11.45383,8.296319,0,1,1,1,1,1,-164.9305,-56.42228,-268.5568,0,-0.005429145,0,-0.9999853;
custom,cuboid,ice1,6.877314,9.334794,7.754088,0,1,1,1,1,1,-26.82599,-46.58965,266.4062,0,0.9999995,0,-0.001033194;
custom,cuboid,stone6,6.877314,11.45383,7.754088,0,1,1,1,1,1,42.66828,-56.96241,265.8388,0,0.9999835,0,-0.005740137;
custom,cuboid,ice1,6.877314,9.334794,7.754088,0,1,1,1,1,1,-26.82599,-46.23151,112.4733,0,0.9999995,0,-0.001033194;
custom,cuboid,stone6,6.877314,11.45383,7.754088,0,1,1,1,1,1,42.66828,-56.73447,111.9057,0,0.9999835,0,-0.005740137;
custom,cuboid,ice1,6.877314,9.334794,7.754088,0,1,1,1,1,1,-27.56374,-45.71476,-38.20275,0,0.9999995,0,-0.001033194;
custom,cuboid,stone6,6.877314,11.45383,7.754088,0,1,1,1,1,1,41.93137,-56.71267,-38.77042,0,0.9999835,0,-0.005740137;
custom,cuboid,ice1,6.877314,9.334794,8.178091,0,1,1,1,1,1,-27.56374,-46.35864,-195.0156,0,0.9999995,0,-0.001033194;
custom,cuboid,stone6,6.877314,11.45383,8.178091,0,1,1,1,1,1,41.93137,-56.53957,-195.6147,0,0.9999835,0,-0.005740137;
custom,cuboid,ice1,6.877314,9.334794,12.78101,0,1,1,1,1,1,41.03788,-46.41045,-122.2759,0,-0.0007221442,0,-0.9999998;
custom,cuboid,stone6,6.877314,11.45383,7.754088,0,1,1,1,1,1,-28.45826,-57.05614,188.612,0,-0.005429145,0,-0.9999853;
custom,cuboid,ice1,6.877314,9.334794,7.754088,0,1,1,1,1,1,41.03788,-46.20811,188.0928,0,-0.0007221442,0,-0.9999998;
custom,cuboid,stone6,6.877314,11.45383,12.78101,0,1,1,1,1,1,-28.45826,-57.15779,-121.4201,0,-0.005429145,0,-0.9999853;
custom,cuboid,ice1,6.877314,9.334794,7.754088,0,1,1,1,1,1,41.03788,-46.39163,35.83668,0,-0.0007221442,0,-0.9999998;
custom,cuboid,stone6,6.877314,11.45383,7.754088,0,1,1,1,1,1,-28.45826,-56.96241,36.35596,0,-0.005429145,0,-0.9999853;
custom,cuboid,ice1,6.877314,9.334794,8.296319,0,1,1,1,1,1,41.03788,-45.67973,-269.1125,0,-0.0007221442,0,-0.9999998;
custom,cuboid,stone6,6.877314,11.45383,8.296319,0,1,1,1,1,1,-28.45826,-56.42228,-268.5568,0,-0.005429145,0,-0.9999853;
custom,cuboid,ice1,6.877314,9.334794,7.754088,0,1,1,1,1,1,109.4136,-46.58965,266.4062,0,0.9999995,0,-0.001033194;
custom,cuboid,stone6,6.877314,11.45383,7.754088,0,1,1,1,1,1,178.9079,-56.96241,265.8388,0,0.9999835,0,-0.005740137;
custom,cuboid,ice1,6.877314,9.334794,7.754088,0,1,1,1,1,1,109.4136,-46.23151,112.4733,0,0.9999995,0,-0.001033194;
custom,cuboid,stone6,6.877314,11.45383,7.754088,0,1,1,1,1,1,178.9079,-56.73447,111.9057,0,0.9999835,0,-0.005740137;
custom,cuboid,ice1,6.877314,9.334794,7.754088,0,1,1,1,1,1,108.6758,-45.71476,-38.20275,0,0.9999995,0,-0.001033194;
custom,cuboid,stone6,6.877314,11.45383,7.754088,0,1,1,1,1,1,178.171,-56.71267,-38.77042,0,0.9999835,0,-0.005740137;
custom,cuboid,ice1,6.877314,9.334794,8.178091,0,1,1,1,1,1,108.6758,-46.35864,-195.0156,0,0.9999995,0,-0.001033194;
custom,cuboid,stone6,6.877314,11.45383,8.178091,0,1,1,1,1,1,178.171,-56.53957,-195.6147,0,0.9999835,0,-0.005740137;
custom,cuboid,ice1,6.877314,9.334794,12.78101,0,1,1,1,1,1,177.2775,-46.41045,-122.2759,0,-0.0007221442,0,-0.9999998;
custom,cuboid,stone6,6.877314,11.45383,7.754088,0,1,1,1,1,1,107.7813,-57.05614,188.612,0,-0.005429145,0,-0.9999853;
custom,cuboid,ice1,6.877314,9.334794,7.754088,0,1,1,1,1,1,177.2775,-46.20811,188.0928,0,-0.0007221442,0,-0.9999998;
custom,cuboid,stone6,6.877314,11.45383,12.78101,0,1,1,1,1,1,107.7813,-57.15779,-121.4201,0,-0.005429145,0,-0.9999853;
custom,cuboid,ice1,6.877314,9.334794,7.754088,0,1,1,1,1,1,177.2775,-46.39163,35.83668,0,-0.0007221442,0,-0.9999998;
custom,cuboid,stone6,6.877314,11.45383,7.754088,0,1,1,1,1,1,107.7813,-56.96241,36.35596,0,-0.005429145,0,-0.9999853;
custom,cuboid,ice1,6.877314,9.334794,8.296319,0,1,1,1,1,1,177.2775,-45.67973,-269.1125,0,-0.0007221442,0,-0.9999998;
custom,cuboid,stone6,6.877314,11.45383,8.296319,0,1,1,1,1,1,107.7813,-56.42228,-268.5568,0,-0.005429145,0,-0.9999853;
spawnpoint,playerC,-296.5001,3.970361,-206.4616,0,0,0,1;
spawnpoint,playerM,-296.036,3.060257,-205.8237,0,0,0,1;
racing,startPlane,1,1,1,-350.1259,112.0455,-326.4712,0,0.1023874,0,-0.9947446;
racing,startCuboid,1,1,1,-284.7037,-10.31605,-302.0941,0,0.8291063,0,-0.559091;
misc,barrier,100.0008,175.159,5.616115,-356.6569,-60.19434,-4.09646,-0.01047146,0.7050138,0.01008901,-0.7090446;
misc,barrier,100.0008,175.159,5.163742,-8.838734,-58.59433,-335.0165,-0.0003474422,0.9998611,0.01453685,-0.008146941;
misc,barrier,100.0008,175.159,5.163742,-8.838734,-58.59433,324.5173,-0.0003474422,0.9998611,0.01453685,-0.008146941;
custom,cuboid,brick4,2,3.839977,4.045387,0,1,1,1,1,1,-345.5994,11.95634,-202.6741,0,0.9999909,0,0.004259335;
custom,cuboid,ice1,0.2536072,1.259539,0.444481,0,1,1,1,1,1,-341.0051,26.2722,-187.3924,0.697473,0.7166104,0.0007206257,-0.0007403973;
custom,cuboid,stone6,0.2536072,1.54546,0.444481,0,1,1,1,1,1,-342.3411,23.67422,-187.3264,0.6974628,0.716598,0.004003601,-0.004113439;
custom,cuboid,ice1,0.2536072,1.259539,0.444481,0,1,1,1,1,1,-340.9564,26.27375,-196.2163,0.697473,0.7166104,0.0007206257,-0.0007403973;
custom,cuboid,stone6,0.2536072,1.54546,0.444481,0,1,1,1,1,1,-342.3098,23.67532,-196.15,0.6974628,0.716598,0.004003601,-0.004113439;
custom,cuboid,ice1,0.2536072,1.259539,0.444481,0,1,1,1,1,1,-340.8867,26.30288,-204.8533,0.697473,0.7166104,0.0007206257,-0.0007403973;
custom,cuboid,stone6,0.2536072,1.54546,0.444481,0,1,1,1,1,1,-342.3076,23.70226,-204.7874,0.6974628,0.716598,0.004003601,-0.004113439;
custom,cuboid,ice1,0.2536072,1.259539,0.4687859,0,1,1,1,1,1,-340.9734,26.30051,-213.8422,0.697473,0.7166104,0.0007206257,-0.0007403973;
custom,cuboid,stone6,0.2536072,1.54546,0.4687859,0,1,1,1,1,1,-342.2845,23.70284,-213.7777,0.6974628,0.716598,0.004003601,-0.004113439;
custom,cuboid,ice1,0.2536072,1.259539,0.7326355,0,1,1,1,1,1,-340.917,23.77534,-209.5741,-0.0005036776,-0.0005174966,0.6974738,-0.71661;
custom,cuboid,stone6,0.2536072,1.54546,0.444481,0,1,1,1,1,1,-342.42,26.29149,-191.8517,-0.003786692,-0.003890591,0.6974632,-0.7166001;
custom,cuboid,ice1,0.2536072,1.259539,0.444481,0,1,1,1,1,1,-340.8891,23.77645,-191.7828,-0.0005036776,-0.0005174966,0.6974738,-0.71661;
custom,cuboid,stone6,0.2536072,1.54546,0.7326355,0,1,1,1,1,1,-342.4344,26.29096,-209.6232,-0.003786692,-0.003890591,0.6974632,-0.7166001;
custom,cuboid,ice1,0.2536072,1.259539,0.444481,0,1,1,1,1,1,-340.9145,23.77535,-200.5107,-0.0005036776,-0.0005174966,0.6974738,-0.71661;
custom,cuboid,stone6,0.2536072,1.54546,0.444481,0,1,1,1,1,1,-342.4073,26.29195,-200.5791,-0.003786692,-0.003890591,0.6974632,-0.7166001;
custom,cuboid,ice1,0.2536072,1.259539,0.4755631,0,1,1,1,1,1,-340.8192,23.77808,-217.9908,-0.0005036776,-0.0005174966,0.6974738,-0.71661;
custom,cuboid,stone6,0.2536072,1.54546,0.4755631,0,1,1,1,1,1,-342.3334,26.29401,-218.0576,-0.003786692,-0.003890591,0.6974632,-0.7166001;
custom,cuboid,ice1,0.2536072,1.259539,0.444481,0,1,1,1,1,1,-340.8778,21.25845,-187.3924,0.697473,0.7166104,0.0007206257,-0.0007403973;
custom,cuboid,stone6,0.2536072,1.54546,0.444481,0,1,1,1,1,1,-342.2161,18.66008,-187.4247,0.6974628,0.716598,0.004003601,-0.004113439;
custom,cuboid,ice1,0.2536072,1.259539,0.444481,0,1,1,1,1,1,-340.829,21.25941,-196.2163,0.697473,0.7166104,0.0007206257,-0.0007403973;
custom,cuboid,stone6,0.2536072,1.54546,0.444481,0,1,1,1,1,1,-342.1844,18.66085,-196.2487,0.6974628,0.716598,0.004003601,-0.004113439;
custom,cuboid,ice1,0.2536072,1.259539,0.444481,0,1,1,1,1,1,-340.7615,21.28852,-204.8533,0.697473,0.7166104,0.0007206257,-0.0007403973;
custom,cuboid,stone6,0.2536072,1.54546,0.444481,0,1,1,1,1,1,-342.1825,18.68789,-204.8858,0.6974628,0.716598,0.004003601,-0.004113439;
custom,cuboid,ice1,0.2536072,1.259539,0.4687859,0,1,1,1,1,1,-340.8484,21.28616,-213.8422,0.697473,0.7166104,0.0007206257,-0.0007403973;
custom,cuboid,stone6,0.2536072,1.54546,0.4687859,0,1,1,1,1,1,-342.1591,18.68834,-213.8764,0.6974628,0.716598,0.004003601,-0.004113439;
custom,cuboid,ice1,0.2536072,1.259539,0.7326355,0,1,1,1,1,1,-340.7913,18.76123,-209.6724,-0.0005036776,-0.0005174966,0.6974738,-0.71661;
custom,cuboid,stone6,0.2536072,1.54546,0.444481,0,1,1,1,1,1,-342.2928,21.27753,-191.8517,-0.003786692,-0.003890591,0.6974632,-0.7166001;
custom,cuboid,ice1,0.2536072,1.259539,0.444481,0,1,1,1,1,1,-340.7639,18.76192,-191.8815,-0.0005036776,-0.0005174966,0.6974738,-0.71661;
custom,cuboid,stone6,0.2536072,1.54546,0.7326355,0,1,1,1,1,1,-342.3075,21.2769,-209.6232,-0.003786692,-0.003890591,0.6974632,-0.7166001;
custom,cuboid,ice1,0.2536072,1.259539,0.444481,0,1,1,1,1,1,-340.7893,18.76138,-200.6091,-0.0005036776,-0.0005174966,0.6974738,-0.71661;
custom,cuboid,stone6,0.2536072,1.54546,0.444481,0,1,1,1,1,1,-342.2802,21.27794,-200.5791,-0.003786692,-0.003890591,0.6974632,-0.7166001;
custom,cuboid,ice1,0.2536072,1.259539,0.4755631,0,1,1,1,1,1,-340.6919,18.76407,-218.0895,-0.0005036776,-0.0005174966,0.6974738,-0.71661;
custom,cuboid,stone6,0.2536072,1.54546,0.4755631,0,1,1,1,1,1,-342.2081,21.27993,-218.0576,-0.003786692,-0.003890591,0.6974632,-0.7166001;
custom,cuboid,ice1,0.2536072,1.259539,0.444481,0,1,1,1,1,1,-340.7513,16.23577,-187.3924,0.697473,0.7166104,0.0007206257,-0.0007403973;
custom,cuboid,stone6,0.2536072,1.54546,0.444481,0,1,1,1,1,1,-342.0875,13.63737,-187.4247,0.6974628,0.716598,0.004003601,-0.004113439;
custom,cuboid,ice1,0.2536072,1.259539,0.444481,0,1,1,1,1,1,-340.7026,16.23716,-196.2163,0.697473,0.7166104,0.0007206257,-0.0007403973;
custom,cuboid,stone6,0.2536072,1.54546,0.444481,0,1,1,1,1,1,-342.0579,13.63817,-196.2487,0.6974628,0.716598,0.004003601,-0.004113439;
custom,cuboid,ice1,0.2536072,1.259539,0.444481,0,1,1,1,1,1,-340.6348,16.26607,-204.8533,0.697473,0.7166104,0.0007206257,-0.0007403973;
custom,cuboid,stone6,0.2536072,1.54546,0.444481,0,1,1,1,1,1,-342.0561,13.66565,-204.8858,0.6974628,0.716598,0.004003601,-0.004113439;
custom,cuboid,ice1,0.2536072,1.259539,0.4687859,0,1,1,1,1,1,-340.7218,16.26354,-213.8422,0.697473,0.7166104,0.0007206257,-0.0007403973;
custom,cuboid,stone6,0.2536072,1.54546,0.4687859,0,1,1,1,1,1,-342.0327,13.66607,-213.8764,0.6974628,0.716598,0.004003601,-0.004113439;
custom,cuboid,ice1,0.2536072,1.259539,0.7326355,0,1,1,1,1,1,-340.6649,13.73821,-209.6724,-0.0005036776,-0.0005174966,0.6974738,-0.71661;
custom,cuboid,stone6,0.2536072,1.54546,0.444481,0,1,1,1,1,1,-342.1678,16.25479,-191.8517,-0.003786692,-0.003890591,0.6974632,-0.7166001;
custom,cuboid,ice1,0.2536072,1.259539,0.444481,0,1,1,1,1,1,-340.6373,13.73928,-191.8815,-0.0005036776,-0.0005174966,0.6974738,-0.71661;
custom,cuboid,stone6,0.2536072,1.54546,0.7326355,0,1,1,1,1,1,-342.181,16.25406,-209.6232,-0.003786692,-0.003890591,0.6974632,-0.7166001;
custom,cuboid,ice1,0.2536072,1.259539,0.444481,0,1,1,1,1,1,-340.6627,13.73842,-200.6091,-0.0005036776,-0.0005174966,0.6974738,-0.71661;
custom,cuboid,stone6,0.2536072,1.54546,0.444481,0,1,1,1,1,1,-342.1538,16.25507,-200.5791,-0.003786692,-0.003890591,0.6974632,-0.7166001;
custom,cuboid,ice1,0.2536072,1.259539,0.4755631,0,1,1,1,1,1,-340.5654,13.74125,-218.0895,-0.0005036776,-0.0005174966,0.6974738,-0.71661;
custom,cuboid,stone6,0.2536072,1.54546,0.4755631,0,1,1,1,1,1,-342.0815,16.25711,-218.0576,-0.003786692,-0.003890591,0.6974632,-0.7166001;
custom,cuboid,ice1,0.2536072,1.259539,0.444481,0,1,1,1,1,1,-340.6261,11.22105,-187.3924,0.697473,0.7166104,0.0007206257,-0.0007403973;
custom,cuboid,stone6,0.2536072,1.54546,0.444481,0,1,1,1,1,1,-341.9623,8.62328,-187.4247,0.6974628,0.716598,0.004003601,-0.004113439;
custom,cuboid,ice1,0.2536072,1.259539,0.444481,0,1,1,1,1,1,-340.5775,11.22278,-196.2163,0.697473,0.7166104,0.0007206257,-0.0007403973;
custom,cuboid,stone6,0.2536072,1.54546,0.444481,0,1,1,1,1,1,-341.9324,8.624142,-196.2487,0.6974628,0.716598,0.004003601,-0.004113439;
custom,cuboid,ice1,0.2536072,1.259539,0.444481,0,1,1,1,1,1,-340.5078,11.25192,-204.8533,0.697473,0.7166104,0.0007206257,-0.0007403973;
custom,cuboid,stone6,0.2536072,1.54546,0.444481,0,1,1,1,1,1,-341.9287,8.65134,-204.8858,0.6974628,0.716598,0.004003601,-0.004113439;
custom,cuboid,ice1,0.2536072,1.259539,0.4687859,0,1,1,1,1,1,-340.5945,11.24935,-213.8422,0.697473,0.7166104,0.0007206257,-0.0007403973;
custom,cuboid,stone6,0.2536072,1.54546,0.4687859,0,1,1,1,1,1,-341.9056,8.651909,-213.8764,0.6974628,0.716598,0.004003601,-0.004113439;
custom,cuboid,ice1,0.2536072,1.259539,0.7326355,0,1,1,1,1,1,-340.5375,8.724491,-209.6724,-0.0005036776,-0.0005174966,0.6974738,-0.71661;
custom,cuboid,stone6,0.2536072,1.54546,0.444481,0,1,1,1,1,1,-342.041,11.24037,-191.8517,-0.003786692,-0.003890591,0.6974632,-0.7166001;
custom,cuboid,ice1,0.2536072,1.259539,0.444481,0,1,1,1,1,1,-340.5102,8.725525,-191.8815,-0.0005036776,-0.0005174966,0.6974738,-0.71661;
custom,cuboid,stone6,0.2536072,1.54546,0.7326355,0,1,1,1,1,1,-342.0539,11.24029,-209.6232,-0.003786692,-0.003890591,0.6974632,-0.7166001;
custom,cuboid,ice1,0.2536072,1.259539,0.444481,0,1,1,1,1,1,-340.5355,8.724583,-200.6091,-0.0005036776,-0.0005174966,0.6974738,-0.71661;
custom,cuboid,stone6,0.2536072,1.54546,0.444481,0,1,1,1,1,1,-342.0284,11.24099,-200.5791,-0.003786692,-0.003890591,0.6974632,-0.7166001;
custom,cuboid,ice1,0.2536072,1.259539,0.4755631,0,1,1,1,1,1,-340.4403,8.727146,-218.0895,-0.0005036776,-0.0005174966,0.6974738,-0.71661;
custom,cuboid,stone6,0.2536072,1.54546,0.4755631,0,1,1,1,1,1,-341.9562,11.24302,-218.0576,-0.003786692,-0.003890591,0.6974632,-0.7166001;
racing,startCuboid,0.03687591,0.1349296,0.05732219,-336.0902,25.86803,-219.9801,0.5782797,0.5941468,0.389951,-0.40065;
custom,sphere,lava1,0.1,0.1,0.1,0,1,1,1,1,1,-334.5644,26.49834,-213.7199,0,0.3008448,0,-0.9536731;
custom,cuboid,brick4,2,3.839977,4.045387,0,1,1,1,1,1,-345.5994,11.95634,-158.6648,0,0.9999909,0,0.004259335;
custom,cone,default,0.09367608,0.1369629,0.1692001,0,1,1,1,1,1,-334.9921,14.98946,-173.7168,0,0.2732375,0,0.9619466;
custom,sphere,default,0.1873522,0.2739258,0.3384002,0,1,1,1,1,1,-335.1222,20.33485,-173.4812,0,0.9776834,0,0.2100838;
custom,cylinder,default,0.09367608,0.1369629,0.1692001,0,1,1,1,1,1,-335.1762,18.08754,-173.422,0,0.4402773,0,0.8978618;
custom,cylinder,default,0.5,0.5,0.4965689,0,1,1,1,1,1,-301.3773,18.83928,-192.8899,0,0.4402773,0,0.8978618;
custom,cuboid,ice1,0.1,0.1,0.5642107,0,1,1,1,1,1,-335.8654,16.51758,-166.8692,0,-0.02478057,0,-0.9996929;
custom,cuboid,ice1,0.1,0.06085648,0.2255882,0,1,1,1,1,1,-335.8654,16.98776,-164.9989,-0.2134193,-0.02420928,0.005290281,-0.9766464;
custom,cuboid,ice1,0.1,0.06085648,0.2255882,0,1,1,1,1,1,-335.8654,15.93253,-165.1174,0.2033167,-0.02426252,-0.005039837,-0.9787994;
custom,cuboid,stone6,0.5,0.5,0.5,0,1,1,1,1,1,-446.4293,13.26809,-92.42052,0,0.9763935,0,-0.2159997;
custom,sphere,stone6,0.5,0.5,0.5,0,1,1,1,1,1,-452.7408,12.70479,-92.71902,0,0.9994066,0,-0.03444638;
custom,cylinder,stone6,2.879628,0.1786803,2.86491,0,1,1,1,1,1,-524.0002,10.60374,-11.38295,0,0.9999579,0,0.009180016;
custom,capsule,stone6,0.5,0.5,0.5,0,1,1,1,1,1,-467.2513,15.21666,-86.36002,0,0.9999579,0,0.009180016;
custom,pyramid,stone6,0.5,0.5,0.5,0,1,1,1,1,1,-472.7897,17.22907,-66.6806,0,0.9950146,0,-0.09972946;
custom,cone,stone6,0.5441179,0.5,0.4700608,0,1,1,1,1,1,-525.0572,18.85104,-11.14491,0.003662155,0.9995233,0.0107556,0.0287096;
custom,prism,stone6,0.5,0.5,0.5,0,1,1,1,1,1,-496.3053,16.08198,-47.77688,0,0.9837331,0,-0.1796367;
custom,arc90,stone6,0.5,0.5,0.5,0,1,1,1,1,1,-502.2625,18.90543,-39.34007,0,0.918111,0,-0.3963234;
custom,arc180,stone6,0.5,0.5,0.5,0,1,1,1,1,1,-508.8463,16.4573,-40.48881,0,0.9999658,0,-0.008263309;
custom,torus,stone6,0.5,0.5,0.5,0,1,1,1,1,1,-516.4673,19.21073,-37.7782,0,0.9954405,0,-0.09538472;
custom,tube,stone6,2.434894,0.5110126,2.289096,0,1,1,1,1,1,-524.3961,3.458208,-11.76138,0,0.9954405,0,-0.09538472;
custom,tube,stone6,1.76246,0.5110126,1.656716,0,1,1,1,1,1,-524.3961,7.038988,-11.76138,0,0.9954405,0,-0.09538472;
custom,capsule,stone6,1.523802,1.360836,0.86736,0,1,1,1,1,1,-523.3041,24.53901,-7.916609,0,0.9999579,0,0.009180016;
custom,pyramid,stone6,0.6393086,1.095624,0.4156286,0,1,1,1,1,1,-524.2524,29.18943,-16.51759,-0.04494913,0.5358245,-0.8431311,-0.001260651;
custom,capsule,stone6,0.5,0.8711753,0.5673419,0,1,1,1,1,1,-525.2477,32.73921,-17.56949,-0.004492708,0.8720219,0.4893807,0.008005575;
custom,capsule,stone6,0.5,0.5,0.5,0,1,1,1,1,1,-467.2513,15.21666,-86.36002,0,0.9999579,0,0.009180016;
custom,capsule,stone6,0.5,0.5,0.5,0,1,1,1,1,1,-527.8588,29.428,20.2206,-0.004064882,0.8965836,0.4427795,0.008231035;
custom,tube,stone6,0.6420262,0.1893848,0.5111921,0,1,1,1,1,1,-337.3863,12.68439,-159.2916,0.0628332,0.9962662,-0.003726742,0.05909026;
custom,cylinder,stone6,1.048988,0.06622015,0.8839893,0,1,1,1,1,1,-337.1209,13.98413,-159.1459,0.06209908,0.9846336,-0.0102735,0.1628953;
custom,cone,stone6,0.1982107,0.1853034,0.1450408,0,1,1,1,1,1,-337.1079,17.0635,-159.1685,0.06383915,0.981077,-0.0003143804,0.1827907;
custom,tube,stone6,0.8869794,0.1893848,0.7063177,0,1,1,1,1,1,-337.5621,11.36782,-159.2916,0.0628332,0.9962662,-0.003726742,0.05909026;
custom,capsule,stone6,0.5550891,0.5043346,0.2676304,0,1,1,1,1,1,-336.6061,19.12794,-158.0657,0.06209908,0.9846336,-0.0102735,0.1628953;
custom,pyramid,stone6,0.2328864,0.406046,0.1282453,0,1,1,1,1,1,-335.6928,20.75498,-160.6766,0.1187271,0.5231795,-0.8434364,0.02832234;
custom,capsule,stone6,0.1821392,0.3228633,0.2076383,0,1,1,1,1,1,-335.838,21.94777,-160.9861,-0.025567,0.8636867,0.4729209,0.1724455;
custom,cuboid,ice1,0.1,0.1,0.5642107,0,1,1,1,1,1,-335.8654,16.51758,-152.4075,0,-0.02478057,0,-0.9996929;
custom,cuboid,ice1,0.1,0.06085648,0.2255882,0,1,1,1,1,1,-335.8654,16.98776,-150.5372,-0.2134193,-0.02420928,0.005290281,-0.9766464;
custom,cuboid,ice1,0.1,0.06085648,0.2255882,0,1,1,1,1,1,-335.8654,15.93253,-150.6557,0.2033167,-0.02426252,-0.005039837,-0.9787994;
racing,startCuboid,0.5,8.556877,8.644357,-295.437,17.65678,-155.4276,0,0.7080352,0,-0.7061772;
racing,killPlane,1,1,1,-422.2585,20.68763,-82.20908,-0.003669344,0.6824946,0.7308734,0.003426622;
racing,startCuboid,0.5,8.556877,8.644357,-268.4214,17.89824,-190.6779,0,0.9999928,0,-0.003796127;
custom,tube,ice1,1.905839,0.2560191,1.822277,0,1,1,1,1,1,-466.9679,1.442245,-2.098924,0,0.9948038,0,-0.1018112;
custom,torus,ice1,0.5,0.5,0.5,0,1,1,1,1,1,-446.2791,4.917164,-67.38403,0,0.9406242,0,-0.3394497;
custom,arc180,ice1,0.5,0.5,0.5,0,1,1,1,1,1,-455.4131,4.117165,-65.55112,0,0.9406242,0,-0.3394497;
custom,arc90,ice1,0.5,0.5,0.5,0,1,1,1,1,1,-458.8039,6.117163,-55.23086,0,0.9406242,0,-0.3394497;
custom,capsule,ice1,0.5,0.5,0.5,0,1,1,1,1,1,-468.9541,9.082368,-56.74575,0,0.9577312,0,-0.2876647;
custom,pyramid,ice1,0.5,0.5,0.5,0,1,1,1,1,1,-477.631,7.87782,-48.57899,0,0.9257519,0,-0.3781316;
custom,cone,ice1,0.4124199,0.5,0.3901643,0,1,1,1,1,1,-467.7253,12.12326,-1.076843,0,0.9155371,0,-0.4022335;
custom,prism,ice1,0.5,0.5,0.642762,0,1,1,1,1,1,-483.7636,8.31496,-37.40863,0,0.9155371,0,-0.4022335;
custom,cuboid,ice1,0.5,0.5,0.5,0,1,1,1,1,1,-433.5453,3.827645,-59.48436,0,0.927394,0,-0.3740862;
custom,plane,ice1,0.5,0.5,0.5,0,1,1,1,1,1,-439.8572,4.827644,-41.82314,0,0.927394,0,-0.3740862;
custom,sphere,ice1,1.099171,1.058515,1.015244,0,1,1,1,1,1,-466.647,26.17877,43.13862,0,0.8389776,0,-0.5441661;
custom,cylinder,ice1,0.5,0.5,0.5,0,1,1,1,1,1,-461.9142,7.283766,-45.35314,0,0.7182165,0,-0.6958197;
custom,tube,ice1,1.432794,0.2662908,1.324458,0,1,1,1,1,1,-466.9679,3.342633,-2.098924,0,0.9948038,0,-0.1018112;
custom,tube,ice1,1.905839,0.2560191,1.822277,0,1,1,1,1,1,-466.9679,5.306177,-2.098924,0,0.9948038,0,-0.1018112;
custom,pyramid,ice1,0.5,0.9460986,0.5,0,1,1,1,1,1,-468.1837,20.57242,-7.759257,-0.07001133,0.5850192,-0.8054722,-0.06376166;
custom,capsule,ice1,1.060382,1.115282,0.7419831,0,1,1,1,1,1,-466.8312,16.51247,-0.07286064,-0.007181966,0.9999012,-0.01074722,0.005530125;
custom,capsule,ice1,0.6979337,0.7699107,0.4457404,0,1,1,1,1,1,-467.6319,23.67867,-8.153166,0.0859671,0.8481275,0.5196143,-0.05736283;
custom,tube,ice1,0.8493073,0.1282697,0.8587891,0,1,1,1,1,1,-336.025,10.22017,-143.6586,0,0.9969084,0,0.07857302;
custom,cone,ice1,0.1837885,0.250508,0.1838737,0,1,1,1,1,1,-336.5234,15.57152,-143.2753,0,0.9729056,0,-0.2312027;
custom,tube,ice1,0.6385021,0.1334159,0.6241806,0,1,1,1,1,1,-336.025,11.17229,-143.6586,0,0.9969084,0,0.07857302;
custom,tube,ice1,0.8493073,0.1282697,0.8587891,0,1,1,1,1,1,-336.025,12.15606,-143.6586,0,0.9969084,0,0.07857302;
custom,pyramid,ice1,0.2228172,0.4740106,0.2356363,0,1,1,1,1,1,-335.6613,19.80468,-146.2975,0.07584002,0.5869581,-0.8049425,0.04238117;
custom,capsule,ice1,0.472543,0.5587742,0.3496762,0,1,1,1,1,1,-336.3084,17.77059,-142.6837,-0.005134291,0.9826377,-0.01186274,0.185084;
custom,capsule,ice1,0.3110233,0.3857378,0.2100653,0,1,1,1,1,1,-335.3693,21.36098,-146.3793,-0.008786225,0.8446331,0.5266043,0.09594626;
custom,cylinder,stone6,2.879628,0.1786803,2.86491,0,1,1,1,1,1,-524.0002,10.60374,14.41012,0,0.9999579,0,0.009180016;
custom,cone,stone6,0.5441179,0.5,0.4700608,0,1,1,1,1,1,-525.0572,18.85104,14.64817,0.003662155,0.9995233,0.0107556,0.0287096;
custom,tube,stone6,2.434894,0.5110126,2.289096,0,1,1,1,1,1,-524.3961,3.458208,14.03169,0,0.9954405,0,-0.09538472;
custom,tube,stone6,1.76246,0.5110126,1.656716,0,1,1,1,1,1,-524.3961,7.038988,14.03169,0,0.9954405,0,-0.09538472;
custom,capsule,stone6,1.523802,1.360836,0.86736,0,1,1,1,1,1,-523.3041,24.53901,17.87647,0,0.9999579,0,0.009180016;
custom,pyramid,stone6,0.6393086,1.095624,0.4156286,0,1,1,1,1,1,-524.2524,29.18943,9.275476,-0.04494913,0.5358245,-0.8431311,-0.001260651;
custom,capsule,stone6,0.5,0.8711753,0.5673419,0,1,1,1,1,1,-525.2477,32.73921,8.223577,-0.004492708,0.8720219,0.4893807,0.008005575;
custom,cylinder,stone6,2.879628,0.1786803,2.86491,0,1,1,1,1,1,-231.2927,10.05424,-117.1159,0,0.7418047,0,-0.670616;
custom,cone,stone6,0.5441179,0.5,0.4700608,0,1,1,1,1,1,-231.1423,18.30153,-116.043,0.009979858,0.7547141,0.005431313,-0.6559555;
custom,tube,stone6,2.434894,0.5110126,2.289096,0,1,1,1,1,1,-231.7023,2.908707,-116.7526,0,0.6676496,0,-0.7444757;
custom,tube,stone6,1.76246,0.5110126,1.656716,0,1,1,1,1,1,-231.7023,6.489487,-116.7526,0,0.6676496,0,-0.7444757;
custom,capsule,stone6,1.523802,1.360836,0.86736,0,1,1,1,1,1,-227.7808,23.9895,-117.5246,0,0.7418047,0,-0.670616;
custom,pyramid,stone6,0.6393086,1.095624,0.4156286,0,1,1,1,1,1,-236.4305,28.63993,-117.2871,-0.6041996,0.3933083,-0.5897734,-0.363894;
custom,capsule,stone6,0.5,0.8711753,0.5673419,0,1,1,1,1,1,-237.5608,32.1897,-116.3817,0.3282,0.6468974,0.3630402,-0.5848166;
custom,tube,stone6,2.434894,0.5110126,2.289096,0,1,1,1,1,1,-515.1387,3.458208,66.16525,0,0.9954405,0,-0.09538472;
custom,tube,stone6,1.76246,0.5110126,1.656716,0,1,1,1,1,1,-515.1387,7.038988,66.16525,0,0.9954405,0,-0.09538472;
custom,cylinder,stone6,2.879628,0.1786803,2.86491,0,1,1,1,1,1,-514.7428,10.60374,66.54369,0,0.9999579,0,0.009180016;
custom,tube,ice1,1.905839,0.2560191,1.822277,0,1,1,1,1,1,-466.9679,1.442245,43.36119,0,0.9948038,0,-0.1018112;
custom,tube,ice1,1.432794,0.2662908,1.324458,0,1,1,1,1,1,-466.9679,3.342633,43.36119,0,0.9948038,0,-0.1018112;
custom,cylinder,ice1,2.046706,0.1423855,2.174713,0,1,1,1,1,1,-466.6155,5.662225,43.7598,0,0.7182165,0,-0.6958197;
custom,cone,ice1,0.4124199,0.5,0.3901643,0,1,1,1,1,1,-466.4273,12.12326,44.7085,0,0.9155371,0,-0.4022335;
custom,sphere,ice1,0.5,0.5,0.5,0,1,1,1,1,1,-453.5722,6.963161,-38.786,0,0.8389776,0,-0.5441661;
custom,cylinder,ice1,0.7864881,0.06130401,0.7623312,0,1,1,1,1,1,-466.6155,21.23801,43.7598,0,0.7182165,0,-0.6958197;
custom,cylinder,ice1,1.134831,0.06130401,0.9669957,0,1,1,1,1,1,-466.6155,18.75581,43.7598,0,0.7182165,0,-0.6958197;
custom,cuboid,ice1,0.5645528,0.2632133,0.3322746,0,1,1,1,1,1,-466.3159,32.16985,43.3716,0,0.9992748,0,0.03807595;
custom,cuboid,crystal2,0.1601904,0.05954287,0.09100723,0,1,1,1,1,1,-455.0144,9.593814,76.09985,0,0.736111,0,-0.6768609;
custom,cuboid,lava1,1,1,1,0,1,1,1,1,1,-488.7152,7.437219,87.29807,0,0.6775346,0,-0.7354909;
custom,cuboid,crystal2,0.4661005,0.05954287,0.09100723,0,1,1,1,1,1,-461.2188,26.69247,41.6213,-0.2823065,0.6461967,0.2296421,-0.6708185;
custom,cuboid,crystal2,0.4661005,0.05954287,0.09100723,0,1,1,1,1,1,-461.2188,26.69247,44.69349,-0.6586531,0.2518807,0.6392744,-0.3066928;
custom,cone,stone6,0.6336192,0.5822443,0.512507,0,1,1,1,1,1,-515.528,19.42711,67.45004,0,0.9933756,0,-0.1149129;
custom,cylinder,stone6,1.135157,0.06965936,1.145348,0,1,1,1,1,1,-514.7428,28.07787,66.54369,0,0.9999579,0,0.009180016;
custom,cylinder,stone6,1.656479,0.08769012,1.478111,0,1,1,1,1,1,-514.7428,24.96585,66.54369,0,0.9999579,0,0.009180016;
custom,sphere,stone6,1.192024,1.191255,1.111467,0,1,1,1,1,1,-513.5814,34.24918,65.85597,0,0.9994066,0,-0.03444638;
custom,cuboid,lava1,0.09960219,0.0904243,0.4772788,0,1,1,1,1,1,-488.7152,22.8585,87.29807,0,0.6775346,0,-0.7354909;
custom,cuboid,lava1,0.09960219,0.07907342,0.3748289,0,1,1,1,1,1,-507.5182,35.07761,64.46156,0.01000083,0.9536281,0.2991263,-0.03188859;
custom,cuboid,lava1,0.09960219,0.07907342,0.3748289,0,1,1,1,1,1,-507.5182,34.94878,67.18176,0.03177261,0.3098843,0.9501867,-0.01036372;
custom,cuboid,stone6,0.4745263,0.3116064,0.3700653,0,1,1,1,1,1,-513.8124,41.20002,66.47643,0,0.9999993,0,0.00123041;
custom,tube,stone6,2.434894,0.5110126,2.289096,0,1,1,1,1,1,-297.1412,3.458208,-115.7068,0,0.6555617,0,-0.7551416;
custom,tube,stone6,1.76246,0.5110126,1.656716,0,1,1,1,1,1,-297.1412,7.038988,-115.7068,0,0.6555617,0,-0.7551416;
custom,cylinder,stone6,2.879628,0.1786803,2.86491,0,1,1,1,1,1,-296.7435,10.60374,-116.0833,0,0.7308974,0,-0.6824874;
custom,cone,stone6,0.6336192,0.5822443,0.512507,0,1,1,1,1,1,-295.8774,19.42711,-115.2536,0,0.6406075,0,-0.7678685;
custom,cylinder,stone6,1.135157,0.06965936,1.145348,0,1,1,1,1,1,-296.7435,28.07787,-116.0833,0,0.7308974,0,-0.6824874;
custom,cylinder,stone6,1.656479,0.08769012,1.478111,0,1,1,1,1,1,-296.7435,24.96585,-116.0833,0,0.7308974,0,-0.6824874;
custom,sphere,stone6,1.192024,1.191255,1.111467,0,1,1,1,1,1,-297.3719,34.24918,-117.2778,0,0.7004328,0,-0.7137184;
custom,cuboid,lava1,0.09960219,0.07907342,0.3748289,0,1,1,1,1,1,-298.461,35.07761,-123.4032,0.2133949,0.669024,0.2098553,-0.6803163;
custom,cuboid,lava1,0.09960219,0.07907342,0.3748289,0,1,1,1,1,1,-295.7442,34.94878,-123.2668,0.6778609,0.2174007,0.6666099,-0.2210721;
custom,cuboid,stone6,0.4745263,0.3116064,0.3700653,0,1,1,1,1,1,-296.7641,41.20002,-117.0158,0,0.7254491,0,-0.6882759;
custom,tube,stone6,2.434894,0.5110126,2.289096,0,1,1,1,1,1,-166.4782,2.377275,-274.641,0,-0.8504773,0,-0.5260118;
custom,tube,stone6,1.76246,0.5110126,1.656716,0,1,1,1,1,1,-166.4782,5.958059,-274.641,0,-0.8504773,0,-0.5260118;
custom,cylinder,stone6,2.879628,0.1786803,2.86491,0,1,1,1,1,1,-166.7364,9.522814,-274.1582,0,-0.7908414,0,-0.6120212;
custom,cone,stone6,0.6336192,0.5822443,0.512507,0,1,1,1,1,1,-167.8206,18.34619,-274.671,0,-0.8606422,0,-0.5092102;
custom,cylinder,stone6,1.135157,0.06965936,1.145348,0,1,1,1,1,1,-166.7364,26.99695,-274.1582,0,-0.7908414,0,-0.6120212;
custom,cylinder,stone6,1.656479,0.08769012,1.478111,0,1,1,1,1,1,-166.7364,23.88493,-274.1582,0,-0.7908414,0,-0.6120212;
custom,sphere,stone6,1.192024,1.191255,1.111467,0,1,1,1,1,1,-165.7622,33.16822,-273.2237,0,-0.8167837,0,-0.5769441;
custom,cuboid,lava1,0.09960219,0.07907342,0.3748289,0,1,1,1,1,1,-162.7903,33.99665,-267.758,0.172928,-0.7787785,-0.2442801,-0.551296;
custom,cuboid,lava1,0.09960219,0.07907342,0.3748289,0,1,1,1,1,1,-165.4106,33.86781,-267.0278,0.5493065,-0.2530681,-0.7759678,-0.179145;
custom,cuboid,stone6,0.4745263,0.3116064,0.3700653,0,1,1,1,1,1,-166.4217,40.11903,-273.2798,0,-0.7956813,0,-0.6057156;
custom,cone,stone6,0.5820908,0.5348946,0.527445,0,1,1,1,1,1,-515.528,6.995586,116.5223,0,0.9933756,0,-0.1149129;
custom,cylinder,stone6,0.6996489,0.9595712,0.8033089,0,1,1,1,1,1,-514.1185,15.48891,115.8499,0,0.7120765,0,-0.7021019;
custom,sphere,stone6,1.433381,1.43858,1.342226,0,1,1,1,1,1,-513.5814,25.28699,115.1149,0,0.9994066,0,-0.03444638;
custom,tube,stone6,2.434894,0.4142244,2.289096,0,1,1,1,1,1,-434.17,2.071838,114.7832,0,0.9954405,0,-0.09538472;
custom,tube,stone6,1.76246,0.4142244,1.656716,0,1,1,1,1,1,-434.17,4.9744,114.7832,0,0.9954405,0,-0.09538472;
custom,cylinder,stone6,2.879628,0.1448375,2.86491,0,1,1,1,1,1,-433.7741,7.863968,115.1616,0,0.9999579,0,0.009180016;
custom,cone,stone6,0.5820908,0.5348946,0.527445,0,1,1,1,1,1,-25.56289,6.418107,-117.9555,0,0.9933756,0,-0.1149129;
custom,cylinder,stone6,0.6996489,0.9595712,0.8033089,0,1,1,1,1,1,-24.15337,14.91143,-118.6279,0,0.7120765,0,-0.7021019;
custom,sphere,stone6,1.433381,1.43858,1.342226,0,1,1,1,1,1,-23.61632,24.70953,-119.3629,0,0.9994066,0,-0.03444638;
custom,cone,stone6,0.5820908,0.5348946,0.527445,0,1,1,1,1,1,-25.56289,6.418107,-117.9555,0,0.9933756,0,-0.1149129;
custom,cylinder,stone6,0.6996489,0.9595712,0.8033089,0,1,1,1,1,1,-24.15337,14.91143,-118.6279,0,0.7120765,0,-0.7021019;
custom,sphere,stone6,1.433381,1.43858,1.342226,0,1,1,1,1,1,-23.61632,24.70953,-119.3629,0,0.9994066,0,-0.03444638;
custom,cone,stone6,0.5820908,0.5348946,0.527445,0,1,1,1,1,1,-25.56289,6.418107,-188.6142,0,0.9933756,0,-0.1149129;
custom,cylinder,stone6,0.6996489,0.9595712,0.8033089,0,1,1,1,1,1,-24.15337,14.91143,-189.2866,0,0.7120765,0,-0.7021019;
custom,sphere,stone6,1.433381,1.43858,1.342226,0,1,1,1,1,1,-23.61632,24.70953,-190.0216,0,0.9994066,0,-0.03444638;
custom,tube,stone6,2.434894,0.4142244,2.289096,0,1,1,1,1,1,37.02328,2.339949,-42.4631,0,0.9954405,0,-0.09538472;
custom,tube,stone6,1.76246,0.4142244,1.656716,0,1,1,1,1,1,36.76683,5.242509,-41.63198,0,0.9954405,0,-0.09538472;
custom,cylinder,stone6,2.879628,0.1448375,2.86491,0,1,1,1,1,1,36.99682,8.132076,-42.0847,0,0.9999579,0,0.009180016;
custom,cone,stone6,0.6885424,0.3579627,0.6239031,0,1,1,1,1,1,36.39914,12.7805,-40.70308,0,0.9933756,0,-0.1149129;
custom,cylinder,stone6,2.106855,0.940362,2.419006,0,1,1,1,1,1,37.80873,21.36489,-41.62289,0,0.7120765,0,-0.7021019;
custom,torus,lava1,2.248895,2.248895,2.508523,0,1,1,1,1,1,36.48996,31.9042,-42.0171,0,0.7522816,0,-0.6588417;
custom,tube,stone6,2.434894,0.4142244,2.289096,0,1,1,1,1,1,174.3981,1.736747,-264.1622,0,0.9954405,0,-0.09538472;
custom,tube,stone6,1.76246,0.4142244,1.656716,0,1,1,1,1,1,174.3981,4.6393,-264.1622,0,0.9954405,0,-0.09538472;
custom,cylinder,stone6,2.879628,0.1448375,2.86491,0,1,1,1,1,1,174.7939,7.528866,-263.7838,0,0.9999579,0,0.009180016;
custom,cone,stone6,0.6885424,0.3579627,0.6239031,0,1,1,1,1,1,173.7739,12.1773,-262.4022,0,0.9933756,0,-0.1149129;
custom,cylinder,stone6,2.106855,0.940362,2.419006,0,1,1,1,1,1,175.1835,20.7617,-263.322,0,0.7120765,0,-0.7021019;
custom,torus,stone6,1,1,1,0,1,1,1,1,1,179.4456,27.16763,-262.9817,0,0.6332031,0,-0.7739857;
custom,torus,lava1,2.248895,2.248895,2.508523,0,1,1,1,1,1,173.8647,31.301,-263.7162,0,0.7522816,0,-0.6588417;
custom,tube,stone6,2.434894,0.4142244,2.289096,0,1,1,1,1,1,-515.5281,1.736747,159.0041,0,0.9954405,0,-0.09538472;
custom,tube,stone6,1.76246,0.4142244,1.656716,0,1,1,1,1,1,-515.5281,4.6393,159.0041,0,0.9954405,0,-0.09538472;
custom,cylinder,stone6,2.879628,0.1448375,2.86491,0,1,1,1,1,1,-515.1321,7.528866,159.3825,0,0.9999579,0,0.009180016;
custom,cone,stone6,0.6885424,0.3579627,0.6239031,0,1,1,1,1,1,-516.1523,12.1773,160.7641,0,0.9933756,0,-0.1149129;
custom,cylinder,stone6,2.106855,0.940362,2.419006,0,1,1,1,1,1,-514.7426,20.7617,159.8443,0,0.7120765,0,-0.7021019;
custom,torus,stone6,1,1,1,0,1,1,1,1,1,-510.4806,27.16763,160.1846,0,0.6332031,0,-0.7739857;
custom,torus,lava1,2.248895,2.248895,2.508523,0,1,1,1,1,1,-516.0615,31.301,159.4501,0,0.7522816,0,-0.6588417;
custom,cylinder,default,0.5,0.5,0.5,0,1,1,1,1,1,-160.8568,18.54208,-43.53754,0,0.4402773,0,0.8978618;
custom,sphere,default,1,1,1,0,1,1,1,1,1,-160.5662,26.74607,-43.71284,0,0.9776834,0,0.2100838;
custom,cone,default,0.5,0.5,0.5,0,1,1,1,1,1,-159.8722,7.232094,-44.40966,0,0.2732375,0,0.9619466;
custom,tube,stone6,1.76246,0.4142244,1.656716,0,1,1,1,1,1,-515.5281,4.6393,159.0041,0,0.9954405,0,-0.09538472;
custom,tube,stone6,2.434894,0.4142244,2.289096,0,1,1,1,1,1,-515.5281,1.736747,159.0041,0,0.9954405,0,-0.09538472;
custom,cylinder,stone6,2.879628,0.1448375,2.86491,0,1,1,1,1,1,-515.1321,7.528866,159.3825,0,0.9999579,0,0.009180016;
custom,tube,stone6,1.76246,0.2357415,1.656716,0,1,1,1,1,1,-515.5281,2.505038,200.1626,0,0.9954405,0,-0.09538472;
custom,tube,stone6,2.434894,0.2357415,2.289096,0,1,1,1,1,1,-515.5281,0.8531528,200.1626,0,0.9954405,0,-0.09538472;
custom,cylinder,stone6,2.879628,0.0824293,2.86491,0,1,1,1,1,1,-515.1321,4.149538,200.5409,0,0.9999579,0,0.009180016;
custom,cone,stone6,0.4427553,0.4068561,0.4068561,0,1,1,1,1,1,-515.5208,9.73627,201.0152,0,0.9933756,0,-0.1149129;
custom,cylinder,stone6,0.6996489,0.9595712,0.8033089,0,1,1,1,1,1,-514.5778,18.92894,200.5029,0,0.7120765,0,-0.7021019;
custom,cylinder,stone6,1.605994,0.04597153,1.597785,0,1,1,1,1,1,-514.7816,25.51686,200.6919,0,0.9999579,0,0.009180016;
custom,cylinder,stone6,1.337721,0.03829223,1.330883,0,1,1,1,1,1,-515.1321,28.08105,200.5409,0,0.9999579,0,0.009180016;
custom,cone,stone6,0.4427553,0.4068561,0.4068561,0,1,1,1,1,1,-515.5208,30.02357,200.5657,0.1148989,-0.01551737,0.9932544,0.001795058;
custom,cuboid,lava1,0.4151066,0.2807663,0.8754546,0,1,1,1,1,1,-458.6668,7.437219,224.7438,0,0.6775346,0,-0.7354909;
custom,cuboid,lava1,0.4151066,0.2807663,0.4960384,0,1,1,1,1,1,-514.6081,41.5369,200.5001,0,0.6775346,0,-0.7354909;
custom,cone,stone6,0.4427553,0.1871186,0.4068561,0,1,1,1,1,1,-515.5208,36.96783,201.0432,-0.001171954,-0.9933239,-0.01013097,0.114907;
custom,tube,stone6,1.76246,0.2357415,1.656716,0,1,1,1,1,1,110.2909,2.505038,-33.97591,0,0.9954405,0,-0.09538472;
custom,tube,stone6,2.434894,0.2357415,2.289096,0,1,1,1,1,1,110.2909,0.8531528,-33.97591,0,0.9954405,0,-0.09538472;
custom,cylinder,stone6,2.879628,0.0824293,2.86491,0,1,1,1,1,1,110.6869,4.149538,-33.59755,0,0.9999579,0,0.009180016;
custom,cone,stone6,0.4427553,0.4068561,0.4068561,0,1,1,1,1,1,110.2983,9.73627,-33.12326,0,0.9933756,0,-0.1149129;
custom,cylinder,stone6,0.6996489,0.9595712,0.8033089,0,1,1,1,1,1,111.2413,18.92894,-33.63553,0,0.7120765,0,-0.7021019;
custom,cylinder,stone6,1.605994,0.04597153,1.597785,0,1,1,1,1,1,111.0375,25.51686,-33.44653,0,0.9999579,0,0.009180016;
custom,cylinder,stone6,1.337721,0.03829223,1.330883,0,1,1,1,1,1,110.6869,28.08105,-33.59755,0,0.9999579,0,0.009180016;
custom,cone,stone6,0.4427553,0.4068561,0.4068561,0,1,1,1,1,1,110.2983,30.02357,-33.57277,0.1148989,-0.01551737,0.9932544,0.001795058;
custom,cuboid,lava1,0.4151066,0.2807663,0.4960384,0,1,1,1,1,1,111.2109,41.5369,-33.63838,0,0.6775346,0,-0.7354909;
custom,cone,stone6,0.4427553,0.1871186,0.4068561,0,1,1,1,1,1,110.2983,36.96783,-33.09524,-0.001171954,-0.9933239,-0.01013097,0.114907;
custom,sphere,default,1,1,1,0,1,1,1,1,1,-90.32222,26.74607,108.5757,0,0.9776834,0,0.2100838;
custom,cylinder,default,0.5,0.5,0.5,0,1,1,1,1,1,-90.61281,18.54208,108.751,0,0.4402773,0,0.8978618;
custom,cone,default,0.5,0.5,0.5,0,1,1,1,1,1,-89.62822,7.232094,107.8789,0,0.2732375,0,0.9619466;
custom,cone,default,0.5,0.5,0.5,0,1,1,1,1,1,45.75147,7.232094,-120.2363,0,0.2732375,0,0.9619466;
custom,cylinder,default,0.5,0.5,0.5,0,1,1,1,1,1,44.76688,18.54208,-119.3642,0,0.4402773,0,0.8978618;
custom,sphere,default,1,1,1,0,1,1,1,1,1,45.05747,26.74607,-119.5395,0,0.9776834,0,0.2100838;
custom,sphere,default,1,1,1,0,1,1,1,1,1,45.05747,26.74607,174.5171,0,0.9776834,0,0.2100838;
custom,cylinder,default,0.5,0.5,0.5,0,1,1,1,1,1,44.76688,18.54208,174.6924,0,0.4402773,0,0.8978618;
custom,cone,default,0.5,0.5,0.5,0,1,1,1,1,1,45.75147,7.232094,173.8203,0,0.2732375,0,0.9619466;
custom,cone,stone6,0.5820908,0.5348946,0.527445,0,1,1,1,1,1,109.91,6.418107,259.7596,0,0.9933756,0,-0.1149129;
custom,sphere,stone6,1.433381,1.43858,1.342226,0,1,1,1,1,1,111.8565,24.70953,258.3522,0,0.9994066,0,-0.03444638;
custom,cylinder,stone6,0.6996489,0.9595712,0.8033089,0,1,1,1,1,1,111.3195,14.91143,259.0872,0,0.7120765,0,-0.7021019;
racing,endCuboid,8.041157,-0.7706583,6.543614,-92.84901,-3.556005,269.5227,0,0.7132046,0,0.7009559;
base,aot_supply,metal2,1,1,1,0,1,1,1,1,1,-519.6295,9.039096,182.3338,0,0.7489673,0,-0.662607;
custom,leaf0,bombexplosiontex,13.14221,1,16.31104,1,1,1,1,1,1,-58.86344,0.489237,-8.148752,0,0,0,1;
custom,leaf0,bombexplosiontex,13.14221,1,16.31104,1,1,1,1,1,1,29.05094,0.489237,-8.148752,0,0,0,1;
custom,leaf0,bombexplosiontex,13.14221,1,16.31104,1,1,1,1,1,1,-168.6011,-2.110763,-7.937456,0,0,0,1;
custom,cuboid,wood1,1,1,59.1512,0,1,1,1,1,1,-48.98312,0.1408682,307.0967,0.0148675,-0.7120044,0.01291417,-0.7018988;
custom,cuboid,wood1,1,1,59.1512,0,1,1,1,1,1,-48.98312,-1.629155,-313.547,0.0148675,-0.7120044,0.01291417,-0.7018988;
custom,cuboid,wood1,1,1,68.49775,0,1,1,1,1,1,216.4854,-2.592264,-18.16293,0.002358298,-0.9999932,0.002792454,0.0005369318;
custom,cuboid,wood1,1,1,68.49775,0,1,1,1,1,1,-335.3362,-2.592264,-18.16293,0.002358298,-0.9999932,0.002792454,0.0005369318;
custom,tube,stone6,1.76246,0.2357415,1.656716,0,1,1,1,1,1,-515.5281,2.505038,268.484,0,0.9954405,0,-0.09538472;
custom,tube,stone6,2.434894,0.2357415,2.289096,0,1,1,1,1,1,-515.5281,0.8531528,268.484,0,0.9954405,0,-0.09538472;
custom,cylinder,stone6,2.879628,0.0824293,2.86491,0,1,1,1,1,1,-515.1321,4.149538,268.8623,0,0.9999579,0,0.009180016;
custom,cone,stone6,0.4427553,0.4068561,0.4068561,0,1,1,1,1,1,-515.5208,9.73627,269.3366,0,0.9933756,0,-0.1149129;
custom,cylinder,stone6,0.6996489,0.9595712,0.8033089,0,1,1,1,1,1,-514.5778,18.92894,268.8242,0,0.7120765,0,-0.7021019;
custom,cylinder,stone6,1.605994,0.04597153,1.597785,0,1,1,1,1,1,-514.7816,25.51686,269.0133,0,0.9999579,0,0.009180016;
custom,cylinder,stone6,1.337721,0.03829223,1.330883,0,1,1,1,1,1,-515.1321,28.08105,268.8623,0,0.9999579,0,0.009180016;
custom,cone,stone6,0.4427553,0.4068561,0.4068561,0,1,1,1,1,1,-515.5208,30.02357,268.8871,0.1148989,-0.01551737,0.9932544,0.001795058;
custom,cone,stone6,0.4427553,0.1871186,0.4068561,0,1,1,1,1,1,-515.5208,36.96783,269.3646,-0.001171954,-0.9933239,-0.01013097,0.114907;
base,aot_supply,metal2,-0.029334,0.009871855,0.0830498,0,1,1,1,1,1,-519.6295,9.039096,221.2789,0,0.7489673,0,-0.662607;
base,aot_supply,metal2,-0.9041559,0.3042782,2.559828,0,1,1,1,1,1,-519.6295,29.53814,222.3508,0,0.7489673,0,-0.662607;
custom,cylinder,stone6,1.346344,0.03853909,1.339463,0,1,1,1,1,1,-515.1321,12.24659,268.8623,0,0.9999579,0,0.009180016;
base,aot_supply,metal2,-0.029334,0.009871855,0.0830498,0,1,1,1,1,1,-514.4696,12.28905,264.3324,0,0.7489673,0,-0.662607;
base,aot_supply,metal2,-0.029334,0.009871855,0.0830498,0,1,1,1,1,1,-509.4919,12.26942,268.8384,0,0.7489673,0,-0.662607;
base,aot_supply,metal2,-0.029334,0.009871855,0.0830498,0,1,1,1,1,1,-515.5361,12.26942,274.9618,0,0.7489673,0,-0.662607;
base,aot_supply,metal2,-0.029334,0.009871855,0.0830498,0,1,1,1,1,1,-515.5361,8.845707,273.6457,0,0.7489673,0,-0.662607;
base,aot_supply,metal2,-0.029334,0.009871855,0.0830498,0,1,1,1,1,1,-520.5844,12.44874,268.6518,0,0.7489673,0,-0.662607;
custom,cuboid,lava1,0.4151066,0.2807663,0.8754546,0,1,1,1,1,1,-500.0708,7.437219,224.7438,0,0.6775346,0,-0.7354909;
custom,cuboid,lava1,1.358207,0.1977693,0.1684798,0,1,1,1,1,1,-514.6326,45.06613,268.8215,0,0.7325931,0,-0.6806669;
custom,cuboid,lava1,1.832094,0.2422804,0.2063988,0,1,1,1,1,1,-514.6326,43.66205,268.8215,-0.5241688,0.5118011,0.4870152,-0.4755239;
custom,cylinder,stone6,1.210257,0.03464358,1.204071,0,1,1,1,1,1,-514.8251,39.01783,268.9948,0,0.9999579,0,0.009180016;
custom,cylinder,stone6,1.00809,0.02885655,1.002937,0,1,1,1,1,1,-515.0886,40.9502,268.8808,0,0.9999579,0,0.009180016;
base,aot_supply,metal2,-0.029334,0.009871855,0.0830498,0,1,1,1,1,1,-519.6295,9.039096,270.5167,0,0.7489673,0,-0.662607;
base,aot_supply,metal2,-0.029334,0.009871855,0.0830498,0,1,1,1,1,1,-514.6113,52.8341,269.8698,0,0.7489673,0,-0.662607;
custom,tube,stone6,1.76246,0.2357415,1.656716,0,1,1,1,1,1,-90.57703,2.505037,269.1961,0,0.7241567,0,0.6896355;
custom,tube,stone6,2.434894,0.2357415,2.289096,0,1,1,1,1,1,-90.57703,0.8531532,269.1961,0,0.7241567,0,0.6896355;
custom,cylinder,stone6,2.879628,0.0824293,2.86491,0,1,1,1,1,1,-91.00746,4.149538,269.5345,0,0.6481106,0,0.7615463;
custom,cone,stone6,0.4427553,0.4068561,0.4068561,0,1,1,1,1,1,-91.4219,9.73627,269.0824,0,0.7375592,0,0.6752825;
custom,cylinder,stone6,0.6996489,0.9595712,0.8033089,0,1,1,1,1,1,-91.04842,18.92894,270.0884,0,0.9969463,0,0.07808997;
custom,cylinder,stone6,1.605994,0.04597153,1.597785,0,1,1,1,1,1,-91.20655,25.51686,269.8596,0,0.6481106,0,0.7615463;
custom,cylinder,stone6,1.337721,0.03829223,1.330883,0,1,1,1,1,1,-91.00746,28.08105,269.5345,0,0.6481106,0,0.7615463;
custom,cone,stone6,0.4427553,0.4068561,0.4068561,0,1,1,1,1,1,-90.97697,30.02357,269.1459,-0.6752003,-0.01152118,0.7374691,-0.01054839;
custom,cuboid,lava1,1.832094,0.2422804,0.2063988,0,1,1,1,1,1,-91.03779,43.66205,270.0345,-0.711341,0.6945565,-0.0770124,0.07519514;
custom,cone,stone6,0.4427553,0.1871186,0.4068561,0,1,1,1,1,1,-91.44965,36.96783,269.0784,0.00688684,-0.7375207,-0.007521979,-0.6752476;
custom,cylinder,stone6,1.346344,0.03853909,1.339463,0,1,1,1,1,1,-91.00746,12.24659,269.5345,0,0.6481106,0,0.7615463;
base,aot_supply,metal2,-0.029334,0.009871855,0.0830498,0,1,1,1,1,1,-86.6174,12.28905,270.8322,0,0.9912716,0,0.1318354;
base,aot_supply,metal2,-0.029334,0.009871855,0.0830498,0,1,1,1,1,1,-91.78329,12.26942,275.1209,0,0.9912716,0,0.1318354;
base,aot_supply,metal2,-0.029334,0.009871855,0.0830498,0,1,1,1,1,1,-96.98822,12.26942,268.2698,0,0.9912716,0,0.1318354;
base,aot_supply,metal2,-0.029334,0.009871855,0.0830498,0,1,1,1,1,1,-95.68527,8.845707,268.4562,0,0.9912716,0,0.1318354;
base,aot_supply,metal2,-0.029334,0.009871855,0.0830498,0,1,1,1,1,1,-90.02625,12.44874,264.1669,0,0.9912716,0,0.1318354;
custom,cuboid,lava1,1.358207,0.1977693,0.1684798,0,1,1,1,1,1,-91.03779,45.06613,270.0345,0,0.9941906,0,0.1076336;
custom,cylinder,stone6,1.210257,0.03464358,1.204071,0,1,1,1,1,1,-91.18204,39.01783,269.8193,0,0.6481106,0,0.7615463;
custom,cylinder,stone6,1.00809,0.02885655,1.002937,0,1,1,1,1,1,-91.032,40.9502,269.5748,0,0.6481106,0,0.7615463;
base,aot_supply,metal2,-0.029334,0.009871855,0.0830498,0,1,1,1,1,1,-92.00762,9.039096,264.8479,0,0.9912716,0,0.1318354;
base,aot_supply,metal2,-0.029334,0.009871855,0.0830498,0,1,1,1,1,1,-92.07878,52.8341,269.907,0,0.9912716,0,0.1318354;
racing,endCuboid,6.533473,10.41043,1.480987,-112.18,17.87385,263.5275,0,0.712184,0,0.7019928;
racing,startCuboid,0.5,8.556877,8.644357,-268.4214,17.89824,-262.2515,0,0.9999928,0,-0.003796127;
misc,barrier,11.71098,15.10274,5.887852,505.4756,-8.987429,243.4149,-0.01047146,0.7050138,0.01008901,-0.7090446;
custom,cuboid,bombexplosiontex,2.732385,11.55089,-64.49316,0,1,1,1,99999,99999,-345.5812,4.737556,8.73957,0,0,0,1;
custom,cuboid,bombexplosiontex,2.732385,11.55089,-64.49316,0,1,1,1,99999,99999,225.316,4.737556,8.73957,0,0,0,1;
custom,cuboid,bombexplosiontex,2.732385,11.55089,-64.49316,0,1,1,1,99999,99999,-39.18982,4.737556,327.4665,0,-0.7015274,0,0.7126425;
custom,cuboid,bombexplosiontex,2.732385,11.55089,-64.49316,0,1,1,1,99999,99999,-39.18982,4.737556,-329.5007,0,-0.7015274,0,0.7126425;
base,levelBottom,default,0.04891001,1.666667,0.0015,0,1,1,1,1,1,607.0233,69.45149,274,0,0.7451156,0,0.6669354;
custom,cuboid,ice1,6.877314,9.334794,7.754088,0,1,1,1,1,1,-299.5394,-577.6057,266.4062,0,0.9999995,0,-0.001033194;
custom,cuboid,stone6,6.877314,11.45383,7.754088,0,1,1,1,1,1,-230.0445,-587.9784,267.5595,0,0.9999835,0,-0.005740137;
custom,cuboid,ice1,6.877314,9.334794,7.754088,0,1,1,1,1,1,-299.5394,-577.2476,112.4733,0,0.9999995,0,-0.001033194;
custom,cuboid,stone6,6.877314,11.45383,7.754088,0,1,1,1,1,1,-230.0445,-587.7505,113.6264,0,0.9999835,0,-0.005740137;
custom,cuboid,ice1,6.877314,9.334794,7.754088,0,1,1,1,1,1,-300.2772,-576.7308,-38.20275,0,0.9999995,0,-0.001033194;
custom,cuboid,stone6,6.877314,11.45383,7.754088,0,1,1,1,1,1,-230.7814,-587.7288,-37.04972,0,0.9999835,0,-0.005740137;
custom,cuboid,ice1,6.877314,9.334794,8.178091,0,1,1,1,1,1,-300.2772,-577.3746,-195.0156,0,0.9999995,0,-0.001033194;
custom,cuboid,stone6,6.877314,11.45383,8.178091,0,1,1,1,1,1,-230.7814,-587.5555,-193.894,0,0.9999835,0,-0.005740137;
custom,cuboid,ice1,6.877314,9.334794,12.78101,0,1,1,1,1,1,-231.6749,-577.4265,-120.5552,0,-0.0007221442,0,-0.9999998;
custom,cuboid,stone6,6.877314,11.45383,7.754088,0,1,1,1,1,1,-301.1717,-588.0721,188.612,0,-0.005429145,0,-0.9999853;
custom,cuboid,ice1,6.877314,9.334794,7.754088,0,1,1,1,1,1,-231.6749,-577.2241,189.8135,0,-0.0007221442,0,-0.9999998;
custom,cuboid,stone6,6.877314,11.45383,12.78101,0,1,1,1,1,1,-301.1717,-588.1738,-121.4201,0,-0.005429145,0,-0.9999853;
custom,cuboid,ice1,6.877314,9.334794,7.754088,0,1,1,1,1,1,-231.6749,-577.4077,37.55738,0,-0.0007221442,0,-0.9999998;
custom,cuboid,stone6,6.877314,11.45383,7.754088,0,1,1,1,1,1,-301.1717,-587.9784,36.35596,0,-0.005429145,0,-0.9999853;
custom,cuboid,ice1,6.877314,9.334794,8.296319,0,1,1,1,1,1,-231.6749,-576.6958,-267.3918,0,-0.0007221442,0,-0.9999998;
custom,cuboid,stone6,6.877314,11.45383,8.296319,0,1,1,1,1,1,-301.1717,-587.4384,-268.5568,0,-0.005429145,0,-0.9999853;
custom,sphere,default,1,1,0.9931378,0,1,1,1,1,1,-301.0867,-503.9726,-193.0641,0,0.9776834,0,0.2100838;
custom,cone,default,0.5,0.5,0.4965689,0,1,1,1,1,1,-300.3927,-523.4866,-193.7561,0,0.2732375,0,0.9619466;
custom,cuboid,ice1,6.877314,9.334794,7.754088,0,1,1,1,1,1,-163.2982,-577.6057,266.4062,0,0.9999995,0,-0.001033194;
custom,cuboid,stone6,6.877314,11.45383,7.754088,0,1,1,1,1,1,-93.80362,-587.9784,265.8388,0,0.9999835,0,-0.005740137;
custom,cuboid,ice1,6.877314,9.334794,7.754088,0,1,1,1,1,1,-163.2982,-577.2476,112.4733,0,0.9999995,0,-0.001033194;
custom,cuboid,stone6,6.877314,11.45383,7.754088,0,1,1,1,1,1,-93.80362,-587.7505,111.9057,0,0.9999835,0,-0.005740137;
custom,cuboid,ice1,6.877314,9.334794,7.754088,0,1,1,1,1,1,-164.0359,-576.7308,-38.20275,0,0.9999995,0,-0.001033194;
custom,cuboid,stone6,6.877314,11.45383,7.754088,0,1,1,1,1,1,-94.54053,-587.7288,-38.77042,0,0.9999835,0,-0.005740137;
custom,cuboid,ice1,6.877314,9.334794,8.178091,0,1,1,1,1,1,-164.0359,-577.3746,-195.0156,0,0.9999995,0,-0.001033194;
custom,cuboid,stone6,6.877314,11.45383,8.178091,0,1,1,1,1,1,-94.54053,-587.5555,-195.6147,0,0.9999835,0,-0.005740137;
custom,cuboid,ice1,6.877314,9.334794,12.78101,0,1,1,1,1,1,-95.43402,-577.4265,-122.2759,0,-0.0007221442,0,-0.9999998;
custom,cuboid,stone6,6.877314,11.45383,7.754088,0,1,1,1,1,1,-164.9305,-588.0721,188.612,0,-0.005429145,0,-0.9999853;
custom,cuboid,ice1,6.877314,9.334794,7.754088,0,1,1,1,1,1,-95.43402,-577.2241,188.0928,0,-0.0007221442,0,-0.9999998;
custom,cuboid,stone6,6.877314,11.45383,12.78101,0,1,1,1,1,1,-164.9305,-588.1738,-121.4201,0,-0.005429145,0,-0.9999853;
custom,cuboid,ice1,6.877314,9.334794,7.754088,0,1,1,1,1,1,-95.43402,-577.4077,35.83668,0,-0.0007221442,0,-0.9999998;
custom,cuboid,stone6,6.877314,11.45383,7.754088,0,1,1,1,1,1,-164.9305,-587.9784,36.35596,0,-0.005429145,0,-0.9999853;
custom,cuboid,ice1,6.877314,9.334794,8.296319,0,1,1,1,1,1,-95.43402,-576.6958,-269.1125,0,-0.0007221442,0,-0.9999998;
custom,cuboid,stone6,6.877314,11.45383,8.296319,0,1,1,1,1,1,-164.9305,-587.4384,-268.5568,0,-0.005429145,0,-0.9999853;
custom,cuboid,ice1,6.877314,9.334794,7.754088,0,1,1,1,1,1,-26.82599,-577.6057,266.4062,0,0.9999995,0,-0.001033194;
custom,cuboid,stone6,6.877314,11.45383,7.754088,0,1,1,1,1,1,42.66828,-587.9784,265.8388,0,0.9999835,0,-0.005740137;
custom,cuboid,ice1,6.877314,9.334794,7.754088,0,1,1,1,1,1,-26.82599,-577.2476,112.4733,0,0.9999995,0,-0.001033194;
custom,cuboid,stone6,6.877314,11.45383,7.754088,0,1,1,1,1,1,42.66828,-587.7505,111.9057,0,0.9999835,0,-0.005740137;
custom,cuboid,ice1,6.877314,9.334794,7.754088,0,1,1,1,1,1,-27.56374,-576.7308,-38.20275,0,0.9999995,0,-0.001033194;
custom,cuboid,stone6,6.877314,11.45383,7.754088,0,1,1,1,1,1,41.93137,-587.7288,-38.77042,0,0.9999835,0,-0.005740137;
custom,cuboid,ice1,6.877314,9.334794,8.178091,0,1,1,1,1,1,-27.56374,-577.3746,-195.0156,0,0.9999995,0,-0.001033194;
custom,cuboid,stone6,6.877314,11.45383,8.178091,0,1,1,1,1,1,41.93137,-587.5555,-195.6147,0,0.9999835,0,-0.005740137;
custom,cuboid,ice1,6.877314,9.334794,12.78101,0,1,1,1,1,1,41.03788,-577.4265,-122.2759,0,-0.0007221442,0,-0.9999998;
custom,cuboid,stone6,6.877314,11.45383,7.754088,0,1,1,1,1,1,-28.45826,-588.0721,188.612,0,-0.005429145,0,-0.9999853;
custom,cuboid,ice1,6.877314,9.334794,7.754088,0,1,1,1,1,1,41.03788,-577.2241,188.0928,0,-0.0007221442,0,-0.9999998;
custom,cuboid,stone6,6.877314,11.45383,12.78101,0,1,1,1,1,1,-28.45826,-588.1738,-121.4201,0,-0.005429145,0,-0.9999853;
custom,cuboid,ice1,6.877314,9.334794,7.754088,0,1,1,1,1,1,41.03788,-577.4077,35.83668,0,-0.0007221442,0,-0.9999998;
custom,cuboid,stone6,6.877314,11.45383,7.754088,0,1,1,1,1,1,-28.45826,-587.9784,36.35596,0,-0.005429145,0,-0.9999853;
custom,cuboid,ice1,6.877314,9.334794,8.296319,0,1,1,1,1,1,41.03788,-576.6958,-269.1125,0,-0.0007221442,0,-0.9999998;
custom,cuboid,stone6,6.877314,11.45383,8.296319,0,1,1,1,1,1,-28.45826,-587.4384,-268.5568,0,-0.005429145,0,-0.9999853;
custom,cuboid,ice1,6.877314,9.334794,7.754088,0,1,1,1,1,1,109.4136,-577.6057,266.4062,0,0.9999995,0,-0.001033194;
custom,cuboid,stone6,6.877314,11.45383,7.754088,0,1,1,1,1,1,178.9079,-587.9784,265.8388,0,0.9999835,0,-0.005740137;
custom,cuboid,ice1,6.877314,9.334794,7.754088,0,1,1,1,1,1,109.4136,-577.2476,112.4733,0,0.9999995,0,-0.001033194;
custom,cuboid,stone6,6.877314,11.45383,7.754088,0,1,1,1,1,1,178.9079,-587.7505,111.9057,0,0.9999835,0,-0.005740137;
custom,cuboid,ice1,6.877314,9.334794,7.754088,0,1,1,1,1,1,108.6758,-576.7308,-38.20275,0,0.9999995,0,-0.001033194;
custom,cuboid,stone6,6.877314,11.45383,7.754088,0,1,1,1,1,1,178.171,-587.7288,-38.77042,0,0.9999835,0,-0.005740137;
custom,cuboid,ice1,6.877314,9.334794,8.178091,0,1,1,1,1,1,108.6758,-577.3746,-195.0156,0,0.9999995,0,-0.001033194;
custom,cuboid,stone6,6.877314,11.45383,8.178091,0,1,1,1,1,1,178.171,-587.5555,-195.6147,0,0.9999835,0,-0.005740137;
custom,cuboid,ice1,6.877314,9.334794,12.78101,0,1,1,1,1,1,177.2775,-577.4265,-122.2759,0,-0.0007221442,0,-0.9999998;
custom,cuboid,stone6,6.877314,11.45383,7.754088,0,1,1,1,1,1,107.7813,-588.0721,188.612,0,-0.005429145,0,-0.9999853;
custom,cuboid,ice1,6.877314,9.334794,7.754088,0,1,1,1,1,1,177.2775,-577.2241,188.0928,0,-0.0007221442,0,-0.9999998;
custom,cuboid,stone6,6.877314,11.45383,12.78101,0,1,1,1,1,1,107.7813,-588.1738,-121.4201,0,-0.005429145,0,-0.9999853;
custom,cuboid,ice1,6.877314,9.334794,7.754088,0,1,1,1,1,1,177.2775,-577.4077,35.83668,0,-0.0007221442,0,-0.9999998;
custom,cuboid,stone6,6.877314,11.45383,7.754088,0,1,1,1,1,1,107.7813,-587.9784,36.35596,0,-0.005429145,0,-0.9999853;
custom,cuboid,ice1,6.877314,9.334794,8.296319,0,1,1,1,1,1,177.2775,-576.6958,-269.1125,0,-0.0007221442,0,-0.9999998;
custom,cuboid,stone6,6.877314,11.45383,8.296319,0,1,1,1,1,1,107.7813,-587.4384,-268.5568,0,-0.005429145,0,-0.9999853;
racing,startPlane,1,1,1,-350.1259,-418.9704,-326.4712,0,0.1023874,0,-0.9947446;
racing,startCuboid,1,1,1,-284.7037,-541.332,-302.0941,0,0.8291063,0,-0.559091;
custom,cuboid,brick4,2,3.839977,4.045387,0,1,1,1,1,1,-345.5994,-519.0596,-202.6741,0,0.9999909,0,0.004259335;
custom,cuboid,ice1,0.2536072,1.259539,0.444481,0,1,1,1,1,1,-341.0051,-504.7437,-187.3924,0.697473,0.7166104,0.0007206257,-0.0007403973;
custom,cuboid,stone6,0.2536072,1.54546,0.444481,0,1,1,1,1,1,-342.3411,-507.3417,-187.3264,0.6974628,0.716598,0.004003601,-0.004113439;
custom,cuboid,ice1,0.2536072,1.259539,0.444481,0,1,1,1,1,1,-340.9564,-504.7422,-196.2163,0.697473,0.7166104,0.0007206257,-0.0007403973;
custom,cuboid,stone6,0.2536072,1.54546,0.444481,0,1,1,1,1,1,-342.3098,-507.3406,-196.15,0.6974628,0.716598,0.004003601,-0.004113439;
custom,cuboid,ice1,0.2536072,1.259539,0.444481,0,1,1,1,1,1,-340.8867,-504.713,-204.8533,0.697473,0.7166104,0.0007206257,-0.0007403973;
custom,cuboid,stone6,0.2536072,1.54546,0.444481,0,1,1,1,1,1,-342.3076,-507.3137,-204.7874,0.6974628,0.716598,0.004003601,-0.004113439;
custom,cuboid,ice1,0.2536072,1.259539,0.4687859,0,1,1,1,1,1,-340.9734,-504.7154,-213.8422,0.697473,0.7166104,0.0007206257,-0.0007403973;
custom,cuboid,stone6,0.2536072,1.54546,0.4687859,0,1,1,1,1,1,-342.2845,-507.3131,-213.7777,0.6974628,0.716598,0.004003601,-0.004113439;
custom,cuboid,ice1,0.2536072,1.259539,0.7326355,0,1,1,1,1,1,-340.917,-507.2406,-209.5741,-0.0005036776,-0.0005174966,0.6974738,-0.71661;
custom,cuboid,stone6,0.2536072,1.54546,0.444481,0,1,1,1,1,1,-342.42,-504.7244,-191.8517,-0.003786692,-0.003890591,0.6974632,-0.7166001;
custom,cuboid,ice1,0.2536072,1.259539,0.444481,0,1,1,1,1,1,-340.8891,-507.2395,-191.7828,-0.0005036776,-0.0005174966,0.6974738,-0.71661;
custom,cuboid,stone6,0.2536072,1.54546,0.7326355,0,1,1,1,1,1,-342.4344,-504.7249,-209.6232,-0.003786692,-0.003890591,0.6974632,-0.7166001;
custom,cuboid,ice1,0.2536072,1.259539,0.444481,0,1,1,1,1,1,-340.9145,-507.2406,-200.5107,-0.0005036776,-0.0005174966,0.6974738,-0.71661;
custom,cuboid,stone6,0.2536072,1.54546,0.444481,0,1,1,1,1,1,-342.4073,-504.724,-200.5791,-0.003786692,-0.003890591,0.6974632,-0.7166001;
custom,cuboid,ice1,0.2536072,1.259539,0.4755631,0,1,1,1,1,1,-340.8192,-507.2378,-217.9908,-0.0005036776,-0.0005174966,0.6974738,-0.71661;
custom,cuboid,stone6,0.2536072,1.54546,0.4755631,0,1,1,1,1,1,-342.3334,-504.7219,-218.0576,-0.003786692,-0.003890591,0.6974632,-0.7166001;
custom,cuboid,ice1,0.2536072,1.259539,0.444481,0,1,1,1,1,1,-340.8778,-509.7575,-187.3924,0.697473,0.7166104,0.0007206257,-0.0007403973;
custom,cuboid,stone6,0.2536072,1.54546,0.444481,0,1,1,1,1,1,-342.2161,-512.3558,-187.4247,0.6974628,0.716598,0.004003601,-0.004113439;
custom,cuboid,ice1,0.2536072,1.259539,0.444481,0,1,1,1,1,1,-340.829,-509.7565,-196.2163,0.697473,0.7166104,0.0007206257,-0.0007403973;
custom,cuboid,stone6,0.2536072,1.54546,0.444481,0,1,1,1,1,1,-342.1844,-512.3551,-196.2487,0.6974628,0.716598,0.004003601,-0.004113439;
custom,cuboid,ice1,0.2536072,1.259539,0.444481,0,1,1,1,1,1,-340.7615,-509.7274,-204.8533,0.697473,0.7166104,0.0007206257,-0.0007403973;
custom,cuboid,stone6,0.2536072,1.54546,0.444481,0,1,1,1,1,1,-342.1825,-512.328,-204.8858,0.6974628,0.716598,0.004003601,-0.004113439;
custom,cuboid,ice1,0.2536072,1.259539,0.4687859,0,1,1,1,1,1,-340.8484,-509.7298,-213.8422,0.697473,0.7166104,0.0007206257,-0.0007403973;
custom,cuboid,stone6,0.2536072,1.54546,0.4687859,0,1,1,1,1,1,-342.1591,-512.3276,-213.8764,0.6974628,0.716598,0.004003601,-0.004113439;
custom,cuboid,ice1,0.2536072,1.259539,0.7326355,0,1,1,1,1,1,-340.7913,-512.2546,-209.6724,-0.0005036776,-0.0005174966,0.6974738,-0.71661;
custom,cuboid,stone6,0.2536072,1.54546,0.444481,0,1,1,1,1,1,-342.2928,-509.7384,-191.8517,-0.003786692,-0.003890591,0.6974632,-0.7166001;
custom,cuboid,ice1,0.2536072,1.259539,0.444481,0,1,1,1,1,1,-340.7639,-512.254,-191.8815,-0.0005036776,-0.0005174966,0.6974738,-0.71661;
custom,cuboid,stone6,0.2536072,1.54546,0.7326355,0,1,1,1,1,1,-342.3075,-509.739,-209.6232,-0.003786692,-0.003890591,0.6974632,-0.7166001;
custom,cuboid,ice1,0.2536072,1.259539,0.444481,0,1,1,1,1,1,-340.7893,-512.2545,-200.6091,-0.0005036776,-0.0005174966,0.6974738,-0.71661;
custom,cuboid,stone6,0.2536072,1.54546,0.444481,0,1,1,1,1,1,-342.2802,-509.738,-200.5791,-0.003786692,-0.003890591,0.6974632,-0.7166001;
custom,cuboid,ice1,0.2536072,1.259539,0.4755631,0,1,1,1,1,1,-340.6919,-512.2518,-218.0895,-0.0005036776,-0.0005174966,0.6974738,-0.71661;
custom,cuboid,stone6,0.2536072,1.54546,0.4755631,0,1,1,1,1,1,-342.2081,-509.736,-218.0576,-0.003786692,-0.003890591,0.6974632,-0.7166001;
custom,cuboid,ice1,0.2536072,1.259539,0.444481,0,1,1,1,1,1,-340.7513,-514.7802,-187.3924,0.697473,0.7166104,0.0007206257,-0.0007403973;
custom,cuboid,stone6,0.2536072,1.54546,0.444481,0,1,1,1,1,1,-342.0875,-517.3785,-187.4247,0.6974628,0.716598,0.004003601,-0.004113439;
custom,cuboid,ice1,0.2536072,1.259539,0.444481,0,1,1,1,1,1,-340.7026,-514.7787,-196.2163,0.697473,0.7166104,0.0007206257,-0.0007403973;
custom,cuboid,stone6,0.2536072,1.54546,0.444481,0,1,1,1,1,1,-342.0579,-517.3777,-196.2487,0.6974628,0.716598,0.004003601,-0.004113439;
custom,cuboid,ice1,0.2536072,1.259539,0.444481,0,1,1,1,1,1,-340.6348,-514.7499,-204.8533,0.697473,0.7166104,0.0007206257,-0.0007403973;
custom,cuboid,stone6,0.2536072,1.54546,0.444481,0,1,1,1,1,1,-342.0561,-517.3503,-204.8858,0.6974628,0.716598,0.004003601,-0.004113439;
custom,cuboid,ice1,0.2536072,1.259539,0.4687859,0,1,1,1,1,1,-340.7218,-514.7524,-213.8422,0.697473,0.7166104,0.0007206257,-0.0007403973;
custom,cuboid,stone6,0.2536072,1.54546,0.4687859,0,1,1,1,1,1,-342.0327,-517.3499,-213.8764,0.6974628,0.716598,0.004003601,-0.004113439;
custom,cuboid,ice1,0.2536072,1.259539,0.7326355,0,1,1,1,1,1,-340.6649,-517.2777,-209.6724,-0.0005036776,-0.0005174966,0.6974738,-0.71661;
custom,cuboid,stone6,0.2536072,1.54546,0.444481,0,1,1,1,1,1,-342.1678,-514.7611,-191.8517,-0.003786692,-0.003890591,0.6974632,-0.7166001;
custom,cuboid,ice1,0.2536072,1.259539,0.444481,0,1,1,1,1,1,-340.6373,-517.2767,-191.8815,-0.0005036776,-0.0005174966,0.6974738,-0.71661;
custom,cuboid,stone6,0.2536072,1.54546,0.7326355,0,1,1,1,1,1,-342.181,-514.7618,-209.6232,-0.003786692,-0.003890591,0.6974632,-0.7166001;
custom,cuboid,ice1,0.2536072,1.259539,0.444481,0,1,1,1,1,1,-340.6627,-517.2775,-200.6091,-0.0005036776,-0.0005174966,0.6974738,-0.71661;
custom,cuboid,stone6,0.2536072,1.54546,0.444481,0,1,1,1,1,1,-342.1538,-514.7609,-200.5791,-0.003786692,-0.003890591,0.6974632,-0.7166001;
custom,cuboid,ice1,0.2536072,1.259539,0.4755631,0,1,1,1,1,1,-340.5654,-517.2747,-218.0895,-0.0005036776,-0.0005174966,0.6974738,-0.71661;
custom,cuboid,stone6,0.2536072,1.54546,0.4755631,0,1,1,1,1,1,-342.0815,-514.7588,-218.0576,-0.003786692,-0.003890591,0.6974632,-0.7166001;
custom,cuboid,ice1,0.2536072,1.259539,0.444481,0,1,1,1,1,1,-340.6261,-519.7949,-187.3924,0.697473,0.7166104,0.0007206257,-0.0007403973;
custom,cuboid,stone6,0.2536072,1.54546,0.444481,0,1,1,1,1,1,-341.9623,-522.3926,-187.4247,0.6974628,0.716598,0.004003601,-0.004113439;
custom,cuboid,ice1,0.2536072,1.259539,0.444481,0,1,1,1,1,1,-340.5775,-519.7932,-196.2163,0.697473,0.7166104,0.0007206257,-0.0007403973;
custom,cuboid,stone6,0.2536072,1.54546,0.444481,0,1,1,1,1,1,-341.9324,-522.3918,-196.2487,0.6974628,0.716598,0.004003601,-0.004113439;
custom,cuboid,ice1,0.2536072,1.259539,0.444481,0,1,1,1,1,1,-340.5078,-519.764,-204.8533,0.697473,0.7166104,0.0007206257,-0.0007403973;
custom,cuboid,stone6,0.2536072,1.54546,0.444481,0,1,1,1,1,1,-341.9287,-522.3646,-204.8858,0.6974628,0.716598,0.004003601,-0.004113439;
custom,cuboid,ice1,0.2536072,1.259539,0.4687859,0,1,1,1,1,1,-340.5945,-519.7666,-213.8422,0.697473,0.7166104,0.0007206257,-0.0007403973;
custom,cuboid,stone6,0.2536072,1.54546,0.4687859,0,1,1,1,1,1,-341.9056,-522.364,-213.8764,0.6974628,0.716598,0.004003601,-0.004113439;
custom,cuboid,ice1,0.2536072,1.259539,0.7326355,0,1,1,1,1,1,-340.5375,-522.2914,-209.6724,-0.0005036776,-0.0005174966,0.6974738,-0.71661;
custom,cuboid,stone6,0.2536072,1.54546,0.444481,0,1,1,1,1,1,-342.041,-519.7755,-191.8517,-0.003786692,-0.003890591,0.6974632,-0.7166001;
custom,cuboid,ice1,0.2536072,1.259539,0.444481,0,1,1,1,1,1,-340.5102,-522.2904,-191.8815,-0.0005036776,-0.0005174966,0.6974738,-0.71661;
custom,cuboid,stone6,0.2536072,1.54546,0.7326355,0,1,1,1,1,1,-342.0539,-519.7756,-209.6232,-0.003786692,-0.003890591,0.6974632,-0.7166001;
custom,cuboid,ice1,0.2536072,1.259539,0.444481,0,1,1,1,1,1,-340.5355,-522.2913,-200.6091,-0.0005036776,-0.0005174966,0.6974738,-0.71661;
custom,cuboid,stone6,0.2536072,1.54546,0.444481,0,1,1,1,1,1,-342.0284,-519.7749,-200.5791,-0.003786692,-0.003890591,0.6974632,-0.7166001;
custom,cuboid,ice1,0.2536072,1.259539,0.4755631,0,1,1,1,1,1,-340.4403,-522.2888,-218.0895,-0.0005036776,-0.0005174966,0.6974738,-0.71661;
custom,cuboid,stone6,0.2536072,1.54546,0.4755631,0,1,1,1,1,1,-341.9562,-519.7729,-218.0576,-0.003786692,-0.003890591,0.6974632,-0.7166001;
racing,startCuboid,0.03687591,0.1349296,0.05732219,-336.0902,-505.1479,-219.9801,0.5782797,0.5941468,0.389951,-0.40065;
custom,sphere,lava1,0.1,0.1,0.1,0,1,1,1,1,1,-334.5644,-504.5176,-213.7199,0,0.3008448,0,-0.9536731;
custom,cuboid,brick4,2,3.839977,4.045387,0,1,1,1,1,1,-345.5994,-519.0596,-158.6648,0,0.9999909,0,0.004259335;
custom,cone,default,0.09367608,0.1369629,0.1692001,0,1,1,1,1,1,-334.9921,-516.0265,-173.7168,0,0.2732375,0,0.9619466;
custom,sphere,default,0.1873522,0.2739258,0.3384002,0,1,1,1,1,1,-335.1222,-510.6811,-173.4812,0,0.9776834,0,0.2100838;
custom,cylinder,default,0.09367608,0.1369629,0.1692001,0,1,1,1,1,1,-335.1762,-512.9283,-173.422,0,0.4402773,0,0.8978618;
custom,cylinder,default,0.5,0.5,0.4965689,0,1,1,1,1,1,-301.3773,-512.1766,-192.8899,0,0.4402773,0,0.8978618;
custom,cuboid,ice1,0.1,0.1,0.5642107,0,1,1,1,1,1,-335.8654,-514.4984,-166.8692,0,-0.02478057,0,-0.9996929;
custom,cuboid,ice1,0.1,0.06085648,0.2255882,0,1,1,1,1,1,-335.8654,-514.0281,-164.9989,-0.2134193,-0.02420928,0.005290281,-0.9766464;
custom,cuboid,ice1,0.1,0.06085648,0.2255882,0,1,1,1,1,1,-335.8654,-515.0834,-165.1174,0.2033167,-0.02426252,-0.005039837,-0.9787994;
custom,tube,stone6,0.6420262,0.1893848,0.5111921,0,1,1,1,1,1,-337.3863,-518.3315,-159.2916,0.0628332,0.9962662,-0.003726742,0.05909026;
custom,cylinder,stone6,1.048988,0.06622015,0.8839893,0,1,1,1,1,1,-337.1209,-517.0318,-159.1459,0.06209908,0.9846336,-0.0102735,0.1628953;
custom,cone,stone6,0.1982107,0.1853034,0.1450408,0,1,1,1,1,1,-337.1079,-513.9524,-159.1685,0.06383915,0.981077,-0.0003143804,0.1827907;
custom,tube,stone6,0.8869794,0.1893848,0.7063177,0,1,1,1,1,1,-337.5621,-519.6481,-159.2916,0.0628332,0.9962662,-0.003726742,0.05909026;
custom,capsule,stone6,0.5550891,0.5043346,0.2676304,0,1,1,1,1,1,-336.6061,-511.888,-158.0657,0.06209908,0.9846336,-0.0102735,0.1628953;
custom,pyramid,stone6,0.2328864,0.406046,0.1282453,0,1,1,1,1,1,-335.6928,-510.2609,-160.6766,0.1187271,0.5231795,-0.8434364,0.02832234;
custom,capsule,stone6,0.1821392,0.3228633,0.2076383,0,1,1,1,1,1,-335.838,-509.0681,-160.9861,-0.025567,0.8636867,0.4729209,0.1724455;
custom,cuboid,ice1,0.1,0.1,0.5642107,0,1,1,1,1,1,-335.8654,-514.4984,-152.4075,0,-0.02478057,0,-0.9996929;
custom,cuboid,ice1,0.1,0.06085648,0.2255882,0,1,1,1,1,1,-335.8654,-514.0281,-150.5372,-0.2134193,-0.02420928,0.005290281,-0.9766464;
custom,cuboid,ice1,0.1,0.06085648,0.2255882,0,1,1,1,1,1,-335.8654,-515.0834,-150.6557,0.2033167,-0.02426252,-0.005039837,-0.9787994;
custom,tube,ice1,0.8493073,0.1282697,0.8587891,0,1,1,1,1,1,-336.025,-520.7958,-143.6586,0,0.9969084,0,0.07857302;
custom,cone,ice1,0.1837885,0.250508,0.1838737,0,1,1,1,1,1,-336.5234,-515.4444,-143.2753,0,0.9729056,0,-0.2312027;
custom,tube,ice1,0.6385021,0.1334159,0.6241806,0,1,1,1,1,1,-336.025,-519.8436,-143.6586,0,0.9969084,0,0.07857302;
custom,tube,ice1,0.8493073,0.1282697,0.8587891,0,1,1,1,1,1,-336.025,-518.8599,-143.6586,0,0.9969084,0,0.07857302;
custom,pyramid,ice1,0.2228172,0.4740106,0.2356363,0,1,1,1,1,1,-335.6613,-511.2112,-146.2975,0.07584002,0.5869581,-0.8049425,0.04238117;
custom,capsule,ice1,0.472543,0.5587742,0.3496762,0,1,1,1,1,1,-336.3084,-513.2454,-142.6837,-0.005134291,0.9826377,-0.01186274,0.185084;
custom,capsule,ice1,0.3110233,0.3857378,0.2100653,0,1,1,1,1,1,-335.3693,-509.6549,-146.3793,-0.008786225,0.8446331,0.5266043,0.09594626;
custom,cylinder,stone6,2.879628,0.1786803,2.86491,0,1,1,1,1,1,106.778,-520.9617,263.1234,0,0.7418047,0,-0.670616;
custom,cone,stone6,0.5441179,0.5,0.4700608,0,1,1,1,1,1,106.9284,-512.7144,264.1963,0.009979858,0.7547141,0.005431313,-0.6559555;
custom,tube,stone6,2.434894,0.5110126,2.289096,0,1,1,1,1,1,106.3684,-528.1072,263.4867,0,0.6676496,0,-0.7444757;
custom,tube,stone6,1.76246,0.5110126,1.656716,0,1,1,1,1,1,106.3684,-524.5264,263.4867,0,0.6676496,0,-0.7444757;
custom,capsule,stone6,1.523802,1.360836,0.86736,0,1,1,1,1,1,110.2899,-507.0264,262.7147,0,0.7418047,0,-0.670616;
custom,pyramid,stone6,0.6393086,1.095624,0.4156286,0,1,1,1,1,1,101.6402,-502.376,262.9522,-0.6041996,0.3933083,-0.5897734,-0.363894;
custom,capsule,stone6,0.5,0.8711753,0.5673419,0,1,1,1,1,1,100.5099,-498.8262,263.8576,0.3282,0.6468974,0.3630402,-0.5848166;
custom,tube,stone6,2.434894,0.5110126,2.289096,0,1,1,1,1,1,42.64722,-528.6387,257.3463,0,-0.8504773,0,-0.5260118;
custom,tube,stone6,1.76246,0.5110126,1.656716,0,1,1,1,1,1,42.64722,-525.0579,257.3463,0,-0.8504773,0,-0.5260118;
custom,cylinder,stone6,2.879628,0.1786803,2.86491,0,1,1,1,1,1,42.38901,-521.4931,257.8291,0,-0.7908414,0,-0.6120212;
custom,cone,stone6,0.6336192,0.5822443,0.512507,0,1,1,1,1,1,41.30481,-512.6697,257.3163,0,-0.8606422,0,-0.5092102;
custom,cylinder,stone6,1.135157,0.06965936,1.145348,0,1,1,1,1,1,42.38901,-504.019,257.8291,0,-0.7908414,0,-0.6120212;
custom,cylinder,stone6,1.656479,0.08769012,1.478111,0,1,1,1,1,1,42.38901,-507.131,257.8291,0,-0.7908414,0,-0.6120212;
custom,sphere,stone6,1.192024,1.191255,1.111467,0,1,1,1,1,1,43.3632,-497.8477,258.7636,0,-0.8167837,0,-0.5769441;
custom,cuboid,lava1,0.09960219,0.07907342,0.3748289,0,1,1,1,1,1,46.33511,-497.0193,264.2292,0.172928,-0.7787785,-0.2442801,-0.551296;
custom,cuboid,lava1,0.09960219,0.07907342,0.3748289,0,1,1,1,1,1,43.71481,-497.1481,264.9594,0.5493065,-0.2530681,-0.7759678,-0.179145;
custom,cuboid,stone6,0.4745263,0.3116064,0.3700653,0,1,1,1,1,1,42.7037,-490.8969,258.7075,0,-0.7956813,0,-0.6057156;
custom,tube,stone6,2.434894,0.4142244,2.289096,0,1,1,1,1,1,-301.8224,-528.676,267.0081,0,0.9954405,0,-0.09538472;
custom,tube,stone6,1.76246,0.4142244,1.656716,0,1,1,1,1,1,-301.8224,-525.7734,267.0081,0,0.9954405,0,-0.09538472;
custom,cylinder,stone6,2.879628,0.1448375,2.86491,0,1,1,1,1,1,-301.4265,-522.8839,267.3865,0,0.9999579,0,0.009180016;
custom,cone,stone6,0.6885424,0.3579627,0.6239031,0,1,1,1,1,1,-302.4465,-518.2354,268.7681,0,0.9933756,0,-0.1149129;
custom,cylinder,stone6,2.106855,0.940362,2.419006,0,1,1,1,1,1,-301.0369,-509.651,267.8483,0,0.7120765,0,-0.7021019;
custom,torus,stone6,1,1,1,0,1,1,1,1,1,-296.7749,-503.2451,268.1886,0,0.6332031,0,-0.7739857;
custom,torus,lava1,2.248895,2.248895,2.508523,0,1,1,1,1,1,-302.3557,-499.1117,267.4541,0,0.7522816,0,-0.6588417;
custom,tube,stone6,1.76246,0.2357415,1.656716,0,1,1,1,1,1,-28.1421,-528.5109,257.3772,0,0.9954405,0,-0.09538472;
custom,tube,stone6,2.434894,0.2357415,2.289096,0,1,1,1,1,1,-28.1421,-530.1627,257.3772,0,0.9954405,0,-0.09538472;
custom,cylinder,stone6,2.879628,0.0824293,2.86491,0,1,1,1,1,1,-27.74611,-526.8663,257.7556,0,0.9999579,0,0.009180016;
custom,cone,stone6,0.4427553,0.4068561,0.4068561,0,1,1,1,1,1,-28.1347,-521.2797,258.2299,0,0.9933756,0,-0.1149129;
custom,cylinder,stone6,0.6996489,0.9595712,0.8033089,0,1,1,1,1,1,-27.1917,-512.087,257.7176,0,0.7120765,0,-0.7021019;
custom,cylinder,stone6,1.605994,0.04597153,1.597785,0,1,1,1,1,1,-27.3955,-505.4991,257.9066,0,0.9999579,0,0.009180016;
custom,cylinder,stone6,1.337721,0.03829223,1.330883,0,1,1,1,1,1,-27.74611,-502.9348,257.7556,0,0.9999579,0,0.009180016;
custom,cone,stone6,0.4427553,0.4068561,0.4068561,0,1,1,1,1,1,-28.1347,-500.9923,257.7803,0.1148989,-0.01551737,0.9932544,0.001795058;
custom,cuboid,lava1,0.4151066,0.2807663,0.4960384,0,1,1,1,1,1,-27.2221,-489.479,257.7148,0,0.6775346,0,-0.7354909;
custom,cone,stone6,0.4427553,0.1871186,0.4068561,0,1,1,1,1,1,-28.1347,-494.0481,258.2579,-0.001171954,-0.9933239,-0.01013097,0.114907;
custom,leaf0,bombexplosiontex,13.14221,1,16.31104,1,1,1,1,1,1,-58.86344,-530.5267,-8.148752,0,0,0,1;
custom,leaf0,bombexplosiontex,13.14221,1,16.31104,1,1,1,1,1,1,29.05094,-530.5267,-8.148752,0,0,0,1;
custom,cuboid,wood1,1,1,59.1512,0,1,1,1,1,1,-48.98312,-530.875,307.0967,0.0148675,-0.7120044,0.01291417,-0.7018988;
custom,cuboid,wood1,1,1,59.1512,0,1,1,1,1,1,-48.98312,-532.645,-313.547,0.0148675,-0.7120044,0.01291417,-0.7018988;
custom,cuboid,wood1,1,1,68.49775,0,1,1,1,1,1,216.4854,-533.6082,-18.16293,0.002358298,-0.9999932,0.002792454,0.0005369318;
custom,cuboid,wood1,1,1,68.49775,0,1,1,1,1,1,-335.3362,-533.6082,-18.16293,0.002358298,-0.9999932,0.002792454,0.0005369318;
custom,tube,stone6,1.76246,0.2357415,1.656716,0,1,1,1,1,1,-90.57703,-528.5109,261.815,0,0.7241567,0,0.6896355;
custom,tube,stone6,2.434894,0.2357415,2.289096,0,1,1,1,1,1,-90.57703,-530.1627,261.815,0,0.7241567,0,0.6896355;
custom,cylinder,stone6,2.879628,0.0824293,2.86491,0,1,1,1,1,1,-91.00746,-526.8663,262.1534,0,0.6481106,0,0.7615463;
custom,cone,stone6,0.4427553,0.4068561,0.4068561,0,1,1,1,1,1,-91.4219,-521.2797,261.7013,0,0.7375592,0,0.6752825;
custom,cylinder,stone6,0.6996489,0.9595712,0.8033089,0,1,1,1,1,1,-91.04842,-512.087,262.7073,0,0.9969463,0,0.07808997;
custom,cylinder,stone6,1.605994,0.04597153,1.597785,0,1,1,1,1,1,-91.20655,-505.4991,262.4785,0,0.6481106,0,0.7615463;
custom,cylinder,stone6,1.337721,0.03829223,1.330883,0,1,1,1,1,1,-91.00746,-502.9348,262.1534,0,0.6481106,0,0.7615463;
custom,cone,stone6,0.4427553,0.4068561,0.4068561,0,1,1,1,1,1,-90.97697,-500.9923,261.7648,-0.6752003,-0.01152118,0.7374691,-0.01054839;
custom,cuboid,lava1,1.832094,0.2422804,0.2063988,0,1,1,1,1,1,-91.03779,-487.3539,262.6534,-0.711341,0.6945565,-0.0770124,0.07519514;
custom,cone,stone6,0.4427553,0.1871186,0.4068561,0,1,1,1,1,1,-91.44965,-494.0481,261.6973,0.00688684,-0.7375207,-0.007521979,-0.6752476;
custom,cylinder,stone6,1.346344,0.03853909,1.339463,0,1,1,1,1,1,-91.00746,-518.7693,262.1534,0,0.6481106,0,0.7615463;
base,aot_supply,metal2,-0.029334,0.009871855,0.0830498,0,1,1,1,1,1,-86.6174,-518.7269,263.4511,0,0.9912716,0,0.1318354;
base,aot_supply,metal2,-0.029334,0.009871855,0.0830498,0,1,1,1,1,1,-91.78329,-518.7465,267.7398,0,0.9912716,0,0.1318354;
base,aot_supply,metal2,-0.029334,0.009871855,0.0830498,0,1,1,1,1,1,-96.98822,-518.7465,260.8887,0,0.9912716,0,0.1318354;
base,aot_supply,metal2,-0.029334,0.009871855,0.0830498,0,1,1,1,1,1,-95.68527,-522.1702,261.0751,0,0.9912716,0,0.1318354;
base,aot_supply,metal2,-0.029334,0.009871855,0.0830498,0,1,1,1,1,1,-90.02625,-518.5672,256.7858,0,0.9912716,0,0.1318354;
custom,cuboid,lava1,1.358207,0.1977693,0.1684798,0,1,1,1,1,1,-91.03779,-485.9498,262.6534,0,0.9941906,0,0.1076336;
custom,cylinder,stone6,1.210257,0.03464358,1.204071,0,1,1,1,1,1,-91.18204,-491.9981,262.4382,0,0.6481106,0,0.7615463;
custom,cylinder,stone6,1.00809,0.02885655,1.002937,0,1,1,1,1,1,-91.032,-490.0657,262.1937,0,0.6481106,0,0.7615463;
base,aot_supply,metal2,-0.029334,0.009871855,0.0830498,0,1,1,1,1,1,-92.00762,-521.9768,257.4668,0,0.9912716,0,0.1318354;
base,aot_supply,metal2,-0.029334,0.009871855,0.0830498,0,1,1,1,1,1,-92.07878,-478.1818,262.5259,0,0.9912716,0,0.1318354;
custom,cuboid,bombexplosiontex,2.732385,11.55089,-64.49316,0,1,1,1,99999,99999,-345.5812,-526.2783,8.73957,0,0,0,1;
custom,cuboid,bombexplosiontex,2.732385,11.55089,-64.49316,0,1,1,1,99999,99999,225.316,-526.2783,8.73957,0,0,0,1;
custom,cuboid,bombexplosiontex,2.732385,11.55089,-64.49316,0,1,1,1,99999,99999,-39.18982,-526.2783,327.4665,0,-0.7015274,0,0.7126425;
custom,cuboid,bombexplosiontex,2.732385,11.55089,-64.49316,0,1,1,1,99999,99999,-39.18982,-526.2783,-329.5007,0,-0.7015274,0,0.7126425;
custom,cone,default,0.5,0.5,0.4965689,0,1,1,1,1,1,-229.9132,-523.4866,-193.7561,0,0.2732375,0,0.9619466;
custom,sphere,default,1,1,0.9931378,0,1,1,1,1,1,-230.6072,-503.9726,-193.0641,0,0.9776834,0,0.2100838;
custom,cylinder,default,0.5,0.5,0.4965689,0,1,1,1,1,1,-230.8978,-512.1766,-192.8899,0,0.4402773,0,0.8978618;
custom,cone,default,0.5,0.5,0.4965689,0,1,1,1,1,1,-159.5234,-523.4866,-193.7561,0,0.2732375,0,0.9619466;
custom,sphere,default,1,1,0.9931378,0,1,1,1,1,1,-160.2174,-503.9726,-193.0641,0,0.9776834,0,0.2100838;
custom,cylinder,default,0.5,0.5,0.4965689,0,1,1,1,1,1,-160.5079,-512.1766,-192.8899,0,0.4402773,0,0.8978618;
custom,cone,default,0.5,0.5,0.4965689,0,1,1,1,1,1,-91.3259,-523.4866,-193.7561,0,0.2732375,0,0.9619466;
custom,sphere,default,1,1,0.9931378,0,1,1,1,1,1,-92.0199,-503.9726,-193.0641,0,0.9776834,0,0.2100838;
custom,cylinder,default,0.5,0.5,0.4965689,0,1,1,1,1,1,-92.31049,-512.1766,-192.8899,0,0.4402773,0,0.8978618;
custom,cone,default,0.5,0.5,0.4965689,0,1,1,1,1,1,-28.71176,-523.4866,-193.7561,0,0.2732375,0,0.9619466;
custom,cylinder,default,0.5,0.5,0.4965689,0,1,1,1,1,1,-29.69634,-512.1766,-192.8899,0,0.4402773,0,0.8978618;
custom,sphere,default,1,1,0.9931378,0,1,1,1,1,1,-29.40576,-503.9726,-193.0641,0,0.9776834,0,0.2100838;
custom,cone,default,0.5,0.5,0.4965689,0,1,1,1,1,1,43.51259,-523.4866,-193.7561,0,0.2732375,0,0.9619466;
custom,cylinder,default,0.5,0.5,0.4965689,0,1,1,1,1,1,42.528,-512.1766,-192.8899,0,0.4402773,0,0.8978618;
custom,sphere,default,1,1,0.9931378,0,1,1,1,1,1,42.81859,-503.9726,-193.0641,0,0.9776834,0,0.2100838;
custom,cone,default,0.5,0.5,0.4965689,0,1,1,1,1,1,114.0965,-523.4866,-193.7561,0,0.2732375,0,0.9619466;
custom,cylinder,default,0.5,0.5,0.4965689,0,1,1,1,1,1,113.1119,-512.1766,-192.8899,0,0.4402773,0,0.8978618;
custom,sphere,default,1,1,0.9931378,0,1,1,1,1,1,113.4025,-503.9726,-193.0641,0,0.9776834,0,0.2100838;
custom,cone,default,0.5,0.5,0.4965689,0,1,1,1,1,1,180.9867,-523.4866,-193.7561,0,0.2732375,0,0.9619466;
custom,cylinder,default,0.5,0.5,0.4965689,0,1,1,1,1,1,180.0022,-512.1766,-192.8899,0,0.4402773,0,0.8978618;
custom,sphere,default,1,1,0.9931378,0,1,1,1,1,1,180.2927,-503.9726,-193.0641,0,0.9776834,0,0.2100838;
custom,tube,stone6,2.434894,0.4142244,2.289096,0,1,1,1,1,1,176.195,-528.676,257.8011,0,0.9954405,0,-0.09538472;
custom,tube,stone6,1.76246,0.4142244,1.656716,0,1,1,1,1,1,176.195,-525.7734,257.8011,0,0.9954405,0,-0.09538472;
custom,cylinder,stone6,2.879628,0.1448375,2.86491,0,1,1,1,1,1,176.5909,-522.8839,258.1795,0,0.9999579,0,0.009180016;
custom,cone,stone6,0.6885424,0.3579627,0.6239031,0,1,1,1,1,1,175.5708,-518.2354,259.5611,0,0.9933756,0,-0.1149129;
custom,cylinder,stone6,2.106855,0.940362,2.419006,0,1,1,1,1,1,176.9804,-509.651,258.6413,0,0.7120765,0,-0.7021019;
custom,torus,stone6,1,1,1,0,1,1,1,1,1,181.2425,-503.2451,258.9816,0,0.6332031,0,-0.7739857;
custom,torus,lava1,2.248895,2.248895,2.508523,0,1,1,1,1,1,175.6617,-499.1117,258.2471,0,0.7522816,0,-0.6588417;
custom,tube,stone6,2.434894,0.5110126,2.289096,0,1,1,1,1,1,-156.9089,-528.6387,261.7535,0,-0.8504773,0,-0.5260118;
custom,tube,stone6,1.76246,0.5110126,1.656716,0,1,1,1,1,1,-156.9089,-525.0579,261.7535,0,-0.8504773,0,-0.5260118;
custom,cylinder,stone6,2.879628,0.1786803,2.86491,0,1,1,1,1,1,-157.1671,-521.4931,262.2363,0,-0.7908414,0,-0.6120212;
custom,cone,stone6,0.6336192,0.5822443,0.512507,0,1,1,1,1,1,-158.2513,-512.6697,261.7235,0,-0.8606422,0,-0.5092102;
custom,cylinder,stone6,1.135157,0.06965936,1.145348,0,1,1,1,1,1,-157.1671,-504.019,262.2363,0,-0.7908414,0,-0.6120212;
custom,cylinder,stone6,1.656479,0.08769012,1.478111,0,1,1,1,1,1,-157.1671,-507.131,262.2363,0,-0.7908414,0,-0.6120212;
custom,sphere,stone6,1.192024,1.191255,1.111467,0,1,1,1,1,1,-156.1929,-497.8477,263.1708,0,-0.8167837,0,-0.5769441;
custom,cuboid,lava1,0.09960219,0.07907342,0.3748289,0,1,1,1,1,1,-153.221,-497.0193,268.6365,0.172928,-0.7787785,-0.2442801,-0.551296;
custom,cuboid,lava1,0.09960219,0.07907342,0.3748289,0,1,1,1,1,1,-155.8413,-497.1481,269.3667,0.5493065,-0.2530681,-0.7759678,-0.179145;
custom,cuboid,stone6,0.4745263,0.3116064,0.3700653,0,1,1,1,1,1,-156.8524,-490.8969,263.1147,0,-0.7956813,0,-0.6057156;
custom,cylinder,stone6,2.879628,0.1786803,2.86491,0,1,1,1,1,1,-231.2927,-520.9617,264.2155,0,0.7418047,0,-0.670616;
custom,cone,stone6,0.5441179,0.5,0.4700608,0,1,1,1,1,1,-231.1423,-512.7144,265.2883,0.009979858,0.7547141,0.005431313,-0.6559555;
custom,tube,stone6,2.434894,0.5110126,2.289096,0,1,1,1,1,1,-231.7023,-528.1072,264.5787,0,0.6676496,0,-0.7444757;
custom,tube,stone6,1.76246,0.5110126,1.656716,0,1,1,1,1,1,-231.7023,-524.5264,264.5787,0,0.6676496,0,-0.7444757;
custom,capsule,stone6,1.523802,1.360836,0.86736,0,1,1,1,1,1,-227.7808,-507.0264,263.8067,0,0.7418047,0,-0.670616;
custom,pyramid,stone6,0.6393086,1.095624,0.4156286,0,1,1,1,1,1,-236.4305,-502.376,264.0443,-0.6041996,0.3933083,-0.5897734,-0.363894;
custom,capsule,stone6,0.5,0.8711753,0.5673419,0,1,1,1,1,1,-237.5608,-498.8262,264.9496,0.3282,0.6468974,0.3630402,-0.5848166;
custom,cone,stone6,0.5820908,0.5348946,0.527445,0,1,1,1,1,1,-25.56289,-524.5978,186.3918,0,0.9933756,0,-0.1149129;
custom,cylinder,stone6,0.6996489,0.9595712,0.8033089,0,1,1,1,1,1,-24.15337,-516.1045,185.7194,0,0.7120765,0,-0.7021019;
custom,sphere,stone6,1.433381,1.43858,1.342226,0,1,1,1,1,1,-23.61632,-506.3064,184.9844,0,0.9994066,0,-0.03444638;
custom,cone,stone6,0.5820908,0.5348946,0.527445,0,1,1,1,1,1,-25.56289,-524.5978,186.3918,0,0.9933756,0,-0.1149129;
custom,cylinder,stone6,0.6996489,0.9595712,0.8033089,0,1,1,1,1,1,-24.15337,-516.1045,185.7194,0,0.7120765,0,-0.7021019;
custom,sphere,stone6,1.433381,1.43858,1.342226,0,1,1,1,1,1,-23.61632,-506.3064,184.9844,0,0.9994066,0,-0.03444638;
custom,cone,stone6,0.5820908,0.5348946,0.527445,0,1,1,1,1,1,-98.72847,-524.5978,186.3918,0,0.9933756,0,-0.1149129;
custom,cylinder,stone6,0.6996489,0.9595712,0.8033089,0,1,1,1,1,1,-97.31895,-516.1045,185.7194,0,0.7120765,0,-0.7021019;
custom,sphere,stone6,1.433381,1.43858,1.342226,0,1,1,1,1,1,-96.7819,-506.3064,184.9844,0,0.9994066,0,-0.03444638;
custom,cone,stone6,0.5820908,0.5348946,0.527445,0,1,1,1,1,1,-98.72847,-524.5978,186.3918,0,0.9933756,0,-0.1149129;
custom,cylinder,stone6,0.6996489,0.9595712,0.8033089,0,1,1,1,1,1,-97.31895,-516.1045,185.7194,0,0.7120765,0,-0.7021019;
custom,sphere,stone6,1.433381,1.43858,1.342226,0,1,1,1,1,1,-96.7819,-506.3064,184.9844,0,0.9994066,0,-0.03444638;
custom,cone,stone6,0.5820908,0.5348946,0.527445,0,1,1,1,1,1,-166.7833,-524.5978,190.6572,0,0.9933756,0,-0.1149129;
custom,cylinder,stone6,0.6996489,0.9595712,0.8033089,0,1,1,1,1,1,-165.3737,-516.1045,189.9848,0,0.7120765,0,-0.7021019;
custom,sphere,stone6,1.433381,1.43858,1.342226,0,1,1,1,1,1,-164.8367,-506.3064,189.2498,0,0.9994066,0,-0.03444638;
custom,cone,stone6,0.5820908,0.5348946,0.527445,0,1,1,1,1,1,-166.7833,-524.5978,190.6572,0,0.9933756,0,-0.1149129;
custom,cylinder,stone6,0.6996489,0.9595712,0.8033089,0,1,1,1,1,1,-165.3737,-516.1045,189.9848,0,0.7120765,0,-0.7021019;
custom,sphere,stone6,1.433381,1.43858,1.342226,0,1,1,1,1,1,-164.8367,-506.3064,189.2498,0,0.9994066,0,-0.03444638;
custom,cone,stone6,0.5820908,0.5348946,0.527445,0,1,1,1,1,1,-235.6888,-524.5978,190.6572,0,0.9933756,0,-0.1149129;
custom,cylinder,stone6,0.6996489,0.9595712,0.8033089,0,1,1,1,1,1,-234.2793,-516.1045,189.9848,0,0.7120765,0,-0.7021019;
custom,sphere,stone6,1.433381,1.43858,1.342226,0,1,1,1,1,1,-233.7422,-506.3064,189.2498,0,0.9994066,0,-0.03444638;
custom,cone,stone6,0.5820908,0.5348946,0.527445,0,1,1,1,1,1,-235.6888,-524.5978,190.6572,0,0.9933756,0,-0.1149129;
custom,cylinder,stone6,0.6996489,0.9595712,0.8033089,0,1,1,1,1,1,-234.2793,-516.1045,189.9848,0,0.7120765,0,-0.7021019;
custom,sphere,stone6,1.433381,1.43858,1.342226,0,1,1,1,1,1,-233.7422,-506.3064,189.2498,0,0.9994066,0,-0.03444638;
custom,cone,stone6,0.5820908,0.5348946,0.527445,0,1,1,1,1,1,-305.1075,-524.5978,190.6572,0,0.9933756,0,-0.1149129;
custom,cylinder,stone6,0.6996489,0.9595712,0.8033089,0,1,1,1,1,1,-303.698,-516.1045,189.9848,0,0.7120765,0,-0.7021019;
custom,sphere,stone6,1.433381,1.43858,1.342226,0,1,1,1,1,1,-303.1609,-506.3064,189.2498,0,0.9994066,0,-0.03444638;
custom,cone,stone6,0.5820908,0.5348946,0.527445,0,1,1,1,1,1,-305.1075,-524.5978,190.6572,0,0.9933756,0,-0.1149129;
custom,cylinder,stone6,0.6996489,0.9595712,0.8033089,0,1,1,1,1,1,-303.698,-516.1045,189.9848,0,0.7120765,0,-0.7021019;
custom,sphere,stone6,1.433381,1.43858,1.342226,0,1,1,1,1,1,-303.1609,-506.3064,189.2498,0,0.9994066,0,-0.03444638;
custom,cone,stone6,0.5820908,0.5348946,0.527445,0,1,1,1,1,1,104.2141,-524.5978,186.3918,0,0.9933756,0,-0.1149129;
custom,cylinder,stone6,0.6996489,0.9595712,0.8033089,0,1,1,1,1,1,105.6236,-516.1045,185.7194,0,0.7120765,0,-0.7021019;
custom,sphere,stone6,1.433381,1.43858,1.342226,0,1,1,1,1,1,106.1606,-506.3064,184.9844,0,0.9994066,0,-0.03444638;
custom,cone,stone6,0.5820908,0.5348946,0.527445,0,1,1,1,1,1,104.2141,-524.5978,186.3918,0,0.9933756,0,-0.1149129;
custom,cylinder,stone6,0.6996489,0.9595712,0.8033089,0,1,1,1,1,1,105.6236,-516.1045,185.7194,0,0.7120765,0,-0.7021019;
custom,sphere,stone6,1.433381,1.43858,1.342226,0,1,1,1,1,1,106.1606,-506.3064,184.9844,0,0.9994066,0,-0.03444638;
custom,cone,stone6,0.5820908,0.5348946,0.527445,0,1,1,1,1,1,176.1522,-524.5978,186.3918,0,0.9933756,0,-0.1149129;
custom,cylinder,stone6,0.6996489,0.9595712,0.8033089,0,1,1,1,1,1,177.5617,-516.1045,185.7194,0,0.7120765,0,-0.7021019;
custom,sphere,stone6,1.433381,1.43858,1.342226,0,1,1,1,1,1,178.0988,-506.3064,184.9844,0,0.9994066,0,-0.03444638;
custom,cone,stone6,0.5820908,0.5348946,0.527445,0,1,1,1,1,1,176.1522,-524.5978,186.3918,0,0.9933756,0,-0.1149129;
custom,cylinder,stone6,0.6996489,0.9595712,0.8033089,0,1,1,1,1,1,177.5617,-516.1045,185.7194,0,0.7120765,0,-0.7021019;
custom,sphere,stone6,1.433381,1.43858,1.342226,0,1,1,1,1,1,178.0988,-506.3064,184.9844,0,0.9994066,0,-0.03444638;
custom,cone,stone6,0.5820908,0.5348946,0.527445,0,1,1,1,1,1,36.04879,-524.5978,186.3918,0,0.9933756,0,-0.1149129;
custom,cylinder,stone6,0.6996489,0.9595712,0.8033089,0,1,1,1,1,1,37.45831,-516.1045,185.7194,0,0.7120765,0,-0.7021019;
custom,sphere,stone6,1.433381,1.43858,1.342226,0,1,1,1,1,1,37.99536,-506.3064,184.9844,0,0.9994066,0,-0.03444638;
custom,cone,stone6,0.5820908,0.5348946,0.527445,0,1,1,1,1,1,36.04879,-524.5978,186.3918,0,0.9933756,0,-0.1149129;
custom,cylinder,stone6,0.6996489,0.9595712,0.8033089,0,1,1,1,1,1,37.45831,-516.1045,185.7194,0,0.7120765,0,-0.7021019;
custom,sphere,stone6,1.433381,1.43858,1.342226,0,1,1,1,1,1,37.99536,-506.3064,184.9844,0,0.9994066,0,-0.03444638;
base,levelBottom,default,0.01370439,1.666667,0.0015,0,1,1,1,1,1,447.2731,69.45149,259.4821,0,0.7451156,0,0.6669354;
base,levelBottom,default,0.007915976,1.666667,0.006768783,0,1,1,1,1,1,-299.0937,46.61795,-38.84998,0,0.9999827,0,0.005891111;
base,levelBottom,default,0.004470607,1.666667,0.006768783,0,1,1,1,1,1,-310.0366,46.61795,-114.8656,0,0.9999827,0,0.005891111;
base,levelBottom,default,0.003872517,1.666667,0.006768783,0,1,1,1,1,1,-242.7874,46.61795,-214.4572,0,0.9999827,0,0.005891111;
base,levelBottom,default,0.007915976,1.666667,0.006768783,0,1,1,1,1,1,-242.4547,46.61795,-38.84998,0,0.9999827,0,0.005891111;
base,levelBottom,default,0.005544015,1.666667,0.006768783,0,1,1,1,1,1,-237.7103,46.61795,-268.4453,0,0.9999827,0,0.005891111;
base,levelBottom,default,0.003872517,1.666667,0.007396047,0,1,1,1,1,1,-151.4936,46.61795,-113.7648,0,0.9999827,0,0.005891111;
base,levelBottom,default,0.007915976,1.666667,0.006768783,0,1,1,1,1,1,-168.0991,46.61795,-38.84998,0,0.9999827,0,0.005891111;
base,levelBottom,default,0.007915976,1.666667,0.006768783,0,1,1,1,1,1,-277.886,46.61795,-38.84998,0,0.9999827,0,0.005891111;
base,levelBottom,default,0.006322123,1.666667,0.005850132,0,1,1,1,1,1,-97.70321,46.61795,-278.2831,0,0.9999827,0,0.005891111;
base,levelBottom,default,0.003136752,1.666667,0.006768783,0,1,1,1,1,1,-160.3787,46.61795,-189.9936,0,0.9999827,0,0.005891111;
base,levelBottom,default,0.006322123,1.666667,0.005850132,0,1,1,1,1,1,-43.80506,46.61795,-278.2831,0,0.9999827,0,0.005891111;
base,levelBottom,default,0.003845579,1.666667,0.005850132,0,1,1,1,1,1,-34.63078,46.61795,-220.0462,0,0.9999827,0,0.005891111;
base,levelBottom,default,0.006322123,1.666667,0.005850132,0,1,1,1,1,1,42.5432,46.61795,-203.6855,0,0.9999827,0,0.005891111;
base,levelBottom,default,0.003845579,1.666667,0.005850132,0,1,1,1,1,1,51.71748,46.61795,-145.4485,0,0.9999827,0,0.005891111;
base,levelBottom,default,0.006322123,1.666667,0.005850132,0,1,1,1,1,1,-11.35499,46.61795,-203.6855,0,0.9999827,0,0.005891111;
base,levelBottom,default,0.002639332,1.666667,0.00751626,0,1,1,1,1,1,40.06171,46.61795,-118.167,0,0.9999827,0,0.005891111;
base,levelBottom,default,0.002999842,1.666667,0.00751626,0,1,1,1,1,1,40.06171,46.61795,-135.8475,0,0.9999827,0,0.005891111;
base,levelBottom,default,0.006270076,1.666667,0.00751626,0,1,1,1,1,1,-121.375,46.61795,-118.167,0,0.9999827,0,0.005891111;
base,levelBottom,default,0.006270076,1.666667,0.00751626,0,1,1,1,1,1,-163.6342,46.61795,-36.55246,0,0.9999827,0,0.005891111;
base,levelBottom,default,0.006270076,1.666667,0.00751626,0,1,1,1,1,1,-166.6804,46.61795,41.64602,0,0.9999827,0,0.005891111;
base,levelBottom,default,0.006270076,1.666667,0.00751626,0,1,1,1,1,1,-166.6804,46.61795,114.8081,0,0.9999827,0,0.005891111;
base,levelBottom,default,0.006270076,1.666667,0.00751626,0,1,1,1,1,1,-97.51436,46.61795,114.8081,0,0.9999827,0,0.005891111;
base,levelBottom,default,0.006270076,1.666667,0.00751626,0,1,1,1,1,1,-97.51436,46.61795,114.8081,0,0.9999827,0,0.005891111;
base,levelBottom,default,0.006270076,1.666667,0.00751626,0,1,1,1,1,1,-37.17321,46.61795,114.8081,0,0.9999827,0,0.005891111;
base,levelBottom,default,0.006270076,1.666667,0.00751626,0,1,1,1,1,1,-2.376345,46.61795,114.8081,0,0.9999827,0,0.005891111;
base,levelBottom,default,0.006270076,1.666667,0.00751626,0,1,1,1,1,1,-28.87933,46.61795,59.15265,0,0.9999827,0,0.005891111;
base,levelBottom,default,0.006270076,1.666667,0.00751626,0,1,1,1,1,1,-28.87933,46.61795,40.27011,0,0.9999827,0,0.005891111;
base,levelBottom,default,0.006270076,1.666667,0.00751626,0,1,1,1,1,1,18.4179,46.61795,40.27011,0,0.9999827,0,0.005891111;
base,levelBottom,default,0.006270076,1.666667,0.00751626,0,1,1,1,1,1,24.66705,46.61795,40.27011,0,0.9999827,0,0.005891111;
base,levelBottom,default,0.006270076,1.666667,0.00751626,0,1,1,1,1,1,-28.87933,46.61795,40.27011,0,0.9999827,0,0.005891111;
base,levelBottom,default,0.006270076,1.666667,0.00751626,0,1,1,1,1,1,40.66467,46.61795,40.27011,0,0.9999827,0,0.005891111;
base,levelBottom,default,0.006270076,1.666667,-0.000439541,0,1,1,1,1,1,-28.87933,46.61795,40.27011,0,0.9999827,0,0.005891111;
base,levelBottom,default,0.006270076,1.666667,-0.000439541,0,1,1,1,1,1,-62.66549,46.61795,-75.44978,0,0.9999827,0,0.005891111;
base,levelBottom,default,0.004470607,1.666667,0.006768783,0,1,1,1,1,1,-289.3256,46.61795,-40.9174,0,0.9999827,0,0.005891111;
base,levelBottom,default,0.007915976,1.666667,0.006768783,0,1,1,1,1,1,-217.1878,46.61795,-38.84998,0,0.9999827,0,0.005891111;
base,levelBottom,default,0.006270076,1.666667,0.00751626,0,1,1,1,1,1,101.1787,46.61795,-118.167,0,0.9999827,0,0.005891111;
base,levelBottom,default,0.006270076,1.666667,0.00751626,0,1,1,1,1,1,139.8765,46.61795,-118.167,0,0.9999827,0,0.005891111;
base,levelBottom,default,0.006270076,1.666667,0.00751626,0,1,1,1,1,1,175.1891,46.61795,-118.167,0,0.9999827,0,0.005891111;
base,levelBottom,default,0.006270076,1.666667,0.00751626,0,1,1,1,1,1,175.1891,46.61795,-68.19521,0,0.9999827,0,0.005891111;
base,levelBottom,default,0.006270076,1.666667,0.00751626,0,1,1,1,1,1,175.1891,46.61795,-16.89999,0,0.9999827,0,0.005891111;
base,levelBottom,default,0.006270076,1.666667,0.00751626,0,1,1,1,1,1,175.1891,46.61795,19.02324,0,0.9999827,0,0.005891111;
base,levelBottom,default,0.006270076,1.666667,0.00751626,0,1,1,1,1,1,175.1891,46.61795,74.68671,0,0.9999827,0,0.005891111;
base,levelBottom,default,0.006270076,1.666667,0.00751626,0,1,1,1,1,1,175.1891,46.61795,121.7923,0,0.9999827,0,0.005891111;
base,levelBottom,default,0.006270076,1.666667,0.00751626,0,1,1,1,1,1,175.1891,46.61795,163.802,0,0.9999827,0,0.005891111;
base,levelBottom,default,0.006270076,1.666667,0.00751626,0,1,1,1,1,1,175.1891,46.61795,198.0942,0,0.9999827,0,0.005891111;
base,levelBottom,default,0.006270076,1.666667,0.00751626,0,1,1,1,1,1,175.1891,46.61795,251.6351,0,0.9999827,0,0.005891111;
base,levelBottom,default,0.006270076,1.666667,0.00751626,0,1,1,1,1,1,40.66467,46.61795,73.17217,0,0.9999827,0,0.005891111;
base,levelBottom,default,0.006270076,1.666667,0.00751626,0,1,1,1,1,1,40.66467,38.21373,117.9026,0,0.9999827,0,0.005891111;
base,levelBottom,default,0.006270076,1.666667,0.00751626,0,1,1,1,1,1,40.66467,46.61795,150.8442,0,0.9999827,0,0.005891111;
base,levelBottom,default,0.006270076,1.666667,0.00751626,0,1,1,1,1,1,40.66467,46.61795,183.9968,0,0.9999827,0,0.005891111;
base,levelBottom,default,0.006270076,1.666667,0.00751626,0,1,1,1,1,1,3.641395,46.61795,183.9968,0,0.9999827,0,0.005891111;
base,levelBottom,default,0.006270076,1.666667,0.00751626,0,1,1,1,1,1,-41.93364,46.61795,183.9968,0,0.9999827,0,0.005891111;
base,levelBottom,default,0.006270076,1.666667,0.00751626,0,1,1,1,1,1,-76.31916,46.61795,183.9968,0,0.9999827,0,0.005891111;
base,levelBottom,default,0.006270076,1.666667,0.00751626,0,1,1,1,1,1,-120.2549,46.61795,183.9968,0,0.9999827,0,0.005891111;
base,levelBottom,default,0.006270076,1.666667,0.00751626,0,1,1,1,1,1,-143.1155,46.61795,247.2393,0,0.9999827,0,0.005891111;
base,levelBottom,default,0.006270076,1.666667,0.00751626,0,1,1,1,1,1,-143.1155,46.61795,264.5783,0,0.9999827,0,0.005891111;
racing,checkpointCuboid,1.152965,47.42548,5,-115.821,-174.8346,259.8841,0,0.9999556,0,-0.00942615;
misc,barrier,11.71098,15.10274,5.887852,505.4756,-8.987429,243.4149,-0.01047146,0.7050138,0.01008901,-0.7090446;
misc,barrier,100.0008,175.159,5.616115,258.5508,-60.19434,-4.09646,-0.01047146,0.7050138,0.01008901,-0.7090446;
custom,cuboid,bombexplosiontex,2.732385,76.52515,-64.49316,0,1,1,1,99999,99999,-39.18982,81.41102,14.6375,-0.4953555,-0.4967535,0.5032038,0.5046235;
custom,cuboid,bombexplosiontex,2.732385,76.52515,-64.49316,0,1,1,1,99999,99999,-39.18982,-435.7479,14.6375,-0.5009454,-0.4911159,0.5088825,0.4988964;
base,levelBottom,default,0.006270076,1.666667,0.00751626,0,1,1,1,1,1,-61.69434,46.61795,40.27011,0,0.9999827,0,0.005891111;
base,levelBottom,default,0.006270076,1.666667,0.00751626,0,1,1,1,1,1,-94.17428,46.61795,40.27011,0,0.9999827,0,0.005891111;
base,levelBottom,default,0.006270076,1.666667,0.00751626,0,1,1,1,1,1,-127.2072,46.61795,40.27011,0,0.9999827,0,0.005891111;
base,levelBottom,default,0.006270076,1.666667,0.00751626,0,1,1,1,1,1,-128.8838,46.61795,36.05691,0,0.9999827,0,0.005891111;
base,levelBottom,default,0.006270076,1.666667,0.00751626,0,1,1,1,1,1,-160.4508,46.61795,36.05691,0,0.9999827,0,0.005891111;
base,levelBottom,default,0.006270076,1.666667,0.00751626,0,1,1,1,1,1,71.51961,46.61795,-116.5705,0,0.9999827,0,0.005891111;
