map,disablebounds;
spawnpoint,playerC,629.3444,607.6237,654.4722,0,0,0,1;
spawnpoint,playerM,628.7805,607.6828,653.7582,0,0,0,1;
custom,cuboid,default,2.282537,0.3081442,2.282537,0,1,1,1,1,1,629.2946,603.7949,654.7706,0,0.9999772,0,0.006760621;
custom,cuboid,default,2.282537,0.401477,2.282537,1,0,0,0,1,1,628.7316,603.1833,677.3575,0,0.9999568,0,0.009295275;
custom,cuboid,default,2.282537,0.3081442,2.282537,0,1,1,1,1,1,605.8056,603.6684,677.1722,0,0.01429677,0,-0.9998978;
custom,cuboid,default,2.282537,0.401477,2.282537,1,0,0,0,1,1,606.7085,603.2898,654.5917,0,0.01683118,0,-0.9998584;
custom,cuboid,default,2.282537,0.3081442,2.282537,0,1,1,1,1,1,651.4446,603.8044,677.5977,0,0.008456345,0,-0.9999643;
custom,cuboid,default,2.282537,0.401477,2.282537,1,0,0,0,1,1,651.8924,603.5084,655.6945,0,0.01099094,0,-0.9999397;
custom,cuboid,default,2.282537,0.3081442,2.282537,0,1,1,1,1,1,607.1761,603.9099,631.9216,0,0.01429677,0,-0.9998978;
custom,cuboid,default,2.282537,0.401477,2.282537,1,0,0,0,1,1,629.5646,603.5884,632.6674,0,0.9999568,0,0.009295275;
custom,cuboid,default,2.282537,0.3081442,2.282537,0,1,1,1,1,1,652.2808,603.8977,633.2264,0,0.008456345,0,-0.9999643;
custom,cuboid,bombexplosiontex,7.3947,0.5240673,7.144274,0,1,1,1,99999,99999,629.4088,603.7908,655.6097,0,-0.009402527,0,0.9999558;
custom,dummy1,ice1,0.3423804,0.3423804,0.3423804,1,1,1,1,1,1,607.2269,606.0925,653.5707,0,-0.7008426,0,-0.713316;
custom,dummy1,stone1,0.3423804,0.3423804,0.3423804,1,1,1,1,1,1,606.3956,606.3031,631.6406,0,0.7081435,0,0.7060686;
custom,dummy1,stone1,0.3423804,0.3423804,0.3423804,1,1,1,1,1,1,606.3956,606.2437,677.2549,0,0.7081435,0,0.7060686;
custom,dummy1,stone1,0.3423804,0.3423804,0.3423804,1,1,1,1,1,1,651.7244,606.2437,677.2549,0,-0.7193673,0,0.69463;
custom,dummy1,ice1,0.3423804,0.3423804,0.3423804,1,1,1,1,1,1,652.5554,606.3751,655.1641,0,0.7157198,0,-0.6983876;
custom,dummy1,stone1,0.3423804,0.3423804,0.3423804,1,1,1,1,1,1,651.7244,606.3991,633.8129,0,-0.7024688,0,0.7117146;
custom,cuboid,stone5,0.6401657,6.881911,6.427674,0,1,1,1,1,1,627.7051,635.1176,687.59,0,0.7128785,0,-0.7012876;
racing,killCuboid,2,3,2,537.4228,519.4714,630.4547,0,0.9935975,0,-0.1129782;
racing,checkpointCuboid,2,3,2,528.2364,521.5251,662.2256,0,0.9989399,0,0.04603495;
racing,startCuboid,6.338109,9.819548,0.6273033,630.2083,625.7242,622.6301,0,0.9998652,0,0.01642046;
custom,cuboid,brick2,6.441702,7.789443,0.5181442,0,1,1,1,1,1,597.2263,631.1505,653.7354,0,0.7181259,0,-0.6959133;
custom,leaf1,default,1.838985,0.006705747,1.530079,1,0.5,0,0.6477273,1,1,600.0533,636.8093,647.9365,0.4930875,0.5098208,0.505605,-0.4912343;
custom,leaf1,default,1,1,1,1,0.5,0,0.6477273,1,1,575.8853,510.913,694.0855,0,0.7535679,0,-0.6573701;
custom,cuboid,brick2,6.441702,7.789443,0.5181442,0,1,1,1,1,1,659.7019,631.1505,653.7354,0,0.7181259,0,-0.6959133;
custom,leaf1,default,1.838985,-0.001694757,1.649408,1,0.5,0,0.6477273,1,1,657.2059,633.8296,648.9773,0.4930875,0.5098208,0.505605,-0.4912343;
custom,cuboid,default,1.5,8.52,1.5,1,0,0.25,0.5,1,1,489.5,605.8527,-296.6561,0,0,0,1;
racing,killCuboid,1.7,8.7,1.7,489.5,605.8507,-296.6561,0,0,0,1;
custom,cuboid,default,1,8.5,21,0,1,1,1,1,1,489.5,605.8527,-196.656,0,0,0,1;
custom,cuboid,default,1.1,8.52,1.1,1,0,0.25,0.5,1,1,489.5,605.8527,-91.65603,0,0,0,1;
racing,killCuboid,1.2,8.7,21.7,489.5,605.8527,-194.156,0,0,0,1;
custom,cuboid,default,1,8.5,34.18198,0,1,1,1,1,1,599.3017,627.5646,452.0689,0,-0.01113143,0,0.9999381;
racing,killCuboid,1.2,8.7,34.62832,599.246,627.1643,452.5545,0,-0.01113143,0,0.9999381;
custom,cuboid,default,1,8.5,44.9356,0,1,1,1,1,1,667.5349,627.5646,399.3633,0,-0.01113143,0,0.9999381;
racing,killCuboid,1.2,8.7,45.03352,667.4791,627.1643,399.4879,0,-0.01113143,0,0.9999381;
racing,killCuboid,1.2,73.67688,101.1258,390.065,595.9214,392.9221,-0.007846495,-0.007895636,0.7048529,0.7092662;
racing,killCuboid,1.2,8.7,55.81584,511.3093,626.2487,477.9891,0,-0.01113143,0,0.9999381;
custom,cuboid,default,1,8.5,55.64589,0,1,1,1,1,1,511.3651,626.649,478.2638,0,-0.01113143,0,0.9999381;
racing,killCuboid,1.2,8.7,15.16163,592.8643,626.2255,762.7249,0,-0.01113143,0,0.9999381;
custom,cuboid,default,1,8.5,14.96621,0,1,1,1,1,1,592.92,626.6258,762.5126,0,-0.01113143,0,0.9999381;
custom,cuboid,default,1,8.5,47.89765,0,1,1,1,1,1,408.4089,627.4144,602.0926,0,0.003660516,0,0.9999933;
racing,killCuboid,1.2,8.7,54.96768,408.3452,627.0141,585.0571,0,0.003660516,0,0.9999933;
custom,cuboid,default,1.1,8.52,1.1,1,0,0.25,0.5,1,1,603.1682,628.0077,285.5899,0,0,0,1;
custom,cuboid,default,1.1,8.52,1.1,1,0,0.25,0.5,1,1,505.587,626.6728,751.0942,0,0,0,1;
racing,killCuboid,4.28538,5.772572,0.8442763,170.0472,135.0034,115.2377,0,0.0171915,0,0.9998522;
custom,cuboid,stone4,4.231812,5.756293,0.8134552,1,1,1,1,1,1,169.9596,134.9796,115.2381,0,0.0171915,0,0.9998522;
racing,killCuboid,87.78001,8.109579,0.764548,463.8325,630.3546,195.694,0,0.00207481,0,0.9999979;
custom,cuboid,stone4,45.428,8.07056,0.7608691,1,1,1,1,1,1,626.543,630.3546,194.7903,0,0.00207481,0,0.9999979;
racing,killCuboid,64.87946,8.109579,0.764548,369.8511,630.3546,840.7188,0,0.00207481,0,0.9999979;
custom,cuboid,stone4,45.428,8.07056,0.7608691,1,1,1,1,1,1,631.4385,630.3546,840.7275,0,0.00207481,0,0.9999979;
racing,killCuboid,1.2,8.7,9.695239,405.5041,627.0141,228.8846,0,0.003660516,0,0.9999933;
custom,cuboid,default,1.1,8.52,1.1,1,0,0.25,0.5,1,1,406.5883,627.5065,366.5209,0,0,0,1;
custom,killcuboid,cannonregionmat,1.228342,8.560437,1.1,0,1,1,1,1,1,405.4673,627.7695,271.3401,1,0,0,0;
custom,killcuboid,cannonregionmat,1.228342,8.560437,1.1,0,1,1,1,1,1,406.2589,627.7695,316.0385,1,0,0,0;
racing,killCuboid,1.2,8.7,57.12177,319.3663,627.0141,466.1253,0,0.003660516,0,0.9999933;
racing,killCuboid,1.2,8.7,6.115886,321.6044,627.0141,807.7595,0,0.9999968,0,-0.002565255;
racing,killCuboid,1.2,6.065095,3.604087,321.6044,602.2893,759.9699,-0.001814735,0.7067824,0.7074264,-0.001813086;
custom,killcuboid,cannonregionmat,1.228342,2.864734,0.6482291,0,1,1,1,1,1,321.1199,634.1778,747.9981,0.001094916,0.9999947,0.003086941,2.381933E-06;
racing,killCuboid,1.2,4.563423,2.424167,321.6044,657.8593,765.384,-0.001814735,0.7067824,0.7074264,-0.001813086;
custom,killcuboid,cannonregionmat,1.228342,3.90892,0.6482291,0,1,1,1,1,1,321.1199,649.1346,764.4117,0.0007738686,0.7074286,-0.706784,-0.0007745735;
custom,killcuboid,cannonregionmat,1.228342,4.026245,0.6482291,0,1,1,1,1,1,321.1199,616.9493,764.045,0.0007738686,0.7074286,-0.706784,-0.0007745735;
custom,killcuboid,cannonregionmat,1.228342,2.864734,0.6482291,0,1,1,1,1,1,321.1199,634.1778,780.6729,0.001094916,0.9999947,0.003086941,2.381933E-06;
custom,cuboid,default,1,8.5,1.566365,0,1,1,1,1,1,319.8988,627.2274,543.4677,0,0.003660516,0,0.9999933;
racing,killCuboid,1.402661,8.7,57.12177,236.7871,627.0141,562.9286,0,0.003660516,0,0.9999933;
racing,killCuboid,9.65541,3.586044,73.03876,277.1542,602.1822,542.2503,0,0.003660516,0,0.9999933;
custom,killcuboid,cannonregionmat,1.228342,2.864734,0.6482291,0,1,1,1,1,1,234.8578,634.1778,225.7039,0.001094916,0.9999947,0.003086941,2.381933E-06;
custom,killcuboid,cannonregionmat,1.228342,4.026245,0.6482291,0,1,1,1,1,1,234.8578,616.9493,241.7509,0.0007738686,0.7074286,-0.706784,-0.0007745735;
racing,killCuboid,1.2,8.7,6.115886,235.3423,627.0141,285.4653,0,0.9999968,0,-0.002565255;
custom,killcuboid,cannonregionmat,1.228342,2.864734,0.6482291,0,1,1,1,1,1,234.8578,634.1778,258.3787,0.001094916,0.9999947,0.003086941,2.381933E-06;
racing,killCuboid,1.2,6.065095,3.604087,235.3423,602.2893,237.6757,-0.001814735,0.7067824,0.7074264,-0.001813086;
racing,killCuboid,1.2,4.563423,2.424167,235.3423,657.8593,243.0898,-0.001814735,0.7067824,0.7074264,-0.001813086;
custom,killcuboid,cannonregionmat,1.228342,3.90892,0.6482291,0,1,1,1,1,1,234.8578,649.1346,242.1176,0.0007738686,0.7074286,-0.706784,-0.0007745735;
racing,killCuboid,1.2,8.7,6.115886,235.3423,627.0141,197.9348,0,0.9999968,0,-0.002565255;
custom,sphere,default,1.185539,1.5,1.5,1,0.2159091,1,1,1,1,236.4906,635.6175,513.3273,0,0.9993205,0,0.03685791;
custom,killcuboid,cannonregionmat,1.228342,2.864734,0.6482291,0,1,1,1,1,1,147.7173,634.1778,786.1201,-0.003084732,0.002060798,0.001101312,0.9999925;
custom,killcuboid,cannonregionmat,1.228342,4.026245,0.6482291,0,1,1,1,1,1,147.651,616.9493,770.073,0.7067836,0.002234213,-0.0006843939,0.707426;
racing,killCuboid,1.2,8.7,6.115886,146.9862,627.0141,726.3613,0,0.004628635,0,0.9999893;
custom,killcuboid,cannonregionmat,1.228342,2.864734,0.6482291,0,1,1,1,1,1,147.5825,634.1778,753.4457,-0.003084732,0.002060798,0.001101312,0.9999925;
racing,killCuboid,1.2,6.065095,3.604087,147.1834,602.2893,774.1505,-0.7074279,0.00327133,-0.0003551458,0.7067778;
racing,killCuboid,1.2,4.563423,2.424167,147.1612,657.8593,768.7363,-0.7074279,0.00327133,-0.0003551458,0.7067778;
custom,killcuboid,cannonregionmat,1.228342,3.90892,0.6482291,0,1,1,1,1,1,147.6496,649.1346,769.7065,0.7067836,0.002234213,-0.0006843939,0.707426;
racing,killCuboid,1.2,8.7,6.115886,147.3475,627.0141,813.891,0,0.004628635,0,0.9999893;
custom,sphere,default,1.185539,1.5,1.5,1,0.2159091,1,1,1,1,146.9311,632.5513,653.0002,0,-0.03479579,0,0.9993945;
racing,killCuboid,1.402661,8.7,57.12177,144.397,627.0141,448.9062,0,-0.9999836,0,0.005723633;
racing,killCuboid,18.34534,3.586044,73.03876,143.6569,663.8105,527.5396,0,0.003660516,0,0.9999933;
racing,killCuboid,1.402661,8.7,57.12177,45.42837,627.0141,562.9286,0,0.003660516,0,0.9999933;
custom,killcuboid,cannonregionmat,1.228342,2.864734,0.6482291,0,1,1,1,1,1,43.49907,634.1778,225.7039,0.001094916,0.9999947,0.003086941,2.381933E-06;
custom,killcuboid,cannonregionmat,1.228342,4.026245,0.6482291,0,1,1,1,1,1,43.49907,616.9493,241.7509,0.0007738686,0.7074286,-0.706784,-0.0007745735;
racing,killCuboid,1.2,8.7,6.115886,43.98357,627.0141,285.4653,0,0.9999968,0,-0.002565255;
custom,killcuboid,cannonregionmat,1.228342,2.864734,0.6482291,0,1,1,1,1,1,43.49907,634.1778,258.3787,0.001094916,0.9999947,0.003086941,2.381933E-06;
racing,killCuboid,1.2,6.065095,3.604087,43.98357,602.2893,237.6757,-0.001814735,0.7067824,0.7074264,-0.001813086;
racing,killCuboid,1.2,4.563423,2.424167,43.98357,657.8593,243.0898,-0.001814735,0.7067824,0.7074264,-0.001813086;
custom,killcuboid,cannonregionmat,1.228342,3.90892,0.6482291,0,1,1,1,1,1,43.49907,649.1346,242.1176,0.0007738686,0.7074286,-0.706784,-0.0007745735;
racing,killCuboid,1.2,8.7,6.115886,43.98357,627.0141,197.9348,0,0.9999968,0,-0.002565255;
custom,sphere,default,1.185539,1.5,1.5,1,0.2159091,1,1,1,1,44.08973,635.6175,296.9432,0,0.9993205,0,0.03685791;
racing,killCuboid,9.65541,3.586044,73.03876,92.28577,602.1822,542.2503,0,0.003660516,0,0.9999933;
racing,killCuboid,108.0599,88.65316,0.764548,-488.9565,970.2441,200.2542,0,0.005820596,0,0.9999831;
racing,killCuboid,107.1193,88.3767,0.764548,-482.6238,980.0795,311.3514,0,0.02126014,0,0.999774;
racing,killCuboid,1.2,15.97661,13.60058,43.98357,738.1136,243.0898,-0.001814735,0.7067824,0.7074264,-0.001813086;
racing,killCuboid,1.2,61.43207,101.1258,541.3524,674.9528,392.9221,-0.002026581,-0.002111932,0.7048939,0.7093067;
custom,cylinder,ice1,2,6,2,0,1,1,1,1,1,-884.5624,872.6219,262.8278,-0.4957976,-0.4957976,0.5041674,0.5041674;
custom,cylinder,cannonregionmat,2.1,6,2.1,0,1,1,1,1,1,-884.5624,872.6219,262.8278,-0.4957976,-0.4957976,0.5041674,0.5041674;
racing,killcuboid,16.04424,1,115.1059,-541.841,612.8631,261.2997,0,-0.7020554,0,0.7121224;
custom,killcuboid,bombexplosiontex,14.81007,0,115.1059,1,0.7,0.7,1,0.04,40,-541.841,612.8631,261.2997,0,-0.7020554,0,0.7121224;
custom,sphere,cannonregionmat,1.586468,1.556989,1.307482,0,1,1,1,1,1,235.5333,635.6835,513.6713,0,0.725493,0,-0.6882296;
custom,sphere,cannonregionmat,1.586468,1.556989,1.307482,0,1,1,1,1,1,146.8217,632.5371,651.7447,0,0.725493,0,-0.6882296;
custom,sphere,cannonregionmat,1.586468,1.556989,1.307482,0,1,1,1,1,1,42.88797,635.3361,297.1906,0,0.725493,0,-0.6882296;
custom,killprism,bombexplosiontex,4,0,4,1,1,1,0,999,999,-985.8062,683.4958,261.7614,-0.5510219,-0.4434814,0.5583867,-0.4334784;
custom,killprism,bombexplosiontex,4,0,4,1,1,1,0,999,999,-962.7183,780.7945,261.8196,-0.5510219,-0.4434814,0.5583867,-0.4334784;
custom,killprism,bombexplosiontex,4,0,4,1,1,1,0,999,999,-939.6314,878.0925,261.8778,-0.5510219,-0.4434814,0.5583867,-0.4334784;
custom,killcuboid,bombexplosiontex,12,0,64.13635,1,0.7,0.7,1,0.04,40,-972.5471,918.8059,263.5691,-0.5368316,-0.4546898,-0.5363134,0.4663015;
racing,killcuboid,14.82145,1,64.13635,-971.1426,902.8298,271.5357,-0.5368316,-0.4546898,-0.5363134,0.4663015;
racing,killPrism,25.14396,16.03339,109.6937,-438.2059,848.3367,250.4227,-0.5266702,-0.4632537,0.4729514,0.5332274;
custom,killprism,bombexplosiontex,4,0,4,1,1,1,0,999,999,-926.1741,959.7319,261.8778,-0.5510219,-0.4434814,0.5583867,-0.4334784;
custom,killcuboid,cannonregionmat,1.228342,16.0568,0.6482291,0,1,1,1,1,1,-888.4283,781.0573,261.365,0.0007738686,0.7074286,-0.706784,-0.0007745735;
custom,killcuboid,cannonregionmat,1.228342,16.0568,0.6482291,0,1,1,1,1,1,-858.8899,1027.105,261.365,0.08923243,0.7017685,-0.7011288,-0.08931377;
custom,killprism,bombexplosiontex,4,0,4,1,1,1,0,999,999,-907.9852,1046.888,261.7614,-0.5510219,-0.4434814,0.5583867,-0.4334784;
custom,killprism,bombexplosiontex,4,0,4,1,1,1,0,999,999,-849.8061,1154.571,261.8196,-0.6896579,0.124994,0.7020316,0.1260952;
custom,cylinder,ice1,2,4.49955,3.140101,0,1,1,1,1,1,-52.35048,1139.786,243.0061,-0.5042173,0.5022469,-0.4957121,0.4977777;
custom,cylinder,cannonregionmat,2.1,4.49955,3.297112,0,1,1,1,1,1,-52.35048,1139.786,243.0061,-0.5042173,0.5022469,-0.4957121,0.4977777;
custom,killprism,bombexplosiontex,4,0,4,1,1,1,0,999,999,1.53769,1329.32,258.7803,0.02099204,0.711181,-0.02451226,0.7022678;
custom,killprism,bombexplosiontex,4,0,4,1,1,1,0,999,999,25.36728,1231.929,259.5129,-0.6015769,0.7601137,0.1569954,0.1889045;
custom,killprism,bombexplosiontex,4,0,4,1,1,1,0,999,999,2.68961,1134.539,260.2454,-0.6040465,0.763081,0.1472068,0.1765374;
custom,killcuboid,bombexplosiontex,12,0,64.13635,1,0.7,0.7,1,0.04,40,35.80365,1093.959,260.9529,-0.4626672,0.5278988,-0.4605574,-0.5432761;
racing,killcuboid,14.43618,1,64.13635,35.80365,1093.959,247.9296,-0.4626672,0.5278988,-0.4605574,-0.5432761;
racing,killPrism,25.14396,16.03339,109.6937,-498.9716,1162.269,263.6994,-0.47485,0.5303356,-0.5276552,0.4635102;
custom,killprism,bombexplosiontex,4,0,4,1,1,1,0,999,999,-10.43326,1052.846,260.6355,-0.6010149,0.7594365,0.1591349,0.1916077;
custom,killcuboid,cannonregionmat,1.228342,9.959043,0.6482291,0,1,1,1,1,1,-47.60729,1230.274,245.093,0.70734,-0.009849648,-0.01116348,-0.7067168;
custom,killprism,bombexplosiontex,4,0,4,1,1,1,0,999,999,-28.26573,965.6182,261.0492,-0.6005576,0.7588871,0.1608492,0.1937743;
custom,killprism,bombexplosiontex,4,0,4,1,1,1,0,999,999,-50.95179,868.2241,261.7819,-0.6007541,0.7591216,0.1601177,0.1928504;
custom,killcuboid,cannonregionmat,1.228342,9.959043,0.6482291,0,1,1,1,1,1,-79.72733,982.6166,245.093,0.7035647,-0.09461656,0.07383025,-0.7004238;
racing,killcuboid,16.04424,1,115.1059,-448.8161,1406.881,261.2997,0,-0.7020554,0,0.7121224;
custom,killcuboid,bombexplosiontex,14.81007,0,115.1059,1,0.7,0.7,1,0.04,40,-448.8161,1406.881,261.2997,0,-0.7020554,0,0.7121224;
racing,killCuboid,4.910487,16.99982,0.764548,76.40478,1329.061,289.0445,-0.005818581,0.02125978,0.0001237319,0.9997571;
racing,killCuboid,4.910487,16.99982,0.764548,75.11854,1329.061,193.5954,-0.005818581,0.02125978,0.0001237319,0.9997571;
custom,killcuboid,bombexplosiontex,2.716408,2.88657,-0.3628464,1,0.9,1,1,99999,99999,-948.3639,1343.631,265.9436,0.1613953,-0.6788677,0.1656776,0.6968797;
custom,killcuboid,bombexplosiontex,2.716408,2.88657,-0.3628464,1,0.1,0,0,99999,99999,-949.0576,1343.262,265.8646,0.1613953,-0.6788677,0.1656776,0.6968797;
custom,house1,default,1.244705,0.002562646,-0.4083223,1,0.3,0.7,1,0.5,0.15,-950.2582,1347,266.7574,0.00686468,0.01114674,0.8514102,0.5243372;
racing,killcuboid,0.7454389,54.73584,12.84885,-1090.807,1511.607,304.7212,0,-0.7023183,0,0.7118631;
racing,killcuboid,7.934357,0.5446895,12.98407,-1089.857,1778.92,267.7522,0,-0.7023183,0,0.7118631;
racing,killcuboid,7.813647,46.89375,0.4656144,-1027.298,1548.885,267.1245,0,-0.7023183,0,0.7118631;
racing,killcuboid,7.813647,52.60219,0.4656144,-1153.519,1461.214,268.3801,0,-0.7023183,0,0.7118631;
custom,killcuboid,bombexplosiontex,0,53.46292,12.84885,1,0.7,0.7,1,0.04,40,-1090.807,1511.607,304.7212,0,-0.7023183,0,0.7118631;
custom,killcuboid,bombexplosiontex,7.324008,0,12.98407,1,0.7,0.7,1,0.04,40,-1089.857,1778.92,267.7522,0,-0.7023183,0,0.7118631;
custom,killcuboid,bombexplosiontex,7.212594,45.38107,0,1,0.7,0.7,1,0.04,40,-1027.298,1548.885,267.1245,0,-0.7023183,0,0.7118631;
custom,killcuboid,bombexplosiontex,7.212594,50.90536,0,1,0.7,0.7,1,0.04,40,-1153.519,1461.214,268.3801,0,-0.7023183,0,0.7118631;
racing,killcuboid,6.523844,27.1985,0.3792019,-1024.666,1348.227,198.6933,0,-0.7023183,0,0.7118631;
custom,killcuboid,cannonregionmat,1.228342,7.560043,0.4210489,0,1,1,1,1,1,-1033.273,1316.377,268.0248,-0.008077474,0.7073831,-0.706738,0.008084901;
custom,killcuboid,bombexplosiontex,7.212594,0,9.312285,1,0.7,0.7,1,0.04,40,-1072.711,1240.417,267.7522,0,-0.7023183,0,0.7118631;
racing,killcuboid,6.523844,27.1985,1.376911,-1020.554,1348.227,339.8309,0,-0.7023183,0,0.7118631;
racing,killcuboid,6.523844,19.47001,2.625591,-1015.983,1212.889,271.7244,-0.4952414,-0.4979827,0.5019721,0.5047507;
custom,killcuboid,cannonregionmat,1.228342,7.482081,0.4210489,0,1,1,1,1,1,-1032.403,1244.423,268.0248,-0.008077474,0.7073831,-0.706738,0.008084901;
custom,killcuboid,cannonregionmat,1.228342,7.636326,0.4210489,0,1,1,1,1,1,-1033.273,1280.486,231.6332,-0.01142856,0.9999347,-0.0001378837,1.205031E-05;
racing,endCuboid,1,7.995237,8.338136,-1155.662,1747.926,268.455,0,0.9999908,0,-0.004308001;
custom,killcuboid,bombexplosiontex,0,53.46292,12.84885,1,0.7,0.7,1,0.04,40,-1090.807,1511.607,232.2343,0,-0.7023183,0,0.7118631;
racing,killcuboid,0.7454389,54.73584,12.84885,-1090.807,1511.607,232.2343,0,-0.7023183,0,0.7118631;
custom,killcuboid,cannonregionmat,1.228342,7.636326,0.4210489,0,1,1,1,1,1,-1033.273,1280.486,305.0194,-0.01142856,0.9999347,-0.0001378837,1.205031E-05;
racing,killcuboid,7.934357,0.5446895,12.98407,-1089.857,1243.451,267.7522,0,-0.7023183,0,0.7118631;
custom,killcuboid,bombexplosiontex,7.324008,0,12.98407,1,0.7,0.7,1,0.04,40,-1089.857,1243.451,267.7522,0,-0.7023183,0,0.7118631;
racing,killPrism,25.14396,16.03339,109.6937,-438.2059,848.3367,250.4227,-0.5266702,-0.4632537,0.4729514,0.5332274;
racing,killPrism,25.14396,16.03339,109.6937,-498.9716,1162.269,263.6994,-0.47485,0.5303356,-0.5276552,0.4635102;
