map,disablebounds;
spawnpoint,playerC,-516.1161,2.449015,472.3771,0,0.0009384886,0,-0.9999996;
custom,cuboid,stone4,0.5,10,80,0,1,1,1,1.0,1.0,-564.6736,29.95932,95.97725,0,-0.00898879,0,-0.9999596;
custom,cuboid,stone4,0.5,10,70,0,1,1,1,1.0,1.0,-485.4241,31.55942,146.9921,0,-0.0145395,0,-0.9998943;
custom,cuboid,stone4,0.5,10,55,0,1,1,1,1.0,1.0,-436.5317,28.05599,66.17422,0,0.105769,0,0.9943907;
custom,cuboid,stone4,0.5,10,73,0,1,1,1,1.0,1.0,-354.9545,27.63106,48.23474,0,0.097781,0,0.995208;
custom,cuboid,stone4,0.5,10,13,0,1,1,1,1.0,1.0,-292.497,33.20086,409.7144,0,0.741186,0,0.6712998;
custom,cylinder,metal2,1.5,13,1.5,0,0,0,0,1.0,1.0,-350.8752,-43.29997,415.2601,0,0.8875154,0,-0.4607781;
racing,killArc180,15,15,15,-402.5037,40.22668,458.2874,0,0.09268672,0,0.9956954;
racing,killCuboid,4,10,4,-371.6716,27.3303,312.1285,0,-0.3493008,0,0.9370106;
racing,killArc180,15,15,15,-128.2507,39.17805,430.7134,0,0.9999599,0,-0.008951928;
racing,killCuboid,11,15,3,-251.6664,2.498627,572.588,0,0.9996909,0,-0.0248611;
custom,cuboid,stone4,0.5,10,15,0,1,1,1,1.0,1.0,-499.051,27.65813,-305.6524,0,-0.6881423,0,0.7255758;
custom,cylinder,metal2,2,5,2,0,1,1,1,1.0,1.0,-604.6262,71.1815,491.478,0.0004177754,-0.01674359,-0.7054197,-0.708592;
custom,cuboid,stone4,0.5,10,80,0,1,1,1,1.0,1.0,-204.894,31.8497,-86.59335,0,0.999991,0,0.004237283;
custom,cuboid,stone4,0.5,10,76,0,1,1,1,1.0,1.0,-300.6931,30.6139,-15.50837,0,0.9999144,0,-0.01308424;
custom,cylinder,metal2,2,10,2,0,1,1,1,1.0,1.0,-235.4654,-13.83947,401.165,0,0.9973259,0,-0.07308297;
custom,cuboid,stone4,0.5,10,45,0,1,1,1,1.0,1.0,-428.0053,31.86572,-483.4755,0,-0.7041926,0,0.710009;
custom,cuboid,stone4,0.5,10,27,0,1,1,1,1.0,1.0,-441.5442,30.49475,-390.534,0,-0.698976,0,0.7151452;
custom,cuboid,stone4,0.5,10,10,0,1,1,1,1.0,1.0,-571.1961,30.2583,-334.6447,0,-0.0007954229,0,0.9999997;
custom,cuboid,stone4,0.5,10,100,0,1,1,1,1.0,1.0,-653.3751,32.27278,-2.738224,0,0.000859771,0,0.9999996;
custom,cylinder,metal2,2,20,2,0,1,1,1,1.0,1.0,-652.8217,198.7156,492.5135,0,0.7122336,0,0.7019425;
custom,cylinder,metal2,2,20,2,0,1,1,1,1.0,1.0,-557.5011,200.1275,492.8637,0,0.6878585,0,-0.7258448;
custom,cylinder,metal2,2,20,2,0,1,1,1,1.0,1.0,-653.8132,198.2224,627.7042,0,0.6894804,0,-0.7243043;
custom,cylinder,metal2,2,20,2,0,1,1,1,1.0,1.0,-561.7487,201.6356,628.8862,0,0.8523433,0,-0.5229827;
custom,cylinder,metal2,2,5,2,0,1,1,1,1.0,1.0,-603.2981,390.1271,490.5131,0.007960606,0.00754232,0.7119794,0.7021148;
custom,cylinder,metal2,2,5,2,0,1,1,1,1.0,1.0,-605.8651,390.7032,629.5469,-0.7144582,0.6996589,-0.003394104,0.003937538;
custom,cylinder,metal2,2,7,2,0,1,1,1,1.0,1.0,-559.2875,390.6861,561.8215,0.5110842,0.5057601,-0.4939928,-0.4888465;
custom,cylinder,metal2,2,7,2,0,1,1,1,1.0,1.0,-561.3974,308.2056,560.3467,0.4919001,0.5141526,-0.5118451,-0.481348;
custom,cylinder,metal2,2,7,2,0,1,1,1,1.0,1.0,-653.3179,389.6288,561.3519,0.4698715,0.5152882,0.5336174,0.4784887;
racing,killCuboid,1,30,10,-602.1548,233.3505,494.0182,0,-0.6950038,0,0.7190061;
racing,killCuboid,1,43,10,-608.6625,177.3636,630.1371,0,0.7055218,0,0.7086883;
racing,killCuboid,1,40,15,-652.5828,193.186,562.0741,0,0.001675652,0,0.9999986;
racing,killCuboid,1,30,15,-557.166,154.0777,561.7394,0,0.9998678,0,0.01626171;
racing,killCuboid,1,11,60,-258.7123,346.4026,492.6333,0,0.7061486,0,0.7080637;
racing,killCuboid,1,11,60,-265.576,347.6983,625.5933,0,0.7059427,0,-0.7082689;
racing,killCuboid,1,14,60,-266.3063,297.5024,562.1239,-0.4970648,0.5007309,-0.5009723,0.5012205;
racing,killCuboid,1,14,60,-259.3513,393.5912,554.0833,-0.4992333,0.5009795,0.4990196,-0.5007645;
custom,sphere,default,3.5,3.5,3.5,1,0.6136364,0,0,1.0,1.0,-414.0352,368.8302,450.8849,0,0.1969271,0,0.9804181;
custom,sphere,default,3.5,3.5,3.5,1,0.6136364,0,0,1.0,1.0,-207.946,369.0131,453.9196,0,0.008406892,0,0.9999647;
custom,sphere,default,3.5,3.5,3.5,1,0.6136364,0,0,1.0,1.0,-30.95737,369.1846,458.7232,0,0.002557903,0,-0.9999967;
custom,sphere,default,3.5,3.5,3.5,1,0.6136364,0,0,1.0,1.0,-426.2242,369.4221,684.1277,0,0.9999085,0,0.01352801;
custom,sphere,default,3.5,3.5,3.5,1,0.6136364,0,0,1.0,1.0,-219.5764,371.6928,674.3377,0,0.9997983,0,0.02008525;
custom,sphere,default,3.5,3.5,3.5,1,0.6136364,0,0,1.0,1.0,-37.23851,372.477,668.0687,0,0.9996694,0,-0.02571149;
custom,cylinder,default,3,7,3,1,0.3863636,0,0,1.0,1.0,161.3554,344.7719,430.8715,0,0.9885682,0,-0.1507741;
custom,cylinder,default,3,7,3,1,0.3863636,0,0,1.0,1.0,398.7842,322.7619,428.14,0,0.9988093,0,-0.04878603;
racing,killArc180,8,25,5.3,396.5068,346.9447,392.8666,0,0.7150649,0,-0.6990581;
racing,killCuboid,1,13,20,111.4575,345.397,531.9662,0,0.9999809,0,0.00618144;
racing,killCuboid,1,13,20,209.0487,345.3673,529.6475,0,0.9999927,0,-0.003816796;
racing,killCuboid,1,13,20,347.3593,345.554,527.2198,0,0.9999989,0,0.001509194;
racing,killCuboid,1,13,20,439.8076,345.7547,533.3461,0,0.9999039,0,0.01386674;
racing,killCuboid,1,13,40,232.03,338.5779,628.973,0,0.7042833,0,0.7099191;
racing,killCuboid,1,13,50,278.5334,343.8215,242.5665,0,0.7188139,0,-0.6952026;
racing,killCuboid,1,13,30,275.9684,344.0747,397.1325,0,0.9999914,0,0.004142478;
racing,killArc180,8,25,5.3,158.8911,345.7564,392.8353,0,0.6989826,0,-0.7151387;
custom,cylinder,default,3,7,3,0,0.3863636,0,0,1.0,1.0,38.65466,342.152,240.0526,0,0.3159345,0,0.948781;
custom,cylinder,default,3,7,3,0,0.3863636,0,0,1.0,1.0,274.1562,341.9658,539.689,0,0.9999231,0,0.01240027;
custom,cylinder,default,3,7,3,0,0.3863636,0,0,1.0,1.0,523.8113,341.0861,245.9272,0,0.9982249,0,-0.05955858;
custom,cylinder,default,2,7,2,0,0.3863636,0,0,1.0,1.0,32.74493,342.9929,494.0757,0,0.9651909,0,-0.2615463;
custom,cylinder,default,2,7,2,0,0.3863636,0,0,1.0,1.0,32.92443,339.5434,621.5995,0,0.1665758,0,-0.9860287;
racing,checkpointCuboid,11,8,1,31.23165,346.4026,556.6041,0,0.702854,0,0.7113342;
racing,killCuboid,1,13,27,526.3016,344.8224,385.8963,0,0.9999496,0,0.01003977;
custom,cuboid,stone4,0.5,10,9,0,1,1,1,1.0,1.0,-519.147,30.82256,492.7083,0,0.7080765,0,-0.7061358;
racing,startCuboid,2,10,9,-518.1454,32.12073,413.2569,0,0.7064269,0,0.7077861;
racing,killCuboid,2,10,2,-495.4651,27.88929,-203.8309,0,0.470898,0,0.8821877;
racing,killCuboid,2,10,2,-495.1737,27.69622,-203.6444,0,0.9954932,0,-0.09483397;
racing,killCuboid,2,10,2,-308.4078,31.27867,-394.2641,0,0.7167542,0,-0.697326;
racing,killCuboid,2,10,2,-309.1379,31.67874,-393.6996,0,0.9239655,0,0.3824759;
racing,killCuboid,2,10,2,-572.9626,30.41018,-387.8261,0,0.01808879,0,0.9998364;
racing,killCuboid,2,10,2,-572.5938,28.98409,-388.0573,0,0.4849845,0,0.8745228;
racing,killCuboid,6,10,2,-364.2343,30.0166,-420.9674,0,0.7005249,0,-0.7136281;
racing,killCuboid,6,10,2,-505.0714,31.48121,-455.3392,0,0.7048818,0,-0.7093248;
racing,killCuboid,0.5,5,12,-295.9909,42.54639,410.716,0,0.7431512,0,0.6691236;
racing,killCuboid,95,5,0.5,-652.4155,43.31422,8.032347,0,0.706571,0,-0.7076423;
racing,killCuboid,87,5,0.5,-568.2295,41.9708,58.43736,0,0.7130467,0,0.7011166;
racing,killCuboid,5,5,0.5,-481.3474,39.96834,314.2421,0.2567238,0.6722933,0.2476992,0.6486601;
racing,killCuboid,5,5,0.5,-485.2816,42.05156,194.7007,0.2662472,0.6600388,0.2612131,0.6520959;
racing,killCuboid,5,5,0.5,-488.7982,41.6358,71.51756,0.2671527,0.6645633,0.2602871,0.6474842;
racing,killCuboid,5,5,0.5,-492.155,40.0789,-37.24603,0.2640653,0.6568831,0.2634186,0.6552746;
racing,killCuboid,25,2,40,-275.9864,-5.477706,434.0968,0,0.689729,0,-0.7240676;
racing,killCuboid,1,13,27,31.85258,342.6385,362.7167,0,-0.01420435,0,0.9998991;
racing,killCuboid,1,50,8,481.7792,160.482,631.156,0.001741254,0.7122982,-0.003123822,-0.7018679;
racing,killCuboid,12,50,1,526.3127,160.7579,571.2823,0,0.7101142,0,0.7040865;
racing,killCuboid,8,23,1,481.0898,165.0314,511.9261,0,-0.003919479,0,0.9999923;
racing,killCuboid,12,39,1,439.1093,88.93114,572.1103,0,0.7136396,0,0.7005131;
custom,cuboid,default,8,0.5,5,0,1,1,1,1.0,1.0,482.4564,277.4748,534.2087,0,0.00560016,0,0.9999843;
custom,cuboid,default,8,0.5,5,1,0.3636364,0,0,1.0,1.0,483.0275,228.0696,604.2899,0,0.002099777,0,0.9999978;
custom,cuboid,default,8,0.5,5,0,0.3636364,0,0,1.0,1.0,481.2787,185.7475,538.4098,0,0.9999897,0,0.004543732;
custom,cuboid,default,8,0.5,5,1,0.3636364,0,0,1.0,1.0,483.0254,134.0352,603.3214,0,-0.008055594,0,0.9999676;
custom,cuboid,default,8,0.5,5,0,0.3636364,0,0,1.0,1.0,483.1047,84.3884,538.039,0,0.9999442,0,-0.01056604;
custom,cuboid,default,8,0.5,6,1,0.3636364,0,0,1.0,1.0,483.012,5.856978,599.0225,0,0.01658127,0,0.9998626;
racing,checkpointCuboid,3,0.5,3,481.1865,83.64967,541.7778,0,0.9999956,0,-0.002956829;
custom,cuboid,default,3,13,10,1,0.3636364,0,0,1.0,1.0,580.3629,48.16763,528.3793,0,0.7179508,0,-0.6960939;
custom,cuboid,default,3,13,40,1,0.3636364,0,0,1.0,1.0,235.1426,50.40892,527.322,0,-0.7075801,0,0.7066332;
custom,cuboid,default,3,13,90,1,0.3636364,0,0,1.0,1.0,644.817,49.57711,95.68155,0,-0.001579342,0,0.9999987;
custom,cuboid,default,3,13,90,1,0.3636364,0,0,1.0,1.0,18.96994,50.68665,92.08704,0,0.002728848,0,0.9999963;
custom,cuboid,default,2,13,80,1,0.3636364,0,0,1.0,1.0,376.1575,50.75219,132.4052,0,-0.002208097,0,0.9999976;
custom,cuboid,default,2,13,80,1,0.3636364,0,0,1.0,1.0,265.7734,50.11092,52.03102,0,-0.003847189,0,-0.9999927;
custom,cuboid,default,2,13,2,0,0.3636364,0,0,1.0,1.0,503.0221,55.21215,194.409,0,0.9999331,0,0.01156522;
custom,cuboid,default,2,2,25,0,0.3636364,0,0,1.0,1.0,504.2422,56.34213,194.4712,0,0.7210836,0,-0.6928481;
racing,killPlane,7,1.5,14,582.5268,29.24596,196.1175,0.5162829,0.5217174,-0.47772,-0.482749;
racing,killPlane,7,1.5,14,437.5547,85.81512,190.5795,0.4989726,0.5194283,-0.4801366,-0.5006891;
racing,killPlane,7,1.5,14,446.0845,15.42255,188.986,0.5231433,0.4914237,-0.5024831,-0.482011;
custom,cuboid,default,1,9,27,1,0.3636364,0,0,1.0,1.0,504.4868,66.68742,338.8494,0,0.7016721,0,0.7125001;
custom,cuboid,default,1,4,11,1,0.3636364,0,0,1.0,1.0,574.0328,5.460145,339.7459,0,0.6994675,0,0.7146645;
custom,cuboid,default,1,4,11,1,0.3636364,0,0,1.0,1.0,427.7357,7.472296,337.4751,0,0.7013161,0,0.7128505;
custom,cuboid,default,1,4,16,0,0.3636364,0,0,1.0,1.0,462.2109,19.924,468.9943,0,0.7092229,0,-0.7049844;
custom,cuboid,default,1,4,16,0,0.3636364,0,0,1.0,1.0,464.3895,91.32536,469.9106,0,-0.708011,0,0.7062014;
custom,cuboid,default,1,4,16,0,0.3636364,0,0,1.0,1.0,548.7249,19.63011,408.442,0,0.7023707,0,0.7118114;
custom,cuboid,default,1,4,16,0,0.3636364,0,0,1.0,1.0,553.0094,91.81776,408.6859,0,0.7029796,0,0.71121;
racing,killCuboid,1,5,16,462.5889,57.07858,469.2883,0,0.7078593,0,-0.7063535;
racing,killCuboid,1,5,16,549.028,56.97863,408.3304,0,0.7022997,0,0.7118815;
racing,checkpointPlane,6,1,14,571.5328,94.57665,190.3075,-0.5057524,-0.5060833,0.5043702,0.4834304;
custom,cuboid,default,27,2,2,0,0.3636364,0,0,1.0,1.0,503.078,8.00083,52.7837,0,0.02094706,0,-0.9997806;
custom,cuboid,default,27,4,2,0,0.3636364,0,0,1.0,1.0,502.3228,18.84992,34.56812,0,-0.02403711,0,0.9997111;
custom,cuboid,default,27,6,2,0,0.3636364,0,0,1.0,1.0,508.252,29.62142,17.20426,0,0.02628674,0,-0.9996545;
custom,cuboid,default,27,8,2,0,0.3636364,0,0,1.0,1.0,519.4243,39.81863,-1.084787,0,0.02806842,0,-0.9996061;
custom,cuboid,default,27,8,2,0,0.3636364,0,0,1.0,1.0,513.1479,71.31644,-87.86983,0,0.9996034,0,0.02816255;
custom,cuboid,default,27,8,2,0,0.3636364,0,0,1.0,1.0,510.1292,39.2747,-162.6375,0,-0.02907597,0,0.9995772;
racing,killCuboid,11,4,2,441.653,93.26031,-166.5706,0,0.02960741,0,-0.9995616;
racing,killCuboid,11,4,2,580.7274,94.26167,-156.3311,0,-0.03271539,0,0.9994648;
custom,cuboid,default,11,1,1,0,0.3636364,0,0,1.0,1.0,313.3479,31.89611,-130.618,0,0.01144558,0,-0.9999345;
custom,cuboid,default,1,13,1,0,1,1,1,1.0,1.0,338.5194,50.89259,-11.3185,0,-0.01713561,0,0.9998532;
custom,cuboid,default,1,13,1,0,1,1,1,1.0,1.0,299.3279,50.37045,-12.777,0,-0.002504616,0,-0.9999969;
racing,killPlane,4,1,13,354.0257,50.83374,-14.93735,0.01200063,0.7143677,0.6995603,-0.01225464;
racing,killPlane,4,1,9,275.0244,41.72185,-16.75587,-0.01654096,0.7177864,0.696022,0.007906924;
racing,killPlane,4,1,9,316.7519,70.76619,-12.93539,-0.02535617,0.6986112,0.7150446,-0.003283039;
custom,cuboid,default,1,1,11,0,0.3636364,0,0,1.0,1.0,326.6053,30.79322,169.5422,0,-0.7273553,0,0.6862612;
custom,cuboid,default,1,1,11,0,0.3636364,0,0,1.0,1.0,318.4118,81.2487,109.7721,0,-0.7240789,0,0.6897172;
custom,cuboid,default,1,1,11,0,0.3636364,0,0,1.0,1.0,313.595,52.10167,307.7608,0,0.6884282,0,0.7253045;
custom,cuboid,default,1,1,10,0,1,1,1,1.0,1.0,269.8401,29.40318,472.147,0,0.9999263,0,-0.01214528;
custom,cuboid,default,1,1,10,0,1,1,1,1.0,1.0,268.5123,95.24757,487.4922,0,0.9999956,0,-0.002962797;
racing,killCuboid,2,13,8,218.3069,53.38569,291.5647,0,0.7044989,0,0.7097051;
racing,killCuboid,2,13,8,74.96355,54.73233,290.6449,0,0.7026336,0,0.7115519;
racing,killCuboid,9,13,2,212.4688,49.9561,222.54,0,0.9999895,0,-0.004580332;
racing,killCuboid,9,13,2,81.00475,49.51197,223.2705,0,0.9999915,0,-0.004132839;
racing,killCuboid,9.5,13,2,209.6589,49.84073,137.0244,0,0.01581526,0,0.9998749;
racing,killCuboid,9.5,13,2,81.05912,50.03753,141.0197,0,0.9999346,0,-0.01143484;
racing,killCuboid,10,13,2,83.63199,52.91697,68.2576,0,0.003967243,0,0.9999921;
racing,killCuboid,10,13,2,207.2827,52.12383,64.57186,0,0.9996097,0,-0.02793716;
racing,killCuboid,10,13,2,205.7492,52.21063,-21.43434,0,0.01043801,0,0.9999455;
racing,killCuboid,10,13,2,84.67229,53.21235,-19.48284,0,0.002653508,0,-0.9999965;
racing,killCuboid,9.5,13,2,206.3057,52.01409,-98.7729,0,-0.00355279,0,0.9999937;
racing,killCuboid,9.5,13,2,81.13687,54.01408,-98.48854,0,0.01739028,0,0.9998488;
racing,killCuboid,9,13,2,208.8792,55.17342,-163.2353,0,-0.0135966,0,0.9999076;
racing,killCuboid,9,13,2,75.39443,53.02135,-166.3108,0,0.001674475,0,0.9999986;
racing,killCuboid,8.5,13,2,210.7194,56.84409,-234.5583,0,-0.003622233,0,0.9999934;
racing,killCuboid,8.5,13,2,74.68796,53.37794,-232.3713,0,0.008158649,0,0.9999667;
racing,killCuboid,8,13,2,71.36614,52.55923,-303.6812,0,0.001598918,0,0.9999987;
racing,killCuboid,8,13,2,213.7829,58.15937,-303.3205,0,0.001598918,0,0.9999987;
custom,cuboid,default,48,13,2,1,0.3295454,0,0,1.0,1.0,414.1267,52.06487,-355.3195,0,0.000650036,0,-0.9999998;
custom,cylinder,default,3,7,3,0,0.3295454,0,0,1.0,1.0,377.283,47.35164,-258.4852,0,0.09293316,0,0.9956723;
custom,cylinder,default,3,7,3,0,0.3295454,0,0,1.0,1.0,270.2286,46.74879,444.9957,0,0.8728836,0,-0.4879285;
custom,cuboid,default,12,1,1,0,1,1,1,1.0,1.0,315.6799,24.04887,-12.50446,0,0.01630834,0,-0.999867;
custom,cuboid,default,12,1,1,0,1,1,1,1.0,1.0,315.4349,57.50893,-12.22864,0,0.007159648,0,-0.9999744;
custom,cuboid,default,12,1,1,0,1,1,1,1.0,1.0,315.7068,87.30894,-12.55968,0,0.01763077,0,-0.9998446;
racing,killPlane,4,1,9,281.4505,39.01285,-11.81445,-0.005318842,0.7097508,0.7040009,-0.02466265;
racing,killPlane,4,1,9,281.8747,44.09196,-9.23779,0.006897521,0.7107376,0.7033699,-0.008680852;
racing,killPlane,4,1,9,316.2741,70.34486,-11.80996,-0.01104504,0.7252798,0.6883035,0.009251214;
racing,killPlane,4,1,9,318.2312,71.54486,-7.237612,-0.006136165,0.7070842,0.7070705,0.006756265;
racing,killPlane,4,1,13,358.1803,50.87045,-8.788039,-0.002558832,0.7217394,0.6921594,0.00108502;
racing,killPlane,4,1,13,356.4637,66.56605,-6.467914,0.004376387,0.6996502,0.7144594,-0.004285674;
racing,killPlane,14,1,13,441.2852,53.99907,184.1719,0.7032306,0.01567682,0.01528226,-0.7106248;
racing,killPlane,14,1,7,579.4388,17.9903,190.1396,-0.6992716,-0.02344689,-0.02418828,0.714062;
racing,killCuboid,4,5,30,-250.6857,25.73379,-58.3609,0,-0.002375529,0,-0.9999972;
custom,cuboid,default,3,13,6,1,0.3522727,0,0,1.0,1.0,20.1586,59.50549,-385.4495,0,-0.000309989,0,0.9999999;
custom,cuboid,default,3,13,6,1,0.3522727,0,0,1.0,1.0,159.2834,52.36891,-376.6423,0,-0.004886718,0,-0.9999881;
custom,cuboid,default,3,13,17,1,0.3522727,0,0,1.0,1.0,90.82278,51.0957,-421.3466,0,0.7095441,0,-0.7046611;
custom,cuboid,default,1,26,6,1,0.3522727,0,0,1.0,1.0,87.5724,130.6067,-376.4803,0,0.9999992,0,0.001341086;
custom,cuboid,brick4,150,2,150,1,1,0.8977273,1,1.0,1.0,-36.56926,-6.031673,42.22286,0,0.001341448,0,0.9999992;
misc,barrier,100,2,50,-445.3326,89.65284,-4.847537,0,-0.7044113,0,0.7097921;
misc,barrier,15,2,20,-124.0757,83.86282,413.4073,0,0.9999744,0,-0.007152779;
misc,barrier,15,2,40,-261.1816,85.15854,458.2575,0,0.7299365,0,0.6835151;
misc,barrier,15,2,40,-209.99,87.79417,503.8732,0,0.7201989,0,0.6937677;
racing,killCuboid,40,2,43,232.4216,272.7232,438.2847,0,0.6954137,0,0.7186096;
racing,killCuboid,15,3,1,24.99588,287.0258,561.9758,0,0.7134968,0,-0.7006586;
racing,killCuboid,14,2,30,468.9366,269.3981,401.8789,0,0.01584359,0,-0.9998745;
custom,cuboid,empty,40,2,67,1,0.3409091,0,0,1.0,1.0,342.0441,190.6192,364.1734,-0.169304,-0.6840911,-0.1680389,-0.6892884;
misc,barrier,90,2,64,334.1761,122.4061,91.68683,0,-0.7033786,0,0.7108154;
custom,pillar1,empty,2,26,2,1,1,1,1,1.0,1.0,11.92855,-109.3047,190.5029,0,0.695834,0,0.7182027;
custom,pillar1,empty,2,26,2,1,1,1,1,1.0,1.0,679.0764,-111.7246,193.4095,0,0.7242602,0,-0.6895269;
custom,pillar1,empty,2,26,2,1,1,1,1,1.0,1.0,0.2900755,-240.3575,-342.3171,0,0.4377553,0,0.8990942;
custom,pillar1,empty,2,26,2,1,1,1,1,1.0,1.0,657.7401,-227.0949,-370.4312,0,0.5452384,0,-0.838281;
misc,barrier,3,13,90,31.63313,191.26,30.55778,0,0.007092995,0,0.9999748;
misc,barrier,3,13,90,643.5687,170.1188,92.14891,0,0.9999992,0,0.001284551;
misc,barrier,51,13,3,402.4399,180.3077,-349.453,0,0.002235722,0,-0.9999975;
misc,barrier,7,13,3,158.8956,180.0049,-400.9038,0,0.7142877,0,-0.6998523;
misc,barrier,15,13,3,92.89159,179.1842,-420.3128,0,0.000248648,0,1;
custom,sphere,empty,3,3,3,1,1,1,1,1.0,1.0,18.46815,122.1487,-424.3813,0,0.7261127,0,0.6875758;
custom,sphere,empty,3,3,3,1,1,1,1,1.0,1.0,17.97605,147.8531,-423.4785,0,0.7276102,0,0.6859908;
custom,sphere,empty,3,3,3,1,1,1,1,1.0,1.0,18.91258,171.5183,-423.3052,0,0.7394711,0,0.6731883;
custom,sphere,empty,3,3,3,1,1,1,1,1.0,1.0,18.06582,195.1995,-422.8851,0,0.7032242,0,0.7109683;
custom,sphere,empty,3,3,3,1,1,1,1,1.0,1.0,19.0774,215.8456,-422.1638,0,0.7394667,0,0.6731931;
custom,sphere,empty,3,3,3,1,1,1,1,1.0,1.0,18.30682,238.9024,-421.6964,0,0.7320781,0,0.6812208;
custom,sphere,empty,3,3,3,1,1,1,1,1.0,1.0,166.2553,122.1404,-423.6604,0,0.003230312,0,0.9999948;
custom,sphere,empty,3,3,3,1,1,1,1,1.0,1.0,167.024,145.5456,-423.3542,0,0.03157643,0,0.9995013;
custom,sphere,empty,3,3,3,1,1,1,1,1.0,1.0,168.0474,168.9457,-423.113,0,0.03157643,0,0.9995013;
custom,sphere,empty,3,3,3,1,1,1,1,1.0,1.0,167.8705,193.1727,-422.0066,0,0.01630345,0,0.9998671;
custom,sphere,empty,3,3,3,1,1,1,1,1.0,1.0,167.4625,215.7729,-422.2967,0,0.01630345,0,0.9998671;
custom,sphere,empty,3,3,3,1,1,1,1,1.0,1.0,166.9037,236.6705,-422.4708,0,0.02500199,0,0.9996874;
racing,killPlane,6,2,6,119.2495,121.6295,-381.5459,0,0.9999997,0,0.0007827212;
custom,cuboid,default,57,13,0.5,0,1,1,1,1.0,1.0,143.0771,197.4905,-55.91369,0,0.7116029,0,-0.7025819;
custom,cuboid,default,65,13,0.5,0,1,1,1,1.0,1.0,256.1338,199.3924,101.4924,0,0.707747,0,-0.706466;
custom,cuboid,default,25,13,0.5,0,1,1,1,1.0,1.0,380.2101,199.405,-220.0667,0,0.003202479,0,-0.9999949;
custom,cuboid,default,53,13,0.5,0,1,1,1,1.0,1.0,507.0938,197.4205,43.49971,0,0.7017127,0,-0.71246;
custom,cuboid,default,15,13,0.5,0,1,1,1,1.0,1.0,438.8658,186.5862,311.502,0,0.02103355,0,0.9997788;
custom,cuboid,default,45,13,0.5,0,1,1,1,1.0,1.0,359.329,190.3559,105.917,0,0.7033644,0,-0.7108294;
custom,cuboid,default,10,13,0.5,0,1,1,1,1.0,1.0,404.5151,191.1482,-116.056,0,-0.007467411,0,0.9999721;
custom,cuboid,default,90,4,3,1,0.4545455,0,0,1.0,1.0,18.68262,136.2993,29.05202,0,0.7098561,0,0.7043468;
custom,cuboid,default,80,4,3,1,0.4545455,0,0,1.0,1.0,28.1569,246.2332,-17.40354,0,0.71045,0,0.7037477;
custom,cuboid,default,80,4,3,1,0.4545455,0,0,1.0,1.0,650.4039,242.661,18.96852,0,0.7102681,0,-0.7039313;
custom,cuboid,default,80,4,3,1,0.4545455,0,0,1.0,1.0,646.9819,130.4914,44.21642,0,0.7069488,0,-0.7072648;
custom,cuboid,default,4,4,3,1,0.4545455,0,0,1.0,1.0,645.3776,128.7029,464.5413,0,0.6958193,0,-0.718217;
custom,cuboid,default,50,4,3,1,0.4545455,0,0,1.0,1.0,398.9734,243.166,-355.3893,0,0.005635122,0,-0.9999841;
custom,cuboid,default,50,4,3,1,0.4545455,0,0,1.0,1.0,398.8207,136.5938,-348.96,0,0.003949829,0,0.9999922;
custom,cuboid,default,10,13,0.5,0,0.4545455,0,0,1.0,1.0,412.7535,190.2666,126.3916,0,0.001720201,0,0.9999985;
base,aot_supply,default,3,3,3,0,0.4545455,0,0,1.0,1.0,429.9906,132.3078,136.1707,0,0.9997965,0,0.02017266;
base,aot_supply,default,3,3,3,0,0.4545455,0,0,1.0,1.0,389.5127,131.8088,134.6377,0,0.9999238,0,0.01234184;
custom,cuboid,default,7,1,5,0,0.4545455,0,0,1.0,1.0,398.0226,137.0891,210.6788,0,-0.00245497,0,-0.999997;
custom,cuboid,default,1,1,2,1,0.4545455,0,0,1.0,1.0,372.6607,139.2939,198.6227,0,0.004183977,0,-0.9999912;
custom,cuboid,default,1,1,2,1,0.4545455,0,0,1.0,1.0,372.691,139.1385,223.0196,0,0.9999704,0,0.007693411;
custom,cuboid,default,4.5,1,5,1,0.4545455,0,0,1.0,1.0,405.3424,139.2813,211.1501,0,0.7070281,0,-0.7071855;
custom,arc180,default,1,1,1,1,0.4545455,0,0,1.0,1.0,362.8811,191.3774,225.0561,0.7498308,-0.6596305,-0.01789398,-0.04817947;
custom,arc180,default,1,1,1,1,0.4545455,0,0,1.0,1.0,364.1052,188.5418,205.8857,0.1196292,0.179395,0.5981154,-0.7718577;
custom,cuboid,default,0.3,2.5,0.3,1,0.4545455,0,0,1.0,1.0,364.4659,172.0807,208.057,0.260221,0.6190411,-0.287147,-0.6830958;
custom,cuboid,default,0.3,2.5,0.3,1,0.4545455,0,0,1.0,1.0,365.7884,173.6808,225.4025,-0.209439,0.6277007,0.2249383,-0.7152133;
custom,cuboid,default,0.3,0.3,0.3,1,0.4545455,0,0,1.0,1.0,365.6447,185.0251,232.7319,0,0.7764333,0,-0.6301994;
custom,dummy1,default,1,1,1,1,0,0,0,1.0,1.0,378.558,136.2505,295.4827,0,0.4097388,0,-0.9122029;
custom,cuboid,default,0.5,2,3,0,0,0,0,1.0,1.0,254.8532,143.7816,437.4538,-0.01342972,-0.02209125,0.02246947,0.9994132;
custom,cuboid,default,3,4,5,1,0.375,0,0,1.0,1.0,164.7822,140.0388,-389.6547,0,0.9999761,0,0.006920015;
custom,cuboid,metal4,0.5,40,10,0,0.375,0,0,1.0,1.0,404.2563,454.1398,-116.0907,0,-0.7142274,0,0.6999137;
custom,cuboid,metal4,0.5,40,10,0,0.375,0,0,1.0,1.0,410.0567,453.2428,127.0548,0,0.7059491,0,-0.7082626;
custom,cuboid,metal4,0.5,40,26,0,0.375,0,0,1.0,1.0,359.8101,454.8456,7.365503,0,0.01209137,0,0.9999269;
custom,cuboid,metal4,0.5,40,25,0,0.375,0,0,1.0,1.0,453.6563,454.7611,7.083367,0,0.9999931,0,-0.003727196;
racing,killCuboid,0.5,40,25,361.1421,455.2813,11.31995,0,-0.01401979,0,-0.9999017;
racing,killCuboid,0.5,40,25,452.3782,455.8112,6.909105,0,0.004391742,0,0.9999904;
racing,killCuboid,0.5,40,10,409.1927,455.4861,121.9557,0,0.7055658,0,0.7086444;
racing,killCuboid,0.5,40,10,405.9772,454.3816,-115.4861,0,0.696201,0,0.717847;
custom,sphere,empty,5,5,5,1,0.625,0,0,1.0,1.0,396.9232,712.5413,6.543947,0,0.05037462,0,0.9987304;
racing,killSphere,6,6,6,394.2965,711.781,1.590582,0,0.6967123,0,-0.7173507;
racing,killCuboid,65,34,33,190.0015,435.3651,-112.1199,0,0.7121396,0,0.7020379;
racing,killCuboid,3,70,56,24.80771,595.9624,-80.87569,0,0.00396396,0,0.9999922;
racing,killCuboid,3,70,56,653.9123,598.6505,-81.85671,0,0.9999581,0,0.009162478;
racing,killCuboid,3,70,65,329.8383,597.5784,-360.359,0,-0.7119192,0,0.7022614;
racing,checkpointCuboid,4,1,4,406.4508,141.5021,210.8927,0,0.7075574,0,-0.7066559;
racing,killCuboid,65,34,20,552.4341,431.2751,-103.3104,0,0.7024091,0,-0.7117735;
racing,killCuboid,7,2,12,91.20612,254.3058,-390.6631,0,0.7152684,0,-0.6988499;
racing,killCuboid,80,2,15,-165.6372,865.5624,145.2292,-0.5028282,0.4995331,0.5076323,0.4898367;
racing,killCuboid,2,15,90,270.7351,869.1205,511.6732,0,0.7129745,0,0.7011901;
racing,killCuboid,2,15,30,686.6403,867.8587,351.7951,0,0.03961211,0,0.9992151;
custom,sphere,empty,4,4,4,0,0.625,0,0,1.0,1.0,-85.94631,791.087,122.111,0,0.9999987,0,0.001615718;
custom,sphere,empty,4,4,4,0,0.625,0,0,1.0,1.0,-84.40072,791.0762,-165.1725,0,0.9999214,0,0.01254247;
racing,killPyramid,70,40,70,406.4207,1303.008,176.4695,0,0.7173741,0,0.6966882;
racing,killCuboid,30,30,2,690.3682,741.8226,351.1539,0,0.7440365,0,0.668139;
racing,killCuboid,80,30,2,-164.9573,725.3096,153.737,0,0.7149519,0,0.6991737;
racing,killCuboid,110,30,2,335.6384,735.6177,514.8061,0,0.004708862,0,0.9999889;
custom,cuboid,metal4,80,35,2,0,0.625,0,0,1.0,1.0,-547.3713,738.7137,-226.7108,-0.01047087,0.9998575,0.0001386876,-0.0132432;
custom,cuboid,metal4,93,40,2,0,0.625,0,0,1.0,1.0,-469.7833,753.9662,-350.1622,0,0.01359564,0,0.9999076;
custom,cuboid,metal4,93,2,14,0,0.625,0,0,1.0,1.0,-621.4176,916.42,-299.498,0,0.01827215,0,0.9998331;
custom,cuboid,metal4,13,1,1,0,0.625,0,0,1.0,1.0,-208.1891,762.8808,-291.5384,0,0.7055073,0,0.7087027;
racing,killPlane,13,20,20,-195.6894,859.5092,-300.0408,-0.4876449,0.5310273,0.4640571,0.5146489;
racing,killPlane,13,20,20,-217.046,864.5579,-289.8712,-0.510218,0.4887569,0.5155968,0.4847209;
racing,killCuboid,35,2,100,238.9897,597.1735,348.4405,0.008628083,0.7050248,-0.003727125,-0.7091203;
racing,killCuboid,20,2,90,-74.33897,585.8533,-142.5467,0,0.004090562,0,0.9999917;
racing,killCuboid,2,130,13,-1085.22,282.9498,-280.2722,0,0.02186315,0,0.999761;
racing,killCuboid,2,100,13,-940.4999,253.87,-286.738,0,0.9999452,0,-0.01047603;
custom,sphere,metal4,4,4,4,1,0.625,0,0,1.0,1.0,-1019.366,53.65667,-296.4967,0,0.04200668,0,-0.9991174;
custom,cuboid,metal4,20,2,13,0,0.625,0,0,1.0,1.0,-831.4879,-157.6268,-293.3629,-0.001725863,0.01105069,-0.001764129,-0.9999359;
custom,cuboid,metal4,20,2,13,0,0.625,0,0,1.0,1.0,-830.9268,-370.5787,-290.3915,0,0.9999896,0,-0.00455313;
custom,cuboid,metal4,15,24,2,0,0.625,0,0,1.0,1.0,-739.9341,-262.5344,-287.1367,0,0.7039508,0,-0.7102488;
custom,cuboid,metal4,26,24,2,0,0.625,0,0,1.0,1.0,-811.6619,-269.0084,-219.0657,0,0.9999791,0,0.00646987;
custom,cuboid,metal4,26,24,2,0,0.625,0,0,1.0,1.0,-803.757,-271.0232,-364.6113,0,0.007924422,0,0.9999686;
custom,cuboid,metal4,13,1,1,0,0.625,0,0,1.0,1.0,-860.347,-274.8044,-286.3826,0,0.7049701,0,0.709237;
racing,endCuboid,1,3,3,-838.2538,-170.3447,-300.7913,-0.002362441,-0.006890208,-0.694519,0.7194375;
racing,endCuboid,1,3,3,-838.6458,-268.6106,-353.258,0,0.701206,0,0.7129587;
racing,endCuboid,1,3,3,-747.6978,-265.1701,-293.4821,0,0.009129164,0,0.9999583;
racing,endCuboid,1,3,3,-830.7477,-270.7739,-228.6427,0,-0.7003214,0,0.7138277;
racing,endCuboid,1,3,3,-849.4932,-360.481,-290.7783,-0.4961843,0.5081075,-0.4888394,0.5066201;
racing,killPlane,3,3,3,-750.6042,-264.7738,-292.6883,0.505822,0.4941353,0.5045941,-0.4953374;
racing,killPlane,3,3,3,-839.7076,-267.3571,-348.2664,0.70996,-0.005054455,0.03457556,-0.7033745;
racing,killPlane,3,3,3,-848.1768,-355.3716,-291.0892,0.7068065,-0.005023842,0.7073891,5.645236E-05;
racing,killCuboid,3,10,10,-802.8405,-258.4387,-391.0432,0,0.722341,0,-0.691537;
racing,killPlane,3,3,3,-831.3699,-272.7026,-232.9422,0.5147828,0.498737,0.4871625,0.4989316;
racing,killCuboid,3,10,10,-825.1278,-256.6891,-186.2488,0,0.7049472,0,0.7092598;
racing,killCuboid,3,20,15,-982.3524,-378.2507,-288.6427,-0.7175138,-0.6962578,0.009521049,0.01755948;
racing,killCuboid,3,130,15,-1009.861,278.2197,-209.9067,0,0.7140869,0,0.700057;
racing,killCuboid,3,130,15,-1006.057,263.7477,-355.5724,0,0.7232167,0,0.6906213;
custom,cuboid,metal4,80,2,13,0,1,1,1,1.0,1.0,-534.6595,581.2849,-290.8728,0,0.9998986,0,-0.01424591;
racing,checkpointPlane,17,13,15,-209.8826,685.2678,-325.0988,-0.4849209,0.5168824,0.4992494,0.4984319;
racing,killCuboid,10,1,15,-604.2749,393.9559,560.8655,0,0.9999751,0,0.007067447;
racing,killCuboid,40,1,60,260.6021,402.9635,437.166,0,0.695899,0,0.7181398;
custom,cuboid,stone4,50,13,5,0,1,1,1,1.0,1.0,-428.2776,17.25906,-509.0018,0,9.528001E-05,0,-1;
racing,killPlane,17,13,15,-230.9027,839.5504,-307.3093,-0.534281,0.4621208,0.541074,0.4563192;
racing,killCuboid,70,20,5,382.7083,204.405,384.6652,-0.002181941,0.4969723,0.8677628,0.001249611;
racing,killCuboid,30,20,20,402.5651,503.826,-269.1008,0,-0.7282462,0,0.6853157;
racing,killCuboid,6,20,20,433.7484,492.5367,154.2179,0,0.7185351,0,0.6954908;
racing,killPlane,4,4,4,-753.2199,-264.9974,-289.9563,0.5118392,0.4802758,0.5067617,-0.5005481;
racing,killPlane,4,4,4,-828.5636,-267.8264,-233.716,-0.005515161,0.6807014,0.7325223,0.005125004;
racing,killPlane,4,4,4,-838.1177,-267.1482,-349.0845,0.7143692,0.009639996,0.01093942,-0.699617;
racing,killPlane,4,4,4,-847.5554,-356.5495,-290.9118,-0.7019368,0.02236099,0.7115462,0.02205916;
custom,statue1,default,1,1,1,0,0.4431818,0,0,1.0,1.0,-789.6533,-358.8445,-332.6494,0,-0.3048755,0,0.9523923;
custom,cuboid,default,1,13,1,0,1,1,1,1.0,1.0,86.56192,127.5035,-351.1151,0.7143172,0.6996633,-0.01491103,5.068837E-05;
racing,killCuboid,1,5,7,-556.6637,22.69017,457.7838,0,0.9998887,0,-0.01492188;
racing,killCuboid,1,5,7,-478.4883,22.73569,458.5831,0,0.01794669,0,0.9998389;
racing,killCuboid,1,5,10,-529.5131,23.20059,492.6909,0,-0.7077067,0,0.7065064;
custom,dummy1,default,1,1,1,1,0,0,0,1.0,1.0,-537.8634,3.165555,472.2724,0,0.3048711,0,-0.9523937;
racing,killCuboid,10,5,20,402.2022,260.843,234.4623,0.1851869,0.6918699,0.1662785,0.6777709;
racing,killCuboid,10,40,4,425.5131,356.6144,211.7693,0.7284109,0.6822107,-0.057199,0.02709898;
racing,killCuboid,20,10,4,564.5475,325.7291,227.3111,0,0.01486569,0,0.9998895;
custom,arc180,default,3,3,3,1,0.4431818,0,0,1.0,1.0,-924.1142,-318.1696,-231.6182,-0.703364,-0.01722915,-0.03245041,0.7098798;
custom,cuboid,default,1,5,1,0,0.4431818,0,0,1.0,1.0,-903.2851,-326.9942,-227.5505,0,0.001089724,0,-0.9999994;
custom,cuboid,default,1,2,1,0,0.4431818,0,0,1.0,1.0,-892.1057,-325.8918,-227.4316,0.01093661,-0.003609554,-0.7034268,0.7106745;
custom,cuboid,default,1,3,1,0,0.4431818,0,0,1.0,1.0,-886.4376,-335.7282,-227.9335,0,0.009812198,0,0.9999519;
custom,arc180,default,2,1,2,0,0.4431818,0,0,1.0,1.0,-870.5621,-336.1202,-228.4054,-0.6958206,0.01170393,0.0113419,0.7180308;
custom,arc90,default,2,1,2,0,0.4431818,0,0,1.0,1.0,-867.5679,-327.789,-228.8357,-0.3879255,-0.5613444,0.4510619,0.575282;
custom,cuboid,default,1,4,1,0,0.4431818,0,0,1.0,1.0,-851.3427,-337.3409,-225.0124,0,0.02061945,0,0.9997874;
custom,arc90,default,2,2,1,0,0.4431818,0,0,1.0,1.0,-839.0319,-324.6534,-228.7266,0.5991856,-0.3034215,-0.3230447,0.6667489;
custom,arc90,default,2,2,1,0,0.4431818,0,0,1.0,1.0,-811.6642,-326.9974,-230.9739,-0.5964172,0.365795,0.2994625,-0.6486931;
custom,cuboid,default,1,4,1,0,0.4431818,0,0,1.0,1.0,-823.67,-337.1973,-225.8008,0,0.005589369,0,-0.9999844;
custom,arc90,default,2,4,1,0,0.4431818,0,0,1.0,1.0,-789.3694,-325.8317,-222.2401,-0.692405,0.2428502,-0.1005918,0.6719229;
custom,arc180,default,2,1,2,0,0.4431818,0,0,1.0,1.0,-796.0837,-347.1717,-229.6405,-0.3900044,-0.59398,-0.6292673,-0.3148128;
custom,cuboid,default,1,3,1,0,0.4431818,0,0,1.0,1.0,-784.11,-327.9768,-224.1904,0,0.2448991,0,0.9695486;
racing,killCuboid,20,7,20,371.8324,289.5971,230.4193,0,0.703782,0,-0.710416;
