map,disablebounds;
custom,cylinder,stone2,170,1.5,170,1,1,1,1,5.666667,5.666667,8840,-10,-50,0,0.7071068,0,0.7071068;
racing,checkpointCuboid,1.5,9.5,10,8840,52.5,800,0,0.7071068,0,0.7071068;
custom,cuboid,brick3,10,10,22,1,1,1,1,0.01,0.022,9042.5,345,3270,0,0.7071068,0,0.7071068;
custom,cuboid,brick3,10,10,22,1,1,1,1,0.01,0.022,8772.5,345,3270,0,0.7071068,0,0.7071068;
custom,cuboid,brick3,10,10,22,1,1,1,1,0.01,0.022,9312.5,345,3270,0,0.7071068,0,0.7071068;
custom,cuboid,brick3,10,10,22,1,1,1,1,0.01,0.022,8502.5,345,3270,0,0.7071068,0,0.7071068;
custom,cuboid,brick3,10,10,22,1,1,1,1,0.01,0.022,8232.5,345,3270,0,0.7071068,0,0.7071068;
custom,cuboid,brick3,10,10,22,1,1,1,1,0.01,0.022,9582.5,345,3270,0,0.7071068,0,0.7071068;
custom,cuboid,brick3,10,10,22,1,1,1,1,0.01,0.022,7962.5,345,3270,0,0.7071068,0,0.7071068;
custom,cuboid,brick3,10,10,8.5,1,1,1,1,0.01,0.0085,9785,345,3270,0,0.7071068,0,0.7071068;
custom,cuboid,brick3,10,10,22,1,1,1,1,0.01,0.022,9177.5,495,3270,0,0.7071068,0,0.7071068;
custom,cuboid,brick3,10,10,22,1,1,1,1,0.01,0.022,8907.5,495,3270,0,0.7071068,0,0.7071068;
custom,cuboid,brick3,10,10,22,1,1,1,1,0.01,0.022,9447.5,495,3270,0,0.7071068,0,0.7071068;
custom,cuboid,brick3,10,10,22,1,1,1,1,0.01,0.022,8637.5,495,3270,0,0.7071068,0,0.7071068;
custom,cuboid,brick3,10,10,22,1,1,1,1,0.01,0.022,8367.5,495,3270,0,0.7071068,0,0.7071068;
custom,cuboid,brick3,10,10,22,1,1,1,1,0.01,0.022,9717.5,495,3270,0,0.7071068,0,0.7071068;
custom,cuboid,brick3,10,10,22,1,1,1,1,0.01,0.022,8097.5,495,3270,0,0.7071068,0,0.7071068;
custom,cuboid,brick3,10,10,8.5,1,1,1,1,0.01,0.0085,7895,495,3270,0,0.7071068,0,0.7071068;
custom,cuboid,brick3,10,10,22,1,1,1,1,0.01,0.022,9042.5,645,3270,0,0.7071068,0,0.7071068;
custom,cuboid,brick3,10,10,22,1,1,1,1,0.01,0.022,8772.5,645,3270,0,0.7071068,0,0.7071068;
custom,cuboid,brick3,10,10,22,1,1,1,1,0.01,0.022,9312.5,645,3270,0,0.7071068,0,0.7071068;
custom,cuboid,brick3,10,10,22,1,1,1,1,0.01,0.022,8502.5,645,3270,0,0.7071068,0,0.7071068;
custom,cuboid,brick3,10,10,22,1,1,1,1,0.01,0.022,8232.5,645,3270,0,0.7071068,0,0.7071068;
custom,cuboid,brick3,10,10,22,1,1,1,1,0.01,0.022,9582.5,645,3270,0,0.7071068,0,0.7071068;
custom,cuboid,brick3,10,10,22,1,1,1,1,0.01,0.022,7962.5,645,3270,0,0.7071068,0,0.7071068;
custom,cuboid,brick3,10,10,22,1,1,1,1,0.01,0.022,9177.5,795,3270,0,0.7071068,0,0.7071068;
custom,cuboid,brick3,10,10,22,1,1,1,1,0.01,0.022,8907.5,795,3270,0,0.7071068,0,0.7071068;
custom,cuboid,brick3,10,10,22,1,1,1,1,0.01,0.022,9447.5,795,3270,0,0.7071068,0,0.7071068;
custom,cuboid,brick3,10,10,22,1,1,1,1,0.01,0.022,8637.5,795,3270,0,0.7071068,0,0.7071068;
custom,cuboid,brick3,10,10,22,1,1,1,1,0.01,0.022,8367.5,795,3270,0,0.7071068,0,0.7071068;
custom,cuboid,brick3,10,10,22,1,1,1,1,0.01,0.022,9717.5,795,3270,0,0.7071068,0,0.7071068;
custom,cuboid,brick3,10,10,22,1,1,1,1,0.01,0.022,8097.5,795,3270,0,0.7071068,0,0.7071068;
custom,cuboid,brick3,10,10,8.5,1,1,1,1,0.01,0.0085,9785,645,3270,0,0.7071068,0,0.7071068;
custom,cuboid,brick3,10,10,8.5,1,1,1,1,0.01,0.0085,7895,795,3270,0,0.7071068,0,0.7071068;
custom,cuboid,brick3,10,10,22,1,1,1,1,0.01,0.022,9042.5,945,3270,0,0.7071068,0,0.7071068;
custom,cuboid,brick3,10,10,22,1,1,1,1,0.01,0.022,8772.5,945,3270,0,0.7071068,0,0.7071068;
custom,cuboid,brick3,10,10,22,1,1,1,1,0.01,0.022,9312.5,945,3270,0,0.7071068,0,0.7071068;
custom,cuboid,brick3,10,10,22,1,1,1,1,0.01,0.022,8502.5,945,3270,0,0.7071068,0,0.7071068;
custom,cuboid,brick3,10,10,22,1,1,1,1,0.01,0.022,8232.5,945,3270,0,0.7071068,0,0.7071068;
custom,cuboid,brick3,10,10,22,1,1,1,1,0.01,0.022,9582.5,945,3270,0,0.7071068,0,0.7071068;
custom,cuboid,brick3,10,10,22,1,1,1,1,0.01,0.022,7962.5,945,3270,0,0.7071068,0,0.7071068;
custom,cuboid,brick3,10,10,8.5,1,1,1,1,0.01,0.0085,9785,945,3270,0,0.7071068,0,0.7071068;
custom,cuboid,brick3,10,10,22,1,1,1,1,0.01,0.022,9177.5,1095,3270,0,0.7071068,0,0.7071068;
custom,cuboid,brick3,10,10,22,1,1,1,1,0.01,0.022,8907.5,1095,3270,0,0.7071068,0,0.7071068;
custom,cuboid,brick3,10,10,22,1,1,1,1,0.01,0.022,9447.5,1095,3270,0,0.7071068,0,0.7071068;
custom,cuboid,brick3,10,10,22,1,1,1,1,0.01,0.022,8637.5,1095,3270,0,0.7071068,0,0.7071068;
custom,cuboid,brick3,10,10,22,1,1,1,1,0.01,0.022,8367.5,1095,3270,0,0.7071068,0,0.7071068;
custom,cuboid,brick3,10,10,22,1,1,1,1,0.01,0.022,9717.5,1095,3270,0,0.7071068,0,0.7071068;
custom,cuboid,brick3,10,10,22,1,1,1,1,0.01,0.022,8097.5,1095,3270,0,0.7071068,0,0.7071068;
custom,cuboid,brick3,10,10,8.5,1,1,1,1,0.01,0.0085,7895,1095,3270,0,0.7071068,0,0.7071068;
custom,cuboid,brick3,10,10,22,1,1,1,1,0.01,0.022,9042.5,1245,3270,0,0.7071068,0,0.7071068;
custom,cuboid,brick3,10,10,22,1,1,1,1,0.01,0.022,8772.5,1245,3270,0,0.7071068,0,0.7071068;
custom,cuboid,brick3,10,10,22,1,1,1,1,0.01,0.022,9312.5,1245,3270,0,0.7071068,0,0.7071068;
custom,cuboid,brick3,10,10,22,1,1,1,1,0.01,0.022,8502.5,1245,3270,0,0.7071068,0,0.7071068;
custom,cuboid,brick3,10,10,22,1,1,1,1,0.01,0.022,8232.5,1245,3270,0,0.7071068,0,0.7071068;
custom,cuboid,brick3,10,10,22,1,1,1,1,0.01,0.022,9582.5,1245,3270,0,0.7071068,0,0.7071068;
custom,cuboid,brick3,10,10,22,1,1,1,1,0.01,0.022,7962.5,1245,3270,0,0.7071068,0,0.7071068;
custom,cuboid,brick3,10,10,22,1,1,1,1,0.01,0.022,9177.5,1395,3270,0,0.7071068,0,0.7071068;
custom,cuboid,brick3,10,10,22,1,1,1,1,0.01,0.022,9447.5,1395,3270,0,0.7071068,0,0.7071068;
custom,cuboid,brick3,10,10,22,1,1,1,1,0.01,0.022,8637.5,1395,3270,0,0.7071068,0,0.7071068;
custom,cuboid,brick3,10,10,22,1,1,1,1,0.01,0.022,8367.5,1395,3270,0,0.7071068,0,0.7071068;
custom,cuboid,brick3,10,10,22,1,1,1,1,0.01,0.022,9717.5,1395,3270,0,0.7071068,0,0.7071068;
custom,cuboid,brick3,10,10,22,1,1,1,1,0.01,0.022,8097.5,1395,3270,0,0.7071068,0,0.7071068;
custom,cuboid,brick3,10,10,8.5,1,1,1,1,0.01,0.0085,9785,1245,3270,0,0.7071068,0,0.7071068;
custom,cuboid,brick3,10,10,8.5,1,1,1,1,0.01,0.0085,7895,1395,3270,0,0.7071068,0,0.7071068;
custom,cuboid,brick3,10,10,22,1,1,1,1,0.01,0.022,9312.5,1545,3270,0,0.7071068,0,0.7071068;
custom,cuboid,brick3,10,10,22,1,1,1,1,0.01,0.022,8232.5,1545,3270,0,0.7071068,0,0.7071068;
custom,cuboid,brick3,10,10,22,1,1,1,1,0.01,0.022,9582.5,1545,3270,0,0.7071068,0,0.7071068;
custom,cuboid,brick3,10,10,22,1,1,1,1,0.01,0.022,7962.5,1545,3270,0,0.7071068,0,0.7071068;
custom,cuboid,brick3,10,10,22,1,1,1,1,0.01,0.022,9447.5,1695,3270,0,0.7071068,0,0.7071068;
custom,cuboid,brick3,10,10,22,1,1,1,1,0.01,0.022,8367.5,1695,3270,0,0.7071068,0,0.7071068;
custom,cuboid,brick3,10,10,22,1,1,1,1,0.01,0.022,9717.5,1695,3270,0,0.7071068,0,0.7071068;
custom,cuboid,brick3,10,10,22,1,1,1,1,0.01,0.022,8097.5,1695,3270,0,0.7071068,0,0.7071068;
custom,cuboid,brick3,10,10,8.5,1,1,1,1,0.01,0.0085,9785,1545,3270,0,0.7071068,0,0.7071068;
custom,cuboid,brick3,10,10,8.5,1,1,1,1,0.01,0.0085,7895,1695,3270,0,0.7071068,0,0.7071068;
custom,cuboid,brick3,10,10,22,1,1,1,1,0.01,0.022,9312.5,1845,3270,0,0.7071068,0,0.7071068;
custom,cuboid,brick3,10,10,22,1,1,1,1,0.01,0.022,8502.5,1845,3270,0,0.7071068,0,0.7071068;
custom,cuboid,brick3,10,10,22,1,1,1,1,0.01,0.022,8232.5,1845,3270,0,0.7071068,0,0.7071068;
custom,cuboid,brick3,10,10,22,1,1,1,1,0.01,0.022,9582.5,1845,3270,0,0.7071068,0,0.7071068;
custom,cuboid,brick3,10,10,22,1,1,1,1,0.01,0.022,7962.5,1845,3270,0,0.7071068,0,0.7071068;
custom,cuboid,brick3,10,10,8.5,1,1,1,1,0.01,0.0085,9785,1845,3270,0,0.7071068,0,0.7071068;
custom,cuboid,brick3,10,10,22,1,1,1,1,0.01,0.022,9177.5,1995,3270,0,0.7071068,0,0.7071068;
custom,cuboid,brick3,10,10,22,1,1,1,1,0.01,0.022,8907.5,1995,3270,0,0.7071068,0,0.7071068;
custom,cuboid,brick3,10,10,22,1,1,1,1,0.01,0.022,9447.5,1995,3270,0,0.7071068,0,0.7071068;
custom,cuboid,brick3,10,10,22,1,1,1,1,0.01,0.022,8637.5,1995,3270,0,0.7071068,0,0.7071068;
custom,cuboid,brick3,10,10,22,1,1,1,1,0.01,0.022,8367.5,1995,3270,0,0.7071068,0,0.7071068;
custom,cuboid,brick3,10,10,22,1,1,1,1,0.01,0.022,9717.5,1995,3270,0,0.7071068,0,0.7071068;
custom,cuboid,brick3,10,10,22,1,1,1,1,0.01,0.022,8097.5,1995,3270,0,0.7071068,0,0.7071068;
custom,cuboid,brick3,10,10,8.5,1,1,1,1,0.01,0.0085,7895,1995,3270,0,0.7071068,0,0.7071068;
custom,cuboid,default,4.6,99,196.5,1,0.62,0.62,0.62,0.23,9.825,8840,795,3293,0,0.7071068,0,0.7071068;
custom,cuboid,default,4.6,15,75,1,0.62,0.62,0.62,0.23,3.75,9447.5,1365,3293,0,0.7071068,0,0.7071068;
custom,cuboid,default,4.6,15,61.5,1,0.62,0.62,0.62,0.23,3.075,9515,1515,3293,0,0.7071068,0,0.7071068;
custom,cuboid,default,4.6,15,61.5,1,0.62,0.62,0.62,0.23,3.075,9515,1875,3293,0,0.7071068,0,0.7071068;
custom,cuboid,default,4.6,21,48,1,0.62,0.62,0.62,0.23,2.4,9582.5,1695,3293,0,0.7071068,0,0.7071068;
custom,cuboid,default,4.6,9,196.5,1,0.62,0.62,0.62,0.23,9.825,8840,1995,3293,0,0.7071068,0,0.7071068;
custom,cuboid,default,4.6,15,75,1,0.62,0.62,0.62,0.23,3.75,8232.5,1875,3293,0,0.7071068,0,0.7071068;
custom,cuboid,default,4.6,15,61.5,1,0.62,0.62,0.62,0.23,3.075,8165,1725,3293,0,0.7071068,0,0.7071068;
custom,cuboid,default,4.6,21,48,1,0.62,0.62,0.62,0.23,2.4,8097.5,1545,3293,0,0.7071068,0,0.7071068;
custom,cuboid,default,4.6,15,88.5,1,0.62,0.62,0.62,0.23,4.425,8300,1365,3293,0,0.7071068,0,0.7071068;
racing,endcuboid,2.5,70,115.7,8840,1620,3300,0,0.7071068,0,0.7071068;
custom,cuboid,brick3,10,10,22,1,1,1,1,0.01,0.022,8810,50,3920,0,0.6427876,0,0.7660444;
custom,cuboid,brick3,10,10,22,1,1,1,1,0.01,0.022,8890,50,3750,-0.3535533,0.3535534,-0.6123725,0.6123724;
custom,cuboid,brick3,10,10,22,1,1,1,1,0.01,0.022,8835,150,3840,-0.9063078,0,-0.4226182,0;
custom,cuboid,brick3,10,10,22.00001,1,1,1,1,0.01,0.022,9215,50,4000,0,0.9601054,0,-0.2796382;
custom,cuboid,brick3,10,10,22,1,1,1,1,0.01,0.022,8840,250,3850,0,0.6427876,0,0.7660444;
custom,cuboid,brick3,10,9.999999,22,1,1,1,1,0.01,0.022,8385,49.5,3910,-0.5515496,0.5515496,0.4424851,-0.4424851;
custom,cuboid,brick3,10,10,22,1,1,1,1,0.01,0.022,8195,50,3630,-0.9713893,0,0.2374929,0;
custom,cuboid,brick3,10,10,22,1,1,1,1,0.01,0.022,9720,50,3680,-0.4545195,0.4545195,-0.5416752,0.5416752;
custom,cuboid,brick3,10,10,22,1,1,1,1,0.01,0.022,8570,50,3710,0,0.8433914,0,0.5372996;
custom,cuboid,brick3,10,10,22,1,1,1,1,0.01,0.022,8030,50,3780,0,0.7660444,0,0.6427876;
custom,cuboid,brick3,12,12,24,1,1,1,1,0.012,0.024,9100,40,3590,-0.6427876,0,-0.7660444,0;
custom,cuboid,brick3,10,10,22,1,1,1,1,0.01,0.022,9550,50,3910,0.5684126,0.5684126,0.4206033,0.4206032;
custom,cuboid,brick3,10,10,22,1,1,1,1,0.01,0.022,8335,50,4150,0.2164396,0,-0.976296,0;
custom,cuboid,brick3,9.999999,10,22,1,1,1,1,0.01,0.022,9425,50,3560,0,0.9914449,0,-0.1305262;
custom,cuboid,brick4,4.9,30,197,1,1,1,0.5,1.97,0.3,8840,150,3293,0,0.7071068,0,0.7071068;
misc,barrier,3,100,196.5,8840,795,3205,0,0.7071068,0,0.7071068;
misc,barrier,13,3,202.5,8840,2055,3255,0,0.7071068,0,0.7071068;
misc,barrier,13,175,3,9837.5,1170,3255,0,0.7071068,0,0.7071068;
misc,barrier,13,175,3,7842.5,1170,3255,0,0.7071068,0,0.7071068;
misc,barrier,18,1,18,8840,125,-4070,0,0.7071068,0,0.7071068;
misc,barrier,26.6,2,202,8840.0000013,204.5252,3122.456,-0.2836549,0.647719,-0.2836549,0.647719;
misc,barrier,30,30,3,9837.5,145,3170,0,0.7071068,0,0.7071068;
misc,barrier,30,30,3,7842.5,145,3170,0,0.7071068,0,0.7071068;
misc,barrier,3,15,75.5,9445,1370,3205,0,0.7071068,0,0.7071068;
misc,barrier,3,15,62,9512.5,1520,3205,0,0.7071068,0,0.7071068;
misc,barrier,3,20,48.5,9580,1695,3205,0,0.7071068,0,0.7071068;
misc,barrier,3,15,62,9512.5,1870,3205,0,0.7071068,0,0.7071068;
misc,barrier,3,10,196.5,8840,1990,3205,0,0.7071068,0,0.7071068;
misc,barrier,3,20,48.5,8100,1545,3205,0,0.7071068,0,0.7071068;
misc,barrier,3,15,62,8167.5,1720,3205,0,0.7071068,0,0.7071068;
misc,barrier,3,15,75.5,8235,1870,3205,0,0.7071068,0,0.7071068;
misc,barrier,3,15,89,8302.5,1370,3205,0,0.7071068,0,0.7071068;

spawnpoint,playerC,8855,40,-4070,0,0.7071068,0,0.7071068;
spawnpoint,playerM,8825,40,-4070,0,0.7071068,0,0.7071068;

custom,cuboid,grass2,2500,2.5,2500,1,1,0.9,1,125,125,8840,-10,-160,0,0.7071068,0,0.7071068;
racing,startcuboid,1.5,2,6,8840,70,-3990,0,0.7071068,0,0.7071068;
custom,cuboid,brick2,2.05,12,17.95,1,1,1,1,0.8975,0.6,8920,60,-4070,0,0,0,1;
custom,cuboid,brick2,2.05,12,17.95,1,1,1,1,0.8975,0.6,8760,60,-4070,0,0,0,1;
custom,cuboid,brick2,2,12,18,1,1,1,1,0.9,0.6,8840,60,-4150,0,0.7071068,0,0.7071068;
custom,cuboid,stone2,17,4,17,1,1,1,1,0.85,0.85,8840,20,-4070,0,0.7071068,0,0.7071068;
custom,cuboid,brick2,2,6.2,18,1,1,1,1,0.9,0.31,8840,31,-3990,0,0.7071068,0,0.7071068;
custom,cuboid,brick2,2,4.2,18,1,1,1,1,0.9,0.21,8840,99,-3990,0,0.7071068,0,0.7071068;
custom,tube,stone7,1.893166,2.958098,1.893165,1,1,1,1,0.1,0.15,8855.44555,69.76705,-3989.48,-0.5,0.5,-0.5,0.5;
custom,cuboid,brick2,2,1.6,1.4,1,1,1,1,0.07,0.08,8840,70,-3990,0,0.7071068,0,0.7071068;
custom,cuboid,brick2,2,1.6,6.7,1,1,1,1,0.335,0.08,8896.5,70,-3990,0,0.7071068,0,0.7071068;
custom,cuboid,brick2,2,1.6,6.7,1,1,1,1,0.335,0.08,8783.5,70,-3990,0,0.7071068,0,0.7071068;
custom,cuboid,brick4,18.05,0.75,2.1,1,1,1,1,0.9025,0.105,8920,122.5,-4070,0,0.7071068,0,0.7071068;
custom,cuboid,brick4,18.05,0.75,2.1,1,1,1,1,0.9025,0.105,8760,122.5,-4070,0,0.7071068,0,0.7071068;
custom,cuboid,brick4,18.05,0.7,2.1,1,1,1,1,0.9025,0.105,8840,122.5,-4150,0,0,0,1;
custom,cuboid,brick4,18.05,0.7,2.1,1,1,1,1,0.9025,0.105,8840,122.5,-3990,0,0,0,1;
custom,cuboid,brick4,11,0.8,2,1,1,1,1,0.55,0.1,8840,2.5,-900,0,0,0,1;
custom,cuboid,brick4,11,0.8,2,1,1,1,1,0.55,0.1,8840,2.5,800,0,0,0,1;
custom,cuboid,wood1,3,20,3,1,1,1,1,0.1,0.6666667,9840,50,3150,0,0.7071068,0,0.7071068;
custom,cylinder,wood2,1.9,100,1.9,1,1,1,0.07,0.02,0.02,8840,100,3150,-0.5,0.5,0.5,0.5;
custom,cuboid,wood1,3,20,3,1,1,1,1,0.1,0.6666667,7840,50,3150,0,0.7071068,0,0.7071068;
custom,cuboid,brick1,10,10,152,1,1,1,1,7.6,0.5,8840,50,2790,0,0.7071068,0,0.7071068;
custom,cuboid,brick1,10,10,152,1,1,1,1,7.6,0.5,8840,50,2390,0,0.7071068,0,0.7071068;
custom,cuboid,brick1,10,10,152,1,1,1,1,7.6,0.5,8840,50,1620,0,0.7071068,0,0.7071068;
custom,cuboid,brick1,10,10,152,1,1,1,1,7.6,0.5,8840,50,-1720,0,0.7071068,0,0.7071068;
custom,cuboid,brick1,10,10,102,1,1,1,1,5.1,0.5,8840,50,-2890,0,0.7071068,0,0.7071068;
custom,cuboid,brick1,10,10,77,1,1,1,1,3.85,0.5,8840,50,-2720,0,0.7071068,0,0.7071068;
custom,cuboid,brick1,10,10,52,1,1,1,1,2.6,0.5,8840,50,-2550,0,0.7071068,0,0.7071068;
custom,cuboid,brick1,10,10,27,1,1,1,1,1.35,0.5,8840,50,-2380,0,0.7071068,0,0.7071068;
custom,cuboid,brick1,10,10,10,1,1,1,1,0.5,0.5,8840,50,2590,0,0.7071068,0,0.7071068;
custom,cuboid,brick1,10,10,76,1,1,1,1,3.8,0.5,9470.0001,50,2590,0,0.7071068,0,0.7071068;
custom,cuboid,brick1,10,10,76,1,1,1,1,3.8,0.5,8209.9999,50,2590,0,0.7071068,0,0.7071068;
custom,cuboid,brick1,10,10,86,1,1,1,1,4.3,0.5,8259.9999,50,2190,0,0.7071068,0,0.7071068;
custom,cuboid,brick1,10,10,86,1,1,1,1,4.3,0.5,9420.0001,50,2190,0,0.7071068,0,0.7071068;
custom,cuboid,brick1,10,10,86,1,1,1,1,4.3,0.5,9420,50,1820,0,0.7071068,0,0.7071068;
custom,cuboid,brick1,10,10,86,1,1,1,1,4.3,0.5,9420,50,1420,0,0.7071068,0,0.7071068;
custom,cuboid,brick1,10,10,86,1,1,1,1,4.3,0.5,8260,50,1420,0,0.7071068,0,0.7071068;
custom,cuboid,brick1,10,10,86,1,1,1,1,4.3,0.5,8259.9999,50,1820,0,0.7071068,0,0.7071068;
custom,cuboid,brick1,10,10,86,1,1,1,1,4.3,0.5,8260,50,-1520,0,0.7071068,0,0.7071068;
custom,cuboid,brick1,10,10,74,1,1,1,1,3.7,0.5,8200,50,-1920,0,0.7071068,0,0.7071068;
custom,cuboid,brick1,10,10,74,1,1,1,1,3.7,0.5,9480,50,-1920,0,0.7071068,0,0.7071068;
custom,cuboid,brick1,10,10,86,1,1,1,1,4.3,0.5,9420,50,-1520,0,0.7071068,0,0.7071068;
custom,cuboid,brick1,10,10,54,1,1,1,1,2.7,0.5,9250,50,-3060,0,0.7071068,0,0.7071068;
custom,cuboid,brick1,10,10,54,1,1,1,1,2.7,0.5,8430,50,-3060,0,0.7071068,0,0.7071068;
custom,cuboid,brick1,10,10,87,1,1,1,1,4.35,0.5000001,8750,50,-3545,0,0,0,1;
custom,cuboid,brick1,9.999999,10,87,1,1,1,1,4.35,0.4999999,8930,50,-3545,0,-1e-7,0,1;
custom,cuboid,brick1,10,10,62,1,1,1,1,3.1,0.5000001,8940,50,-1160,0,0,0,1;
custom,cuboid,brick1,10,10,62,1,1,1,1,3.1,0.5000001,8740,50,-1160,0,0,0,1;
custom,cuboid,brick1,10,10,62,1,1,1,1,3.1,0.5000001,8740,50,1060,0,0,0,1;
custom,cuboid,brick1,10,10,62,1,1,1,1,3.1,0.5,8940,50,1060,0,0,0,1;
custom,cuboid,brick1,10,10,27,1,1,1,1,1.35,0.5000001,8940,50,2005,0,0,0,1;
custom,cuboid,brick1,10,10,27,1,1,1,1,1.35,0.5000001,8740,50,2005,0,0,0,1;
custom,cuboid,brick1,10,10,50.00001,1,1,1,1,2.5,0.5000001,9900,50,1620,0,0,0,1;
custom,cuboid,brick1,10,10,50.00001,1,1,1,1,2.5,0.5000001,7780,50,1620,0,0,0,1;
custom,cuboid,brick1,10,10,90,1,1,1,1,4.5,0.5000001,7780,50,2590,0,0,0,1;
custom,cuboid,brick1,10,10,90.1,1,1,1,1,4.505,0.5000001,9900,50,2590,0,0,0,1;
custom,cuboid,brick1,10,10,50.00001,1,1,1,1,2.5,0.5000001,9900,50,-1720,0,0,0,1;
custom,cuboid,brick1,10,10,50.00001,1,1,1,1,2.5,0.5000001,7780,50,-1720,0,0,0,1;
custom,cuboid,brick1,10,10,44,1,1,1,1,2.2,0.5000001,8110,50,-2890,0,0,0,1;
custom,cuboid,brick1,12.5,10,27,1,1,1,1,1.35,0.6250001,8222.5,50,-2635,0,0,0,1;
custom,cuboid,brick1,12.5,10,27,1,1,1,1,1.35,0.6250001,8347.5,50,-2465,0,0,0,1;
custom,cuboid,brick1,12.5,10,29,1,1,1,1,1.45,0.6250001,8597.5,50,-2115,0,0,0,1;
custom,cuboid,brick1,12.5,10,27,1,1,1,1,1.35,0.6250001,8472.5,50,-2295,0,0,0,1;
custom,cuboid,brick1,10,10,44,1,1,1,1,2.2,0.5,9570,50.00005,-2890,0,0,-1,1e-7;
custom,cuboid,brick1,12.5,10,27,1,1,1,1,1.35,0.625,9457.5,50.00003,-2635,0,0,-1,1e-7;
custom,cuboid,brick1,12.5,10,27,1,1,1,1,1.35,0.625,9332.5,50.00001,-2465,0,0,-1,1e-7;
custom,cuboid,brick1,12.5,10,29,1,1,1,1,1.45,0.625,9082.5,49.99997,-2115,0,0,-1,1e-7;
custom,cuboid,brick1,12.5,10,27,1,1,1,1,1.35,0.625,9207.5,49.99999,-2295,0,0,-1,1e-7;
custom,cuboid,brick1,9.911,10,23.48,1,1,1,1,1.174,0.49555,9015.1521,50,-874.025,0,0.6293204,0,0.777146;
custom,cuboid,brick1,9.910999,10,23.48,1,1,1,1,1.174,0.49555,9182.6492,50,-819.603,0,0.544639,0,0.8386706;
custom,cuboid,brick1,9.910999,10,23.48,1,1,1,1,1.174,0.49555,9466.0512,50,-613.699,0,0.358368,0,0.9335804;
custom,cuboid,brick1,9.910999,10,23.48,1,1,1,1,1.174,0.49555,9677.8199,50,38.059,0,-0.052336,0,0.9986295;
custom,cuboid,brick1,9.910999,10,23.48,1,1,1,1,1.174,0.49555,9335.1708,50,-731.544,0,0.4539905,0,0.8910065;
custom,cuboid,brick1,9.910999,10,23.48,1,1,1,1,1.174,0.49555,9641.2032,50,-310.326,0,0.1564346,0,0.9876883;
custom,cuboid,brick1,9.910999,10,23.48,1,1,1,1,1.174,0.49555,9569.5701,50,-471.218,0,0.258819,0,0.9659258;
custom,cuboid,brick1,9.910999,10,23.48,1,1,1,1,1.174,0.49555,9677.8199,50,-138.059,0,0.0523359,0,0.9986295;
custom,cuboid,brick1,9.911,10,23.48,1,1,1,1,1.174,0.49555,8664.8479,50,-874.025,0,0.777146,0,0.6293204;
custom,cuboid,brick1,9.910999,10,23.48,1,1,1,1,1.174,0.49555,8497.3508,50,-819.603,0,0.8386706,0,0.544639;
custom,cuboid,brick1,9.910999,10,23.48,1,1,1,1,1.174,0.49555,8002.1801,50,38.059,0,0.9986295,0,-0.052336;
custom,cuboid,brick1,9.910999,10,23.48,1,1,1,1,1.174,0.49555,8344.8292,50,-731.544,0,0.8910065,0,0.4539905;
custom,cuboid,brick1,9.910999,10,23.48,1,1,1,1,1.174,0.49555,8038.7968,50,-310.326,0,0.9876883,0,0.1564346;
custom,cuboid,brick1,9.910999,10,23.48,1,1,1,1,1.174,0.49555,8213.9488,50,-613.699,0,0.9335804,0,0.358368;
custom,cuboid,brick1,9.910999,10,23.48,1,1,1,1,1.174,0.49555,8110.4299,50,-471.218,0,0.9659258,0,0.258819;
custom,cuboid,brick1,9.910999,10,23.48,1,1,1,1,1.174,0.49555,8002.1801,50,-138.059,0,0.9986295,0,0.0523359;
custom,cuboid,brick1,9.910999,10,23.48,1,1,1,1,1.174,0.49555,8038.7968,50,210.326,0,0.9876883,0,-0.1564346;
custom,cuboid,brick1,9.911,10,23.48,1,1,1,1,1.174,0.49555,8110.43,50,371.218,0,0.9659258,0,-0.258819;
custom,cuboid,brick1,9.911,10,23.48,1,1,1,1,1.174,0.49555,8213.9489,50,513.699,0,0.9335804,0,-0.358368;
custom,cuboid,brick1,9.910999,10,23.48,1,1,1,1,1.174,0.49555,8344.8292,50,631.544,0,0.8910065,0,-0.4539905;
custom,cuboid,brick1,9.911,10,23.48,1,1,1,1,1.174,0.49555,8497.3509,50,719.603,0,0.8386706,0,-0.544639;
custom,cuboid,brick1,9.911,10,23.48,1,1,1,1,1.174,0.49555,8664.848,50,774.026,0,0.7771459,0,-0.6293204;
custom,cuboid,brick1,9.911,10,23.48,1,1,1,1,1.174,0.49555,9015.152,50,774.026,0,-0.6293204,0,0.7771459;
custom,cuboid,brick1,9.910999,10,23.48,1,1,1,1,1.174,0.49555,9335.1708,50,631.544,0,-0.4539905,0,0.8910065;
custom,cuboid,brick1,9.911,10,23.48,1,1,1,1,1.174,0.49555,9569.57,50,371.218,0,-0.258819,0,0.9659258;
custom,cuboid,brick1,9.911,10,23.48,1,1,1,1,1.174,0.49555,9182.6491,50,719.603,0,-0.544639,0,0.8386706;
custom,cuboid,brick1,9.911,10,23.48,1,1,1,1,1.174,0.49555,9466.0511,50,513.699,0,-0.358368,0,0.9335804;
custom,cuboid,brick1,9.910999,10,23.48,1,1,1,1,1.174,0.49555,9641.2032,50,210.326,0,-0.1564346,0,0.9876883;
custom,cuboid,brick1,10,10,9.999999,1,1,1,1,0.4999999,0.5,8750,50,-3060,0,0.7071068,0,0.7071068;
custom,cuboid,brick1,10,10,9.999999,1,1,1,1,0.4999999,0.5,8929.99994,50,-3060,0,0.7071068,0,0.7071068;
custom,cuboid,brick1,10,10,9.999999,1,1,1,1,0.4999999,0.5,9400,50,-2890,0,0.7071068,0,0.7071068;
custom,cuboid,brick1,10,10,9.999999,1,1,1,1,0.4999999,0.5,8280,50,-2890,0,0.7071068,0,0.7071068;
custom,cuboid,brick1,10,10,9.999999,1,1,1,1,0.4999999,0.5,8405,50,-2720,0,0.7071068,0,0.7071068;
custom,cuboid,brick1,10,10,9.999999,1,1,1,1,0.4999999,0.5,9275,50,-2720,0,0.7071068,0,0.7071068;
custom,cuboid,brick1,10,10,9.999999,1,1,1,1,0.4999999,0.5,9150,50,-2550,0,0.7071068,0,0.7071068;
custom,cuboid,brick1,10,10,9.999999,1,1,1,1,0.4999999,0.5,8530,50,-2550,0,0.7071068,0,0.7071068;
custom,cuboid,brick1,10,10,9.999999,1,1,1,1,0.4999999,0.5,9025,50,-2380,0,0.7071068,0,0.7071068;
custom,cuboid,brick1,10,10,9.999999,1,1,1,1,0.4999999,0.5,8655,50,-2380,0,0.7071068,0,0.7071068;
custom,cuboid,brick1,10,10,11,1,1,1,1,0.55,0.5,8895,50,-2210,0,0.7071068,0,0.7071068;
custom,cuboid,brick1,10,10,11,1,1,1,1,0.55,0.5,8785,50,-2210,0,0.7071068,0,0.7071068;
custom,cuboid,brick1,10,10,9.999999,1,1,1,1,0.4999999,0.5,8030,50,-1720,0,0.7071068,0,0.7071068;
custom,cuboid,brick1,10,10,9.999999,1,1,1,1,0.4999999,0.5,9650,50,-1720,0,0.7071068,0,0.7071068;
custom,cuboid,brick1,10,10,9.999999,1,1,1,1,0.4999999,0.5,8940.0001,50,-1520,0,0.7071068,0,0.7071068;
custom,cuboid,brick1,10,10,9.999999,1,1,1,1,0.4999999,0.5,8740.00004,50,-1520,0,0.7071068,0,0.7071068;
custom,cuboid,brick1,22,22,22,1,1,1,1,1.1,1.1,9000,-10,-1980,0,0.7071068,0,0.7071068;
custom,cuboid,brick1,22,22,22,1,1,1,1,1.1,1.1,8680,-10,-1980,0,0.7071068,0,0.7071068;
custom,cuboid,brick1,10,10,9.999999,1,1,1,1,0.4999999,0.5,8940.0001,50,1420,0,0.7071068,0,0.7071068;
custom,cuboid,brick1,10,10,9.999999,1,1,1,1,0.4999999,0.5,8739.9999,50,1420,0,0.7071068,0,0.7071068;
custom,cuboid,brick1,10,10,9.999999,1,1,1,1,0.4999999,0.5,9650,50,1620,0,0.7071068,0,0.7071068;
custom,cuboid,brick1,10,10,9.999999,1,1,1,1,0.4999999,0.5,8030,50,1620,0,0.7071068,0,0.7071068;
custom,cuboid,brick1,10,10,9.999999,1,1,1,1,0.4999999,0.5,9650,50,2390,0,0.7071068,0,0.7071068;
custom,cuboid,brick1,10,10,9.999999,1,1,1,1,0.4999999,0.5,8030,50,2390,0,0.7071068,0,0.7071068;
custom,cuboid,brick1,10,10,9.999999,1,1,1,1,0.4999999,0.5,9650,50,2790,0,0.7071068,0,0.7071068;
custom,cuboid,brick1,10,10,9.999999,1,1,1,1,0.4999999,0.5,8030,50,2790,0,0.7071068,0,0.7071068;
custom,cuboid,brick1,10,10,9.999999,1,1,1,1,0.4999999,0.5,8940.0001,50,1820,0,0.7071068,0,0.7071068;
custom,cuboid,brick1,10,10,9.999999,1,1,1,1,0.4999999,0.5,8739.9999,50,1820,0,0.7071068,0,0.7071068;
custom,cuboid,brick1,10,10,9.999999,1,1,1,1,0.4999999,0.5,8940.0001,50,2190,0,0.7071068,0,0.7071068;
custom,cuboid,brick1,10,10,9.999999,1,1,1,1,0.4999999,0.5,8739.9999,50,2190,0,0.7071068,0,0.7071068;
custom,cuboid,brick1,10,10,9.999999,1,1,1,1,0.4999999,0.5,9040,50,2590,0,0.7071068,0,0.7071068;
custom,cuboid,brick1,10,10,9.999999,1,1,1,1,0.4999999,0.5,8640,50,2590,0,0.7071068,0,0.7071068;
custom,cuboid,brick1,10,10,10.75,1,1,1,1,0.5375,0.5,9852.5,50,2990,0,0.7071068,0,0.7071068;
custom,cuboid,brick1,10,10,10,1,1,1,1,0.5,0.5,9582.5,50,2990,0,0.7071068,0,0.7071068;
custom,cuboid,brick1,10,10,10,1,1,1,1,0.5,0.5,9312.5,50,2990,0,0.7071068,0,0.7071068;
custom,cuboid,brick1,10,10,10,1,1,1,1,0.5,0.5,9042.5,50,2990,0,0.7071068,0,0.7071068;
custom,cuboid,brick1,10,10,10,1,1,1,1,0.5,0.5,8772.5,50,2990,0,0.7071068,0,0.7071068;
custom,cuboid,brick1,10,10,10,1,1,1,1,0.5,0.5,8502.5,50,2990,0,0.7071068,0,0.7071068;
custom,cuboid,brick1,10,10,10,1,1,1,1,0.5,0.5,8232.5,50,2990,0,0.7071068,0,0.7071068;
custom,cuboid,brick1,10,10,10,1,1,1,1,0.5,0.5,7962.5,50,2990,0,0.7071068,0,0.7071068;
custom,cuboid,brick1,10,10,8.25,1,1,1,1,0.4125,0.5,7871.25,50,2990,0,0.7071068,0,0.7071068;
custom,cuboid,default,98,1,11,1,1,0.9488462,0.9076389,4.9,0.55,8930,100,-3495,0,0.7071068,0,0.7071068;
custom,cuboid,default,98,1,11,1,1,0.9488462,0.9076389,4.9,0.55,8750,100,-3495,0,0.7071068,0,0.7071068;
custom,cuboid,default,11,1,53,1,1,0.9153846,0.8472222,0.55,2.65,8430,100,-3060,0,0.7071068,0,0.7071068;
custom,cuboid,default,11,1,53,1,1,0.9153846,0.8472222,0.55,2.65,9250,100,-3060,0,0.7071068,0,0.7071068;
custom,cuboid,default,11,1,123,1,1,0.9023077,0.8236111,0.55,6.15,8840,100,-2890,0,0.7071068,0,0.7071068;
custom,cuboid,default,11,1,98,1,1,0.8892308,0.8,0.55,4.9,8840,100,-2720,0,0.7071068,0,0.7071068;
custom,cuboid,default,11,1,73,1,1,0.8761538,0.7763889,0.55,3.65,8840,100,-2550,0,0.7071068,0,0.7071068;
custom,cuboid,default,11,1,48,1,1,0.8630769,0.7527778,0.55,2.4,8840,100,-2380,0,0.7071068,0,0.7071068;
custom,cuboid,default,11,1,23,1,1,0.85,0.7291667,0.55,1.15,8840,100,-2210,0,0.7071068,0,0.7071068;
custom,cuboid,default,11,1,173,1,1,0.8123077,0.6611111,0.55,8.65,8840,100,-1720,0,0.7071068,0,0.7071068;
custom,cuboid,default,11,1,173,1,1,0.5553846,0.1972222,0.55,8.65,8840,100,1620,0,0.7071068,0,0.7071068;
custom,cuboid,default,11,1,173,1,1,0.4961538,0.0902778,0.55,8.65,8840,100,2390,0,0.7071068,0,0.7071068;
custom,cuboid,default,11,1,173,1,1,0.4653846,0.0347222,0.55,8.65,8840,100,2790,0,0.7071068,0,0.7071068;
custom,cuboid,default,29,1,11,1,1,0.8123077,0.6611111,1.45,0.55,7780,100,-1720,0,0.7071068,0,0.7071068;
custom,cuboid,default,29,1,11,1,1,0.8123077,0.6611111,1.45,0.55,9900,100,-1720,0,0.7071068,0,0.7071068;
custom,cuboid,default,29,1,11,1,1,0.5553846,0.1972222,1.45,0.55,7780,100,1620,0,0.7071068,0,0.7071068;
custom,cuboid,default,29,1,11,1,1,0.5553846,0.1972222,1.45,0.55,9900,100,1620,0,0.7071068,0,0.7071068;
custom,cuboid,default,45,1,11,1,1,0.9023077,0.8236111,2.25,0.55,9570,100,-2890,0,0.7071068,0,0.7071068;
custom,cuboid,default,28,1.1,13.5,1,1,0.8826923,0.7881944,1.4,0.675,9457.5,100.5,-2635,0,0.7071068,0,0.7071068;
custom,cuboid,default,28,1,13.5,1,1,0.8696154,0.7645833,1.4,0.675,9332.5,100,-2465,0,0.7071068,0,0.7071068;
custom,cuboid,default,28,1.1,13.5,1,1,0.8565385,0.7409722,1.4,0.675,9207.5,100.5,-2295,0,0.7071068,0,0.7071068;
custom,cuboid,default,17,1,13.5,1,1,0.8476923,0.725,0.85,0.675,9082.5,100,-2180,0,0.7071068,0,0.7071068;
custom,cuboid,default,23,1,26.5,1,1,0.8323077,0.6972222,1.15,1.325,9017.5,100,-1980,0,0.7071068,0,0.7071068;
custom,cuboid,default,11,1,80.5,1,1,0.8276923,0.6888889,0.55,4.025,9552.5,100,-1920,0,0.7071068,0,0.7071068;
custom,cuboid,default,45,1,11,1,1,0.9023077,0.8236111,2.25,0.55,8110,100,-2890,0,0.7071068,0,0.7071068;
custom,cuboid,default,28,1.1,13.5,1,1,0.8826923,0.7881944,1.4,0.675,8222.5,100.5,-2635,0,0.7071068,0,0.7071068;
custom,cuboid,default,28,1,13.5,1,1,0.8696154,0.7645833,1.4,0.675,8347.5,100,-2465,0,0.7071068,0,0.7071068;
custom,cuboid,default,28,1.1,13.5,1,1,0.8565385,0.7409722,1.4,0.675,8472.5,100.5,-2295,0,0.7071068,0,0.7071068;
custom,cuboid,default,17,1,13.5,1,1,0.8476923,0.725,0.85,0.675,8597.5,100,-2180,0,0.7071068,0,0.7071068;
custom,cuboid,default,23,1,26.5,1,1,0.8323077,0.6972222,1.15,1.325,8662.5,100,-1980,0,0.7071068,0,0.7071068;
custom,cuboid,default,11,1,80.5,1,1,0.8276923,0.6888889,0.55,4.025,8127.5,100,-1920,0,0.7071068,0,0.7071068;
custom,cuboid,default,11,1,107,1,1,0.7969231,0.6333333,0.55,5.35,9420,100,-1520,0,0.7071068,0,0.7071068;
custom,cuboid,default,11,1,107,1,1,0.7969231,0.6333333,0.55,5.35,8260,100,-1520,0,0.7071068,0,0.7071068;
custom,cuboid,default,62,1,11,1,1,0.7688462,0.5826389,3.1,0.55,8740,100,-1155,0,0.7071068,0,0.7071068;
custom,cuboid,default,62,1,11,1,1,0.7688462,0.5826389,3.1,0.55,8940,100,-1155,0,0.7071068,0,0.7071068;
custom,cuboid,default,10.911,1.1,23.48,1,1,0.7472327,0.5436147,0.54555,1.174,9015.1521,100,-874.025,0,0.6293204,0,0.777146;
custom,cuboid,default,10.911,1,23.48,1,1,0.7430463,0.5360559,0.54555,1.174,9182.6492,100,-819.603,0,0.544639,0,0.8386706;
custom,cuboid,default,10.911,1,23.48,1,1,0.7272076,0.5074582,0.54555,1.174,9466.0512,100,-613.699,0,0.358368,0,0.9335804;
custom,cuboid,default,10.911,1,23.48,1,1,0.6770724,0.4169363,0.54555,1.174,9677.8199,100,38.059,0,-0.052336,0,0.9986295;
custom,cuboid,default,10.911,1.1,23.48,1,1,0.7362726,0.5238256,0.54555,1.174,9335.1708,100,-731.544,0,0.4539905,0,0.8910065;
custom,cuboid,default,10.911,1,23.48,1,1,0.7038713,0.4653231,0.54555,1.174,9641.2032,100,-310.326,0,0.1564346,0,0.9876883;
custom,cuboid,default,10.911,1.1,23.48,1,1,0.7162475,0.4876691,0.54555,1.174,9569.5701,100,-471.218,0,0.258819,0,0.9659258;
custom,cuboid,default,10.911,1.1,23.48,1,1,0.6906199,0.441397,0.54555,1.174,9677.8199,100,-138.059,0,0.0523359,0,0.9986295;
custom,cuboid,default,10.911,1.1,23.48,1,1,0.7472327,0.5436147,0.54555,1.174,8664.8479,100,-874.025,0,0.777146,0,0.6293204;
custom,cuboid,default,10.911,1,23.48,1,1,0.7430463,0.5360559,0.54555,1.174,8497.3508,100,-819.603,0,0.8386706,0,0.544639;
custom,cuboid,default,10.911,1,23.48,1,1,0.6770724,0.4169363,0.54555,1.174,8002.1801,100,38.059,0,0.9986295,0,-0.052336;
custom,cuboid,default,10.911,1.1,23.48,1,1,0.7362726,0.5238256,0.54555,1.174,8344.8292,100,-731.544,0,0.8910065,0,0.4539905;
custom,cuboid,default,10.911,1,23.48,1,1,0.7038713,0.4653231,0.54555,1.174,8038.7968,100,-310.326,0,0.9876883,0,0.1564346;
custom,cuboid,default,10.911,1,23.48,1,1,0.7272076,0.5074582,0.54555,1.174,8213.9488,100,-613.699,0,0.9335804,0,0.358368;
custom,cuboid,default,10.911,1.1,23.48,1,1,0.7162475,0.4876691,0.54555,1.174,8110.4299,100,-471.218,0,0.9659258,0,0.258819;
custom,cuboid,default,10.911,1.1,23.48,1,1,0.6906199,0.441397,0.54555,1.174,8002.1801,100,-138.059,0,0.9986295,0,0.0523359;
custom,cuboid,default,10.911,1.1,23.48,1,1,0.663821,0.3930102,0.54555,1.174,8038.7968,100,210.326,0,0.9876883,0,-0.1564346;
custom,cuboid,default,10.911,1,23.48,1,1,0.6514448,0.3706642,0.54555,1.174,8110.43,100,371.218,0,0.9659258,0,-0.258819;
custom,cuboid,default,10.911,1.1,23.48,1,1,0.6404847,0.3508751,0.54555,1.174,8213.9489,100,513.699,0,0.9335804,0,-0.358368;
custom,cuboid,default,10.911,1,23.48,1,1,0.6314197,0.3345078,0.54555,1.174,8344.8292,100,631.544,0,0.8910065,0,-0.4539905;
custom,cuboid,default,10.911,1.1,23.48,1,1,0.6246459,0.3222774,0.54555,1.174,8497.3509,100,719.603,0,0.8386706,0,-0.544639;
custom,cuboid,default,10.911,1,23.48,1,1,0.6204596,0.3147186,0.54555,1.174,8664.848,100,774.026,0,0.7771459,0,-0.6293204;
custom,cuboid,default,10.911,1,23.48,1,1,0.6204596,0.3147186,0.54555,1.174,9015.152,100,774.026,0,-0.6293204,0,0.7771459;
custom,cuboid,default,10.911,1,23.48,1,1,0.6314197,0.3345078,0.54555,1.174,9335.1708,100,631.544,0,-0.4539905,0,0.8910065;
custom,cuboid,default,10.911,1,23.48,1,1,0.6514448,0.3706642,0.54555,1.174,9569.57,100,371.218,0,-0.258819,0,0.9659258;
custom,cuboid,default,10.911,1.1,23.48,1,1,0.6246459,0.3222774,0.54555,1.174,9182.6491,100,719.603,0,-0.544639,0,0.8386706;
custom,cuboid,default,10.911,1.1,23.48,1,1,0.6404847,0.3508751,0.54555,1.174,9466.0511,100,513.699,0,-0.358368,0,0.9335804;
custom,cuboid,default,10.911,1.1,23.48,1,1,0.663821,0.3930102,0.54555,1.174,9641.2032,100,210.326,0,-0.1564346,0,0.9876883;
custom,cuboid,default,62,1.1,11,1,1,0.5988461,0.2756944,3.1,0.55,8740,100,1055,0,0.7071068,0,0.7071068;
custom,cuboid,default,62,1.1,11,1,1,0.5988461,0.2756944,3.1,0.55,8940,100,1055,0,0.7071068,0,0.7071068;
custom,cuboid,default,11,1,107,1,1,0.5707693,0.225,0.55,5.35,9420,100,1420,0,0.7071068,0,0.7071068;
custom,cuboid,default,11,1,107,1,1,0.5707693,0.225,0.55,5.35,8260,100,1420,0,0.7071068,0,0.7071068;
custom,cuboid,default,11,1,107,1,1,0.54,0.1694444,0.55,5.35,9420,100,1820,0,0.7071068,0,0.7071068;
custom,cuboid,default,11,1,107,1,1,0.54,0.1694444,0.55,5.35,8260,100,1820,0,0.7071068,0,0.7071068;
custom,cuboid,default,11,1,107,1,1,0.5115384,0.1180556,0.55,5.35,9420,100,2190,0,0.7071068,0,0.7071068;
custom,cuboid,default,11,1,107,1,1,0.5115384,0.1180556,0.55,5.35,8260,100,2190,0,0.7071068,0,0.7071068;
custom,cuboid,default,11,1,86,1,1,0.4807692,0.0625,0.55,4.3,9415,100,2590,0,0.7071068,0,0.7071068;
custom,cuboid,default,11,1,86,1,1,0.4807692,0.0625,0.55,4.3,8265,100,2590,0,0.7071068,0,0.7071068;
custom,cuboid,default,26,1,11,1,1,0.5257692,0.14375,1.3,0.55,8740,100,2005,0,0.7071068,0,0.7071068;
custom,cuboid,default,26,1,11,1,1,0.5257692,0.14375,1.3,0.55,8940,100,2005,0,0.7071068,0,0.7071068;
custom,cuboid,default,80,1,11,1,1,0.4765384,0.0548611,4,0.55,9900,100,2645,0,0.7071068,0,0.7071068;
custom,cuboid,default,80,1,11,1,1,0.4765384,0.0548611,4,0.55,7780,100,2645,0,0.7071068,0,0.7071068;
custom,cuboid,default,11,1,11,1,1,0.4807692,0.0625,0.55,0.55,8840,100,2590,0,0.7071068,0,0.7071068;
custom,cuboid,default,11,1,11,1,1,0.45,0.0069444,0.55,0.55,9312.5,100,2990,0,0.7071068,0,0.7071068;
custom,cuboid,default,11,1,11,1,1,0.45,0.0069444,0.55,0.55,9582.5,100,2990,0,0.7071068,0,0.7071068;
custom,cuboid,default,11,1,11,1,1,0.45,0.0069444,0.55,0.55,9042.5,100,2990,0,0.7071068,0,0.7071068;
custom,cuboid,default,11,1,11,1,1,0.45,0.0069444,0.55,0.55,8772.5,100,2990,0,0.7071068,0,0.7071068;
custom,cuboid,default,11,1,11,1,1,0.45,0.0069444,0.55,0.55,8502.5,100,2990,0,0.7071068,0,0.7071068;
custom,cuboid,default,11,1,11,1,1,0.45,0.0069444,0.55,0.55,8232.5,100,2990,0,0.7071068,0,0.7071068;
custom,cuboid,default,11,1,18.25,1,1,0.45,0.0069444,0.55,0.9125,7926.25,100,2990,0,0.7071068,0,0.7071068;
custom,cuboid,default,11,1,5.25,1,1,0.45,0.0069444,0.55,0.2625,9818.75,100,2990,0,0.7071068,0,0.7071068;
custom,cuboid,brick4,10,4.5,2,1,1,1,1,0.5,0.225,9090,22.5,-1820,0,0.7071068,0,0.7071068;
custom,cuboid,brick4,10,4.5,2,1,1,1,1,0.5,0.225,9240,77.5,-1820,0,0.7071068,0,0.7071068;
custom,cuboid,default,10,0.5,2.2,1,1,0.8,0.6,0.5,0.025,9090,45,-1820,0,0.7071068,0,0.7071068;
custom,cuboid,default,10,0.5,2.2,1,1,0.8,0.6,0.5,0.025,9240,55,-1820,0,0.7071068,0,0.7071068;
custom,cuboid,brick2,10,4,18,1,1,1,1,0.9,0.2,8840,21,-1210,0,0.7071068,0,0.7071068;
custom,cuboid,brick2,10,4,18,1,1,1,1,0.9,0.2,8840,79,-1210,0,0.7071068,0,0.7071068;
custom,cuboid,brick2,10,1.8,1.2,1,1,1,1,0.06,0.09,8840,50,-1210,0,0.7071068,0,0.7071068;
custom,cuboid,brick2,10,1.8,6.6,1,1,1,1,0.33,0.09,8897,50,-1210,0,0.7071068,0,0.7071068;
custom,cuboid,brick2,10,1.8,6.6,1,1,1,1,0.33,0.09,8783,50,-1210,0,0.7071068,0,0.7071068;
custom,tube,stone7,2.123513,14.00447,2.123513,1,1,1,1,0.11,0.55,8825.4992,49.70061,-1207.38,-0.5,0.5,-0.5,0.5;
custom,tube,stone7,2.123646,14.00533,2.123646,1,1,1,1,0.11,0.55,8855.4992,49.70061,-1207.38,-0.5,0.5,-0.5,0.5;
custom,cuboid,brick4,10,3,2,1,1,1,1,0.5,0.15,8840,85,-1360,0,1,0,0;
custom,cuboid,default,10,0.5,2.2,1,1,0.8,0.6,0.5,0.025,8840,70,-1360,0,1,0,0;
custom,cuboid,brick4,10,3,2,1,1,1,1,0.5,0.15,8840,15,-1360,0,1,0,0;
custom,cuboid,default,10,0.5,2.2,1,1,0.8,0.6,0.5,0.025,8840,30,-1360,0,1,0,0;
custom,cuboid,brick4,10,4,2,1,1,1,1,0.5,0.2,8840,80,-1050,0,1,0,0;
custom,cuboid,default,10,0.5,2.2,1,1,0.8,0.6,0.5,0.025,8840,60,-1050,0,1,0,0;
custom,cuboid,brick4,10,4,2,1,1,1,1,0.5,0.2,8840,20,-1050,0,1,0,0;
custom,cuboid,default,10,0.5,2.2,1,1,0.8,0.6,0.5,0.025,8840,40,-1050,0,1,0,0;
custom,cuboid,brick4,10,3,2,1,1,1,1,0.5,0.15,8840,85,940,0,1,0,0;
custom,cuboid,default,10,0.5,2.2,1,1,0.8,0.6,0.5,0.025,8840,70,940,0,1,0,0;
custom,cuboid,brick4,10,3,2,1,1,1,1,0.5,0.15,8840,15,940,0,1,0,0;
custom,cuboid,default,10,0.5,2.2,1,1,0.8,0.6,0.5,0.025,8840,30,940,0,1,0,0;
custom,cuboid,brick4,10,3,2,1,1,1,1,0.5,0.15,8805,50,1040,-0.7071068,0.7071068,0,0;
custom,cuboid,default,10,0.5,2.2,1,1,0.8,0.6,0.5,0.025,8820,50,1040,-0.7071068,0.7071068,0,0;
custom,cuboid,brick4,10,3,2,1,1,1,1,0.5,0.15,8875,50,1040,-0.7071068,0.7071068,0,0;
custom,cuboid,default,10,0.5,2.2,1,1,0.8,0.6,0.5,0.025,8860,50,1040,-0.7071068,0.7071068,0,0;
custom,cuboid,brick4,10,4,2,1,1,1,1,0.5,0.2,8840,80,1140,0,1,0,0;
custom,cuboid,default,10,0.5,2.2,1,1,0.8,0.6,0.5,0.025,8840,60,1140,0,1,0,0;
custom,cuboid,brick4,10,4,2,1,1,1,1,0.5,0.2,8840,20,1140,0,1,0,0;
custom,cuboid,default,10,0.5,2.2,1,1,0.8,0.6,0.5,0.025,8840,40,1140,0,1,0,0;
custom,cuboid,brick4,10,4,2,1,1,1,1,0.5,0.2,8810,50,1240,-0.7071068,0.7071068,0,0;
custom,cuboid,default,10,0.5,2.2,1,1,0.8,0.6,0.5,0.025,8830,50,1240,-0.7071068,0.7071068,0,0;
custom,cuboid,brick4,10,4,2,1,1,1,1,0.5,0.2,8870,50,1240,-0.7071068,0.7071068,0,0;
custom,cuboid,default,10,0.5,2.2,1,1,0.8,0.6,0.5,0.025,8850,50,1240,-0.7071068,0.7071068,0,0;
custom,cuboid,brick2,10,3.7,18,1,1,1,1,0.9,0.185,8840,18.5,1990,0,0.7071068,0,0.7071068;
custom,cuboid,brick2,10,3.7,18,1,1,1,1,0.9,0.185,8840,81.5,1990,0,0.7071068,0,0.7071068;
custom,cuboid,brick2,10,2.6,7.7,1,1,1,1,0.385,0.13,8891.5,50,1990,0,0.7071068,0,0.7071068;
custom,cuboid,brick2,10,2.6,7.7,1,1,1,1,0.385,0.13,8788.5,50,1990,0,0.7071068,0,0.7071068;
custom,tube,stone7,2.999999,13.8966,2.999999,1,1,1,1,0.15,0.55,8840.6943267,49.81931,1992.517,-0.5,0.5,-0.5,0.5;
custom,cuboid,brick4,12,9.999999,1,1,1,1,1,0.6,0.4999999,7905,50,1620,0,0.7071068,0,0.7071068;
custom,cylinder,default,1,5,1,1,1,0.8,0.6,0.05,0.5,7905,50,1560,0,0.7071068,0,0.7071068;
custom,cylinder,default,1,5,1,1,1,0.8,0.6,0.05,0.5,7905,50,1680,0,0.7071068,0,0.7071068;
custom,cuboid,brick4,12,10,1,1,1,1,1,0.6,0.5,9775,50,1620,0,0.7071068,0,0.7071068;
custom,cylinder,default,1,5,1,1,1,0.8,0.6,0.05,0.5,9775,50,1560,0,0.7071068,0,0.7071068;
custom,cylinder,default,1,5,1,1,1,0.8,0.6,0.05,0.5,9775,50,1680,0,0.7071068,0,0.7071068;
custom,cuboid,brick4,10,7,7,1,1,1,1,0.5,0.35,9090,0,1520,-0.2705981,0.6532815,0.2705981,0.6532815;
custom,cuboid,brick4,10,7,7,1,1,1,1,0.5,0.35,9290,0,1520,-0.2705981,0.6532815,0.2705981,0.6532815;
custom,cuboid,brick4,10,7,7,1,1,1,1,0.5,0.35,9190,100,1520,-0.2705981,0.6532815,0.2705981,0.6532815;
custom,cuboid,brick4,10,7,7,1,1,1,1,0.5,0.35,9390,100,1520,-0.2705981,0.6532815,0.2705981,0.6532815;
custom,cuboid,brick4,10,4.5,2,1,1,1,1,0.5,0.225,9390,22.5,-1820,0,0.7071068,0,0.7071068;
custom,cuboid,brick4,10,4.5,2,1,1,1,1,0.5,0.225,9540,77.5,-1820,0,0.7071068,0,0.7071068;
custom,cuboid,default,10,0.5,2.2,1,1,0.8,0.6,0.5,0.025,9390,45,-1820,0,0.7071068,0,0.7071068;
custom,cuboid,default,10,0.5,2.2,1,1,0.8,0.6,0.5,0.025,9540,55,-1820,0,0.7071068,0,0.7071068;
custom,cuboid,brick4,10,4.5,2,1,1,1,1,0.5,0.225,8140,22.5,-1620,0,0.7071068,0,0.7071068;
custom,cuboid,brick4,10,4.5,2,1,1,1,1,0.5,0.225,8290,77.5,-1620,0,0.7071068,0,0.7071068;
custom,cuboid,default,10,0.5,2.2,1,1,0.8,0.6,0.5,0.025,8140,45,-1620,0,0.7071068,0,0.7071068;
custom,cuboid,default,10,0.5,2.2,1,1,0.8,0.6,0.5,0.025,8290,55,-1620,0,0.7071068,0,0.7071068;
custom,cuboid,brick4,10,4.5,2,1,1,1,1,0.5,0.225,8440,22.5,-1620,0,0.7071068,0,0.7071068;
custom,cuboid,brick4,10,4.5,2,1,1,1,1,0.5,0.225,8590,77.5,-1620,0,0.7071068,0,0.7071068;
custom,cuboid,default,10,0.5,2.2,1,1,0.8,0.6,0.5,0.025,8440,45,-1620,0,0.7071068,0,0.7071068;
custom,cuboid,default,10,0.5,2.2,1,1,0.8,0.6,0.5,0.025,8590,55,-1620,0,0.7071068,0,0.7071068;
custom,cuboid,brick4,9.999999,4.5,2,1,1,1,1,0.4999999,0.225,8140,50,-1847.5,0.5,0.5,0.5,0.5;
custom,cuboid,brick4,9.999999,4.5,2,1,1,1,1,0.4999999,0.225,8290,50,-1792.5,0.5,0.5,0.5,0.5;
custom,cuboid,default,9.999999,0.5,2.2,1,1,0.8,0.6,0.4999999,0.025,8140,50,-1825,0.5,0.5,0.5,0.5;
custom,cuboid,default,9.999999,0.5,2.2,1,1,0.8,0.6,0.4999999,0.025,8290,50,-1815,0.5,0.5,0.5,0.5;
custom,cuboid,brick4,9.999999,4.5,2,1,1,1,1,0.4999999,0.225,8440,50,-1847.5,0.5,0.5,0.5,0.5;
custom,cuboid,brick4,10,4.5,2,1,1,1,1,0.5,0.225,8590,50,-1792.5,0.5,0.5,0.5,0.5;
custom,cuboid,default,9.999999,0.5,2.2,1,1,0.8,0.6,0.4999999,0.025,8440,50,-1825,0.5,0.5,0.5,0.5;
custom,cuboid,default,9.999999,0.5,2.2,1,1,0.8,0.6,0.4999999,0.025,8590,50,-1815,0.5,0.5,0.5,0.5;
custom,cuboid,brick4,9.999999,4.5,2,1,1,1,1,0.4999999,0.225,9090,50,-1647.5,0.5,0.5,0.5,0.5;
custom,cuboid,brick4,9.999999,4.5,2,1,1,1,1,0.4999999,0.225,9240,50,-1592.5,0.5,0.5,0.5,0.5;
custom,cuboid,default,9.999999,0.5,2.2,1,1,0.8,0.6,0.4999999,0.025,9090,50,-1625,0.5,0.5,0.5,0.5;
custom,cuboid,default,9.999999,0.5,2.2,1,1,0.8,0.6,0.4999999,0.025,9240,50,-1615,0.5,0.5,0.5,0.5;
custom,cuboid,brick4,9.999999,4.5,2,1,1,1,1,0.4999999,0.225,9390,50,-1647.5,0.5,0.5,0.5,0.5;
custom,cuboid,brick4,10,4.5,2,1,1,1,1,0.5,0.225,9540,50,-1592.5,0.5,0.5,0.5,0.5;
custom,cuboid,default,9.999999,0.5,2.2,1,1,0.8,0.6,0.4999999,0.025,9390,50,-1625,0.5,0.5,0.5,0.5;
custom,cuboid,default,9.999999,0.5,2.2,1,1,0.8,0.6,0.4999999,0.025,9540,50,-1615,0.5,0.5,0.5,0.5;
custom,cuboid,brick4,10,7,7,1,1,1,1,0.5,0.35,9490,0,1520,-0.2705981,0.6532815,0.2705981,0.6532815;
custom,cuboid,brick4,10,7,7,1,1,1,1,0.5,0.35,8190,0,1720,-0.2705981,0.6532815,0.2705981,0.6532815;
custom,cuboid,brick4,10,7,7,1,1,1,1,0.5,0.35,8390,0,1720,-0.2705981,0.6532815,0.2705981,0.6532815;
custom,cuboid,brick4,10,7,7,1,1,1,1,0.5,0.35,8290,100,1720,-0.2705981,0.6532815,0.2705981,0.6532815;
custom,cuboid,brick4,10,7,7,1,1,1,1,0.5,0.35,8490,100,1720,-0.2705981,0.6532815,0.2705981,0.6532815;
custom,cuboid,brick4,10,7,7,1,1,1,1,0.5,0.35,8590,0,1720,-0.2705981,0.6532815,0.2705981,0.6532815;
custom,cylinder,default,1,5,1,1,1,0.8,0.6,0.05,0.5000001,9090,45,1520,-0.5,0.5,-0.5,0.5;
custom,cylinder,default,1,5,1,1,1,0.8,0.6,0.05,0.5000001,9290,45,1520,-0.5,0.5,-0.5,0.5;
custom,cylinder,default,1,5,1,1,1,0.8,0.6,0.05,0.5000001,9190,55,1520,-0.5,0.5,-0.5,0.5;
custom,cylinder,default,1,5,1,1,1,0.8,0.6,0.05,0.5000001,9390,55,1520,-0.5,0.5,-0.5,0.5;
custom,cylinder,default,1,5,1,1,1,0.8,0.6,0.05,0.5000001,9490,45,1520,-0.5,0.5,-0.5,0.5;
custom,cylinder,default,1,5,1,1,1,0.8,0.6,0.05,0.5000001,8190,45,1720,-0.5,0.5,-0.5,0.5;
custom,cylinder,default,1,5,1,1,1,0.8,0.6,0.05,0.5000001,8390,45,1720,-0.5,0.5,-0.5,0.5;
custom,cylinder,default,1,5,1,1,1,0.8,0.6,0.05,0.5000001,8290,55,1720,-0.5,0.5,-0.5,0.5;
custom,cylinder,default,1,5,1,1,1,0.8,0.6,0.05,0.5000001,8490,55,1720,-0.5,0.5,-0.5,0.5;
custom,cylinder,default,1,5,1,1,1,0.8,0.6,0.05,0.5000001,8590,45,1720,-0.5,0.5,-0.5,0.5;
custom,cuboid,brick4,18.5,1,0.9999999,1,1,1,1,0.925,0.05,8590,50,1520,-0.0990458,0.3696438,-0.2391177,0.8923991;
custom,cuboid,brick4,18.5,1,0.9999999,1,1,1,1,0.925,0.05,8590,50,1520,0.2391177,0.8923991,0.0990458,0.3696438;
custom,cuboid,brick4,10,2,2,1,1,1,1,0.5000001,0.1,8290,50,1520,-0.6532815,0.6532815,-0.270598,0.270598;
custom,cuboid,brick4,15,0.9999999,1,1,1,1,1,0.75,0.05,8290,25,1520,-0.3314136,0.4619398,0.1913417,0.8001031;
custom,cuboid,brick4,15,0.9999999,1,1,1,1,1,0.75,0.05,8290,75,1520,-0.1913417,0.8001031,0.3314136,0.4619398;
custom,cuboid,brick4,18.5,1,0.9999999,1,1,1,1,0.925,0.05,8140,50,1520,-0.2391177,0.8923991,-0.0990458,0.3696438;
custom,cuboid,brick4,18.5,1,0.9999999,1,1,1,1,0.925,0.05,8140,50,1520,0.0990458,0.3696438,0.2391177,0.8923991;
custom,cuboid,brick4,10,2,2,1,1,1,1,0.5000001,0.1,8440,50,1520,-0.6532815,0.6532815,-0.270598,0.270598;
custom,cuboid,brick4,15,0.9999999,1,1,1,1,1,0.75,0.05,8440,50,1520,-0.161729,0.8373192,0.346829,0.3904484;
custom,cuboid,brick4,15,0.9999999,1,1,1,1,1,0.75,0.05,8440,50,1520,-0.346829,0.3904484,0.161729,0.8373192;
custom,cuboid,brick4,18.5,1,0.9999999,1,1,1,1,0.925,0.05,9540,50,1720,-0.0990458,0.3696438,-0.2391177,0.8923991;
custom,cuboid,brick4,18.5,1,0.9999999,1,1,1,1,0.925,0.05,9540,50,1720,0.2391177,0.8923991,0.0990458,0.3696438;
custom,cuboid,brick4,10,2,2,1,1,1,1,0.5000001,0.1,9240,50,1720,-0.6532815,0.6532815,-0.270598,0.270598;
custom,cuboid,brick4,15,0.9999999,1,1,1,1,1,0.75,0.05,9240,25,1720,-0.3314136,0.4619398,0.1913417,0.8001031;
custom,cuboid,brick4,15,0.9999999,1,1,1,1,1,0.75,0.05,9240,75,1720,-0.1913417,0.8001031,0.3314136,0.4619398;
custom,cuboid,brick4,18.5,1,0.9999999,1,1,1,1,0.925,0.05,9090,50,1720,-0.2391177,0.8923991,-0.0990458,0.3696438;
custom,cuboid,brick4,18.5,1,0.9999999,1,1,1,1,0.925,0.05,9090,50,1720,0.0990458,0.3696438,0.2391177,0.8923991;
custom,cuboid,brick4,10,2,2,1,1,1,1,0.5000001,0.1,9390,50,1720,-0.6532815,0.6532815,-0.270598,0.270598;
custom,cuboid,brick4,15,0.9999999,1,1,1,1,1,0.75,0.05,9390,50,1720,-0.161729,0.8373192,0.346829,0.3904484;
custom,cuboid,brick4,15,0.9999999,1,1,1,1,1,0.75,0.05,9390,50,1720,-0.346829,0.3904484,0.161729,0.8373192;
custom,cylinder,default,1,5,1,1,1,0.8,0.6,0.05,0.5,8590,50,2306.7,0,0.7071068,0,0.7071068;
custom,cylinder,default,1,5,1,1,1,0.8,0.6,0.05,0.5,8590,50,2273.4,0,0.7071068,0,0.7071068;
custom,cylinder,default,0.9999999,5,1,1,1,0.8,0.6,0.05,0.4999999,8590,33.35022,2290,0.5,0.5,0.5,0.5;
custom,cylinder,default,0.9999999,5,1,1,1,0.8,0.6,0.05,0.4999999,8590,66.64978,2290,0.5,0.5,0.5,0.5;
custom,cylinder,default,1,5,1,1,1,0.8,0.6,0.05,0.5,8440,50,2306.7,0,0.7071068,0,0.7071068;
custom,cylinder,default,1,5,1,1,1,0.8,0.6,0.05,0.5,8440,50,2273.4,0,0.7071068,0,0.7071068;
custom,cylinder,default,0.9999999,5,1,1,1,0.8,0.6,0.05,0.4999999,8440,33.35022,2290,0.5,0.5,0.5,0.5;
custom,cylinder,default,0.9999999,5,1,1,1,0.8,0.6,0.05,0.4999999,8440,66.64978,2290,0.5,0.5,0.5,0.5;
custom,cylinder,default,1,5,1,1,1,0.8,0.6,0.05,0.5,8290,50,2306.7,0,0.7071068,0,0.7071068;
custom,cylinder,default,1,5,1,1,1,0.8,0.6,0.05,0.5,8290,50,2273.4,0,0.7071068,0,0.7071068;
custom,cylinder,default,0.9999999,5,1,1,1,0.8,0.6,0.05,0.4999999,8290,33.35022,2290,0.5,0.5,0.5,0.5;
custom,cylinder,default,0.9999999,5,1,1,1,0.8,0.6,0.05,0.4999999,8290,66.64978,2290,0.5,0.5,0.5,0.5;
custom,cylinder,default,1,5,1,1,1,0.8,0.6,0.05,0.5,8140,50,2306.7,0,0.7071068,0,0.7071068;
custom,cylinder,default,1,5,1,1,1,0.8,0.6,0.05,0.5,8140,50,2273.4,0,0.7071068,0,0.7071068;
custom,cylinder,default,0.9999999,5,1,1,1,0.8,0.6,0.05,0.4999999,8140,33.35022,2290,0.5,0.5,0.5,0.5;
custom,cylinder,default,0.9999999,5,1,1,1,0.8,0.6,0.05,0.4999999,8140,66.64978,2290,0.5,0.5,0.5,0.5;
custom,cuboid,brick4,3.3,10,0.7,1,1,1,1,0.165,0.5,8590,50,2323.5,0,0.7071068,0,0.7071068;
custom,cuboid,brick4,3.3,10,0.7,1,1,1,1,0.165,0.5,8590,50,2256.5,0,0.7071068,0,0.7071068;
custom,cuboid,brick4,3.3,3.3,0.7,1,1,1,1,0.165,0.165,8590,83.5,2290,0,0.7071068,0,0.7071068;
custom,cuboid,brick4,3.3,3.3,0.7,1,1,1,1,0.165,0.165,8590,16.5,2290,0,0.7071068,0,0.7071068;
custom,cuboid,brick4,10,3.3,0.7,1,1,1,1,0.5,0.165,8440,83.49999,2290,0,0.7071068,0,0.7071068;
custom,cuboid,brick4,10,3.3,0.7,1,1,1,1,0.5,0.165,8440,16.5,2290,0,0.7071068,0,0.7071068;
custom,cuboid,brick4,3.3,3.3,0.7,1,1,1,1,0.165,0.165,8440,50,2290,0,0.7071068,0,0.7071068;
custom,cuboid,brick4,10,3.3,0.7,1,1,1,1,0.5,0.165,8290,50,2290,0,0.7071068,0,0.7071068;
custom,cuboid,brick4,3.3,3.3,0.7,1,1,1,1,0.165,0.165,8290,83.5,2290,0,0.7071068,0,0.7071068;
custom,cuboid,brick4,3.3,3.3,0.7,1,1,1,1,0.165,0.165,8290,16.5,2290,0,0.7071068,0,0.7071068;
custom,cuboid,brick4,3.3,10,0.7,1,1,1,1,0.165,0.5,8140,50,2323.5,0,0.7071068,0,0.7071068;
custom,cuboid,brick4,3.3,10,0.7,1,1,1,1,0.165,0.5,8140,50,2256.5,0,0.7071068,0,0.7071068;
custom,cuboid,brick4,3.3,3.3,0.7,1,1,1,1,0.165,0.165,8140,50,2290,0,0.7071068,0,0.7071068;
custom,cylinder,default,2,5,2,1,1,0.8,0.6,0.1,0.5,9090,50,2260,0,0.7071068,0,0.7071068;
custom,killcylinder,transparent0.4,10,5,10,1,1,0.5,0.5,0.5,0.5,9090,50,2260,0,0.7071068,0,0.7071068;
custom,cylinder,default,2,5,2,1,1,0.8,0.6,0.1,0.5,9390,50,2260,0,0.7071068,0,0.7071068;
custom,cylinder,default,2,5,2,1,1,0.8,0.6,0.1,0.5,9240,50,2320,0,0.7071068,0,0.7071068;
custom,cylinder,default,2,5,2,1,1,0.8,0.6,0.1,0.5,9540,50,2320,0,0.7071068,0,0.7071068;
misc,barrier,10,3,5,9065,50,2255,0.5,0.5,0.5,0.5;
misc,barrier,10,2,5,9066.9197,50,2269.607,0.5882804,0.5882804,0.3923342,0.3923342;
misc,barrier,10,2,5,9072.3842,50,2277.739,0.6537528,0.6537528,0.2694575,0.2694575;
misc,barrier,10,2,5,9080.554,50,2283.147,0.6938786,0.6938788,0.1361336,0.1361336;
misc,barrier,10,2,5,9090.1745,50,2285,0.7071024,0.7071025,-0.0024682,-0.0024684;
misc,barrier,10,2,5,9099.7682,50,2283.013,0.6929114,0.6929114,-0.1409744,-0.1409744;
misc,barrier,10,2,5,9107.8618,50,2277.491,0.6518556,0.6518557,-0.274015,-0.2740149;
misc,barrier,10,2,5,9113.2121,50,2269.284,0.5855271,0.5855271,-0.3964316,-0.3964316;
misc,barrier,10,3,5,9114.9975,50,2254.651,0.4964972,0.4964972,-0.5034784,-0.5034785;
misc,barrier,10,3,5,9365.0001,50,2255,0.5,0.5,0.5,0.5;
misc,barrier,10,2,5,9366.9198,50,2269.607,0.5882804,0.5882804,0.3923342,0.3923342;
misc,barrier,10,2,5,9372.3842,50,2277.739,0.6537528,0.6537528,0.2694575,0.2694575;
misc,barrier,10,2,5,9380.554,50,2283.147,0.6938786,0.6938788,0.1361336,0.1361336;
misc,barrier,10,2,5,9390.1745,50,2285,0.7071024,0.7071025,-0.0024682,-0.0024684;
misc,barrier,10,2,5,9399.7682,50,2283.013,0.6929114,0.6929114,-0.1409744,-0.1409744;
misc,barrier,10,2,5,9407.8618,50,2277.491,0.6518556,0.6518557,-0.274015,-0.2740149;
misc,barrier,10,2,5,9413.2122,50,2269.284,0.5855271,0.5855271,-0.3964316,-0.3964316;
misc,barrier,10,3,5,9414.9976,50,2254.651,0.4964972,0.4964972,-0.5034784,-0.5034785;
misc,barrier,10,3,5,9215,50,2325,0.5,0.5,0.5,0.5;
misc,barrier,10,2,5,9216.9198,50,2310.393,0.3923342,0.3923343,0.5882804,0.5882804;
misc,barrier,10,2,5,9222.3842,50,2302.261,0.2694575,0.2694575,0.6537528,0.6537528;
misc,barrier,9.999999,2,5,9230.554,50,2296.853,0.1361335,0.1361336,0.6938787,0.6938787;
misc,barrier,10,2,5,9240.1745,50,2295,-0.0024684,-0.0024682,0.7071025,0.7071024;
misc,barrier,10,2,5,9249.7682,50,2296.987,-0.1409744,-0.1409744,0.6929114,0.6929114;
misc,barrier,10,2,5,9263.2121,50,2310.716,-0.3964316,-0.3964316,0.5855271,0.5855271;
misc,barrier,10,2,5,9257.8618,50,2302.509,-0.274015,-0.2740149,0.6518556,0.6518557;
misc,barrier,10,3,5,9264.9976,50,2325.349,-0.5034785,-0.5034784,0.4964972,0.4964972;
misc,barrier,10,3,5,9515,50,2325,0.5,0.5,0.5,0.5;
misc,barrier,10,2,5,9516.9198,50,2310.393,0.3923342,0.3923343,0.5882804,0.5882804;
misc,barrier,10,2,5,9522.3842,50,2302.261,0.2694575,0.2694575,0.6537528,0.6537528;
misc,barrier,9.999999,2,5,9530.554,50,2296.853,0.1361335,0.1361336,0.6938787,0.6938787;
misc,barrier,10,2,5,9540.1746,50,2295,-0.0024684,-0.0024682,0.7071025,0.7071024;
misc,barrier,10,2,5,9549.7683,50,2296.987,-0.1409744,-0.1409744,0.6929114,0.6929114;
misc,barrier,10,2,5,9563.2122,50,2310.716,-0.3964316,-0.3964316,0.5855271,0.5855271;
misc,barrier,10,2,5,9557.8618,50,2302.509,-0.274015,-0.2740149,0.6518556,0.6518557;
misc,barrier,10,3,5,9564.9976,50,2325.349,-0.5034785,-0.5034784,0.4964972,0.4964972;
custom,killcylinder,transparent0.4,10,5,10,1,1,0.5,0.5,0.5,0.5,9240,50,2320,0,0.7071068,0,0.7071068;
custom,killcylinder,transparent0.4,10,5,10,1,1,0.5,0.5,0.5,0.5,9540,50,2320,0,0.7071068,0,0.7071068;
custom,killcylinder,transparent0.4,10,5,10,1,1,0.5,0.5,0.5,0.5,9390,50,2260,0,0.7071068,0,0.7071068;
custom,cylinder,default,2,5,2,1,1,0.8,0.6,0.1,0.5,8140,50,2460,0,0.7071068,0,0.7071068;
custom,cylinder,default,2,5,2,1,1,0.8,0.6,0.1,0.5,8440,50,2460,0,0.7071068,0,0.7071068;
custom,cylinder,default,2,5,2,1,1,0.8,0.6,0.1,0.5,8290,50,2520,0,0.7071068,0,0.7071068;
custom,cylinder,default,2,5,2,1,1,0.8,0.6,0.1,0.5,8590,50,2520,0,0.7071068,0,0.7071068;
misc,barrier,10,3,5,8115,50,2455,0.5,0.5,0.5,0.5;
misc,barrier,10,2,5,8116.9197,50,2469.607,0.5882804,0.5882804,0.3923342,0.3923342;
misc,barrier,10,2,5,8122.3842,50,2477.739,0.6537528,0.6537528,0.2694575,0.2694575;
misc,barrier,10,2,5,8130.554,50,2483.147,0.6938786,0.6938788,0.1361336,0.1361336;
misc,barrier,10,2,5,8140.1745,50,2485,0.7071024,0.7071025,-0.0024682,-0.0024684;
misc,barrier,10,2,5,8149.7682,50,2483.013,0.6929114,0.6929114,-0.1409744,-0.1409744;
misc,barrier,10,2,5,8157.8618,50,2477.491,0.6518556,0.6518557,-0.274015,-0.2740149;
misc,barrier,10,2,5,8163.2122,50,2469.284,0.5855271,0.5855271,-0.3964316,-0.3964316;
misc,barrier,10,3,5,8164.9976,50,2454.651,0.4964972,0.4964972,-0.5034784,-0.5034785;
misc,barrier,10,3,5,8415,50,2455,0.5,0.5,0.5,0.5;
misc,barrier,10,2,5,8416.9198,50,2469.607,0.5882804,0.5882804,0.3923342,0.3923342;
misc,barrier,10,2,5,8422.3842,50,2477.739,0.6537528,0.6537528,0.2694575,0.2694575;
misc,barrier,10,2,5,8430.554,50,2483.147,0.6938786,0.6938788,0.1361336,0.1361336;
misc,barrier,10,2,5,8440.1745,50,2485,0.7071024,0.7071025,-0.0024682,-0.0024684;
misc,barrier,10,2,5,8449.7682,50,2483.013,0.6929114,0.6929114,-0.1409744,-0.1409744;
misc,barrier,10,2,5,8457.8618,50,2477.491,0.6518556,0.6518557,-0.274015,-0.2740149;
misc,barrier,10,2,5,8463.2121,50,2469.284,0.5855271,0.5855271,-0.3964316,-0.3964316;
misc,barrier,10,3,5,8464.9976,50,2454.651,0.4964972,0.4964972,-0.5034784,-0.5034785;
misc,barrier,10,3,5,8265.0001,50,2525,0.5,0.5,0.5,0.5;
misc,barrier,10,2,5,8266.9198,50,2510.393,0.3923342,0.3923343,0.5882804,0.5882804;
misc,barrier,10,2,5,8272.3842,50,2502.261,0.2694575,0.2694575,0.6537528,0.6537528;
misc,barrier,9.999999,2,5,8280.554,50,2496.853,0.1361335,0.1361336,0.6938787,0.6938787;
misc,barrier,10,2,5,8290.1745,50,2495,-0.0024684,-0.0024682,0.7071025,0.7071024;
misc,barrier,10,2,5,8299.7682,50,2496.987,-0.1409744,-0.1409744,0.6929114,0.6929114;
misc,barrier,10,2,5,8313.2122,50,2510.716,-0.3964316,-0.3964316,0.5855271,0.5855271;
misc,barrier,10,2,5,8307.8618,50,2502.509,-0.274015,-0.2740149,0.6518556,0.6518557;
misc,barrier,10,3,5,8314.9976,50,2525.349,-0.5034785,-0.5034784,0.4964972,0.4964972;
misc,barrier,10,3,5,8565,50,2525,0.5,0.5,0.5,0.5;
misc,barrier,10,2,5,8566.9198,50,2510.393,0.3923342,0.3923343,0.5882804,0.5882804;
misc,barrier,10,2,5,8572.3842,50,2502.261,0.2694575,0.2694575,0.6537528,0.6537528;
misc,barrier,9.999999,2,5,8580.554,50,2496.853,0.1361335,0.1361336,0.6938787,0.6938787;
misc,barrier,10,2,5,8590.1746,50,2495,-0.0024684,-0.0024682,0.7071025,0.7071024;
misc,barrier,10,2,5,8599.7683,50,2496.987,-0.1409744,-0.1409744,0.6929114,0.6929114;
misc,barrier,10,2,5,8613.2121,50,2510.716,-0.3964316,-0.3964316,0.5855271,0.5855271;
misc,barrier,10,2,5,8607.8618,50,2502.509,-0.274015,-0.2740149,0.6518556,0.6518557;
misc,barrier,10,3,5,8614.9976,50,2525.349,-0.5034785,-0.5034784,0.4964972,0.4964972;
custom,killcylinder,transparent0.4,10,5,10,1,1,0.5,0.5,0.5,0.5,8140,50,2460,0,0.7071068,0,0.7071068;
custom,killcylinder,transparent0.4,10,5,10,1,1,0.5,0.5,0.5,0.5,8290,50,2520,0,0.7071068,0,0.7071068;
custom,killcylinder,transparent0.4,10,5,10,1,1,0.5,0.5,0.5,0.5,8590,50,2520,0,0.7071068,0,0.7071068;
custom,killcylinder,transparent0.4,10,5,10,1,1,0.5,0.5,0.5,0.5,8440,50,2460,0,0.7071068,0,0.7071068;
custom,cylinder,default,1,5,1,1,1,0.8,0.6,0.05,0.5,9540,50,2506.7,0,0.7071068,0,0.7071068;
custom,cylinder,default,1,5,1,1,1,0.8,0.6,0.05,0.5,9540,50,2473.4,0,0.7071068,0,0.7071068;
custom,cylinder,default,0.9999999,5,1,1,1,0.8,0.6,0.05,0.4999999,9540,33.35022,2490,0.5,0.5,0.5,0.5;
custom,cylinder,default,0.9999999,5,1,1,1,0.8,0.6,0.05,0.4999999,9540,66.64978,2490,0.5,0.5,0.5,0.5;
custom,cylinder,default,1,5,1,1,1,0.8,0.6,0.05,0.5,9390,50,2506.7,0,0.7071068,0,0.7071068;
custom,cylinder,default,1,5,1,1,1,0.8,0.6,0.05,0.5,9390,50,2473.4,0,0.7071068,0,0.7071068;
custom,cylinder,default,0.9999999,5,1,1,1,0.8,0.6,0.05,0.4999999,9390,33.35022,2490,0.5,0.5,0.5,0.5;
custom,cylinder,default,0.9999999,5,1,1,1,0.8,0.6,0.05,0.4999999,9390,66.64978,2490,0.5,0.5,0.5,0.5;
custom,cylinder,default,1,5,1,1,1,0.8,0.6,0.05,0.5,9240,50,2506.7,0,0.7071068,0,0.7071068;
custom,cylinder,default,1,5,1,1,1,0.8,0.6,0.05,0.5,9240,50,2473.4,0,0.7071068,0,0.7071068;
custom,cylinder,default,0.9999999,5,1,1,1,0.8,0.6,0.05,0.4999999,9240,33.35022,2490,0.5,0.5,0.5,0.5;
custom,cylinder,default,0.9999999,5,1,1,1,0.8,0.6,0.05,0.4999999,9240,66.64978,2490,0.5,0.5,0.5,0.5;
custom,cylinder,default,1,5,1,1,1,0.8,0.6,0.05,0.5,9090,50,2506.7,0,0.7071068,0,0.7071068;
custom,cylinder,default,1,5,1,1,1,0.8,0.6,0.05,0.5,9090,50,2473.4,0,0.7071068,0,0.7071068;
custom,cylinder,default,0.9999999,5,1,1,1,0.8,0.6,0.05,0.4999999,9090,33.35022,2490,0.5,0.5,0.5,0.5;
custom,cylinder,default,0.9999999,5,1,1,1,0.8,0.6,0.05,0.4999999,9090,66.64978,2490,0.5,0.5,0.5,0.5;
custom,cuboid,brick4,3.3,10,0.7,1,1,1,1,0.165,0.5,9540,50,2523.5,0,0.7071068,0,0.7071068;
custom,cuboid,brick4,3.3,10,0.7,1,1,1,1,0.165,0.5,9540,50,2456.5,0,0.7071068,0,0.7071068;
custom,cuboid,brick4,3.3,3.3,0.7,1,1,1,1,0.165,0.165,9540,83.5,2490,0,0.7071068,0,0.7071068;
custom,cuboid,brick4,3.3,3.3,0.7,1,1,1,1,0.165,0.165,9540,16.5,2490,0,0.7071068,0,0.7071068;
custom,cuboid,brick4,10,3.3,0.7,1,1,1,1,0.5,0.165,9390,83.49999,2490,0,0.7071068,0,0.7071068;
custom,cuboid,brick4,10,3.3,0.7,1,1,1,1,0.5,0.165,9390,16.5,2490,0,0.7071068,0,0.7071068;
custom,cuboid,brick4,3.3,3.3,0.7,1,1,1,1,0.165,0.165,9390,50,2490,0,0.7071068,0,0.7071068;
custom,cuboid,brick4,10,3.3,0.7,1,1,1,1,0.5,0.165,9240,50,2490,0,0.7071068,0,0.7071068;
custom,cuboid,brick4,3.3,3.3,0.7,1,1,1,1,0.165,0.165,9240,83.5,2490,0,0.7071068,0,0.7071068;
custom,cuboid,brick4,3.3,3.3,0.7,1,1,1,1,0.165,0.165,9240,16.5,2490,0,0.7071068,0,0.7071068;
custom,cuboid,brick4,3.3,10,0.7,1,1,1,1,0.165,0.5,9090,50,2523.5,0,0.7071068,0,0.7071068;
custom,cuboid,brick4,3.3,10,0.7,1,1,1,1,0.165,0.5,9090,50,2456.5,0,0.7071068,0,0.7071068;
custom,cuboid,brick4,3.3,3.3,0.7,1,1,1,1,0.165,0.165,9090,50,2490,0,0.7071068,0,0.7071068;
custom,cuboid,brick4,10,9.999999,1,1,1,1,1,0.5,0.4999999,8540,50,2690,0,1,0,0;
custom,cylinder,default,1,5,1,1,1,0.8,0.6,0.05,0.5,8490,50,2690,0,1,0,0;
custom,cylinder,default,1,5,1,1,1,0.8,0.6,0.05,0.5,8590,50,2690,0,1,0,0;
custom,cuboid,brick4,10,9.999999,1,1,1,1,1,0.5000001,0.4999999,8340,50,2710,0,0.9961947,0,0.0871558;
custom,cylinder,default,0.9999999,5,0.9999999,1,1,0.8,0.6,0.05,0.5,8290.7596,50,2701.318,0,0.9961947,0,0.0871556;
custom,cylinder,default,1,5,1,1,1,0.8,0.6,0.05,0.5,8389.2404,50,2718.682,0,0.9961947,0,0.0871557;
custom,cuboid,brick4,10,9.999999,1,1,1,1,1,0.5000001,0.4999999,8140,50,2670,0,0.9961947,0,-0.0871556;
custom,cylinder,default,1,5,1,1,1,0.8,0.6,0.05,0.5,8090.7596,50,2678.682,0,0.9961947,0,-0.0871556;
custom,cylinder,default,0.9999999,5,0.9999999,1,1,0.8,0.6,0.05,0.5,8189.2404,50,2661.318,0,0.9961947,0,-0.0871556;
custom,cuboid,brick4,10,9.999999,1,1,1,1,1,0.5,0.4999999,9140,50,2690,0,1,0,0;
custom,cylinder,default,1,5,1,1,1,0.8,0.6,0.05,0.5,9090,50,2690,0,1,0,0;
custom,cylinder,default,1,5,1,1,1,0.8,0.6,0.05,0.5,9190,50,2690,0,1,0,0;
custom,cuboid,brick4,10,9.999999,1,1,1,1,1,0.5000001,0.4999999,9340,50,2710,0,0.9961947,0,-0.0871556;
custom,cylinder,default,0.9999999,5,0.9999999,1,1,0.8,0.6,0.05,0.5,9290.7596,50,2718.682,0,0.9961947,0,-0.0871556;
custom,cylinder,default,1,5,1,1,1,0.8,0.6,0.05,0.5,9389.2404,50,2701.318,0,0.9961947,0,-0.0871558;
custom,cuboid,brick4,10,9.999999,1,1,1,1,1,0.5000001,0.4999999,9540,50,2670,0,0.9961947,0,0.0871558;
custom,cylinder,default,0.9999999,5,0.9999999,1,1,0.8,0.6,0.05,0.5,9490.7596,50,2661.318,0,0.9961947,0,0.0871556;
custom,cylinder,default,1,5,1,1,1,0.8,0.6,0.05,0.5,9589.2404,50,2678.682,0,0.9961947,0,0.0871557;
custom,tube,stone7,1.867277,2.917647,1.867277,1,1,1,1,0.1,0.15,8825.44555,69.76705,-3989.48,-0.5,0.5,-0.5,0.5;
custom,tube,stone7,2,3.125029,2,1,1,1,1,0.1,0.15,8825.44555,69.76705,-3989.48,-0.5,0.5,-0.5,0.5;
custom,tube,stone7,2,3.125029,2,1,1,1,1,0.1,0.15,8855.44555,69.76705,-3989.48,-0.5,0.5,-0.5,0.5;
custom,tube,stone7,2.2,14.38486,2.2,1,1,1,1,0.11,0.55,8855.4992,49.70061,-1207.45,-0.5,0.5,-0.5,0.5;
custom,tube,stone7,2.2,14.38486,2.2,1,1,1,1,0.11,0.55,8825.4992,49.70061,-1207.45,-0.5,0.5,-0.5,0.5;
custom,tube,stone7,3.06408,14.19344,3.06408,1,1,1,1,0.15,0.55,8840.6943267,49.81931,1992.517,-0.5,0.5,-0.5,0.5;
custom,tube,transparent0.4,111,11.49459,111,1,1,1,1,1.85,0.1833333,8861.54782,52.44624,-62.86,0,0.7071068,0,0.7071068;
custom,cylinder,grass3,125.0301,0.8492598,125.0301,1,1,1,1,1.65625,1.65625,8840,0,-50,0,0.7071068,0,0.7071068;
custom,tube,default,111,3.35633,111,1,1,0.8,0.6,1.85,0.05,8861.54782,0.5091743,-62.86,0,0.7071068,0,0.7071068;
custom,field2,default,1.490569,2.455938,1.490569,0,1,1,1,1,1,9041.3193,8.122474,-80,0,0.7545464,0,-0.6562467;
custom,tree5,default,1,1,1,0,1,1,1,1,1,9002.2106,69.23795,62.875,0,0.7545464,0,-0.6562467;
custom,leaf1,default,2.886666,1.283896,2.886666,0,1,1,1,1,1,9125.7355,7.119622,-35.839,0.0219643,0.7915649,-0.0169389,-0.6104553;
custom,tree2,default,0.819634,0.819634,0.819634,0,1,1,1,1,1,8898.09296,63.72588,-135.149,0,0.9994226,0,0.0339789;
custom,log2,default,1.448496,1.448496,1.448496,0,1,1,1,1,1,9233.5399,20.74231,-18.183,0,0.1772591,0,-0.9841642;
custom,boulder1,default,2.129067,2.129067,2.129067,0,1,1,1,1,1,8927.97431,27.35551,-376.376,0,0.8215017,0,-0.570206;
custom,tree7,default,1,1,1,0,1,1,1,1,1,8986.8724,38.48693,-211.695,0,0.8227437,0,-0.5684125;
custom,leaf1,default,3.253408,1.41425,3.351585,0,1,1,1,1,1,8955.5252,9.335465,239.451,0.0813675,0.9930212,-0.0069719,-0.0850857;
custom,trunk1,default,1,1,1,0,1,1,1,1,1,8481.0928,5.13255,2.944,0,0.9930224,0,-0.1179255;
custom,log1,default,1,1.159839,1,0,1,1,1,1,1,9103.8883,29.58386,-133.17,0,0.9930224,0,-0.1179255;
custom,tube,default,111,1.786914,111,1,1,0.8,0.6,1.85,0.05,8861.54782,101.9571,-62.86,0,0.7071068,0,0.7071068;
custom,tree2,default,1,1,1,0,1,1,1,1,1,8839.0499449,75.41058,10.939,0,0.8164948,0,-0.5773527;
custom,tree2,default,1.076647,1.076647,1.076647,0,1,1,1,1,1,8709.7102,82.78468,-204.983,0,-0.7157387,0,0.6983682;
custom,tree5,default,1.143664,0.7534096,1.143664,0,1,1,1,1,1,8686.5936,55.89565,-51.234,0,-0.7977634,0,-0.6029706;
custom,tree5,default,1,1,1,0,1,1,1,1,1,8839.6854556,69.23795,-308.896,0,0.1554619,0,-0.9878419;
custom,tree7,default,1,0.7774249,1,0,1,1,1,1,1,8778.56659,57.98217,-108.55,0,0.9171586,0,0.3985225;
custom,tree7,default,1,1.03781,1,0,1,1,1,1,1,8947.4197,77.53149,-42.403,0,-0.5579044,0,0.8299052;
custom,tree2,default,1,1,1,0,1,1,1,1,1,8782.61261,75.41058,188.296,0,0.3552315,0,-0.9347784;
custom,tree5,default,1,1,1,0,1,1,1,1,1,8890.29844,69.23795,133.31,0,0.4202693,0,-0.9073994;
custom,tree7,default,1,1,1,0,1,1,1,1,1,8577.6747,38.48693,-32.545,0,0.365407,0,-0.9308479;
custom,tree2,default,0.819634,0.819634,0.819634,0,1,1,1,1,1,8710.5331,63.72588,78.536,0,0.848228,0,-0.5296313;
custom,tree7,default,1,0.7774249,1,0,1,1,1,1,1,8636.7819,57.98217,199.278,0,0.9834389,0,-0.1812401;
custom,tree5,default,1.143664,0.7534096,1.143664,0,1,1,1,1,1,8736.8812,55.89565,299.432,0,-0.9984842,0,-0.0550385;
custom,tree5,default,1.154597,1.154597,1.154597,0,1,1,1,1,1,8512.8806,25.00192,136.373,0.0250833,-0.8815517,0.0615685,-0.4673829;
custom,tree5,default,1.143664,0.7534096,1.143664,0,1,1,1,1,1,8885.19062,55.89565,320.253,0,-0.4086956,0,-0.9126708;
custom,tree2,default,1.076647,1.076647,1.076647,0,1,1,1,1,1,9051.3167,82.78468,202.522,0,-0.9636211,0,0.2672723;
custom,trunk1,default,1.493101,1.493101,1.493101,0,1,1,1,1,1,8941.2814,7.056297,232.256,0,0.9930224,0,-0.1179255;
custom,tree5,default,1.270637,0.7534096,1.895108,0,1,1,1,1,1,8487.0345,55.89565,-141.263,0,-0.6835063,0,0.7299447;
custom,tree2,default,1,1,1,0,1,1,1,1,1,8529.5428,75.41058,-276.983,0,-0.318892,0,-0.9477911;
custom,tree2,default,1,1,1,0,1,1,1,1,1,8660.8061,75.41058,-394.519,0,-0.7936054,0,-0.6084328;
custom,tree7,default,1,0.7774249,1,0,1,1,1,1,1,8778.63127,57.98217,-323.168,0,0.1084608,0,-0.9941007;
custom,field2,default,1.909285,2.55363,1.909285,0,1,1,1,1,1,8973.7339,8.482296,-305.187,0,0.7545464,0,-0.6562467;
custom,field2,default,1.909285,1.909285,1.909285,0,1,1,1,1,1,8853.00585,8.885097,-402.209,0,0.037362,0,-0.9993018;
custom,field2,default,1.54014,1.54014,1.54014,0,1,1,1,1,1,8984.7866,8.782165,-423.491,0,0.9898854,0,0.1418693;
custom,boulder1,default,4.30162,1.008492,4.30162,0,1,1,1,1,1,9099.4094,5.16563,105.611,0,0.8215017,0,-0.570206;
custom,boulder1,default,2.783229,2.783229,5.720397,0,1,1,1,1,1,9150.9214,21.7073,-258.514,0,0.9804918,0,-0.1965598;
custom,field2,default,1.490569,2.861945,1.490569,0,1,1,1,1,1,8832.385516,8.185013,-214.737,0,0.7545464,0,-0.6562467;
custom,field2,default,1.77912,1.77912,1.77912,0,1,1,1,1,1,8604.4968,9.099972,-221.435,0,0.9607671,0,0.2773563;
custom,field2,default,1.10144,1.10144,1.10144,0,1,1,1,1,1,8591.2868,8.496162,95.799,0,0.9399361,0,-0.3413505;
custom,field2,default,1.302057,1.302057,1.298111,0,1,1,1,1,1,8807.34093,8.16004,95.134,0,0.8970634,0,-0.4419019;
custom,field2,default,1.353362,2.002825,1.34926,0,1,1,1,1,1,9198.2766,8.35486,125.905,0,0.9554124,0,0.2952748;
custom,field2,default,1.085732,1.595496,1.082441,0,1,1,1,1,1,8949.2007,8.005997,317.068,0,0.1714479,0,0.9851932;
custom,log2,default,1.706935,1.706935,1.706935,0,1,1,1,1,1,9057.9201,20.87367,-292.044,0.8436531,0.5368726,-0.0035142,-0.0022351;
custom,log1,default,1,0.8221912,1,0,1,1,1,1,1,9168.9107,24.43553,-47.878,0.0007678,0.3850722,-0.0099518,0.9228325;
custom,leaf1,default,2.886666,1.283896,2.886666,0,1,1,1,1,1,8663.2307,7.119622,32.529,0.0272365,0.9815662,-0.0052471,-0.1890989;
custom,leaf1,default,2.646206,0.0467415,2.646206,0,1,1,1,1,1,8479.3401,9.166497,15.786,0,0.9282421,0,0.3719767;
custom,leaf1,default,2.886666,1.283896,2.886666,0,1,1,1,1,1,8748.15086,7.119622,-417.518,0.0219643,0.7915649,-0.0169389,-0.6104553;
custom,leaf1,default,2.886666,1.283896,2.886666,0,1,1,1,1,1,8622.1235,7.119622,306.176,0.0237218,0.8857851,-0.0114201,0.4633483;
custom,leaf1,default,2.703318,1.202348,2.703318,0,1,1,1,1,1,9196.057,8.959267,-136.417,-0.0659409,-0.5271959,0.0229215,-0.8468712;
custom,field2,default,1.853088,1.919956,1.853088,0,1,1,1,1,1,8604.4968,6.560157,-105.282,0,0.532249,0,0.8465878;

misc,barrier,702,2,222,8840,110,-470,0,0.7071068,0,0.7071068;

custom,killPrism,transparent0.9,2,0.7,2,1,1,0.65,0,0.1,0.035,9717.5,240,3270,0,0.7071068,-0.7071068,0;
custom,killPrism,transparent0.9,2,0.7,2,1,1,0.65,0,0.1,0.035,9447.5,240,3270,0,0.7071068,-0.7071068,0;
custom,killPrism,transparent0.9,2,0.7,2,1,1,0.65,0,0.1,0.035,9177.5,240,3270,0,0.7071068,-0.7071068,0;
custom,killPrism,transparent0.9,2,0.7,2,1,1,0.65,0,0.1,0.035,8907.5,240,3270,0,0.7071068,-0.7071068,0;
custom,killPrism,transparent0.9,2,0.7,2,1,1,0.65,0,0.1,0.035,8637.5,240,3270,0,0.7071068,-0.7071068,0;
custom,killPrism,transparent0.9,2,0.7,2,1,1,0.65,0,0.1,0.035,8367.5,240,3270,0,0.7071068,-0.7071068,0;
custom,killPrism,transparent0.9,2,0.7,2,1,1,0.65,0,0.1,0.035,8097.5,240,3270,0,0.7071068,-0.7071068,0;
custom,killPrism,transparent0.9,2.0000005,0.7000002,2.0000005,1,1,0.65,0,0.1,0.035,8840,50,1707.5,-0.7071068,0.7071068,0,-1e-7;
custom,killPrism,transparent0.9,2.0000005,0.7000001,2.0000005,1,1,0.65,0,0.1,0.035,8840,50,2477.5,-0.7071068,0.7071068,0,-1e-7;
custom,killPrism,transparent0.9,2.0000005,0.7000002,2.0000005,1,1,0.65,0,0.1,0.035,8840,50,-1632.5,-0.7071068,0.7071068,0,-1e-7;
custom,killPrism,transparent0.9,2.0000005,0.7000002,2.0000005,1,1,0.65,0,0.1,0.035,8840,50,-1607.5,-0.7071068,0.7071068,0,-1e-7;
custom,killPrism,transparent0.9,2.0000005,0.7000002,2.0000005,1,1,0.65,0,0.1,0.035,8840,50,1732.5,-0.7071068,0.7071068,0,-1e-7;
custom,killPrism,transparent0.9,2.0000005,0.7000001,2.0000005,1,1,0.65,0,0.1,0.035,8840,50,2502.5,-0.7071068,0.7071068,0,-1e-7;
custom,killPrism,transparent0.9,2,0.7,2,1,1,0.65,0,0.1,0.035,9717.5,210,3270,0,0.7071068,-0.7071068,0;
custom,killPrism,transparent0.9,2,0.7,2,1,1,0.65,0,0.1,0.035,9447.5,210,3270,0,0.7071068,-0.7071068,0;
custom,killPrism,transparent0.9,2,0.7,2,1,1,0.65,0,0.1,0.035,9177.5,210,3270,0,0.7071068,-0.7071068,0;
custom,killPrism,transparent0.9,2,0.7,2,1,1,0.65,0,0.1,0.035,8907.5,210,3270,0,0.7071068,-0.7071068,0;
custom,killPrism,transparent0.9,2,0.7,2,1,1,0.65,0,0.1,0.035,8637.5,210,3270,0,0.7071068,-0.7071068,0;
custom,killPrism,transparent0.9,2,0.7,2,1,1,0.65,0,0.1,0.035,8367.5,210,3270,0,0.7071068,-0.7071068,0;
custom,killPrism,transparent0.9,2,0.7,2,1,1,0.65,0,0.1,0.035,8097.5,210,3270,0,0.7071068,-0.7071068,0;

custom,killPrism,transparent0.9,2,0.7,2,1,1,0.65,0,0.1,0.035,8828,50,-2940,-0.5,0.5,-0.5,0.5;
custom,killPrism,transparent0.9,2,0.7,2,1,1,0.65,0,0.1,0.035,8852,50,-2940,0.5,0.5,-0.5,-0.5;
custom,killPrism,transparent,2,0.7,2,1,1,0.65,0,0.1,0.035,8827.5,50,-1770,-0.5,0.5,-0.5,0.5;
custom,killPrism,transparent,2,0.7,2,1,1,0.65,0,0.1,0.035,8852.5,50,-1770,0.5,0.5,-0.5,-0.5;
custom,killPrism,transparent,2,0.7,2,1,1,0.65,0,0.1,0.035,8827.5,50,2340,-0.5,0.5,-0.5,0.5;
custom,killPrism,transparent,2,0.7,2,1,1,0.65,0,0.1,0.035,8852.5,50,2340,0.5,0.5,-0.5,-0.5;
custom,killPrism,transparent,2,0.7,2,1,1,0.65,0,0.1,0.035,8827.5,50,1570,-0.5,0.5,-0.5,0.5;
custom,killPrism,transparent,2,0.7,2,1,1,0.65,0,0.1,0.035,8852.5,50,1570,0.5,0.5,-0.5,-0.5;
custom,killPrism,transparent,2,0.7,2,1,1,0.65,0,0.1,0.035,8740,50,2740,-0.5,0.5,-0.5,0.5;
custom,killPrism,transparent,2,0.7,2,1,1,0.65,0,0.1,0.035,8940,50,2740,0.5,0.5,-0.5,-0.5;

spawnpoint,titan,8730,2.5,3780,0,0,0,1;
spawnpoint,titan,9500,2.5,3750,0,0,0,1;
spawnpoint,titan,8360,2.5,3760,0,0,0,1;
spawnpoint,titan,9150,2.5,3800,0,0,0,1;
photon,spawnTitan,50,0,8730,2.5,3780,0,0,0,1;
photon,spawnAbnormal,50,0,9500,2.5,3750,0,0,0,1;
photon,spawnPunk,50,0,8360,2.5,3760,0,0,0,1;
photon,spawnTitan,50,0,9150,2.5,3800,0,0,0,1;

misc,barrier,10,5,2.2,9090,22.5,-1820,0,0.7071068,0,0.7071068;
misc,barrier,10,5,2.2,9240,77.5,-1820,0,0.7071068,0,0.7071068;
misc,barrier,10,3.5,2.2,8840,85,-1360,0,1,0,0;
misc,barrier,10,3.5,2.2,8840,15,-1360,0,1,0,0;

misc,barrier,10,4.5,2.2,8840,80,-1050,0,1,0,0;
misc,barrier,10,4.5,2.2,8840,20,-1050,0,1,0,0;
misc,barrier,10,3.5,2.2,8840,85,940,0,1,0,0;
misc,barrier,10,3.5,2.2,8840,15,940,0,1,0,0;

misc,barrier,10,4.5,2.2,8840,80,1140,0,1,0,0;
misc,barrier,10,4.5,2.2,8840,20,1140,0,1,0,0;
misc,barrier,10,5,2.2,9390,22.5,-1820,0,0.7071068,0,0.7071068;
misc,barrier,10,5,2.2,9540,77.5,-1820,0,0.7071068,0,0.7071068;

misc,barrier,10,5,2.2,8140,22.5,-1620,0,0.7071068,0,0.7071068;
misc,barrier,10,5,2.2,8290,77.5,-1620,0,0.7071068,0,0.7071068;
misc,barrier,10,5,2.2,8440,22.5,-1620,0,0.7071068,0,0.7071068;
misc,barrier,10,5,2.2,8590,77.5,-1620,0,0.7071068,0,0.7071068;

misc,barrier,10,3.5,2.2,8805,50,1040,-0.7071068,0.7071068,0,0;
misc,barrier,10,3.5,2.2,8875,50,1040,-0.7071068,0.7071068,0,0;
misc,barrier,10,4.5,2.2,8810,50,1240,-0.7071068,0.7071068,0,0;
misc,barrier,10,4.5,2.2,8870,50,1240,-0.7071068,0.7071068,0,0;

misc,barrier,10,5,2.2,8140,50,-1847.5,0.5,0.5,0.5,0.5;
misc,barrier,10,5,2.2,8290,50,-1792.5,0.5,0.5,0.5,0.5;
misc,barrier,10,5,2.2,8440,50,-1847.5,0.5,0.5,0.5,0.5;
misc,barrier,10,5,2.2,8590,50,-1792.5,0.5,0.5,0.5,0.5;

misc,barrier,10,5,2.2,9090,50,-1647.5,0.5,0.5,0.5,0.5;
misc,barrier,10,5,2.2,9240,50,-1592.5,0.5,0.5,0.5,0.5;
misc,barrier,10,5,2.2,9390,50,-1647.5,0.5,0.5,0.5,0.5;
misc,barrier,10,5,2.2,9540,50,-1592.5,0.5,0.5,0.5,0.5;
