map,disablebounds;
custom,cylinder,stone1,170,1.5,170,1,1,1,1,5.666667,5.666667,-2332.328,-2,-2073.798,0,0.9006982,0,0.4344453;
racing,checkpointCuboid,1.5,9.5,10,-1803.193,60.5,-1408.583,0,0.9006982,0,0.4344453;
custom,cuboid,brick3,10,10,22,1,0.7,0.7,0.7,0.01,0.022,-107.1036,353,398.4005,0,0.9006982,0,0.4344453;
custom,cuboid,brick3,10,10,22,1,0.7,0.7,0.7,0.01,0.022,-318.407,353,566.4788,0,0.9006982,0,0.4344453;
custom,cuboid,brick3,10,10,22,1,0.7,0.7,0.7,0.01,0.022,104.1997,353,230.3223,0,0.9006982,0,0.4344453;
custom,cuboid,brick3,10,10,22,1,0.7,0.7,0.7,0.01,0.022,-529.7112,353,734.5578,0,0.9006982,0,0.4344453;
custom,cuboid,brick3,10,10,22,1,0.7,0.7,0.7,0.01,0.022,-741.0157,353,902.6369,0,0.9006982,0,0.4344453;
custom,cuboid,brick3,10,10,22,1,0.7,0.7,0.7,0.01,0.022,315.5039,353,62.24332,0,0.9006982,0,0.4344453;
custom,cuboid,brick3,10,10,22,1,0.7,0.7,0.7,0.01,0.022,-952.3196,353,1070.715,0,0.9006982,0,0.4344453;
custom,cuboid,brick3,10,10,8.5,1,0.7,0.7,0.7,0.01,0.0085,473.9812,353,-63.81526,0,0.9006982,0,0.4344453;
custom,cuboid,brick3,10,10,22,1,0.7,0.7,0.7,0.01,0.022,-1.451619,503,314.3612,0,0.9006982,0,0.4344453;
custom,cuboid,brick3,10,10,22,1,0.7,0.7,0.7,0.01,0.022,-212.7549,503,482.4394,0,0.9006982,0,0.4344453;
custom,cuboid,brick3,10,10,22,1,0.7,0.7,0.7,0.01,0.022,209.8518,503,146.2828,0,0.9006982,0,0.4344453;
custom,cuboid,brick3,10,10,22,1,0.7,0.7,0.7,0.01,0.022,-424.0591,503,650.5182,0,0.9006982,0,0.4344453;
custom,cuboid,brick3,10,10,22,1,0.7,0.7,0.7,0.01,0.022,-635.3636,503,818.5974,0,0.9006982,0,0.4344453;
custom,cuboid,brick3,10,10,22,1,0.7,0.7,0.7,0.01,0.022,421.1554,503,-21.79572,0,0.9006982,0,0.4344453;
custom,cuboid,brick3,10,10,22,1,0.7,0.7,0.7,0.01,0.022,-846.6675,503,986.6763,0,0.9006982,0,0.4344453;
custom,cuboid,brick3,10,10,8.5,1,0.7,0.7,0.7,0.01,0.0085,-1005.146,503,1112.735,0,0.9006982,0,0.4344453;
custom,cuboid,brick3,10,10,22,1,0.7,0.7,0.7,0.01,0.022,-107.1036,653,398.4005,0,0.9006982,0,0.4344453;
custom,cuboid,brick3,10,10,22,1,0.7,0.7,0.7,0.01,0.022,-318.407,653,566.4788,0,0.9006982,0,0.4344453;
custom,cuboid,brick3,10,10,22,1,0.7,0.7,0.7,0.01,0.022,104.1997,653,230.3223,0,0.9006982,0,0.4344453;
custom,cuboid,brick3,10,10,22,1,0.7,0.7,0.7,0.01,0.022,-529.7112,653,734.5578,0,0.9006982,0,0.4344453;
custom,cuboid,brick3,10,10,22,1,0.7,0.7,0.7,0.01,0.022,-741.0157,653,902.6369,0,0.9006982,0,0.4344453;
custom,cuboid,brick3,10,10,22,1,0.7,0.7,0.7,0.01,0.022,315.5039,653,62.24332,0,0.9006982,0,0.4344453;
custom,cuboid,brick3,10,10,22,1,0.7,0.7,0.7,0.01,0.022,-952.3196,653,1070.715,0,0.9006982,0,0.4344453;
custom,cuboid,brick3,10,10,22,1,0.7,0.7,0.7,0.01,0.022,-1.451619,803,314.3612,0,0.9006982,0,0.4344453;
custom,cuboid,brick3,10,10,22,1,0.7,0.7,0.7,0.01,0.022,-212.7549,803,482.4394,0,0.9006982,0,0.4344453;
custom,cuboid,brick3,10,10,22,1,0.7,0.7,0.7,0.01,0.022,209.8518,803,146.2828,0,0.9006982,0,0.4344453;
custom,cuboid,brick3,10,10,22,1,0.7,0.7,0.7,0.01,0.022,-424.0591,803,650.5182,0,0.9006982,0,0.4344453;
custom,cuboid,brick3,10,10,22,1,0.7,0.7,0.7,0.01,0.022,-635.3636,803,818.5974,0,0.9006982,0,0.4344453;
custom,cuboid,brick3,10,10,22,1,0.7,0.7,0.7,0.01,0.022,421.1554,803,-21.79572,0,0.9006982,0,0.4344453;
custom,cuboid,brick3,10,10,22,1,0.7,0.7,0.7,0.01,0.022,-846.6675,803,986.6763,0,0.9006982,0,0.4344453;
custom,cuboid,brick3,10,10,8.5,1,0.7,0.7,0.7,0.01,0.0085,473.9812,653,-63.81526,0,0.9006982,0,0.4344453;
custom,cuboid,brick3,10,10,8.5,1,0.7,0.7,0.7,0.01,0.0085,-1005.146,803,1112.735,0,0.9006982,0,0.4344453;
custom,cuboid,brick3,10,10,22,1,0.7,0.7,0.7,0.01,0.022,-107.1036,953,398.4005,0,0.9006982,0,0.4344453;
custom,cuboid,brick3,10,10,22,1,0.7,0.7,0.7,0.01,0.022,-318.407,953,566.4788,0,0.9006982,0,0.4344453;
custom,cuboid,brick3,10,10,22,1,0.7,0.7,0.7,0.01,0.022,104.1997,953,230.3223,0,0.9006982,0,0.4344453;
custom,cuboid,brick3,10,10,22,1,0.7,0.7,0.7,0.01,0.022,-529.7112,953,734.5578,0,0.9006982,0,0.4344453;
custom,cuboid,brick3,10,10,22,1,0.7,0.7,0.7,0.01,0.022,-741.0157,953,902.6369,0,0.9006982,0,0.4344453;
custom,cuboid,brick3,10,10,22,1,0.7,0.7,0.7,0.01,0.022,315.5039,953,62.24332,0,0.9006982,0,0.4344453;
custom,cuboid,brick3,10,10,22,1,0.7,0.7,0.7,0.01,0.022,-952.3196,953,1070.715,0,0.9006982,0,0.4344453;
custom,cuboid,brick3,10,10,8.5,1,0.7,0.7,0.7,0.01,0.0085,473.9812,953,-63.81526,0,0.9006982,0,0.4344453;
custom,cuboid,brick3,10,10,22,1,0.7,0.7,0.7,0.01,0.022,-1.451619,1103,314.3612,0,0.9006982,0,0.4344453;
custom,cuboid,brick3,10,10,22,1,0.7,0.7,0.7,0.01,0.022,-212.7549,1103,482.4394,0,0.9006982,0,0.4344453;
custom,cuboid,brick3,10,10,22,1,0.7,0.7,0.7,0.01,0.022,209.8518,1103,146.2828,0,0.9006982,0,0.4344453;
custom,cuboid,brick3,10,10,22,1,0.7,0.7,0.7,0.01,0.022,-424.0591,1103,650.5182,0,0.9006982,0,0.4344453;
custom,cuboid,brick3,10,10,22,1,0.7,0.7,0.7,0.01,0.022,-635.3636,1103,818.5974,0,0.9006982,0,0.4344453;
custom,cuboid,brick3,10,10,22,1,0.7,0.7,0.7,0.01,0.022,421.1554,1103,-21.79572,0,0.9006982,0,0.4344453;
custom,cuboid,brick3,10,10,22,1,0.7,0.7,0.7,0.01,0.022,-846.6675,1103,986.6763,0,0.9006982,0,0.4344453;
custom,cuboid,brick3,10,10,8.5,1,0.7,0.7,0.7,0.01,0.0085,-1005.146,1103,1112.735,0,0.9006982,0,0.4344453;
custom,cuboid,brick3,10,10,22,1,0.7,0.7,0.7,0.01,0.022,-107.1036,1253,398.4005,0,0.9006982,0,0.4344453;
custom,cuboid,brick3,10,10,22,1,0.7,0.7,0.7,0.01,0.022,-318.407,1253,566.4788,0,0.9006982,0,0.4344453;
custom,cuboid,brick3,10,10,22,1,0.7,0.7,0.7,0.01,0.022,104.1997,1253,230.3223,0,0.9006982,0,0.4344453;
custom,cuboid,brick3,10,10,22,1,0.7,0.7,0.7,0.01,0.022,-529.7112,1253,734.5578,0,0.9006982,0,0.4344453;
custom,cuboid,brick3,10,10,22,1,0.7,0.7,0.7,0.01,0.022,-741.0157,1253,902.6369,0,0.9006982,0,0.4344453;
custom,cuboid,brick3,10,10,22,1,0.7,0.7,0.7,0.01,0.022,315.5039,1253,62.24332,0,0.9006982,0,0.4344453;
custom,cuboid,brick3,10,10,22,1,0.7,0.7,0.7,0.01,0.022,-952.3196,1253,1070.715,0,0.9006982,0,0.4344453;
custom,cuboid,brick3,10,10,22,1,0.7,0.7,0.7,0.01,0.022,-1.451619,1403,314.3612,0,0.9006982,0,0.4344453;
custom,cuboid,brick3,10,10,22,1,0.7,0.7,0.7,0.01,0.022,209.8518,1403,146.2828,0,0.9006982,0,0.4344453;
custom,cuboid,brick3,10,10,22,1,0.7,0.7,0.7,0.01,0.022,-424.0591,1403,650.5182,0,0.9006982,0,0.4344453;
custom,cuboid,brick3,10,10,22,1,0.7,0.7,0.7,0.01,0.022,-635.3636,1403,818.5974,0,0.9006982,0,0.4344453;
custom,cuboid,brick3,10,10,22,1,0.7,0.7,0.7,0.01,0.022,421.1554,1403,-21.79572,0,0.9006982,0,0.4344453;
custom,cuboid,brick3,10,10,22,1,0.7,0.7,0.7,0.01,0.022,-846.6675,1403,986.6763,0,0.9006982,0,0.4344453;
custom,cuboid,brick3,10,10,8.5,1,0.7,0.7,0.7,0.01,0.0085,473.9812,1253,-63.81526,0,0.9006982,0,0.4344453;
custom,cuboid,brick3,10,10,8.5,1,0.7,0.7,0.7,0.01,0.0085,-1005.146,1403,1112.735,0,0.9006982,0,0.4344453;
custom,cuboid,brick3,10,10,22,1,0.7,0.7,0.7,0.01,0.022,104.1997,1553,230.3223,0,0.9006982,0,0.4344453;
custom,cuboid,brick3,10,10,22,1,0.7,0.7,0.7,0.01,0.022,-741.0157,1553,902.6369,0,0.9006982,0,0.4344453;
custom,cuboid,brick3,10,10,22,1,0.7,0.7,0.7,0.01,0.022,315.5039,1553,62.24332,0,0.9006982,0,0.4344453;
custom,cuboid,brick3,10,10,22,1,0.7,0.7,0.7,0.01,0.022,-952.3196,1553,1070.715,0,0.9006982,0,0.4344453;
custom,cuboid,brick3,10,10,22,1,0.7,0.7,0.7,0.01,0.022,209.8518,1703,146.2828,0,0.9006982,0,0.4344453;
custom,cuboid,brick3,10,10,22,1,0.7,0.7,0.7,0.01,0.022,-635.3636,1703,818.5974,0,0.9006982,0,0.4344453;
custom,cuboid,brick3,10,10,22,1,0.7,0.7,0.7,0.01,0.022,421.1554,1703,-21.79572,0,0.9006982,0,0.4344453;
custom,cuboid,brick3,10,10,22,1,0.7,0.7,0.7,0.01,0.022,-846.6675,1703,986.6763,0,0.9006982,0,0.4344453;
custom,cuboid,brick3,10,10,8.5,1,0.7,0.7,0.7,0.01,0.0085,473.9812,1553,-63.81526,0,0.9006982,0,0.4344453;
custom,cuboid,brick3,10,10,8.5,1,0.7,0.7,0.7,0.01,0.0085,-1005.146,1703,1112.735,0,0.9006982,0,0.4344453;
custom,cuboid,brick3,10,10,22,1,0.7,0.7,0.7,0.01,0.022,104.1997,1853,230.3223,0,0.9006982,0,0.4344453;
custom,cuboid,brick3,10,10,22,1,0.7,0.7,0.7,0.01,0.022,-529.7112,1853,734.5578,0,0.9006982,0,0.4344453;
custom,cuboid,brick3,10,10,22,1,0.7,0.7,0.7,0.01,0.022,-741.0157,1853,902.6369,0,0.9006982,0,0.4344453;
custom,cuboid,brick3,10,10,22,1,0.7,0.7,0.7,0.01,0.022,315.5039,1853,62.24332,0,0.9006982,0,0.4344453;
custom,cuboid,brick3,10,10,22,1,0.7,0.7,0.7,0.01,0.022,-952.3196,1853,1070.715,0,0.9006982,0,0.4344453;
custom,cuboid,brick3,10,10,8.5,1,0.7,0.7,0.7,0.01,0.0085,473.9812,1853,-63.81526,0,0.9006982,0,0.4344453;
custom,cuboid,brick3,10,10,22,1,0.7,0.7,0.7,0.01,0.022,-1.451619,2003,314.3612,0,0.9006982,0,0.4344453;
custom,cuboid,brick3,10,10,22,1,0.7,0.7,0.7,0.01,0.022,-212.7549,2003,482.4394,0,0.9006982,0,0.4344453;
custom,cuboid,brick3,10,10,22,1,0.7,0.7,0.7,0.01,0.022,209.8518,2003,146.2828,0,0.9006982,0,0.4344453;
custom,cuboid,brick3,10,10,22,1,0.7,0.7,0.7,0.01,0.022,-424.0591,2003,650.5182,0,0.9006982,0,0.4344453;
custom,cuboid,brick3,10,10,22,1,0.7,0.7,0.7,0.01,0.022,-635.3636,2003,818.5974,0,0.9006982,0,0.4344453;
custom,cuboid,brick3,10,10,22,1,0.7,0.7,0.7,0.01,0.022,421.1554,2003,-21.79572,0,0.9006982,0,0.4344453;
custom,cuboid,brick3,10,10,22,1,0.7,0.7,0.7,0.01,0.022,-846.6675,2003,986.6763,0,0.9006982,0,0.4344453;
custom,cuboid,brick3,10,10,8.5,1,0.7,0.7,0.7,0.01,0.0085,-1005.146,2003,1112.735,0,0.9006982,0,0.4344453;
custom,cuboid,default,4.6,99,196.5,1,0.62,0.62,0.62,0.23,9.825,-251.263,803,542.4594,0,0.9006982,0,0.4344453;
custom,cuboid,default,4.6,15,75,1,0.62,0.62,0.62,0.23,3.75,224.1698,1373,164.283,0,0.9006982,0,0.4344453;
custom,cuboid,default,4.6,15,61.5,1,0.62,0.62,0.62,0.23,3.075,276.9962,1523,122.263,0,0.9006982,0,0.4344453;
custom,cuboid,default,4.6,15,61.5,1,0.62,0.62,0.62,0.23,3.075,276.9962,1883,122.263,0,0.9006982,0,0.4344453;
custom,cuboid,default,4.6,21,48,1,0.62,0.62,0.62,0.23,2.4,329.8219,1703,80.24355,0,0.9006982,0,0.4344453;
custom,cuboid,default,4.6,9,196.5,1,0.62,0.62,0.62,0.23,9.825,-251.263,2003,542.4594,0,0.9006982,0,0.4344453;
custom,cuboid,default,4.6,15,75,1,0.62,0.62,0.62,0.23,3.75,-726.6977,1883,920.6371,0,0.9006982,0,0.4344453;
custom,cuboid,default,4.6,15,61.5,1,0.62,0.62,0.62,0.23,3.075,-779.5235,1733,962.6568,0,0.9006982,0,0.4344453;
custom,cuboid,default,4.6,21,48,1,0.62,0.62,0.62,0.23,2.4,-832.3495,1553,1004.676,0,0.9006982,0,0.4344453;
custom,cuboid,default,4.6,15,88.5,1,0.62,0.62,0.62,0.23,4.425,-673.8716,1373,878.6174,0,0.9006982,0,0.4344453;
racing,endcuboid,2.5,70,115.7,-246.9054,1628,547.9376,0,0.9006982,0,0.4344453;
custom,cuboid,brick3,10,10,22,1,0.7,0.7,0.7,0.01,0.022,200.1355,58,1140.174,0,0.8594064,0,0.5112931;
custom,cuboid,brick3,10,10,22,1,0.7,0.7,0.7,0.01,0.022,156.917,58,957.328,-0.5356793,0.5356793,-0.461571,0.4615708;
custom,cuboid,brick3,10,10,22,1,0.7,0.7,0.7,0.01,0.022,169.8998,158,1062.001,-0.9949685,0,-0.100188,0;
custom,cuboid,brick3,10,10,22,1,0.7,0.7,0.7,0.01,0.022,537.1119,58,862.3209,0,0.814231,0,-0.5805411;
custom,cuboid,brick3,10,10,22,1,0.7,0.7,0.7,0.01,0.022,-223.2586,57.5,1308.572,-0.3748287,0.3748287,0.5995861,-0.5995861;
custom,cuboid,brick3,10,10,22,1,0.7,0.7,0.7,0.01,0.022,-660.97,58,1207.72,-0.8387788,0,0.5444724,0;
custom,cuboid,brick3,10,10,22,1,0.7,0.7,0.7,0.01,0.022,678.3431,58,297.5176,-0.6076921,0.6076921,-0.3615388,0.3615388;
custom,cuboid,brick3,10,10,22,1,0.7,0.7,0.7,0.01,0.022,-361.7273,58,1036.886,0,0.9733793,0,0.2292004;
custom,cuboid,brick3,10,10,22,1,0.7,0.7,0.7,0.01,0.022,-582.0109,58,1577.967,0,0.9351352,0,0.3542911;
custom,cuboid,brick3,10,10,22,1,0.7,0.7,0.7,0.01,0.022,688.4785,58,583.3441,0.6753011,0.6753011,0.2096866,0.2096865;
custom,cuboid,brick3,10,10,22,1,0.7,0.7,0.7,0.01,0.022,-112.9855,58,1527.524,-0.1175374,0,-0.9930685,0;
custom,cuboid,brick3,10,10,22,1,0.7,0.7,0.7,0.01,0.022,372.7723,58,387.2458,0,0.892979,0,-0.4500984;
custom,cuboid,brick4,4.9,30,197,1,1,0.4,0.2,1.97,0.3,-251.263,158,542.4594,0,0.9006982,0,0.4344453;
misc,barrier,3,100,196.5,-306.0446,803,473.5894,0,0.9006982,0,0.4344453;
misc,barrier,13,3,202.5,-274.9187,2063,512.72,0,0.9006982,0,0.4344453;
misc,barrier,13,175,3,505.7312,1178,-108.2369,0,0.9006982,0,0.4344453;
misc,barrier,13,175,3,-1055.57,1178,1133.678,0,0.9006982,0,0.4344453;
misc,barrier,18,1,18,-4834.839,133,-5219.884,0,0.9006982,0,0.4344453;
misc,barrier,26.6,2,202,-357.4294,212.5252,408.9899,-0.3613138,0.8250513,-0.1742771,0.3979575;
misc,barrier,30,30,3,452.8173,153,-174.7588,0,0.9006982,0,0.4344453;
misc,barrier,30,30,3,-1108.484,153,1067.156,0,0.9006982,0,0.4344453;
misc,barrier,3,15,75.5,167.4317,1378,96.96938,0,0.9006982,0,0.4344453;
misc,barrier,3,15,62,220.2581,1528,54.94935,0,0.9006982,0,0.4344453;
misc,barrier,3,20,48.5,273.0838,1703,12.92992,0,0.9006982,0,0.4344453;
misc,barrier,3,15,62,220.2581,1878,54.94935,0,0.9006982,0,0.4344453;
misc,barrier,3,10,196.5,-306.0446,1998,473.5894,0,0.9006982,0,0.4344453;
misc,barrier,3,20,48.5,-885.1747,1553,934.2502,0,0.9006982,0,0.4344453;
misc,barrier,3,15,62,-832.3486,1728,892.2306,0,0.9006982,0,0.4344453;
misc,barrier,3,15,75.5,-779.5226,1878,850.211,0,0.9006982,0,0.4344453;
misc,barrier,3,15,89,-726.6967,1378,808.1912,0,0.9006982,0,0.4344453;
spawnpoint,playerC,-4823.1,48,-5229.221,0,0,0,1;
spawnpoint,playerM,-4846.578,48,-5210.546,0,0,0,1;
custom,cuboid,stone9,2500,2.5,2500,1,1,0.9,1,100,100,-2400.805,-2,-2159.885,0,0.9006982,0,0.4344453;
racing,startcuboid,1.5,2,6,-4785.038,78,-5157.275,0,0.9006982,0,0.4344453;
custom,cuboid,brick2,2.05,12,17.95,1,1,1,1,0.8975,0.6,-4772.23,68,-5269.685,0,0.3296906,0,0.9440891;
custom,cuboid,brick2,2.05,12,17.95,1,1,1,1,0.8975,0.6,-4897.448,68,-5170.082,0,0.3296906,0,0.9440891;
custom,cuboid,brick2,2,12,18,1,1,1,1,0.9,0.6,-4884.64,68,-5282.492,0,0.9006982,0,0.4344453;
custom,cuboid,stone1,17,4,17,1,1,1,1,0.85,0.85,-4834.839,28,-5219.884,0,0.9006982,0,0.4344453;
custom,cuboid,brick2,2,6.2,18,1,1,1,1,0.9,0.31,-4785.038,39,-5157.275,0,0.9006982,0,0.4344453;
custom,cuboid,brick2,2,4.2,18,1,1,1,1,0.9,0.21,-4785.038,107,-5157.275,0,0.9006982,0,0.4344453;
custom,tube,stone7,1.893166,2.958098,1.893165,1,1,1,1,0.1,0.15,-4772.627,77.76705,-5166.483,-0.6368898,0.6368898,-0.3071992,0.3071992;
custom,cuboid,brick2,2,1.6,1.4,1,1,1,1,0.07,0.08,-4785.038,78,-5157.275,0,0.9006982,0,0.4344453;
custom,cuboid,brick2,2,1.6,6.7,1,1,1,1,0.335,0.08,-4740.82,78,-5192.447,0,0.9006982,0,0.4344453;
custom,cuboid,brick2,2,1.6,6.7,1,1,1,1,0.335,0.08,-4829.255,78,-5122.102,0,0.9006982,0,0.4344453;
custom,cuboid,brick4,18.05,0.75,2.1,1,1,0.5,0.4,0.9025,0.105,-4772.23,130.5,-5269.685,0,0.9006982,0,0.4344453;
custom,cuboid,brick4,18.05,0.75,2.1,1,1,0.5,0.4,0.9025,0.105,-4897.448,130.5,-5170.082,0,0.9006982,0,0.4344453;
custom,cuboid,brick4,18.05,0.7,2.1,1,1,0.5,0.4,0.9025,0.105,-4884.64,130.5,-5282.492,0,0.3296906,0,0.9440891;
custom,cuboid,brick4,18.05,0.7,2.1,1,1,0.5,0.4,0.9025,0.105,-4785.038,130.5,-5157.275,0,0.3296906,0,0.9440891;
custom,cuboid,brick4,11,0.8,2,1,1,0.5,0.4,0.55,0.1,-2861.466,10.5,-2739.015,0,0.3296906,0,0.9440891;
custom,cuboid,brick4,11,0.8,2,1,1,0.5,0.4,0.55,0.1,-1803.193,10.5,-1408.583,0,0.3296906,0,0.9440891;
custom,cuboid,wood1,3,20,3,1,1,1,1,0.1,0.6666667,442.3234,58,-191.9671,0,0.9006982,0,0.4344453;
custom,cylinder,wood2,1.9,100,1.9,1,1,1,0.1,0.02,0.02,-340.2829,108,430.546,-0.3071992,0.6368898,0.6368898,0.3071992;
custom,cuboid,wood1,3,20,3,1,1,1,1,0.1,0.6666667,-1122.891,58,1053.06,0,0.9006982,0,0.4344453;
custom,cuboid,brick1,10,10,152,1,0.4,0.3,0.3,7.6,0.5,-564.3879,58,148.8072,0,0.9006982,0,0.4344453;
custom,cuboid,brick1,10,10,152,1,0.4,0.3,0.3,7.6,0.5,-813.3936,58,-164.2358,0,0.9006982,0,0.4344453;
custom,cuboid,brick1,10,10,152,1,0.4,0.3,0.3,7.6,0.5,-1292.729,58,-766.8438,0,0.9006982,0,0.4344453;
custom,cuboid,brick1,10,10,152,1,0.4,0.3,0.3,7.6,0.5,-3371.93,58,-3380.757,0,0.9006982,0,0.4344453;
custom,cuboid,brick1,10,10,102,1,0.4,0.3,0.3,5.1,0.5,-4100.272,58,-4296.406,0,0.9006982,0,0.4344453;
custom,cuboid,brick1,10,10,77,1,0.4,0.3,0.3,3.85,0.5,-3994.444,58,-4163.362,0,0.9006982,0,0.4344453;
custom,cuboid,brick1,10,10,52,1,0.4,0.3,0.3,2.6,0.5,-3888.616,58,-4030.32,0,0.9006982,0,0.4344453;
custom,cuboid,brick1,10,10,27,1,0.4,0.3,0.3,1.35,0.5,-3782.789,58,-3897.277,0,0.9006982,0,0.4344453;
custom,cuboid,brick1,10,10,10,1,0.4,0.3,0.3,0.5,0.5,-688.8907,58,-7.714218,0,0.9006982,0,0.4344453;
custom,cuboid,brick1,10,10,76,1,0.4,0.3,0.3,3.8,0.5,-195.8489,58,-399.8974,0,0.9006982,0,0.4344453;
custom,cuboid,brick1,10,10,76,1,0.4,0.3,0.3,3.8,0.5,-1181.933,58,384.4701,0,0.9006982,0,0.4344453;
custom,cuboid,brick1,10,10,86,1,0.4,0.3,0.3,4.3,0.5,-1391.809,58,40.30141,0,0.9006982,0,0.4344453;
custom,cuboid,brick1,10,10,86,1,0.4,0.3,0.3,4.3,0.5,-483.9854,58,-681.8145,0,0.9006982,0,0.4344453;
custom,cuboid,brick1,10,10,86,1,0.4,0.3,0.3,4.3,0.5,-714.3156,58,-971.3792,0,0.9006982,0,0.4344453;
custom,cuboid,brick1,10,10,86,1,0.4,0.3,0.3,4.3,0.5,-963.3215,58,-1284.423,0,0.9006982,0,0.4344453;
custom,cuboid,brick1,10,10,86,1,0.4,0.3,0.3,4.3,0.5,-1871.146,58,-562.3066,0,0.9006982,0,0.4344453;
custom,cuboid,brick1,10,10,86,1,0.4,0.3,0.3,4.3,0.5,-1622.14,58,-249.2633,0,0.9006982,0,0.4344453;
custom,cuboid,brick1,10,10,86,1,0.4,0.3,0.3,4.3,0.5,-3701.341,58,-2863.177,0,0.9006982,0,0.4344453;
custom,cuboid,brick1,10,10,74,1,0.4,0.3,0.3,3.7,0.5,-3997.303,58,-3138.869,0,0.9006982,0,0.4344453;
custom,cuboid,brick1,10,10,74,1,0.4,0.3,0.3,3.7,0.5,-2995.565,58,-3935.687,0,0.9006982,0,0.4344453;
custom,cuboid,brick1,10,10,86,1,0.4,0.3,0.3,4.3,0.5,-2793.517,58,-3585.293,0,0.9006982,0,0.4344453;
custom,cuboid,brick1,10,10,54,1,0.4,0.3,0.3,2.7,0.5,-3885.231,58,-4684.679,0,0.9006982,0,0.4344453;
custom,cuboid,brick1,10,10,54,1,0.4,0.3,0.3,2.7,0.5,-4526.969,58,-4174.219,0,0.9006982,0,0.4344453;
custom,cuboid,brick1,10,10,87,1,0.4,0.3,0.3,4.35,0.5000001,-4578.454,58,-4752.988,0,0.3296906,0,0.9440891;
custom,cuboid,brick1,9.999999,10,87,1,0.4,0.3,0.3,4.35,0.4999999,-4437.584,58,-4865.041,0,0.3296906,0,0.9440891;
custom,cuboid,brick1,10,10,62,1,0.4,0.3,0.3,3.1,0.5000001,-2945.058,58,-3004.745,0,0.3296906,0,0.9440891;
custom,cuboid,brick1,10,10,62,1,0.4,0.3,0.3,3.1,0.5000001,-3101.58,58,-2880.241,0,0.3296906,0,0.9440891;
custom,cuboid,brick1,10,10,62,1,0.4,0.3,0.3,3.1,0.5000001,-1719.599,58,-1142.853,0,0.3296906,0,0.9440891;
custom,cuboid,brick1,10,10,62,1,0.4,0.3,0.3,3.1,0.5,-1563.076,58,-1267.356,0,0.3296906,0,0.9440891;
custom,cuboid,brick1,10,10,27,1,0.4,0.3,0.3,1.35,0.5000001,-974.7999,58,-527.7914,0,0.3296906,0,0.9440891;
custom,cuboid,brick1,10,10,27,1,0.4,0.3,0.3,1.35,0.5000001,-1131.323,58,-403.288,0,0.3296906,0,0.9440891;
custom,cuboid,brick1,10,10,50.00001,1,0.4,0.3,0.3,2.5,0.5000001,-463.1662,58,-1426.708,0,0.3296906,0,0.9440891;
custom,cuboid,brick1,10,10,50.00001,1,0.4,0.3,0.3,2.5,0.5000001,-2122.295,58,-106.9776,0,0.3296906,0,0.9440891;
custom,cuboid,brick1,10,10,90,1,0.4,0.3,0.3,4.5,0.5000001,-1518.456,58,652.1519,0,0.3296906,0,0.9440891;
custom,cuboid,brick1,10,10,90.1,1,0.4,0.3,0.3,4.505,0.5000001,140.6726,58,-667.5786,0,0.3296906,0,0.9440891;
custom,cuboid,brick1,10,10,50.00001,1,0.4,0.3,0.3,2.5,0.5000001,-2542.367,58,-4040.621,0,0.3296906,0,0.9440891;
custom,cuboid,brick1,10,10,50.00001,1,0.4,0.3,0.3,2.5,0.5000001,-4201.496,58,-2720.891,0,0.3296906,0,0.9440891;
custom,cuboid,brick1,10,10,44,1,0.4,0.3,0.3,2.2,0.5000001,-4671.576,58,-3841.972,0,0.3296906,0,0.9440891;
custom,cuboid,brick1,12.5,10,27,1,0.4,0.3,0.3,1.35,0.6250001,-4424.791,58,-3712.439,0,0.3296906,0,0.9440891;
custom,cuboid,brick1,12.5,10,27,1,0.4,0.3,0.3,1.35,0.6250001,-4221.137,58,-3657.21,0,0.3296906,0,0.9440891;
custom,cuboid,brick1,12.5,10,29,1,0.4,0.3,0.3,1.45,0.6250001,-3807.606,58,-3538.927,0,0.3296906,0,0.9440891;
custom,cuboid,brick1,12.5,10,27,1,0.4,0.3,0.3,1.35,0.6250001,-4017.484,58,-3601.981,0,0.3296906,0,0.9440891;
custom,cuboid,brick1,10,10,44,1,0.4,0.3,0.3,2.2,0.5,-3528.969,58.00005,-4750.841,-0.3296906,0,-0.9440891,1E-07;
custom,cuboid,brick1,12.5,10,27,1,0.4,0.3,0.3,1.35,0.625,-3458.271,58.00003,-4481.243,-0.3296906,0,-0.9440891,1E-07;
custom,cuboid,brick1,12.5,10,27,1,0.4,0.3,0.3,1.35,0.625,-3450.269,58.00001,-4270.384,-0.3296906,0,-0.9440891,1E-07;
custom,cuboid,brick1,12.5,10,29,1,0.4,0.3,0.3,1.45,0.625,-3428.042,57.99997,-3840.846,-0.3296906,0,-0.9440891,1E-07;
custom,cuboid,brick1,12.5,10,27,1,0.4,0.3,0.3,1.35,0.625,-3442.268,57.99999,-4059.529,-0.3296906,0,-0.9440891,1E-07;
custom,cuboid,brick1,9.911,10,23.48,1,0.4,0.3,0.3,1.174,0.49555,-2708.22,58,-2827.722,0,0.8503522,0,0.5262139;
custom,cuboid,brick1,9.910999,10,23.48,1,0.4,0.3,0.3,1.174,0.49555,-2543.259,58,-2889.398,0,0.7906895,0,0.6122174;
custom,cuboid,brick1,9.910999,10,23.48,1,0.4,0.3,0.3,1.174,0.49555,-2193.288,58,-2904.678,0,0.6461241,0,0.7632324;
custom,cuboid,brick1,9.910999,10,23.48,1,0.4,0.3,0.3,1.174,0.49555,-1621.828,58,-2526.436,0,0.279829,0,0.9600499;
custom,cuboid,brick1,9.910999,10,23.48,1,0.4,0.3,0.3,1.174,0.49555,-2369.077,58,-2915.43,0,0.722364,0,0.691513;
custom,cuboid,brick1,9.910999,10,23.48,1,0.4,0.3,0.3,1.174,0.49555,-1867.359,58,-2776.29,0,0.4733198,0,0.8808907;
custom,cuboid,brick1,9.910999,10,23.48,1,0.4,0.3,0.3,1.174,0.49555,-2023.576,58,-2857.614,0,0.5628049,0,0.8265898;
custom,cuboid,brick1,9.910999,10,23.48,1,0.4,0.3,0.3,1.174,0.49555,-1731.464,58,-2664.267,0,0.3786486,0,0.9255405;
custom,cuboid,brick1,9.911,10,23.48,1,0.4,0.3,0.3,1.174,0.49555,-2982.372,58,-2609.652,0,0.941176,0,0.3379167;
custom,cuboid,brick1,9.910999,10,23.48,1,0.4,0.3,0.3,1.174,0.49555,-3079.578,58,-2462.791,0,0.9713421,0,0.2376858;
custom,cuboid,brick1,9.910999,10,23.48,1,0.4,0.3,0.3,1.174,0.49555,-2933.195,58,-1483.327,0,0.9255405,0,-0.3786487;
custom,cuboid,brick1,9.910999,10,23.48,1,0.4,0.3,0.3,1.174,0.49555,-3144.125,58,-2298.929,0,0.9908659,0,0.1348509;
custom,cuboid,brick1,9.910999,10,23.48,1,0.4,0.3,0.3,1.174,0.49555,-3121.413,58,-1778.771,0,0.9840407,0,-0.1779434;
custom,cuboid,brick1,9.910999,10,23.48,1,0.4,0.3,0.3,1.174,0.49555,-3173.192,58,-2125.228,0,0.9995336,0,0.0305386;
custom,cuboid,brick1,9.910999,10,23.48,1,0.4,0.3,0.3,1.174,0.49555,-3165.51,58,-1949.278,0,0.9972502,0,-0.0741086;
custom,cuboid,brick1,9.910999,10,23.48,1,0.4,0.3,0.3,1.174,0.49555,-3042.831,58,-1621.159,0,0.9600498,0,-0.2798291;
custom,cuboid,brick1,9.910999,10,23.48,1,0.4,0.3,0.3,1.174,0.49555,-2797.3,58,-1371.305,0,0.8808907,0,-0.4733198;
custom,cuboid,brick1,9.911,10,23.48,1,0.4,0.3,0.3,1.174,0.49555,-2641.082,58,-1289.982,0,0.8265898,0,-0.5628049;
custom,cuboid,brick1,9.911,10,23.48,1,0.4,0.3,0.3,1.174,0.49555,-2471.371,58,-1242.918,0,0.7632324,0,-0.6461241;
custom,cuboid,brick1,9.910999,10,23.48,1,0.4,0.3,0.3,1.174,0.49555,-2295.583,58,-1232.166,0,0.691513,0,-0.722364;
custom,cuboid,brick1,9.911,10,23.48,1,0.4,0.3,0.3,1.174,0.49555,-2121.401,58,-1258.198,0,0.6122174,0,-0.7906895;
custom,cuboid,brick1,9.911,10,23.48,1,0.4,0.3,0.3,1.174,0.49555,-1956.437,58,-1319.875,0,0.5262139,0,-0.8503522;
custom,cuboid,brick1,9.911,10,23.48,1,0.4,0.3,0.3,1.174,0.49555,-1682.284,58,-1537.945,0,-0.3379167,0,0.941176;
custom,cuboid,brick1,9.910999,10,23.48,1,0.4,0.3,0.3,1.174,0.49555,-1520.536,58,-1848.667,0,-0.1348509,0,0.9908659;
custom,cuboid,brick1,9.911,10,23.48,1,0.4,0.3,0.3,1.174,0.49555,-1499.147,58,-2198.317,0,0.0741086,0,0.9972502;
custom,cuboid,brick1,9.911,10,23.48,1,0.4,0.3,0.3,1.174,0.49555,-1585.081,58,-1684.805,0,-0.2376858,0,0.9713421;
custom,cuboid,brick1,9.911,10,23.48,1,0.4,0.3,0.3,1.174,0.49555,-1491.466,58,-2022.368,0,-0.0305386,0,0.9995336;
custom,cuboid,brick1,9.910999,10,23.48,1,0.4,0.3,0.3,1.174,0.49555,-1543.245,58,-2368.824,0,0.1779434,0,0.9840407;
custom,cuboid,brick1,10,10,10,1,0.4,0.3,0.3,0.5,0.5,-4276.534,58,-4373.423,0,0.9006982,0,0.4344453;
custom,cuboid,brick1,10,10,10,1,0.4,0.3,0.3,0.5,0.5,-4135.664,58,-4485.476,0,0.9006982,0,0.4344453;
custom,cuboid,brick1,10,10,10,1,0.4,0.3,0.3,0.5,0.5,-3662.013,58,-4645.012,0,0.9006982,0,0.4344453;
custom,cuboid,brick1,10,10,10,1,0.4,0.3,0.3,0.5,0.5,-4538.532,58,-3947.799,0,0.9006982,0,0.4344453;
custom,cuboid,brick1,10,10,10,1,0.4,0.3,0.3,0.5,0.5,-4334.879,58,-3892.57,0,0.9006982,0,0.4344453;
custom,cuboid,brick1,10,10,10,1,0.4,0.3,0.3,0.5,0.5,-3654.011,58,-4434.155,0,0.9006982,0,0.4344453;
custom,cuboid,brick1,10,10,10,1,0.4,0.3,0.3,0.5,0.5,-3646.009,58,-4223.297,0,0.9006982,0,0.4344453;
custom,cuboid,brick1,10,10,10,1,0.4,0.3,0.3,0.5,0.5,-4131.225,58,-3837.34,0,0.9006982,0,0.4344453;
custom,cuboid,brick1,10,10,10,1,0.4,0.3,0.3,0.5,0.5,-3638.006,58,-4012.443,0,0.9006982,0,0.4344453;
custom,cuboid,brick1,10,10,10,1,0.4,0.3,0.3,0.5,0.5,-3927.572,58,-3782.112,0,0.9006982,0,0.4344453;
custom,cuboid,brick1,10,10,11,1,0.4,0.3,0.3,0.55,0.5,-3633.919,58,-3798.473,0,0.9006982,0,0.4344453;
custom,cuboid,brick1,10,10,11,1,0.4,0.3,0.3,0.55,0.5,-3720.006,58,-3729.996,0,0.9006982,0,0.4344453;
custom,cuboid,brick1,10,10,10,1,0.4,0.3,0.3,0.5,0.5,-4005.843,58,-2876.52,0,0.9006982,0,0.4344453;
custom,cuboid,brick1,10,10,10,1,0.4,0.3,0.3,0.5,0.5,-2738.02,58,-3884.992,0,0.9006982,0,0.4344453;
custom,cuboid,brick1,10,10,10,1,0.4,0.3,0.3,0.5,0.5,-3169.167,58,-3286.488,0,0.9006982,0,0.4344453;
custom,cuboid,brick1,10,10,10,1,0.4,0.3,0.3,0.5,0.5,-3325.689,58,-3161.984,0,0.9006982,0,0.4344453;
custom,cuboid,brick1,22,22,22,1,0.4,0.3,0.3,1.1,1.1,-3408.565,-2,-3683.837,0,0.9006982,0,0.4344453;
custom,cuboid,brick1,22,22,22,1,0.4,0.3,0.3,1.1,1.1,-3659.001,-2,-3484.632,0,0.9006982,0,0.4344453;
custom,cuboid,brick1,10,10,10,1,0.4,0.3,0.3,0.5,0.5,-1338.97,58,-985.6173,0,0.9006982,0,0.4344453;
custom,cuboid,brick1,10,10,10,1,0.4,0.3,0.3,0.5,0.5,-1495.493,58,-861.1138,0,0.9006982,0,0.4344453;
custom,cuboid,brick1,10,10,10,1,0.4,0.3,0.3,0.5,0.5,-658.8192,58,-1271.079,0,0.9006982,0,0.4344453;
custom,cuboid,brick1,10,10,10,1,0.4,0.3,0.3,0.5,0.5,-1926.642,58,-262.6068,0,0.9006982,0,0.4344453;
custom,cuboid,brick1,10,10,10,1,0.4,0.3,0.3,0.5,0.5,-179.4833,58,-668.4708,0,0.9006982,0,0.4344453;
custom,cuboid,brick1,10,10,10,1,0.4,0.3,0.3,0.5,0.5,-1447.307,58,340.0011,0,0.9006982,0,0.4344453;
custom,cuboid,brick1,10,10,10,1,0.4,0.3,0.3,0.5,0.5,69.52235,58,-355.4279,0,0.9006982,0,0.4344453;
custom,cuboid,brick1,10,10,10,1,0.4,0.3,0.3,0.5,0.5,-1198.3,58,653.0439,0,0.9006982,0,0.4344453;
custom,cuboid,brick1,10,10,10,1,0.4,0.3,0.3,0.5,0.5,-1089.965,58,-672.574,0,0.9006982,0,0.4344453;
custom,cuboid,brick1,10,10,10,1,0.4,0.3,0.3,0.5,0.5,-1246.487,58,-548.0706,0,0.9006982,0,0.4344453;
custom,cuboid,brick1,10,10,10,1,0.4,0.3,0.3,0.5,0.5,-859.6349,58,-383.0092,0,0.9006982,0,0.4344453;
custom,cuboid,brick1,10,10,10,1,0.4,0.3,0.3,0.5,0.5,-1016.157,58,-258.5058,0,0.9006982,0,0.4344453;
custom,cuboid,brick1,10,10,10,1,0.4,0.3,0.3,0.5,0.5,-532.3698,58,-132.2166,0,0.9006982,0,0.4344453;
custom,cuboid,brick1,10,10,10,1,0.4,0.3,0.3,0.5,0.5,-845.4124,58,116.7887,0,0.9006982,0,0.4344453;
custom,cuboid,brick1,10,10,10.75,1,0.4,0.3,0.3,0.5375,0.5,352.504,58,-324.9659,0,0.9006982,0,0.4344453;
custom,cuboid,brick1,10,10,10,1,0.4,0.3,0.3,0.5,0.5,141.1998,58,-156.8869,0,0.9006982,0,0.4344453;
custom,cuboid,brick1,10,10,10,1,0.4,0.3,0.3,0.5,0.5,-70.1044,58,11.19199,0,0.9006982,0,0.4344453;
custom,cuboid,brick1,10,10,10,1,0.4,0.3,0.3,0.5,0.5,-281.4077,58,179.2702,0,0.9006982,0,0.4344453;
custom,cuboid,brick1,10,10,10,1,0.4,0.3,0.3,0.5,0.5,-492.7111,58,347.3486,0,0.9006982,0,0.4344453;
custom,cuboid,brick1,10,10,10,1,0.4,0.3,0.3,0.5,0.5,-704.0154,58,515.4276,0,0.9006982,0,0.4344453;
custom,cuboid,brick1,10,10,10,1,0.4,0.3,0.3,0.5,0.5,-915.3196,58,683.5066,0,0.9006982,0,0.4344453;
custom,cuboid,brick1,10,10,10,1,0.4,0.3,0.3,0.5,0.5,-1126.623,58,851.5854,0,0.9006982,0,0.4344453;
custom,cuboid,brick1,10,10,8.25,1,0.4,0.3,0.3,0.4125,0.5,-1198.036,58,908.3898,0,0.9006982,0,0.4344453;
custom,cuboid,default,98,1,11,1,1,0.4488462,0.4076389,4.9,0.55,-4406.458,108,-4825.911,0,0.9006982,0,0.4344453;
custom,cuboid,default,98,1,11,1,1,0.4488462,0.4076389,4.9,0.55,-4547.328,108,-4713.857,0,0.9006982,0,0.4344453;
custom,cuboid,default,11,1,53,1,1,0.4153846,0.3472222,0.55,2.65,-4526.969,108,-4174.219,0,0.9006982,0,0.4344453;
custom,cuboid,default,11,1,53,1,1,0.4153846,0.3472222,0.55,2.65,-3885.231,108,-4684.679,0,0.9006982,0,0.4344453;
custom,cuboid,default,11,1,123,1,1,0.4023077,0.3236111,0.55,6.15,-4100.272,108,-4296.406,0,0.9006982,0,0.4344453;
custom,cuboid,default,11,1,98,1,1,0.3892308,0.3,0.55,4.9,-3994.444,108,-4163.362,0,0.9006982,0,0.4344453;
custom,cuboid,default,11,1,73,1,1,0.3761538,0.2763889,0.55,3.65,-3888.616,108,-4030.32,0,0.9006982,0,0.4344453;
custom,cuboid,default,11,1,48,1,1,0.3630769,0.2527778,0.55,2.4,-3782.789,108,-3897.277,0,0.9006982,0,0.4344453;
custom,cuboid,default,11,1,23,1,1,0.35,0.2291667,0.55,1.15,-3676.962,108,-3764.235,0,0.9006982,0,0.4344453;
custom,cuboid,default,11,1,173,1,1,0.3123077,0.1611111,0.55,8.65,-3371.93,108,-3380.757,0,0.9006982,0,0.4344453;
custom,cuboid,default,11,1,173,1,1,0.0553846,-0.3027778,0.55,8.65,-1292.729,108,-766.8438,0,0.9006982,0,0.4344453;
custom,cuboid,default,11,1,173,1,1,-0.0038462,-0.4097222,0.55,8.65,-813.3936,108,-164.2358,0,0.9006982,0,0.4344453;
custom,cuboid,default,11,1,173,1,1,-0.0346154,-0.4652778,0.55,8.65,-564.3879,108,148.8072,0,0.9006982,0,0.4344453;
custom,cuboid,default,29,1,11,1,1,0.3123077,0.1611111,1.45,0.55,-4201.496,108,-2720.891,0,0.9006982,0,0.4344453;
custom,cuboid,default,29,1,11,1,1,0.3123077,0.1611111,1.45,0.55,-2542.367,108,-4040.621,0,0.9006982,0,0.4344453;
custom,cuboid,default,29,1,11,1,1,0.0553846,-0.3027778,1.45,0.55,-2122.295,108,-106.9776,0,0.9006982,0,0.4344453;
custom,cuboid,default,29,1,11,1,1,0.0553846,-0.3027778,1.45,0.55,-463.1662,108,-1426.708,0,0.9006982,0,0.4344453;
custom,cuboid,default,45,1,11,1,1,0.4023077,0.3236111,2.25,0.55,-3528.969,108,-4750.841,0,0.9006982,0,0.4344453;
custom,cuboid,default,28,1.1,13.5,1,1,0.3826923,0.2881944,1.4,0.675,-3458.271,108.5,-4481.243,0,0.9006982,0,0.4344453;
custom,cuboid,default,28,1,13.5,1,1,0.3696154,0.2645833,1.4,0.675,-3450.269,108,-4270.384,0,0.9006982,0,0.4344453;
custom,cuboid,default,28,1.1,13.5,1,1,0.3565385,0.2409722,1.4,0.675,-3442.268,108.5,-4059.529,0,0.9006982,0,0.4344453;
custom,cuboid,default,17,1,13.5,1,1,0.3476923,0.225,0.85,0.675,-3468.505,108,-3891.716,0,0.9006982,0,0.4344453;
custom,cuboid,default,23,1,26.5,1,1,0.3323077,0.1972222,1.15,1.325,-3394.87,108,-3694.731,0,0.9006982,0,0.4344453;
custom,cuboid,default,11,1,80.5,1,1,0.3276923,0.1888889,0.55,4.025,-2938.826,108,-3980.819,0,0.9006982,0,0.4344453;
custom,cuboid,default,45,1,11,1,1,0.4023077,0.3236111,2.25,0.55,-4671.576,108,-3841.972,0,0.9006982,0,0.4344453;
custom,cuboid,default,28,1.1,13.5,1,1,0.3826923,0.2881944,1.4,0.675,-4424.791,108.5,-3712.439,0,0.9006982,0,0.4344453;
custom,cuboid,default,28,1,13.5,1,1,0.3696154,0.2645833,1.4,0.675,-4221.137,108,-3657.21,0,0.9006982,0,0.4344453;
custom,cuboid,default,28,1.1,13.5,1,1,0.3565385,0.2409722,1.4,0.675,-4017.484,108.5,-3601.981,0,0.9006982,0,0.4344453;
custom,cuboid,default,17,1,13.5,1,1,0.3476923,0.225,0.85,0.675,-3848.069,108,-3589.797,0,0.9006982,0,0.4344453;
custom,cuboid,default,23,1,26.5,1,1,0.3323077,0.1972222,1.15,1.325,-3672.696,108,-3473.738,0,0.9006982,0,0.4344453;
custom,cuboid,default,11,1,80.5,1,1,0.3276923,0.1888889,0.55,4.025,-4054.042,108,-3093.737,0,0.9006982,0,0.4344453;
custom,cuboid,default,11,1,107,1,1,0.2969231,0.1333333,0.55,5.35,-2793.517,108,-3585.293,0,0.9006982,0,0.4344453;
custom,cuboid,default,11,1,107,1,1,0.2969231,0.1333333,0.55,5.35,-3701.341,108,-2863.177,0,0.9006982,0,0.4344453;
custom,cuboid,default,62,1,11,1,1,0.2688462,0.0826389,3.1,0.55,-3098.468,108,-2876.329,0,0.9006982,0,0.4344453;
custom,cuboid,default,62,1,11,1,1,0.2688462,0.0826389,3.1,0.55,-2941.945,108,-3000.832,0,0.9006982,0,0.4344453;
custom,cuboid,default,10.911,1.1,23.48,1,1,0.2472327,0.0436147,0.54555,1.174,-2708.22,108,-2827.722,0,0.8503522,0,0.5262139;
custom,cuboid,default,10.911,1,23.48,1,1,0.2430463,0.0360559,0.54555,1.174,-2543.259,108,-2889.398,0,0.7906895,0,0.6122174;
custom,cuboid,default,10.911,1,23.48,1,1,0.2272076,0.0074582,0.54555,1.174,-2193.288,108,-2904.678,0,0.6461241,0,0.7632324;
custom,cuboid,default,10.911,1,23.48,1,1,0.1770724,-0.0830637,0.54555,1.174,-1621.828,108,-2526.436,0,0.279829,0,0.9600499;
custom,cuboid,default,10.911,1.1,23.48,1,1,0.2362726,0.0238256,0.54555,1.174,-2369.077,108,-2915.43,0,0.722364,0,0.691513;
custom,cuboid,default,10.911,1,23.48,1,1,0.2038713,-0.0346769,0.54555,1.174,-1867.359,108,-2776.29,0,0.4733198,0,0.8808907;
custom,cuboid,default,10.911,1.1,23.48,1,1,0.2162475,-0.0123309,0.54555,1.174,-2023.576,108,-2857.614,0,0.5628049,0,0.8265898;
custom,cuboid,default,10.911,1.1,23.48,1,1,0.1906199,-0.058603,0.54555,1.174,-1731.464,108,-2664.267,0,0.3786486,0,0.9255405;
custom,cuboid,default,10.911,1.1,23.48,1,1,0.2472327,0.0436147,0.54555,1.174,-2982.372,108,-2609.652,0,0.941176,0,0.3379167;
custom,cuboid,default,10.911,1,23.48,1,1,0.2430463,0.0360559,0.54555,1.174,-3079.578,108,-2462.791,0,0.9713421,0,0.2376858;
custom,cuboid,default,10.911,1,23.48,1,1,0.1770724,-0.0830637,0.54555,1.174,-2933.195,108,-1483.327,0,0.9255405,0,-0.3786487;
custom,cuboid,default,10.911,1.1,23.48,1,1,0.2362726,0.0238256,0.54555,1.174,-3144.125,108,-2298.929,0,0.9908659,0,0.1348509;
custom,cuboid,default,10.911,1,23.48,1,1,0.2038713,-0.0346769,0.54555,1.174,-3121.413,108,-1778.771,0,0.9840407,0,-0.1779434;
custom,cuboid,default,10.911,1,23.48,1,1,0.2272076,0.0074582,0.54555,1.174,-3173.192,108,-2125.228,0,0.9995336,0,0.0305386;
custom,cuboid,default,10.911,1.1,23.48,1,1,0.2162475,-0.0123309,0.54555,1.174,-3165.51,108,-1949.278,0,0.9972502,0,-0.0741086;
custom,cuboid,default,10.911,1.1,23.48,1,1,0.1906199,-0.058603,0.54555,1.174,-3042.831,108,-1621.159,0,0.9600498,0,-0.2798291;
custom,cuboid,default,10.911,1.1,23.48,1,1,0.163821,-0.1069898,0.54555,1.174,-2797.3,108,-1371.305,0,0.8808907,0,-0.4733198;
custom,cuboid,default,10.911,1,23.48,1,1,0.1514448,-0.1293358,0.54555,1.174,-2641.082,108,-1289.982,0,0.8265898,0,-0.5628049;
custom,cuboid,default,10.911,1.1,23.48,1,1,0.1404847,-0.1491249,0.54555,1.174,-2471.371,108,-1242.918,0,0.7632324,0,-0.6461241;
custom,cuboid,default,10.911,1,23.48,1,1,0.1314197,-0.1654922,0.54555,1.174,-2295.583,108,-1232.166,0,0.691513,0,-0.722364;
custom,cuboid,default,10.911,1.1,23.48,1,1,0.1246459,-0.1777226,0.54555,1.174,-2121.401,108,-1258.198,0,0.6122174,0,-0.7906895;
custom,cuboid,default,10.911,1,23.48,1,1,0.1204596,-0.1852814,0.54555,1.174,-1956.437,108,-1319.875,0,0.5262139,0,-0.8503522;
custom,cuboid,default,10.911,1,23.48,1,1,0.1204596,-0.1852814,0.54555,1.174,-1682.284,108,-1537.945,0,-0.3379167,0,0.941176;
custom,cuboid,default,10.911,1,23.48,1,1,0.1314197,-0.1654922,0.54555,1.174,-1520.536,108,-1848.667,0,-0.1348509,0,0.9908659;
custom,cuboid,default,10.911,1,23.48,1,1,0.1514448,-0.1293358,0.54555,1.174,-1499.147,108,-2198.317,0,0.0741086,0,0.9972502;
custom,cuboid,default,10.911,1.1,23.48,1,1,0.1246459,-0.1777226,0.54555,1.174,-1585.081,108,-1684.805,0,-0.2376858,0,0.9713421;
custom,cuboid,default,10.911,1.1,23.48,1,1,0.1404847,-0.1491249,0.54555,1.174,-1491.466,108,-2022.368,0,-0.0305386,0,0.9995336;
custom,cuboid,default,10.911,1.1,23.48,1,1,0.163821,-0.1069898,0.54555,1.174,-1543.245,108,-2368.824,0,0.1779434,0,0.9840407;
custom,cuboid,default,62,1.1,11,1,1,0.0988461,-0.2243056,3.1,0.55,-1722.711,108,-1146.766,0,0.9006982,0,0.4344453;
custom,cuboid,default,62,1.1,11,1,1,0.0988461,-0.2243056,3.1,0.55,-1566.188,108,-1271.27,0,0.9006982,0,0.4344453;
custom,cuboid,default,11,1,107,1,1,0.0707693,-0.275,0.55,5.35,-963.3215,108,-1284.423,0,0.9006982,0,0.4344453;
custom,cuboid,default,11,1,107,1,1,0.0707693,-0.275,0.55,5.35,-1871.146,108,-562.3066,0,0.9006982,0,0.4344453;
custom,cuboid,default,11,1,107,1,1,0.04,-0.3305556,0.55,5.35,-714.3156,108,-971.3792,0,0.9006982,0,0.4344453;
custom,cuboid,default,11,1,107,1,1,0.04,-0.3305556,0.55,5.35,-1622.14,108,-249.2633,0,0.9006982,0,0.4344453;
custom,cuboid,default,11,1,107,1,1,0.0115384,-0.3819444,0.55,5.35,-483.9854,108,-681.8145,0,0.9006982,0,0.4344453;
custom,cuboid,default,11,1,107,1,1,0.0115384,-0.3819444,0.55,5.35,-1391.809,108,40.30141,0,0.9006982,0,0.4344453;
custom,cuboid,default,11,1,86,1,1,-0.0192308,-0.4375,0.55,4.3,-238.8928,108,-365.6588,0,0.9006982,0,0.4344453;
custom,cuboid,default,11,1,86,1,1,-0.0192308,-0.4375,0.55,4.3,-1138.891,108,350.2319,0,0.9006982,0,0.4344453;
custom,cuboid,default,26,1,11,1,1,0.0257692,-0.35625,1.3,0.55,-1131.323,108,-403.288,0,0.9006982,0,0.4344453;
custom,cuboid,default,26,1,11,1,1,0.0257692,-0.35625,1.3,0.55,-974.7999,108,-527.7914,0,0.9006982,0,0.4344453;
custom,cuboid,default,80,1,11,1,1,-0.0234616,-0.4451389,4,0.55,174.9109,108,-624.5352,0,0.9006982,0,0.4344453;
custom,cuboid,default,80,1,11,1,1,-0.0234616,-0.4451389,4,0.55,-1484.218,108,695.1953,0,0.9006982,0,0.4344453;
custom,cuboid,default,11,1,11,1,1,-0.0192308,-0.4375,0.55,0.55,-688.8907,108,-7.714218,0,0.9006982,0,0.4344453;
custom,cuboid,default,11,1,11,1,1,-0.05,-0.4930556,0.55,0.55,-70.1044,108,11.19199,0,0.9006982,0,0.4344453;
custom,cuboid,default,11,1,11,1,1,-0.05,-0.4930556,0.55,0.55,141.1998,108,-156.8869,0,0.9006982,0,0.4344453;
custom,cuboid,default,11,1,11,1,1,-0.05,-0.4930556,0.55,0.55,-281.4077,108,179.2702,0,0.9006982,0,0.4344453;
custom,cuboid,default,11,1,11,1,1,-0.05,-0.4930556,0.55,0.55,-492.7111,108,347.3486,0,0.9006982,0,0.4344453;
custom,cuboid,default,11,1,11,1,1,-0.05,-0.4930556,0.55,0.55,-704.0154,108,515.4276,0,0.9006982,0,0.4344453;
custom,cuboid,default,11,1,11,1,1,-0.05,-0.4930556,0.55,0.55,-915.3196,108,683.5066,0,0.9006982,0,0.4344453;
custom,cuboid,default,11,1,18.25,1,1,-0.05,-0.4930556,0.55,0.9125,-1154.993,108,874.1516,0,0.9006982,0,0.4344453;
custom,cuboid,default,11,1,5.25,1,1,-0.05,-0.4930556,0.55,0.2625,326.0906,108,-303.9558,0,0.9006982,0,0.4344453;
custom,cuboid,brick4,10,4.5,2,1,1,0.5,0.4,0.5,0.225,-3238.531,30.5,-3614.646,0,0.9006982,0,0.4344453;
custom,cuboid,brick4,10,4.5,2,1,1,0.5,0.4,0.5,0.225,-3121.139,85.5,-3708.022,0,0.9006982,0,0.4344453;
custom,cuboid,default,10,0.5,2.2,1,1,0.7,0.7,0.5,0.025,-3238.531,53,-3614.646,0,0.9006982,0,0.4344453;
custom,cuboid,default,10,0.5,2.2,1,1,0.7,0.7,0.5,0.025,-3121.139,63,-3708.022,0,0.9006982,0,0.4344453;
custom,cuboid,brick2,10,4,18,1,1,1,1,0.9,0.2,-3054.445,29,-2981.624,0,0.9006982,0,0.4344453;
custom,cuboid,brick2,10,4,18,1,1,1,1,0.9,0.2,-3054.445,87,-2981.624,0,0.9006982,0,0.4344453;
custom,cuboid,brick2,10,1.8,1.2,1,1,1,1,0.06,0.09,-3054.445,58,-2981.624,0,0.9006982,0,0.4344453;
custom,cuboid,brick2,10,1.8,6.6,1,1,1,1,0.33,0.09,-3009.837,58,-3017.107,0,0.9006982,0,0.4344453;
custom,cuboid,brick2,10,1.8,6.6,1,1,1,1,0.33,0.09,-3099.054,58,-2946.14,0,0.9006982,0,0.4344453;
custom,tube,stone7,2.123513,14.00447,2.123513,1,1,1,1,0.11,0.55,-3064.163,57.70061,-2970.546,-0.6368898,0.6368898,-0.3071992,0.3071992;
custom,tube,stone7,2.123646,14.00533,2.123646,1,1,1,1,0.11,0.55,-3040.685,57.70061,-2989.221,-0.6368898,0.6368898,-0.3071992,0.3071992;
custom,cuboid,brick4,10,3,2,1,1,0.5,0.4,0.5,0.15,-3147.826,93,-3099.019,0,0.9440891,0,-0.3296906;
custom,cuboid,default,10,0.5,2.2,1,1,0.7,0.7,0.5,0.025,-3147.826,78,-3099.019,0,0.9440891,0,-0.3296906;
custom,cuboid,brick4,10,3,2,1,1,0.5,0.4,0.5,0.15,-3147.826,23,-3099.019,0,0.9440891,0,-0.3296906;
custom,cuboid,default,10,0.5,2.2,1,1,0.7,0.7,0.5,0.025,-3147.826,38,-3099.019,0,0.9440891,0,-0.3296906;
custom,cuboid,brick4,10,4,2,1,1,0.5,0.4,0.5,0.2,-2954.843,88,-2856.406,0,0.9440891,0,-0.3296906;
custom,cuboid,default,10,0.5,2.2,1,1,0.7,0.7,0.5,0.025,-2954.843,68,-2856.406,0,0.9440891,0,-0.3296906;
custom,cuboid,brick4,10,4,2,1,1,0.5,0.4,0.5,0.2,-2954.843,28,-2856.406,0,0.9440891,0,-0.3296906;
custom,cuboid,default,10,0.5,2.2,1,1,0.7,0.7,0.5,0.025,-2954.843,48,-2856.406,0,0.9440891,0,-0.3296906;
custom,cuboid,brick4,10,3,2,1,1,0.5,0.4,0.5,0.15,-1716.039,93,-1299.017,0,0.9440891,0,-0.3296906;
custom,cuboid,default,10,0.5,2.2,1,1,0.7,0.7,0.5,0.025,-1716.039,78,-1299.017,0,0.9440891,0,-0.3296906;
custom,cuboid,brick4,10,3,2,1,1,0.5,0.4,0.5,0.15,-1716.039,23,-1299.017,0,0.9440891,0,-0.3296906;
custom,cuboid,default,10,0.5,2.2,1,1,0.7,0.7,0.5,0.025,-1716.039,38,-1299.017,0,0.9440891,0,-0.3296906;
custom,cuboid,brick4,10,3,2,1,1,0.5,0.4,0.5,0.15,-1681.179,58,-1198.969,-0.6675718,0.6675718,0.2331265,-0.2331265;
custom,cuboid,default,10,0.5,2.2,1,1,0.7,0.7,0.5,0.025,-1669.44,58,-1208.306,-0.6675718,0.6675718,0.2331265,-0.2331265;
custom,cuboid,brick4,10,3,2,1,1,0.5,0.4,0.5,0.15,-1626.396,58,-1242.545,-0.6675718,0.6675718,0.2331265,-0.2331265;
custom,cuboid,default,10,0.5,2.2,1,1,0.7,0.7,0.5,0.025,-1638.135,58,-1233.207,-0.6675718,0.6675718,0.2331265,-0.2331265;
custom,cuboid,brick4,10,4,2,1,1,0.5,0.4,0.5,0.2,-1591.536,88,-1142.496,0,0.9440891,0,-0.3296906;
custom,cuboid,default,10,0.5,2.2,1,1,0.7,0.7,0.5,0.025,-1591.536,68,-1142.496,0,0.9440891,0,-0.3296906;
custom,cuboid,brick4,10,4,2,1,1,0.5,0.4,0.5,0.2,-1591.536,28,-1142.496,0,0.9440891,0,-0.3296906;
custom,cuboid,default,10,0.5,2.2,1,1,0.7,0.7,0.5,0.025,-1591.536,48,-1142.496,0,0.9440891,0,-0.3296906;
custom,cuboid,brick4,10,4,2,1,1,0.5,0.4,0.5,0.2,-1552.763,58,-1045.56,-0.6675718,0.6675718,0.2331265,-0.2331265;
custom,cuboid,default,10,0.5,2.2,1,1,0.7,0.7,0.5,0.025,-1537.111,58,-1058.01,-0.6675718,0.6675718,0.2331265,-0.2331265;
custom,cuboid,brick4,10,4,2,1,1,0.5,0.4,0.5,0.2,-1505.807,58,-1082.91,-0.6675718,0.6675718,0.2331265,-0.2331265;
custom,cuboid,default,10,0.5,2.2,1,1,0.7,0.7,0.5,0.025,-1521.459,58,-1070.46,-0.6675718,0.6675718,0.2331265,-0.2331265;
custom,cuboid,brick2,10,3.7,18,1,1,1,1,0.9,0.185,-1062.399,26.5,-477.2785,0,0.9006982,0,0.4344453;
custom,cuboid,brick2,10,3.7,18,1,1,1,1,0.9,0.185,-1062.399,89.5,-477.2785,0,0.9006982,0,0.4344453;
custom,cuboid,brick2,10,2.6,7.7,1,1,1,1,0.385,0.13,-1022.094,58,-509.338,0,0.9006982,0,0.4344453;
custom,cuboid,brick2,10,2.6,7.7,1,1,1,1,0.385,0.13,-1102.703,58,-445.2191,0,0.9006982,0,0.4344453;
custom,tube,stone7,2.999999,13.8966,2.999999,1,1,1,1,0.15,0.55,-1060.288,57.81931,-475.7411,-0.6368898,0.6368898,-0.3071992,0.3071992;
custom,cuboid,brick4,12,10,1,1,1,0.5,0.4,0.6,0.4999999,-2024.469,58,-184.7925,0,0.9006982,0,0.4344453;
custom,cylinder,default,1,5,1,1,1,0.8,0.8,0.05,0.5,-2061.819,58,-231.749,0,0.9006982,0,0.4344453;
custom,cylinder,default,1,5,1,1,1,0.8,0.8,0.05,0.5,-1987.117,58,-137.836,0,0.9006982,0,0.4344453;
custom,cuboid,brick4,12,10,1,1,1,0.5,0.4,0.6,0.5,-560.9933,58,-1348.893,0,0.9006982,0,0.4344453;
custom,cylinder,default,1,5,1,1,1,0.8,0.8,0.05,0.5,-598.3442,58,-1395.85,0,0.9006982,0,0.4344453;
custom,cylinder,default,1,5,1,1,1,0.8,0.8,0.05,0.5,-523.6425,58,-1301.937,0,0.9006982,0,0.4344453;
custom,cuboid,brick4,10,7,7,1,1,0.5,0.4,0.5,0.35,-1159.329,8,-1000.732,-0.166255,0.8321367,0.3446824,0.4013751;
custom,cuboid,brick4,10,7,7,1,1,0.5,0.4,0.5,0.35,-1002.809,8,-1125.235,-0.166255,0.8321367,0.3446824,0.4013751;
custom,cuboid,brick4,10,7,7,1,1,0.5,0.4,0.5,0.35,-1081.069,108,-1062.984,-0.166255,0.8321367,0.3446824,0.4013751;
custom,cuboid,brick4,10,7,7,1,1,0.5,0.4,0.5,0.35,-924.5482,108,-1187.486,-0.166255,0.8321367,0.3446824,0.4013751;
custom,cuboid,brick4,10,4.5,2,1,1,0.5,0.4,0.5,0.225,-3003.749,30.5,-3801.399,0,0.9006982,0,0.4344453;
custom,cuboid,brick4,10,4.5,2,1,1,0.5,0.4,0.5,0.225,-2886.357,85.5,-3894.777,0,0.9006982,0,0.4344453;
custom,cuboid,default,10,0.5,2.2,1,1,0.7,0.7,0.5,0.025,-3003.749,53,-3801.399,0,0.9006982,0,0.4344453;
custom,cuboid,default,10,0.5,2.2,1,1,0.7,0.7,0.5,0.025,-2886.357,63,-3894.777,0,0.9006982,0,0.4344453;
custom,cuboid,brick4,10,4.5,2,1,1,0.5,0.4,0.5,0.225,-3857.505,30.5,-2866.737,0,0.9006982,0,0.4344453;
custom,cuboid,brick4,10,4.5,2,1,1,0.5,0.4,0.5,0.225,-3740.114,85.5,-2960.114,0,0.9006982,0,0.4344453;
custom,cuboid,default,10,0.5,2.2,1,1,0.7,0.7,0.5,0.025,-3857.505,53,-2866.737,0,0.9006982,0,0.4344453;
custom,cuboid,default,10,0.5,2.2,1,1,0.7,0.7,0.5,0.025,-3740.114,63,-2960.114,0,0.9006982,0,0.4344453;
custom,cuboid,brick4,10,4.5,2,1,1,0.5,0.4,0.5,0.225,-3622.723,30.5,-3053.491,0,0.9006982,0,0.4344453;
custom,cuboid,brick4,10,4.5,2,1,1,0.5,0.4,0.5,0.225,-3505.331,85.5,-3146.868,0,0.9006982,0,0.4344453;
custom,cuboid,default,10,0.5,2.2,1,1,0.7,0.7,0.5,0.025,-3622.723,53,-3053.491,0,0.9006982,0,0.4344453;
custom,cuboid,default,10,0.5,2.2,1,1,0.7,0.7,0.5,0.025,-3505.331,63,-3146.868,0,0.9006982,0,0.4344453;
custom,cuboid,brick4,10,4.5,2,1,1,0.5,0.4,0.5,0.225,-3999.127,58,-3044.779,0.6368898,0.6368898,0.3071992,0.3071992;
custom,cuboid,brick4,10,4.5,2,1,1,0.5,0.4,0.5,0.225,-3847.497,58,-3095.113,0.6368898,0.6368898,0.3071992,0.3071992;
custom,cuboid,default,10,0.5,2.2,1,1,0.7,0.7,0.5,0.025,-3985.12,58,-3027.17,0.6368898,0.6368898,0.3071992,0.3071992;
custom,cuboid,default,10,0.5,2.2,1,1,0.7,0.7,0.5,0.025,-3861.504,58,-3112.721,0.6368898,0.6368898,0.3071992,0.3071992;
custom,cuboid,brick4,10,4.5,2,1,1,0.5,0.4,0.5,0.225,-3764.344,58,-3231.533,0.6368898,0.6368898,0.3071992,0.3071992;
custom,cuboid,brick4,10,4.5,2,1,1,0.5,0.4,0.5,0.225,-3612.715,58,-3281.867,0.6368898,0.6368898,0.3071992,0.3071992;
custom,cuboid,default,10,0.5,2.2,1,1,0.7,0.7,0.5,0.025,-3750.337,58,-3213.925,0.6368898,0.6368898,0.3071992,0.3071992;
custom,cuboid,default,10,0.5,2.2,1,1,0.7,0.7,0.5,0.025,-3626.721,58,-3299.476,0.6368898,0.6368898,0.3071992,0.3071992;
custom,cuboid,brick4,10,4.5,2,1,1,0.5,0.4,0.5,0.225,-3131.148,58,-3479.646,0.6368898,0.6368898,0.3071992,0.3071992;
custom,cuboid,brick4,10,4.5,2,1,1,0.5,0.4,0.5,0.225,-2979.518,58,-3529.98,0.6368898,0.6368898,0.3071992,0.3071992;
custom,cuboid,default,10,0.5,2.2,1,1,0.7,0.7,0.5,0.025,-3117.141,58,-3462.038,0.6368898,0.6368898,0.3071992,0.3071992;
custom,cuboid,default,10,0.5,2.2,1,1,0.7,0.7,0.5,0.025,-2993.525,58,-3547.589,0.6368898,0.6368898,0.3071992,0.3071992;
custom,cuboid,brick4,10,4.5,2,1,1,0.5,0.4,0.5,0.225,-2896.366,58,-3666.4,0.6368898,0.6368898,0.3071992,0.3071992;
custom,cuboid,brick4,10,4.5,2,1,1,0.5,0.4,0.5,0.225,-2744.736,58,-3716.734,0.6368898,0.6368898,0.3071992,0.3071992;
custom,cuboid,default,10,0.5,2.2,1,1,0.7,0.7,0.5,0.025,-2882.359,58,-3648.792,0.6368898,0.6368898,0.3071992,0.3071992;
custom,cuboid,default,10,0.5,2.2,1,1,0.7,0.7,0.5,0.025,-2758.743,58,-3734.343,0.6368898,0.6368898,0.3071992,0.3071992;
custom,cuboid,brick4,10,7,7,1,1,0.5,0.4,0.5,0.35,-846.287,8,-1249.738,-0.166255,0.8321367,0.3446824,0.4013751;
custom,cuboid,brick4,10,7,7,1,1,0.5,0.4,0.5,0.35,-1739.173,8,-283.9482,-0.166255,0.8321367,0.3446824,0.4013751;
custom,cuboid,brick4,10,7,7,1,1,0.5,0.4,0.5,0.35,-1582.652,8,-408.4511,-0.166255,0.8321367,0.3446824,0.4013751;
custom,cuboid,brick4,10,7,7,1,1,0.5,0.4,0.5,0.35,-1660.912,108,-346.1997,-0.166255,0.8321367,0.3446824,0.4013751;
custom,cuboid,brick4,10,7,7,1,1,0.5,0.4,0.5,0.35,-1504.391,108,-470.7026,-0.166255,0.8321367,0.3446824,0.4013751;
custom,cuboid,brick4,10,7,7,1,1,0.5,0.4,0.5,0.35,-1426.13,8,-532.9542,-0.166255,0.8321367,0.3446824,0.4013751;
custom,cylinder,default,1.1,5,1.1,1,1,0.8,0.8,0.05,0.5000001,-1159.329,53,-1000.732,-0.6368898,0.6368898,-0.3071992,0.3071992;
custom,cylinder,default,1.1,5,1.1,1,1,0.8,0.8,0.05,0.5000001,-1002.809,53,-1125.235,-0.6368898,0.6368898,-0.3071992,0.3071992;
custom,cylinder,default,1.1,5,1.1,1,1,0.8,0.8,0.05,0.5000001,-1081.069,63,-1062.984,-0.6368898,0.6368898,-0.3071992,0.3071992;
custom,cylinder,default,1.1,5,1.1,1,1,0.8,0.8,0.05,0.5000001,-924.5482,63,-1187.486,-0.6368898,0.6368898,-0.3071992,0.3071992;
custom,cylinder,default,1.1,5,1.1,1,1,0.8,0.8,0.05,0.5000001,-846.287,53,-1249.738,-0.6368898,0.6368898,-0.3071992,0.3071992;
custom,cylinder,default,1.1,5,1.1,1,1,0.8,0.8,0.05,0.5000001,-1739.173,53,-283.9482,-0.6368898,0.6368898,-0.3071992,0.3071992;
custom,cylinder,default,1.1,5,1.1,1,1,0.8,0.8,0.05,0.5000001,-1582.652,53,-408.4511,-0.6368898,0.6368898,-0.3071992,0.3071992;
custom,cylinder,default,1.1,5,1.1,1,1,0.8,0.8,0.05,0.5000001,-1660.912,63,-346.1997,-0.6368898,0.6368898,-0.3071992,0.3071992;
custom,cylinder,default,1.1,5,1.1,1,1,0.8,0.8,0.05,0.5000001,-1504.391,63,-470.7026,-0.6368898,0.6368898,-0.3071992,0.3071992;
custom,cylinder,default,1.1,5,1.1,1,1,0.8,0.8,0.05,0.5000001,-1426.13,53,-532.9542,-0.6368898,0.6368898,-0.3071992,0.3071992;
custom,cuboid,brick4,18.5,1,1,1,1,0.5,0.4,0.925,0.05,-1550.633,58,-689.4758,-0.1723429,0.6431923,-0.1930939,0.7206361;
custom,cuboid,brick4,18.5,1,1,1,1,0.5,0.4,0.925,0.05,-1550.633,58,-689.4758,0.2584029,0.9643723,0.0146732,0.054761;
custom,cuboid,brick4,10,2,2,1,1,0.5,0.4,0.5,0.1,-1785.416,58,-502.7213,-0.7059696,0.7059696,-0.0400878,0.0400878;
custom,cuboid,brick4,15,1,1,1,1,0.5,0.4,0.75,0.05,-1785.416,33,-502.7213,-0.2498004,0.6998988,0.2899076,0.6030713;
custom,cuboid,brick4,15,1,1,1,1,0.5,0.4,0.75,0.05,-1785.416,83,-502.7213,-0.0713796,0.9076658,0.3759675,0.1723258;
custom,cuboid,brick4,18.5,1,1,1,1,0.5,0.4,0.925,0.05,-1902.807,58,-409.3442,-0.2584029,0.9643723,-0.0146732,0.054761;
custom,cuboid,brick4,18.5,1,1,1,1,0.5,0.4,0.925,0.05,-1902.807,58,-409.3442,0.1723429,0.6431923,0.1930939,0.7206361;
custom,cuboid,brick4,10,2,2,1,1,0.5,0.4,0.5,0.1,-1668.024,58,-596.0985,-0.7059696,0.7059696,-0.0400878,0.0400878;
custom,cuboid,brick4,15,1,1,1,1,0.5,0.4,0.75,0.05,-1668.024,58,-596.0985,-0.0383403,0.9192311,0.380758,0.09256171;
custom,cuboid,brick4,15,1,1,1,1,0.5,0.4,0.75,0.05,-1668.024,58,-596.0985,-0.2741169,0.6446743,0.2670328,0.6617767;
custom,cuboid,brick4,18.5,1,1,1,1,0.5,0.4,0.925,0.05,-682.654,58,-1124.342,-0.1723429,0.6431923,-0.1930939,0.7206361;
custom,cuboid,brick4,18.5,1,1,1,1,0.5,0.4,0.925,0.05,-682.654,58,-1124.342,0.2584029,0.9643723,0.0146732,0.054761;
custom,cuboid,brick4,10,2,2,1,1,0.5,0.4,0.5,0.1,-917.4359,58,-937.5878,-0.7059696,0.7059696,-0.0400878,0.0400878;
custom,cuboid,brick4,15,1,1,1,1,0.5,0.4,0.75,0.05,-917.4359,33,-937.5878,-0.2498004,0.6998988,0.2899076,0.6030713;
custom,cuboid,brick4,15,1,1,1,1,0.5,0.4,0.75,0.05,-917.4359,83,-937.5878,-0.0713796,0.9076658,0.3759675,0.1723258;
custom,cuboid,brick4,18.5,1,1,1,1,0.5,0.4,0.925,0.05,-1034.827,58,-844.2108,-0.2584029,0.9643723,-0.0146732,0.054761;
custom,cuboid,brick4,18.5,1,1,1,1,0.5,0.4,0.925,0.05,-1034.827,58,-844.2108,0.1723429,0.6431923,0.1930939,0.7206361;
custom,cuboid,brick4,10,2,2,1,1,0.5,0.4,0.5,0.1,-800.0453,58,-1030.965,-0.7059696,0.7059696,-0.0400878,0.0400878;
custom,cuboid,brick4,15,1,1,1,1,0.5,0.4,0.75,0.05,-800.0453,58,-1030.965,-0.0383403,0.9192311,0.380758,0.09256171;
custom,cuboid,brick4,15,1,1,1,1,0.5,0.4,0.75,0.05,-800.0453,58,-1030.965,-0.2741169,0.6446743,0.2670328,0.6617767;
custom,cylinder,default,1,5,1,1,1,0.8,0.8,0.05,0.5,-1060.901,58,-73.79847,0,0.9006982,0,0.4344453;
custom,cylinder,default,1,5,1,1,1,0.8,0.8,0.05,0.5,-1081.631,58,-99.85941,0,0.9006982,0,0.4344453;
custom,cylinder,default,1,5,1,1,1,0.8,0.8,0.05,0.4999999,-1071.297,41.35022,-86.86779,0.6368898,0.6368898,0.3071992,0.3071992;
custom,cylinder,default,1,5,1,1,1,0.8,0.8,0.05,0.4999999,-1071.297,74.64978,-86.86779,0.6368898,0.6368898,0.3071992,0.3071992;
custom,cylinder,default,1,5,1,1,1,0.8,0.8,0.05,0.5,-1178.292,58,19.57879,0,0.9006982,0,0.4344453;
custom,cylinder,default,1,5,1,1,1,0.8,0.8,0.05,0.5,-1199.022,58,-6.48214,0,0.9006982,0,0.4344453;
custom,cylinder,default,1,5,1,1,1,0.8,0.8,0.05,0.4999999,-1188.688,41.35022,6.509463,0.6368898,0.6368898,0.3071992,0.3071992;
custom,cylinder,default,1,5,1,1,1,0.8,0.8,0.05,0.4999999,-1188.688,74.64978,6.509463,0.6368898,0.6368898,0.3071992,0.3071992;
custom,cylinder,default,1,5,1,1,1,0.8,0.8,0.05,0.5,-1295.683,58,112.956,0,0.9006982,0,0.4344453;
custom,cylinder,default,1,5,1,1,1,0.8,0.8,0.05,0.5,-1316.413,58,86.89505,0,0.9006982,0,0.4344453;
custom,cylinder,default,1,5,1,1,1,0.8,0.8,0.05,0.4999999,-1306.079,41.35022,99.88667,0.6368898,0.6368898,0.3071992,0.3071992;
custom,cylinder,default,1,5,1,1,1,0.8,0.8,0.05,0.4999999,-1306.079,74.64978,99.88667,0.6368898,0.6368898,0.3071992,0.3071992;
custom,cylinder,default,1,5,1,1,1,0.8,0.8,0.05,0.5,-1413.074,58,206.3331,0,0.9006982,0,0.4344453;
custom,cylinder,default,1,5,1,1,1,0.8,0.8,0.05,0.5,-1433.804,58,180.2722,0,0.9006982,0,0.4344453;
custom,cylinder,default,1,5,1,1,1,0.8,0.8,0.05,0.4999999,-1423.47,41.35022,193.2638,0.6368898,0.6368898,0.3071992,0.3071992;
custom,cylinder,default,1,5,1,1,1,0.8,0.8,0.05,0.4999999,-1423.47,74.64978,193.2638,0.6368898,0.6368898,0.3071992,0.3071992;
custom,cylinder,default,2,5,2,1,1,0.8,0.8,0.1,0.5,-698.6695,58,-421.6028,0,0.9006982,0,0.4344453;
racing,killcylinder,10,5,10,-698.6695,58,-421.6028,0,0.9006982,0,0.4344453;
custom,cylinder,default,2,5,2,1,1,0.8,0.8,0.1,0.5,-463.8878,58,-608.3566,0,0.9006982,0,0.4344453;
custom,cylinder,default,2,5,2,1,1,0.8,0.8,0.1,0.5,-543.9272,58,-468.0232,0,0.9006982,0,0.4344453;
custom,cylinder,default,2,5,2,1,1,0.8,0.8,0.1,0.5,-309.1454,58,-654.7772,0,0.9006982,0,0.4344453;
racing,killcylinder,10,5,10,-543.9272,58,-468.0232,0,0.9006982,0,0.4344453;
racing,killcylinder,10,5,10,-309.1454,58,-654.7772,0,0.9006982,0,0.4344453;
racing,killcylinder,10,5,10,-463.8878,58,-608.3566,0,0.9006982,0,0.4344453;
custom,cylinder,default,2,5,2,1,1,0.8,0.8,0.1,0.5,-1317.643,58,326.3071,0,0.9006982,0,0.4344453;
custom,cylinder,default,2,5,2,1,1,0.8,0.8,0.1,0.5,-1082.86,58,139.5527,0,0.9006982,0,0.4344453;
custom,cylinder,default,2,5,2,1,1,0.8,0.8,0.1,0.5,-1162.901,58,279.8864,0,0.9006982,0,0.4344453;
custom,cylinder,default,2,5,2,1,1,0.8,0.8,0.1,0.5,-928.1187,58,93.13192,0,0.9006982,0,0.4344453;
racing,killcylinder,10,5,10,-1317.643,58,326.3071,0,0.9006982,0,0.4344453;
racing,killcylinder,10,5,10,-1162.901,58,279.8864,0,0.9006982,0,0.4344453;
racing,killcylinder,10,5,10,-928.1187,58,93.13192,0,0.9006982,0,0.4344453;
racing,killcylinder,10,5,10,-1082.86,58,139.5527,0,0.9006982,0,0.4344453;
custom,cylinder,default,1,5,1,1,1,0.8,0.8,0.05,0.5,-192.9222,58,-508.6647,0,0.9006982,0,0.4344453;
custom,cylinder,default,1,5,1,1,1,0.8,0.8,0.05,0.5,-213.6519,58,-534.7255,0,0.9006982,0,0.4344453;
custom,cylinder,default,1,5,1,1,1,0.8,0.8,0.05,0.4999999,-203.3181,41.35022,-521.734,0.6368898,0.6368898,0.3071992,0.3071992;
custom,cylinder,default,1,5,1,1,1,0.8,0.8,0.05,0.4999999,-203.3181,74.64978,-521.734,0.6368898,0.6368898,0.3071992,0.3071992;
custom,cylinder,default,1,5,1,1,1,0.8,0.8,0.05,0.5,-310.3136,58,-415.2874,0,0.9006982,0,0.4344453;
custom,cylinder,default,1,5,1,1,1,0.8,0.8,0.05,0.5,-331.0433,58,-441.3481,0,0.9006982,0,0.4344453;
custom,cylinder,default,1,5,1,1,1,0.8,0.8,0.05,0.4999999,-320.7094,41.35022,-428.3567,0.6368898,0.6368898,0.3071992,0.3071992;
custom,cylinder,default,1,5,1,1,1,0.8,0.8,0.05,0.4999999,-320.7094,74.64978,-428.3567,0.6368898,0.6368898,0.3071992,0.3071992;
custom,cylinder,default,1,5,1,1,1,0.8,0.8,0.05,0.5,-427.7042,58,-321.9107,0,0.9006982,0,0.4344453;
custom,cylinder,default,1,5,1,1,1,0.8,0.8,0.05,0.5,-448.4339,58,-347.9715,0,0.9006982,0,0.4344453;
custom,cylinder,default,1,5,1,1,1,0.8,0.8,0.05,0.4999999,-438.1,41.35022,-334.98,0.6368898,0.6368898,0.3071992,0.3071992;
custom,cylinder,default,1,5,1,1,1,0.8,0.8,0.05,0.4999999,-438.1,74.64978,-334.98,0.6368898,0.6368898,0.3071992,0.3071992;
custom,cylinder,default,1,5,1,1,1,0.8,0.8,0.05,0.5,-545.0953,58,-228.5336,0,0.9006982,0,0.4344453;
custom,cylinder,default,1,5,1,1,1,0.8,0.8,0.05,0.5,-565.825,58,-254.5944,0,0.9006982,0,0.4344453;
custom,cylinder,default,1,5,1,1,1,0.8,0.8,0.05,0.4999999,-555.4911,41.35022,-241.6029,0.6368898,0.6368898,0.3071992,0.3071992;
custom,cylinder,default,1,5,1,1,1,0.8,0.8,0.05,0.4999999,-555.4911,74.64978,-241.6029,0.6368898,0.6368898,0.3071992,0.3071992;
custom,cuboid,brick4,10,10,1,1,1,0.5,0.4,0.5,0.4999999,-861.4217,58,257.3011,0,0.9440891,0,-0.3296906;
custom,cylinder,default,1,5,1,1,1,0.8,0.8,0.05,0.5,-900.5522,58,288.4269,0,0.9440891,0,-0.3296906;
custom,cylinder,default,1,5,1,1,1,0.8,0.8,0.05,0.5,-822.2912,58,226.1754,0,0.9440891,0,-0.3296906;
custom,cuboid,brick4,10,10,1,1,1,0.5,0.4,0.5000001,0.4999999,-1005.493,58,397.4561,0,0.9997373,0,0.02292114;
custom,cylinder,default,1,5,1,1,1,0.8,0.8,0.05,0.5,-1055.44,58,395.1646,0,0.9997373,0,0.02292098;
custom,cylinder,default,1,5,1,1,1,0.8,0.8,0.05,0.5,-955.5461,58,399.7472,0,0.9997373,0,0.02292109;
custom,cuboid,brick4,10,10,1,1,1,0.5,0.4,0.5000001,0.4999999,-1186.916,58,490.6548,0,0.7680968,0,-0.6403338;
custom,cylinder,default,1,5,1,1,1,0.8,0.8,0.05,0.5,-1195.913,58,539.8379,0,0.7680968,0,-0.6403338;
custom,cylinder,default,1,5,1,1,1,0.8,0.8,0.05,0.5,-1177.918,58,441.471,0,0.7680968,0,-0.6403338;
custom,cuboid,brick4,10,10,1,1,1,0.5,0.4,0.5,0.4999999,-391.8577,58,-116.207,0,0.9440891,0,-0.3296906;
custom,cylinder,default,1,5,1,1,1,0.8,0.8,0.05,0.5,-430.9881,58,-85.08125,0,0.9440891,0,-0.3296906;
custom,cylinder,default,1,5,1,1,1,0.8,0.8,0.05,0.5,-352.7277,58,-147.3324,0,0.9440891,0,-0.3296906;
custom,cuboid,brick4,10,10,1,1,1,0.5,0.4,0.5000001,0.4999999,-222.8868,58,-225.0573,0,0.7681376,0,-0.6402848;
custom,cylinder,default,1,5,1,1,1,0.8,0.8,0.05,0.5,-231.8905,58,-175.8753,0,0.7681376,0,-0.6402848;
custom,cylinder,default,1,5,1,1,1,0.8,0.8,0.05,0.5,-213.8833,58,-274.2398,0,0.7681376,0,-0.6402848;
custom,cuboid,brick4,10,10,1,1,1,0.5,0.4,0.5000001,0.4999999,-91.26533,58,-380.8645,0,0.9997361,0,0.02297275;
custom,cylinder,default,1,5,1,1,1,0.8,0.8,0.05,0.5,-141.2122,58,-383.1609,0,0.9997361,0,0.02297258;
custom,cylinder,default,1,5,1,1,1,0.8,0.8,0.05,0.5,-41.3187,58,-378.5686,0,0.9997361,0,0.02297268;
custom,tube,stone7,1.867277,2.917647,1.867277,1,1,1,1,0.1,0.15,-4796.106,77.76705,-5147.808,-0.6368898,0.6368898,-0.3071992,0.3071992;
custom,tube,stone7,2,3.125029,2,1,1,1,1,0.1,0.15,-4796.106,77.76705,-5147.808,-0.6368898,0.6368898,-0.3071992,0.3071992;
custom,tube,stone7,2,3.125029,2,1,1,1,1,0.1,0.15,-4772.627,77.76705,-5166.483,-0.6368898,0.6368898,-0.3071992,0.3071992;
custom,tube,stone7,2.2,14.38486,2.2,1,1,1,1,0.11,0.55,-3040.728,57.70061,-2989.276,-0.6368898,0.6368898,-0.3071992,0.3071992;
custom,tube,stone7,2.2,14.38486,2.2,1,1,1,1,0.11,0.55,-3064.206,57.70061,-2970.601,-0.6368898,0.6368898,-0.3071992,0.3071992;
custom,tube,stone7,3.06408,14.19344,3.06408,1,1,1,1,0.15,0.55,-1060.288,57.81931,-475.7411,-0.6368898,0.6368898,-0.3071992,0.3071992;
custom,tube,transparent0.4,111,11.49459,111,1,1,1,1,1.85,0.1833333,-2323.47,60.44624,-2097.276,0,0.9006982,0,0.4344453;
custom,cylinder,lava1,125.0301,0.8492598,125.0301,1,1,1,1,1.65625,1.65625,-2332.328,8,-2073.798,0,0.9006982,0,0.4344453;
custom,tube,default,111,3.35633,111,1,0.78,0,0.22,1.85,0.05,-2323.47,8.509174,-2097.276,0,0.9006982,0,0.4344453;
custom,tree5,stone9,1,1,1,1,0.4,0.4,0.4,1,1,-2135.114,77.23795,-2086.44,0,0.4960006,0,-0.8683222;
custom,tree2,stone9,0.819634,0.819634,0.819634,1,0.4,0.4,0.4,1,1,-2339.872,71.72588,-2176.599,0,0.9547464,0,-0.2974212;
custom,log2,stone9,1.448496,1.448496,1.448496,1,0.4,0.4,0.4,1,1,-2004.536,28.74231,-2293.881,0,-0.1571214,0,-0.9875793;
custom,boulder1,rock3,2.129067,2.129067,2.129067,1,0.4,0.4,0.4,1,1,-2466.652,35.35551,-2383.989,0,0.5875792,0,-0.8091667;
custom,tree7,stone9,1,1,1,1,0.4,0.4,0.4,1,1,-2318.043,46.48693,-2291.772,0,0.589343,0,-0.8078829;
custom,trunk1,stone6,1,1,1,1,0.4,0.4,0.4,1,1,-2580.254,13.13255,-1808.939,0,0.8986227,0,-0.4387224;
custom,log1,stone9,1,1.159839,1,1,0.4,0.4,0.4,1,1,-2177.582,37.58386,-2303.161,0,0.8986227,0,-0.4387224;
custom,tube,default,111,1.786914,111,1,0.78,0,0.22,1.85,0.05,-2323.47,109.9571,-2097.276,0,0.9006982,0,0.4344453;
custom,tree2,stone9,1,1,1,1,0.4,0.4,0.4,1,1,-2295.137,83.41058,-2025.515,0,0.580496,0,-0.8142631;
custom,tree2,stone9,1.076647,1.076647,1.076647,1,0.4,0.4,0.4,1,1,-2530.773,90.78468,-2113.981,0,-0.4454756,0,0.8952941;
custom,tree5,stone9,1.143664,0.7534096,1.143664,1,0.4,0.4,0.4,1,1,-2453.153,63.89565,-1979.266,0,-0.9519535,0,-0.3062428;
custom,tree5,stone9,1,1,1,1,0.4,0.4,0.4,1,1,-2493.741,77.23795,-2276.217,0,-0.1789124,0,-0.983865;
custom,tree7,stone9,1,0.7774249,1,1,0.4,0.4,0.4,1,1,-2416.855,65.98217,-2081.376,0,0.9972685,0,0.0738621;
custom,tree7,stone9,1,1.03781,1,1,0.4,0.4,0.4,1,1,-2243.531,85.53149,-2134.723,0,-0.2530994,0,0.9674403;
custom,tree2,stone9,1,1,1,1,0.4,0.4,0.4,1,1,-2228.898,83.41058,-1851.581,0,0.0271825,0,-0.9996305;
custom,tree5,stone9,1,1,1,1,0.4,0.4,0.4,1,1,-2178.851,77.23795,-1961.65,0,0.0976105,0,-0.9952247;
custom,tree7,stone9,1,1,1,1,0.4,0.4,0.4,1,1,-2526.76,46.48693,-1896.836,0,0.0380849,0,-0.9992745;
custom,tree2,stone9,0.819634,0.819634,0.819634,1,0.4,0.4,0.4,1,1,-2353.635,71.72588,-1892.611,0,0.6261882,0,-0.7796719;
custom,tree7,stone9,1,0.7774249,1,1,0.4,0.4,0.4,1,1,-2336.189,65.98217,-1752.205,0,0.8687007,0,-0.4953374;
custom,tree5,stone9,1.143664,0.7534096,1.143664,1,0.4,0.4,0.4,1,1,-2195.504,63.89565,-1736.137,0,-0.9608037,0,0.2772297;
custom,tree5,stone9,1.154597,1.154597,1.154597,1,0.4,0.4,0.4,1,1,-2472.314,33.00192,-1724.304,0.0439794,-0.9863551,0.0498564,-0.1506117;
custom,tree5,stone9,1.143664,0.7534096,1.143664,1,0.4,0.4,0.4,1,1,-2066.475,63.89565,-1812.167,0,-0.686744,0,-0.7268994;
custom,tree2,stone9,1.076647,1.076647,1.076647,1,0.4,0.4,0.4,1,1,-2009.751,90.78468,-2007.719,0,-0.8216269,0,0.5700257;
custom,trunk1,stone6,1.493101,1.493101,1.493101,1,0.4,0.4,0.4,1,1,-2077.356,15.0563,-1915.953,0,0.8986227,0,-0.4387224;
custom,tree5,stone9,1.270637,0.7534096,1.895108,1,0.4,0.4,0.4,1,1,-2665.375,63.89565,-1925.495,0,-0.4046348,0,0.9144784;
custom,tree2,stone9,1,1,1,1,0.4,0.4,0.4,1,1,-2716.595,83.41058,-2058.174,0,-0.6135404,0,-0.7896634;
custom,tree2,stone9,1,1,1,1,0.4,0.4,0.4,1,1,-2687.036,83.41058,-2231.871,0,-0.9498287,0,-0.3127704;
custom,tree7,stone9,1,0.7774249,1,1,0.4,0.4,0.4,1,1,-2550.408,65.98217,-2249.379,0,-0.2253491,0,-0.9742781;
custom,boulder1,rock3,4.30162,1.008492,4.30162,1,0.4,0.4,0.4,1,1,-2032.443,13.16563,-2113.5,0,0.5875792,0,-0.8091667;
custom,boulder1,rock3,2.783229,2.783229,5.720397,1,0.4,0.4,0.4,1,1,-2218.802,29.7073,-2430.535,0,0.8608677,0,-0.5088289;
custom,log2,stone9,1.706935,1.706935,1.706935,1,0.4,0.4,0.4,1,1,-2312.46,28.87367,-2398.882,0.795325,0.5061187,-0.2814622,-0.179112;
custom,log1,stone9,1,0.8221912,1,1,0.4,0.4,0.4,1,1,-2073.6,32.43553,-2276.888,-0.0025561,0.6677917,-0.0096485,0.7442813;
misc,barrier,702,2,222,-2593.785,118,-2402.494,0,0.9006982,0,0.4344453;
custom,killPrism,transparent0.9,2,0.7,2,1,1,0.65,0,0.1,0.035,421.1554,248,-21.79572,-0.2331265,0.6675718,-0.6675718,-0.2331265;
custom,killPrism,transparent0.9,2,0.7,2,1,1,0.65,0,0.1,0.035,209.8518,248,146.2828,-0.2331265,0.6675718,-0.6675718,-0.2331265;
custom,killPrism,transparent0.9,2,0.7,2,1,1,0.65,0,0.1,0.035,-1.451619,248,314.3612,-0.2331265,0.6675718,-0.6675718,-0.2331265;
custom,killPrism,transparent0.9,2,0.7,2,1,1,0.65,0,0.1,0.035,-212.7549,248,482.4394,-0.2331265,0.6675718,-0.6675718,-0.2331265;
custom,killPrism,transparent0.9,2,0.7,2,1,1,0.65,0,0.1,0.035,-424.0591,248,650.5182,-0.2331265,0.6675718,-0.6675718,-0.2331265;
custom,killPrism,transparent0.9,2,0.7,2,1,1,0.65,0,0.1,0.035,-635.3636,248,818.5974,-0.2331265,0.6675718,-0.6675718,-0.2331265;
custom,killPrism,transparent0.9,2,0.7,2,1,1,0.65,0,0.1,0.035,-846.6675,248,986.6763,-0.2331265,0.6675718,-0.6675718,-0.2331265;
custom,killPrism,transparent0.9,2,0.7,2,1,1,0.65,0,0.1,0.035,-1238.26,58,-698.3654,-0.6675717,0.6675717,0.2331265,-0.2331266;
custom,killPrism,transparent0.9,2,0.7,2,1,1,0.65,0,0.1,0.035,-758.9236,58,-95.75771,-0.6675717,0.6675717,0.2331265,-0.2331266;
custom,killPrism,transparent0.9,2,0.7,2,1,1,0.65,0,0.1,0.035,-3317.461,58,-3312.279,-0.6675717,0.6675717,0.2331265,-0.2331266;
custom,killPrism,transparent0.9,2,0.7,2,1,1,0.65,0,0.1,0.035,-3301.898,58,-3292.714,-0.6675717,0.6675717,0.2331265,-0.2331266;
custom,killPrism,transparent0.9,2,0.7,2,1,1,0.65,0,0.1,0.035,-1222.696,58,-678.8002,-0.6675717,0.6675717,0.2331265,-0.2331266;
custom,killPrism,transparent0.9,2,0.7,2,1,1,0.65,0,0.1,0.035,-743.3608,58,-76.19243,-0.6675717,0.6675717,0.2331265,-0.2331266;
custom,killPrism,transparent0.9,2,0.7,2,1,1,0.65,0,0.1,0.035,421.1554,218,-21.79572,-0.2331265,0.6675718,-0.6675718,-0.2331265;
custom,killPrism,transparent0.9,2,0.7,2,1,1,0.65,0,0.1,0.035,209.8518,218,146.2828,-0.2331265,0.6675718,-0.6675718,-0.2331265;
custom,killPrism,transparent0.9,2,0.7,2,1,1,0.65,0,0.1,0.035,-1.451619,218,314.3612,-0.2331265,0.6675718,-0.6675718,-0.2331265;
custom,killPrism,transparent0.9,2,0.7,2,1,1,0.65,0,0.1,0.035,-212.7549,218,482.4394,-0.2331265,0.6675718,-0.6675718,-0.2331265;
custom,killPrism,transparent0.9,2,0.7,2,1,1,0.65,0,0.1,0.035,-424.0591,218,650.5182,-0.2331265,0.6675718,-0.6675718,-0.2331265;
custom,killPrism,transparent0.9,2,0.7,2,1,1,0.65,0,0.1,0.035,-635.3636,218,818.5974,-0.2331265,0.6675718,-0.6675718,-0.2331265;
custom,killPrism,transparent0.9,2,0.7,2,1,1,0.65,0,0.1,0.035,-846.6675,218,986.6763,-0.2331265,0.6675718,-0.6675718,-0.2331265;
custom,killPrism,transparent0.9,2,0.7,2,1,1,0.65,0,0.1,0.035,-4140.789,58,-4328.066,-0.6368898,0.6368898,-0.3071992,0.3071992;
custom,killPrism,transparent0.9,2,0.7,2,1,1,0.65,0,0.1,0.035,-4122.006,58,-4343.007,0.3071992,0.3071992,-0.6368898,-0.6368898;
custom,killPrism,transparent1,2,0.7,2,1,1,0.65,0,0.1,0.035,-3412.839,58,-3412.106,-0.6368898,0.6368898,-0.3071992,0.3071992;
custom,killPrism,transparent1,2,0.7,2,1,1,0.65,0,0.1,0.035,-3393.273,58,-3427.668,0.3071992,0.3071992,-0.6368898,-0.6368898;
custom,killPrism,transparent1,2,0.7,2,1,1,0.65,0,0.1,0.035,-854.3019,58,-195.5847,-0.6368898,0.6368898,-0.3071992,0.3071992;
custom,killPrism,transparent1,2,0.7,2,1,1,0.65,0,0.1,0.035,-834.7368,58,-211.1476,0.3071992,0.3071992,-0.6368898,-0.6368898;
custom,killPrism,transparent1,2,0.7,2,1,1,0.65,0,0.1,0.035,-1333.637,58,-798.1926,-0.6368898,0.6368898,-0.3071992,0.3071992;
custom,killPrism,transparent1,2,0.7,2,1,1,0.65,0,0.1,0.035,-1314.073,58,-813.7556,0.3071992,0.3071992,-0.6368898,-0.6368898;
custom,killPrism,transparent1,2,0.7,2,1,1,0.65,0,0.1,0.035,-673.7745,58,171.9283,-0.6368898,0.6368898,-0.3071992,0.3071992;
custom,killPrism,transparent1,2,0.7,2,1,1,0.65,0,0.1,0.035,-517.2522,58,47.42485,0.3071992,0.3071992,-0.6368898,-0.6368898;
spawnpoint,titan,44.96207,10.5,1073.406,0,0,0,1;
spawnpoint,titan,549.7463,10.5,489.2527,0,0,0,1;
spawnpoint,titan,-336.2007,10.5,1206.744,0,0,0,1;
spawnpoint,titan,366.4912,10.5,746.2628,0,0,0,1;
photon,spawnTitan,50,0,45.39996,10.5,1075.009,0,0,0,1;
photon,spawnAbnormal,50,0,549.7463,10.5,489.2527,0,0,0,1;
photon,spawnPunk,50,0,-336.2007,10.5,1206.744,0,0,0,1;
photon,spawnTitan,50,0,368.8578,10.5,746.2628,0,0,0,1;
base,colossal_titan,default,4.59,4.59,4.59,0,1,1,1,1,1,6.866108,8,757.2004,0,0.9440891,0,-0.3296906;
racing,killcuboid,10.1,4.6,2.1,-3238.531,30.5,-3614.646,0,0.9006982,0,0.4344453;
racing,killcuboid,10.1,4.6,2.1,-3121.139,85.5,-3708.022,0,0.9006982,0,0.4344453;
racing,killcuboid,10.1,3.1,2.1,-3147.826,93,-3099.019,0,0.9440891,0,-0.3296906;
racing,killcuboid,10.1,3.1,2.1,-3147.826,23,-3099.019,0,0.9440891,0,-0.3296906;
racing,killcuboid,10.1,4.1,2.1,-2954.843,88,-2856.406,0,0.9440891,0,-0.3296906;
racing,killcuboid,10.1,4.1,2.1,-2954.843,28,-2856.406,0,0.9440891,0,-0.3296906;
racing,killcuboid,10.1,3.1,2.1,-1716.039,93,-1299.017,0,0.9440891,0,-0.3296906;
racing,killcuboid,10.1,3.1,2.1,-1716.039,23,-1299.017,0,0.9440891,0,-0.3296906;
racing,killcuboid,10.1,3.1,2.1,-1681.179,58,-1198.969,-0.6675718,0.6675718,0.2331265,-0.2331265;
racing,killcuboid,10.1,3.1,2.1,-1626.396,58,-1242.545,-0.6675718,0.6675718,0.2331265,-0.2331265;
racing,killcuboid,10.1,4.1,2.1,-1591.536,88,-1142.496,0,0.9440891,0,-0.3296906;
racing,killcuboid,10.1,4.1,2.1,-1591.536,28,-1142.496,0,0.9440891,0,-0.3296906;
racing,killcuboid,10.1,4.1,2.1,-1552.763,58,-1045.56,-0.6675718,0.6675718,0.2331265,-0.2331265;
racing,killcuboid,10.1,4.1,2.1,-1505.807,58,-1082.91,-0.6675718,0.6675718,0.2331265,-0.2331265;
racing,killcuboid,12.1,10.1,1.1,-2024.469,58,-184.7925,0,0.9006982,0,0.4344453;
racing,killcuboid,12.1,10.1,1.1,-560.9933,58,-1348.893,0,0.9006982,0,0.4344453;
racing,killcuboid,10.1,7.1,7.1,-1159.329,8,-1000.732,-0.166255,0.8321367,0.3446824,0.4013751;
racing,killcuboid,10.1,7.1,7.1,-1002.809,8,-1125.235,-0.166255,0.8321367,0.3446824,0.4013751;
racing,killcuboid,10.1,7.1,7.1,-1081.069,108,-1062.984,-0.166255,0.8321367,0.3446824,0.4013751;
racing,killcuboid,10.1,7.1,7.1,-924.5482,108,-1187.486,-0.166255,0.8321367,0.3446824,0.4013751;
racing,killcuboid,10.1,4.6,2.1,-3003.749,30.5,-3801.399,0,0.9006982,0,0.4344453;
racing,killcuboid,10.1,4.6,2.1,-2886.357,85.5,-3894.777,0,0.9006982,0,0.4344453;
racing,killcuboid,10.1,4.6,2.1,-3857.505,30.5,-2866.737,0,0.9006982,0,0.4344453;
racing,killcuboid,10.1,4.6,2.1,-3740.114,85.5,-2960.114,0,0.9006982,0,0.4344453;
racing,killcuboid,10.1,4.6,2.1,-3622.723,30.5,-3053.491,0,0.9006982,0,0.4344453;
racing,killcuboid,10.1,4.6,2.1,-3505.331,85.5,-3146.868,0,0.9006982,0,0.4344453;
racing,killcuboid,10.1,4.6,2.1,-3999.127,58,-3044.779,0.6368898,0.6368898,0.3071992,0.3071992;
racing,killcuboid,10.1,4.6,2.1,-3847.497,58,-3095.113,0.6368898,0.6368898,0.3071992,0.3071992;
racing,killcuboid,10.1,4.6,2.1,-3764.344,58,-3231.533,0.6368898,0.6368898,0.3071992,0.3071992;
racing,killcuboid,10.1,4.6,2.1,-3612.715,58,-3281.867,0.6368898,0.6368898,0.3071992,0.3071992;
racing,killcuboid,10.1,4.6,2.1,-3131.148,58,-3479.646,0.6368898,0.6368898,0.3071992,0.3071992;
racing,killcuboid,10.1,4.6,2.1,-2979.518,58,-3529.98,0.6368898,0.6368898,0.3071992,0.3071992;
racing,killcuboid,10.1,4.6,2.1,-2896.366,58,-3666.4,0.6368898,0.6368898,0.3071992,0.3071992;
racing,killcuboid,10.1,4.6,2.1,-2744.736,58,-3716.734,0.6368898,0.6368898,0.3071992,0.3071992;
racing,killcuboid,10.1,7.1,7.1,-846.287,8,-1249.738,-0.166255,0.8321367,0.3446824,0.4013751;
racing,killcuboid,10.1,7.1,7.1,-1739.173,8,-283.9482,-0.166255,0.8321367,0.3446824,0.4013751;
racing,killcuboid,10.1,7.1,7.1,-1582.652,8,-408.4511,-0.166255,0.8321367,0.3446824,0.4013751;
racing,killcuboid,10.1,7.1,7.1,-1660.912,108,-346.1997,-0.166255,0.8321367,0.3446824,0.4013751;
racing,killcuboid,10.1,7.1,7.1,-1504.391,108,-470.7026,-0.166255,0.8321367,0.3446824,0.4013751;
racing,killcuboid,10.1,7.1,7.1,-1426.13,8,-532.9542,-0.166255,0.8321367,0.3446824,0.4013751;
racing,killcuboid,18.6,1.1,1.1,-1550.633,58,-689.4758,-0.1723429,0.6431923,-0.1930939,0.7206361;
racing,killcuboid,18.6,1.1,1.1,-1550.633,58,-689.4758,0.2584029,0.9643723,0.0146732,0.054761;
racing,killcuboid,10,2.1,2.1,-1785.416,58,-502.7213,-0.7059696,0.7059696,-0.0400878,0.0400878;
racing,killcuboid,15.1,1.1,1.1,-1785.416,33,-502.7213,-0.2498004,0.6998988,0.2899076,0.6030713;
racing,killcuboid,15.1,1.1,1.1,-1785.416,83,-502.7213,-0.0713796,0.9076658,0.3759675,0.1723258;
racing,killcuboid,18.6,1.1,1.1,-1902.807,58,-409.3442,-0.2584029,0.9643723,-0.0146732,0.054761;
racing,killcuboid,18.6,1.1,1.1,-1902.807,58,-409.3442,0.1723429,0.6431923,0.1930939,0.7206361;
racing,killcuboid,10.1,2.1,2.1,-1668.024,58,-596.0985,-0.7059696,0.7059696,-0.0400878,0.0400878;
racing,killcuboid,15.1,1.1,1.1,-1668.024,58,-596.0985,-0.0383403,0.9192311,0.380758,0.09256171;
racing,killcuboid,15.1,1.1,1.1,-1668.024,58,-596.0985,-0.2741169,0.6446743,0.2670328,0.6617767;
racing,killcuboid,18.6,1.1,1.1,-682.654,58,-1124.342,-0.1723429,0.6431923,-0.1930939,0.7206361;
racing,killcuboid,18.6,1.1,1.1,-682.654,58,-1124.342,0.2584029,0.9643723,0.0146732,0.054761;
racing,killcuboid,10.1,2.1,2.1,-917.4359,58,-937.5878,-0.7059696,0.7059696,-0.0400878,0.0400878;
racing,killcuboid,15.1,1.1,1.1,-917.4359,33,-937.5878,-0.2498004,0.6998988,0.2899076,0.6030713;
racing,killcuboid,15.1,1.1,1.1,-917.4359,83,-937.5878,-0.0713796,0.9076658,0.3759675,0.1723258;
racing,killcuboid,18.6,1.1,1.1,-1034.827,58,-844.2108,-0.2584029,0.9643723,-0.0146732,0.054761;
racing,killcuboid,18.6,1.1,1.1,-1034.827,58,-844.2108,0.1723429,0.6431923,0.1930939,0.7206361;
racing,killcuboid,10.1,2.1,2.1,-800.0453,58,-1030.965,-0.7059696,0.7059696,-0.0400878,0.0400878;
racing,killcuboid,15.1,1.1,1.1,-800.0453,58,-1030.965,-0.0383403,0.9192311,0.380758,0.09256171;
racing,killcuboid,15.1,1.1,1.1,-800.0453,58,-1030.965,-0.2741169,0.6446743,0.2670328,0.6617767;
racing,killcuboid,3.4,10.1,0.8,-1050.443,58,-60.65042,0,0.9006982,0,0.4344453;
racing,killcuboid,3.4,10.1,0.8,-1092.151,58,-113.0854,0,0.9006982,0,0.4344453;
racing,killcuboid,3.4,3.4,0.8,-1071.297,91.5,-86.86779,0,0.9006982,0,0.4344453;
racing,killcuboid,3.4,3.4,0.8,-1071.297,24.5,-86.86779,0,0.9006982,0,0.4344453;
racing,killcuboid,10.1,3.4,0.8,-1188.688,91.49999,6.509463,0,0.9006982,0,0.4344453;
racing,killcuboid,10.1,3.4,0.8,-1188.688,24.5,6.509463,0,0.9006982,0,0.4344453;
racing,killcuboid,3.4,3.4,0.8,-1188.688,58,6.509463,0,0.9006982,0,0.4344453;
racing,killcuboid,10.1,3.4,0.8,-1306.079,58,99.88667,0,0.9006982,0,0.4344453;
racing,killcuboid,3.4,3.4,0.8,-1306.079,91.5,99.88667,0,0.9006982,0,0.4344453;
racing,killcuboid,3.4,3.4,0.8,-1306.079,24.5,99.88667,0,0.9006982,0,0.4344453;
racing,killcuboid,3.4,10.1,0.8,-1402.616,58,219.4812,0,0.9006982,0,0.4344453;
racing,killcuboid,3.4,10.1,0.8,-1444.325,58,167.0462,0,0.9006982,0,0.4344453;
racing,killcuboid,3.4,3.4,0.8,-1423.47,58,193.2638,0,0.9006982,0,0.4344453;
racing,killcuboid,3.4,10.1,0.8,-182.4637,58,-495.5166,0,0.9006982,0,0.4344453;
racing,killcuboid,3.4,10.1,0.8,-224.1722,58,-547.9514,0,0.9006982,0,0.4344453;
racing,killcuboid,3.4,3.4,0.8,-203.3181,91.5,-521.734,0,0.9006982,0,0.4344453;
racing,killcuboid,3.4,3.4,0.8,-203.3181,24.5,-521.734,0,0.9006982,0,0.4344453;
racing,killcuboid,10.1,3.4,0.8,-320.7094,91.49999,-428.3567,0,0.9006982,0,0.4344453;
racing,killcuboid,10.1,3.4,0.8,-320.7094,24.5,-428.3567,0,0.9006982,0,0.4344453;
racing,killcuboid,3.4,3.4,0.8,-320.7094,58,-428.3567,0,0.9006982,0,0.4344453;
racing,killcuboid,10.1,3.4,0.8,-438.1,58,-334.98,0,0.9006982,0,0.4344453;
racing,killcuboid,3.4,3.4,0.8,-438.1,91.5,-334.98,0,0.9006982,0,0.4344453;
racing,killcuboid,3.4,3.4,0.8,-438.1,24.5,-334.98,0,0.9006982,0,0.4344453;
racing,killcuboid,3.4,10.1,0.8,-534.6368,58,-215.3855,0,0.9006982,0,0.4344453;
racing,killcuboid,3.4,10.1,0.8,-576.3452,58,-267.8202,0,0.9006982,0,0.4344453;
racing,killcuboid,3.4,3.4,0.8,-555.4911,58,-241.6029,0,0.9006982,0,0.4344453;
racing,killcuboid,10.1,10.1,1.1,-861.4217,58,257.3011,0,0.9440891,0,-0.3296906;
racing,killcuboid,10.1,10.1,1.1,-1005.493,58,397.4561,0,0.9997373,0,0.02292114;
racing,killcuboid,10.1,10.1,1.1,-1186.916,58,490.6548,0,0.7680968,0,-0.6403338;
racing,killcuboid,10.1,10.1,1.1,-391.8577,58,-116.207,0,0.9440891,0,-0.3296906;
racing,killcuboid,10.1,10.1,1.1,-222.8868,58,-225.0573,0,0.7681376,0,-0.6402848;
racing,killcuboid,10.1,10.1,1.1,-91.26533,58,-380.8645,0,0.9997361,0,0.02297275;
racing,checkpointCuboid,1.5,9.5,11,-3235,60.5,-3205,0,0.9006982,0,0.4344453;
custom,cuboid,brick4,11,0.8,2,1,1,0.5,0.4,0.55,0.1,-3235,10.5,-3205,0,0.3296906,0,0.9440891;
custom,cuboid,brick4,11,0.8,2,1,1,0.5,0.4,0.55,0.1,-960,10.5,-350,0,0.3296906,0,0.9440891;
racing,checkpointCuboid,1.5,9.5,11,-960,60.5,-350,0,0.9006982,0,0.4344453;
racing,killtube,2.1,14.2,2.1,-3040.685,57.70061,-2989.221,-0.6368898,0.6368898,-0.3071992,0.3071992;
racing,killtube,2.1,14.2,2.1,-3064.206,57.70061,-2970.601,-0.6368898,0.6368898,-0.3071992,0.3071992;
racing,killtube,2.95,14.1,2.95,-1060.288,57.81931,-475.7411,-0.6368898,0.6368898,-0.3071992,0.3071992;
racing,killcuboid,10.2,10.2,22.2,-741.0157,353,902.6369,0,0.9006982,0,0.4344453;
racing,killcuboid,10.2,10.2,22.2,315.5039,353,62.24332,0,0.9006982,0,0.4344453;
racing,killcuboid,10.2,10.2,22.2,-952.3196,353,1070.715,0,0.9006982,0,0.4344453;
racing,killcuboid,10.2,10.2,8.7,473.9812,353,-63.81526,0,0.9006982,0,0.4344453;
racing,killcuboid,10.2,10.2,22.2,209.8518,503,146.2828,0,0.9006982,0,0.4344453;
racing,killcuboid,10.2,10.2,22.2,-635.3636,503,818.5974,0,0.9006982,0,0.4344453;
racing,killcuboid,10.2,10.2,22.2,421.1554,503,-21.79572,0,0.9006982,0,0.4344453;
racing,killcuboid,10.2,10.2,22.2,-846.6675,503,986.6763,0,0.9006982,0,0.4344453;
racing,killcuboid,10.2,10.2,22.2,104.1997,653,230.3223,0,0.9006982,0,0.4344453;
racing,killcuboid,10.2,10.2,22.2,-529.7112,653,734.5578,0,0.9006982,0,0.4344453;
racing,killcuboid,10.2,10.2,22.2,-741.0157,653,902.6369,0,0.9006982,0,0.4344453;
racing,killcuboid,10.2,10.2,22.2,315.5039,653,62.24332,0,0.9006982,0,0.4344453;
racing,killcuboid,10.2,10.2,22.2,-1.451619,803,314.3612,0,0.9006982,0,0.4344453;
racing,killcuboid,10.2,10.2,22.2,209.8518,803,146.2828,0,0.9006982,0,0.4344453;
racing,killcuboid,10.2,10.2,22.2,-424.0591,803,650.5182,0,0.9006982,0,0.4344453;
racing,killcuboid,10.2,10.2,22.2,-635.3636,803,818.5974,0,0.9006982,0,0.4344453;
racing,killcuboid,10.2,10.2,22.2,-107.1036,953,398.4005,0,0.9006982,0,0.4344453;
racing,killcuboid,10.2,10.2,22.2,-318.407,953,566.4788,0,0.9006982,0,0.4344453;
racing,killcuboid,10.2,10.2,22.2,104.1997,953,230.3223,0,0.9006982,0,0.4344453;
racing,killcuboid,10.2,10.2,22.2,-529.7112,953,734.5578,0,0.9006982,0,0.4344453;
racing,killcuboid,10.2,10.2,22.2,-1.451619,1103,314.3612,0,0.9006982,0,0.4344453;
racing,killcuboid,10.2,10.2,22.2,-212.7549,1103,482.4394,0,0.9006982,0,0.4344453;
racing,killcuboid,10.2,10.2,22.2,-424.0591,1103,650.5182,0,0.9006982,0,0.4344453;
racing,killcuboid,10.2,10.2,22.2,-107.1036,1253,398.4005,0,0.9006982,0,0.4344453;
racing,killcuboid,10.2,10.2,22.2,-318.407,1253,566.4788,0,0.9006982,0,0.4344453;
racing,killcuboid,5,30,197.1,-251.263,158,542.4594,0,0.9006982,0,0.4344453;
racing,killcuboid,10.1,4,18,-3054.445,29,-2981.624,0,0.9006982,0,0.4344453;
racing,killcuboid,10.1,4,18,-3054.445,87,-2981.624,0,0.9006982,0,0.4344453;
racing,killcuboid,10.1,1.8,1.2,-3054.445,58,-2981.624,0,0.9006982,0,0.4344453;
racing,killcuboid,10.1,1.8,6.6,-3009.837,58,-3017.107,0,0.9006982,0,0.4344453;
racing,killcuboid,10.1,1.8,6.6,-3099.054,58,-2946.14,0,0.9006982,0,0.4344453;
racing,killcuboid,10.1,3.7,18,-1062.399,26.5,-477.2785,0,0.9006982,0,0.4344453;
racing,killcuboid,10.1,3.7,18,-1062.399,89.5,-477.2785,0,0.9006982,0,0.4344453;
racing,killcuboid,10.1,2.6,7.7,-1022.094,58,-509.338,0,0.9006982,0,0.4344453;
racing,killcuboid,10.1,2.6,7.7,-1102.703,58,-445.2191,0,0.9006982,0,0.4344453;
racing,killcuboid,702,1,222,-2593.785,112,-2402.494,0,0.9006982,0,0.4344453;
racing,killcuboid,38.5,2,16.7,-2542.902,10,-2890.113,0,0.7906895,0,0.6122174;
racing,killcuboid,38.5,3,16.7,-2368.719,15,-2916.145,0,0.722364,0,0.691513;
racing,killcuboid,38.5,4,16.7,-2192.931,20,-2905.393,0,0.6461241,0,0.7632324;
racing,killcuboid,38.5,5,16.7,-2023.219,25,-2858.329,0,0.5628049,0,0.8265898;
racing,killcuboid,38.5,6,16.7,-1867.002,30,-2777.005,0,0.4733198,0,0.8808907;
racing,killcuboid,38.5,7,16.7,-1731.107,35,-2664.982,0,0.3786486,0,0.9255405;
racing,killcuboid,38.5,7,16.7,-1621.471,35,-2527.151,0,0.279829,0,0.9600499;
racing,killcuboid,38.5,6,16.7,-1542.888,30,-2369.539,0,0.1779434,0,0.9840407;
racing,killcuboid,38.5,5,16.7,-1498.79,25,-2199.032,0,0.0741086,0,0.9972502;
racing,killcuboid,38.5,4,16.7,-1491.109,20,-2023.083,0,-0.0305386,0,0.9995336;
racing,killcuboid,38.5,3,16.7,-1520.179,15,-1849.382,0,-0.1348509,0,0.9908659;
racing,killcuboid,38.5,2,16.7,-1584.724,10,-1685.52,0,-0.2376858,0,0.9713421;
racing,killcuboid,38.5,2,16.7,-3079.22,10,-2463.506,0,0.9713421,0,0.2376858;
racing,killcuboid,38.5,3,16.7,-3143.768,15,-2299.644,0,0.9908659,0,0.1348509;
racing,killcuboid,38.5,4,16.7,-3173.192,20,-2125.228,0,0.9995336,0,0.0305386;
racing,killcuboid,38.5,5,16.7,-3165.51,25,-1949.278,0,0.9972502,0,-0.0741086;
racing,killcuboid,38.5,6,16.7,-3121.413,30,-1778.771,0,0.9840407,0,-0.1779434;
racing,killcuboid,38.5,7,16.7,-3042.831,35,-1621.159,0,0.9600498,0,-0.2798291;
racing,killcuboid,38.5,7,16.7,-2933.195,35,-1483.327,0,0.9255405,0,-0.3786487;
racing,killcuboid,38.5,6,16.7,-2797.3,30,-1371.305,0,0.8808907,0,-0.4733198;
racing,killcuboid,38.5,5,16.7,-2641.082,25,-1289.982,0,0.8265898,0,-0.5628049;
racing,killcuboid,38.5,4,16.7,-2471.371,20,-1242.918,0,0.7632324,0,-0.6461241;
racing,killcuboid,38.5,3,16.7,-2295.583,15,-1232.166,0,0.691513,0,-0.722364;
racing,killcuboid,38.5,2,16.7,-2121.401,10,-1258.198,0,0.6122174,0,-0.7906895;
racing,killcuboid,38.5,2,16.7,-2542.902,107,-2890.113,0,0.7906895,0,0.6122174;
racing,killcuboid,38.5,3,16.7,-2368.719,102,-2916.145,0,0.722364,0,0.691513;
racing,killcuboid,38.5,4,16.7,-2192.931,97,-2905.393,0,0.6461241,0,0.7632324;
racing,killcuboid,38.5,3,16.7,-2023.219,102,-2858.329,0,0.5628049,0,0.8265898;
racing,killcuboid,38.5,2,16.7,-1867.002,107,-2777.005,0,0.4733198,0,0.8808907;
racing,killcuboid,38.5,2,16.7,-1542.888,107,-2369.539,0,0.1779434,0,0.9840407;
racing,killcuboid,38.5,3,16.7,-1498.79,102,-2199.032,0,0.0741086,0,0.9972502;
racing,killcuboid,38.5,4,16.7,-1491.109,97,-2023.083,0,-0.0305386,0,0.9995336;
racing,killcuboid,38.5,5,16.7,-1520.179,92,-1849.382,0,-0.1348509,0,0.9908659;
racing,killcuboid,38.5,6,16.7,-1584.724,87,-1685.52,0,-0.2376858,0,0.9713421;
racing,killcuboid,38.5,2,16.7,-3079.22,107,-2463.506,0,0.9713421,0,0.2376858;
racing,killcuboid,38.5,3,16.7,-3143.768,102,-2299.644,0,0.9908659,0,0.1348509;
racing,killcuboid,38.5,4,16.7,-3173.192,97,-2125.228,0,0.9995336,0,0.0305386;
racing,killcuboid,38.5,3,16.7,-3165.51,102,-1949.278,0,0.9972502,0,-0.0741086;
racing,killcuboid,38.5,2,16.7,-3121.413,107,-1778.771,0,0.9840407,0,-0.1779434;
racing,killcuboid,38.5,2,16.7,-2797.3,107,-1371.305,0,0.8808907,0,-0.4733198;
racing,killcuboid,38.5,3,16.7,-2641.082,102,-1289.982,0,0.8265898,0,-0.5628049;
racing,killcuboid,38.5,4,16.7,-2471.371,97,-1242.918,0,0.7632324,0,-0.6461241;
racing,killcuboid,38.5,5,16.7,-2295.583,92,-1232.166,0,0.691513,0,-0.722364;
racing,killcuboid,38.5,6,16.7,-2121.401,87,-1258.198,0,0.6122174,0,-0.7906895;
custom,killPrism,transparent1,2,0.7,2,1,1,0.65,0,0.1,0.035,-2756.33,55,-2584.651,-0.63689,0.6368898,-0.3071991,0.3071992;
custom,killPrism,transparent1,2,0.7,2,1,1,0.65,0,0.1,0.035,-2736.766,55,-2600.214,0.3071989,0.3071994,-0.6368896,-0.6368902;
racing,killcuboid,2500,2.4,2500,-2400.805,0,-2159.885,0,0.9006982,0,0.4344453;
racing,killcuboid,10.1,10.1,172.1,-564.3879,58,148.8072,0,0.9006982,0,0.4344453;
racing,killcuboid,10.1,10.1,172.1,-813.3936,58,-164.2358,0,0.9006982,0,0.4344453;
racing,killcuboid,10.1,10.1,172.1,-1292.729,58,-766.8438,0,0.9006982,0,0.4344453;
racing,killcuboid,10.1,10.1,172.1,-3371.93,58,-3380.757,0,0.9006982,0,0.4344453;
racing,killcuboid,10.1,10.1,122.1,-4100.272,58,-4296.406,0,0.9006982,0,0.4344453;
racing,killcuboid,10.1,10.1,97.1,-3994.444,58,-4163.362,0,0.9006982,0,0.4344453;
racing,killcuboid,10.1,10.1,72.1,-3888.616,58,-4030.32,0,0.9006982,0,0.4344453;
racing,killcuboid,10.1,10.1,47.1,-3782.789,58,-3897.277,0,0.9006982,0,0.4344453;
racing,killcuboid,10.1,10.1,10.1,-688.8907,58,-7.714218,0,0.9006982,0,0.4344453;
racing,killcuboid,10.1,10.1,96.1,-195.8489,58,-399.8974,0,0.9006982,0,0.4344453;
racing,killcuboid,10.1,10.1,96.1,-1181.933,58,384.4701,0,0.9006982,0,0.4344453;
racing,killcuboid,10.1,10.1,11.1,-3633.919,58,-3798.473,0,0.9006982,0,0.4344453;
racing,killcuboid,10.1,10.1,11.1,-3720.006,58,-3729.996,0,0.9006982,0,0.4344453;
racing,killcuboid,10.1,10.1,10.1,141.1998,58,-156.8869,0,0.9006982,0,0.4344453;
racing,killcuboid,10.1,10.1,10.1,-70.1044,58,11.19199,0,0.9006982,0,0.4344453;
racing,killcuboid,10.1,10.1,10.1,-281.4077,58,179.2702,0,0.9006982,0,0.4344453;
racing,killcuboid,10.1,10.1,10.1,-492.7111,58,347.3486,0,0.9006982,0,0.4344453;
racing,killcuboid,10.1,10.1,10.1,-704.0154,58,515.4276,0,0.9006982,0,0.4344453;
racing,killcuboid,10.1,10.1,10.1,-915.3196,58,683.5066,0,0.9006982,0,0.4344453;
racing,killcuboid,10.1,10.1,106.1,-1391.809,58,40.30141,0,0.9006982,0,0.4344453;
racing,killcuboid,10.1,10.1,106.1,-483.9854,58,-681.8145,0,0.9006982,0,0.4344453;
racing,killcuboid,10.1,10.1,106.1,-714.3156,58,-971.3792,0,0.9006982,0,0.4344453;
racing,killcuboid,10.1,10.1,106.1,-963.3215,58,-1284.423,0,0.9006982,0,0.4344453;
racing,killcuboid,10.1,10.1,106.1,-1871.146,58,-562.3066,0,0.9006982,0,0.4344453;
racing,killcuboid,10.1,10.1,106.1,-1622.14,58,-249.2633,0,0.9006982,0,0.4344453;
racing,killcuboid,10.1,10.1,106.1,-3701.341,58,-2863.177,0,0.9006982,0,0.4344453;
racing,killcuboid,10.1,10.1,106.1,-2793.517,58,-3585.293,0,0.9006982,0,0.4344453;
racing,killcuboid,10.1,10.1,74.1,-3885.231,58,-4684.679,0,0.9006982,0,0.4344453;
racing,killcuboid,10.1,10.1,74.1,-4526.969,58,-4174.219,0,0.9006982,0,0.4344453;
racing,killcuboid,10.1,10.1,74.1,-3997.303,58,-3138.869,0,0.9006982,0,0.4344453;
racing,killcuboid,10.1,10.1,74.1,-2995.565,58,-3935.687,0,0.9006982,0,0.4344453;
racing,killcuboid,10.1,10.1,87.1,-4578.454,58,-4752.988,0,0.3296906,0,0.9440891;
racing,killcuboid,10.1,10.1,87.1,-4437.584,58,-4865.041,0,0.3296906,0,0.9440891;
racing,killcuboid,10.1,10.1,62.1,-2945.058,58,-3004.745,0,0.3296906,0,0.9440891;
racing,killcuboid,10.1,10.1,62.1,-3101.58,58,-2880.241,0,0.3296906,0,0.9440891;
racing,killcuboid,10.1,10.1,62.1,-1719.599,58,-1142.853,0,0.3296906,0,0.9440891;
racing,killcuboid,10.1,10.1,62.1,-1563.076,58,-1267.356,0,0.3296906,0,0.9440891;
racing,killcuboid,10.1,10.1,27.1,-974.7999,58,-527.7914,0,0.3296906,0,0.9440891;
racing,killcuboid,10.1,10.1,27.1,-1131.323,58,-403.288,0,0.3296906,0,0.9440891;
racing,killcuboid,10.1,10.1,50.1,-463.1662,58,-1426.708,0,0.3296906,0,0.9440891;
racing,killcuboid,10.1,10.1,50.1,-2122.295,58,-106.9776,0,0.3296906,0,0.9440891;
racing,killcuboid,10.1,10.1,90.1,-1518.456,58,652.1519,0,0.3296906,0,0.9440891;
racing,killcuboid,10.1,10.1,90.2,140.6726,58,-667.5786,0,0.3296906,0,0.9440891;
racing,killcuboid,10.1,10.1,50.1,-2542.367,58,-4040.621,0,0.3296906,0,0.9440891;
racing,killcuboid,10.1,10.1,50.1,-4201.496,58,-2720.891,0,0.3296906,0,0.9440891;
racing,killcuboid,10.1,10.1,44.1,-4671.576,58,-3841.972,0,0.3296906,0,0.9440891;
racing,killcuboid,12.6,10.1,27.1,-4424.791,58,-3712.439,0,0.3296906,0,0.9440891;
racing,killcuboid,12.6,10.1,27.1,-4221.137,58,-3657.21,0,0.3296906,0,0.9440891;
racing,killcuboid,12.6,10.1,29.1,-3807.606,58,-3538.927,0,0.3296906,0,0.9440891;
racing,killcuboid,12.6,10.1,27.1,-4017.484,58,-3601.981,0,0.3296906,0,0.9440891;
racing,killcuboid,10.1,10.1,44.1,-3528.969,58,-4750.841,-0.3296906,0,-0.9440891,0;
racing,killcuboid,12.6,10.1,27.1,-3458.271,58,-4481.243,-0.3296906,0,-0.9440891,0;
racing,killcuboid,12.6,10.1,27.1,-3450.269,58,-4270.384,-0.3296906,0,-0.9440891,0;
racing,killcuboid,12.6,10.1,29.1,-3428.042,58,-3840.846,-0.3296906,0,-0.9440891,0;
racing,killcuboid,12.6,10.1,27.1,-3442.268,58,-4059.529,-0.3296906,0,-0.9440891,0;
racing,killcuboid,10.011,10.1,23.58,-2708.22,58,-2827.722,0,0.8503522,0,0.5262139;
racing,killcuboid,10.011,10.1,23.58,-2543.259,58,-2889.398,0,0.7906895,0,0.6122174;
racing,killcuboid,10.011,10.1,23.58,-2193.288,58,-2904.678,0,0.6461241,0,0.7632324;
racing,killcuboid,10.011,10.1,23.58,-1621.828,58,-2526.436,0,0.279829,0,0.9600499;
racing,killcuboid,10.011,10.1,23.58,-2369.077,58,-2915.43,0,0.722364,0,0.691513;
racing,killcuboid,10.011,10.1,23.58,-1867.359,58,-2776.29,0,0.4733198,0,0.8808907;
racing,killcuboid,10.011,10.1,23.58,-2023.576,58,-2857.614,0,0.5628049,0,0.8265898;
racing,killcuboid,10.011,10.1,23.58,-1731.464,58,-2664.267,0,0.3786486,0,0.9255405;
racing,killcuboid,10.011,10.1,23.58,-2982.372,58,-2609.652,0,0.941176,0,0.3379167;
racing,killcuboid,10.011,10.1,23.58,-3079.578,58,-2462.791,0,0.9713421,0,0.2376858;
racing,killcuboid,10.011,10.1,23.58,-2933.195,58,-1483.327,0,0.9255405,0,-0.3786487;
racing,killcuboid,10.011,10.1,23.58,-3144.125,58,-2298.929,0,0.9908659,0,0.1348509;
racing,killcuboid,10.011,10.1,23.58,-3121.413,58,-1778.771,0,0.9840407,0,-0.1779434;
racing,killcuboid,10.011,10.1,23.58,-3173.192,58,-2125.228,0,0.9995336,0,0.0305386;
racing,killcuboid,10.011,10.1,23.58,-3165.51,58,-1949.278,0,0.9972502,0,-0.0741086;
racing,killcuboid,10.011,10.1,23.58,-3042.831,58,-1621.159,0,0.9600498,0,-0.2798291;
racing,killcuboid,10.011,10.1,23.58,-2797.3,58,-1371.305,0,0.8808907,0,-0.4733198;
racing,killcuboid,10.011,10.1,23.58,-2641.082,58,-1289.982,0,0.8265898,0,-0.5628049;
racing,killcuboid,10.011,10.1,23.58,-2471.371,58,-1242.918,0,0.7632324,0,-0.6461241;
racing,killcuboid,10.011,10.1,23.58,-2295.583,58,-1232.166,0,0.691513,0,-0.722364;
racing,killcuboid,10.011,10.1,23.58,-2121.401,58,-1258.198,0,0.6122174,0,-0.7906895;
racing,killcuboid,10.011,10.1,23.58,-1956.437,58,-1319.875,0,0.5262139,0,-0.8503522;
racing,killcuboid,10.011,10.1,23.58,-1682.284,58,-1537.945,0,-0.3379167,0,0.941176;
racing,killcuboid,10.011,10.1,23.58,-1520.536,58,-1848.667,0,-0.1348509,0,0.9908659;
racing,killcuboid,10.011,10.1,23.58,-1499.147,58,-2198.317,0,0.0741086,0,0.9972502;
racing,killcuboid,10.011,10.1,23.58,-1585.081,58,-1684.805,0,-0.2376858,0,0.9713421;
racing,killcuboid,10.011,10.1,23.58,-1491.466,58,-2022.368,0,-0.0305386,0,0.9995336;
racing,killcuboid,10.011,10.1,23.58,-1543.245,58,-2368.824,0,0.1779434,0,0.9840407;
racing,killcuboid,22.1,22.1,22.1,-3408.565,-2,-3683.837,0,0.9006982,0,0.4344453;
racing,killcuboid,22.1,22.1,22.1,-3659.001,-2,-3484.632,0,0.9006982,0,0.4344453;
racing,killcuboid,10.1,10.1,10.85,352.504,58,-324.9659,0,0.9006982,0,0.4344453;
racing,killcuboid,10.1,10.1,10.1,-1126.623,58,851.5854,0,0.9006982,0,0.4344453;
racing,killcuboid,10.1,10.1,8.35,-1198.036,58,908.3898,0,0.9006982,0,0.4344453;
