map,disablebounds;
custom,cuboid,stone2,24,2,8,1,1,1,1,2.4,0.8,240,10,40.00001,0,0,0,1;
custom,cuboid,stone2,6,2,28,1,1,1,1,0.6,2.8,330,10,-140,0,0,0,1;
custom,cuboid,stone2,25,2,6,1,1,1,1,2.5,0.6,199.0623,58.10963,-250,0,0,-0.2164396,0.976296;
custom,cuboid,stone2,18,2,15,1,1,1,1,1.8,1.5,0,110,-205,0,0,0,1;
custom,cuboid,stone7,83,2,2,1,1,1,1,8.3,0.2,-465,230,40,0,-0.7071068,0,0.7071068;
custom,cuboid,stone7,9.000001,2,2,1,1,1,1,0.9000001,0.2,-515,230,500,0,-0.7071068,0,0.7071068;
custom,cuboid,stone7,9.000001,2,2,1,1,1,1,0.9000001,0.2,-445,230,500,0,-0.7071068,0,0.7071068;
custom,cuboid,stone7,5,2,2,1,1,1,1,0.5,0.2,-480,230,535,0,0,0,1;
custom,cuboid,stone7,2,2,2,1,1,1,1,0.2,0.2,-547.5,230,-250,0,-0.3826835,0,0.9238795;
custom,cuboid,stone7,2,2,2,1,1,1,1,0.2,0.2,-547.5,230,-150,0,-0.3826835,0,0.9238795;
custom,cuboid,stone7,2,2,2,1,1,1,1,0.2,0.2,-547.5,230,-50,0,-0.3826835,0,0.9238795;
custom,cuboid,stone7,2,2,2,1,1,1,1,0.2,0.2,-547.5,230,50,0,-0.3826835,0,0.9238795;
custom,cuboid,stone7,2,2,2,1,1,1,1,0.2,0.2,-402.5,230,-50,0,-0.3826835,0,0.9238795;
custom,cuboid,stone7,2,2,2,1,1,1,1,0.2,0.2,-402.5,230,-150,0,-0.3826835,0,0.9238795;
custom,cuboid,stone7,2,2,2,1,1,1,1,0.2,0.2,-402.5,230,-250,0,-0.3826835,0,0.9238795;
custom,cuboid,stone7,15,2,2,1,1,1,1,1.5,0.2,-380,230,-365,0,0,0,1;
custom,cuboid,stone7,15,2,2,1,1,1,1,1.5,0.2,-579.9999,230,-365,0,0,0,1;
custom,cuboid,stone7,83,2,2,1,1,1,1,8.3,0.2,-495,230,40,0,-0.7071068,0,0.7071068;
custom,cuboid,stone7,2,2,2,1,1,1,1,0.2,0.2,-465,230,465,0,-0.7071068,0,0.7071068;
custom,cuboid,stone7,2,2,2,1,1,1,1,0.2,0.2,-495,230,465,0,-0.7071068,0,0.7071068;
custom,cuboid,stone7,2,2,2,1,1,1,1,0.2,0.2,-402.5,230,350,0,-0.3826835,0,0.9238795;
custom,cuboid,stone7,2,2,2,1,1,1,1,0.2,0.2,-402.5,230,250,0,-0.3826835,0,0.9238795;
custom,cuboid,stone7,2,2,2,1,1,1,1,0.2,0.2,-402.5,230,150,0,-0.3826835,0,0.9238795;
custom,cuboid,stone7,2,2,2,1,1,1,1,0.2,0.2,-402.5,230,50,0,-0.3826835,0,0.9238795;
custom,cuboid,stone7,2,2,2,1,1,1,1,0.2,0.2,-547.5,230,150,0,-0.3826835,0,0.9238795;
custom,cuboid,stone7,2,2,2,1,1,1,1,0.2,0.2,-547.5,230,250,0,-0.3826835,0,0.9238795;
custom,cuboid,stone7,2,2,2,1,1,1,1,0.2,0.2,-547.5,230,350,0,-0.3826835,0,0.9238795;
custom,cuboid,stone4,3.2,1,25,1,1,1,1,0.32,2.5,-120,74,-5,0,0,-0.7071068,0.7071068;
custom,cuboid,stone4,13,1,24,1,0.8,0.8,0.8,1.3,2.4,0,65,-125,0.5,-0.5,-0.5,0.5;
custom,cuboid,stone4,9,1,34,1,1,1,1,0.9,3.4,-50,45,125,0.5,-0.5,-0.5,0.5;
custom,cuboid,stone4,9.000001,1,5,1,1,1,1,0.9000001,0.5,125,45,105,0,0,-0.7071068,0.7071068;
custom,cuboid,stone4,9.000001,1,12,1,0.8,0.8,0.8,0.9000001,1.2,125,45,-59.99999,0,0,-0.7071068,0.7071068;
custom,cuboid,stone4,3,1,8,1,1,1,1,0.3,0.8,125,75,40.00001,0,0,-0.7071068,0.7071068;
custom,cuboid,stone4,9,1,10,1,1,1,1,0.9,1,-170,45,-5,0.5,-0.5,-0.5,0.5;
custom,cuboid,stone4,16,7.000001,11,1,0.7,0.7,0.7,1.6,1.1,70,145,-165,0,0,-0.7071068,0.7071068;
custom,cuboid,stone4,13.5,12,11,1,0.6,0.6,0.6,1.35,1.1,-95,157.5,-165,0,0,-0.7071068,0.7071068;
custom,cuboid,stone4,22,11.3,11.3,1,0.6,0.6,0.6,2.2,1.13,80,335,-120,0,0,-0.7071068,0.7071068;
custom,cuboid,stone4,18,9.000001,9,1,0.5,0.5,0.5,1.8,0.9,245,145,-155,0,0,-0.7071068,0.7071068;
custom,cuboid,stone4,10,11,11.2,1,0.6,0.6,0.6,1,1.12,10,250,-110,0,0,-0.7071068,0.7071068;
custom,cuboid,stone4,9.400002,9.000001,13,1,0.8,0.8,0.8,0.9400002,1.3,-115,200,-105,0,0,-0.7071068,0.7071068;
custom,cuboid,stone4,17,22,13.5,1,0.5,0.5,0.5,1.7,1.35,-60,295,-165,0,0,-0.7071068,0.7071068;
custom,cuboid,stone4,60,6.5,60,1,1,1,1,6,6,70.05001,32.5,430,0,0,0,1;
custom,cuboid,stone4,20,7,8,1,0.6,0.6,0.6,2,0.8,80,100,240,0.5,-0.5,-0.5,0.5;
custom,cuboid,stone4,18,18,18,1,0.6,0.6,0.6,1.8,1.8,-130,155,325,0.5,-0.5,-0.5,0.5;
custom,cuboid,stone4,20,1,5,1,0.5,0.5,0.5,2,0.5,45,100,300,0,0,-0.7071068,0.7071068;
custom,cuboid,stone4,25,9.000001,11,1,0.6,0.6,0.6,2.5,1.1,114.9711,145,-49.93295,0,0,-0.7071068,0.7071068;
custom,cuboid,stone4,9,9,14,1,0.9,0.9,0.9,0.9,1.4,-1.239848,186,290,0.5,-0.5,-0.5,0.5;
custom,cuboid,stone4,3,3,16,1,0.5,0.5,0.5,0.3,1.6,0,150,240,0.5,-0.5,-0.5,0.5;
custom,cuboid,stone4,19,3,19,1,0.7,0.7,0.7,1.9,1.9,475,130,-70,-0.7071068,0,0,0.7071068;
custom,cuboid,stone4,15,3,15,1,0.5,0.5,0.5,1.5,1.5,665,155,-120,0,0,-0.7071068,0.7071068;
custom,cuboid,stone4,25,7,4.5,1,0.9,0.9,0.9,2.5,0.45,142.5,125,225,0.5,-0.5,-0.5,0.5;
custom,cuboid,stone4,23.5,8,3,1,0.8,0.8,0.8,2.35,0.3,150,117.5,215,0.5,-0.5,-0.5,0.5;
custom,cuboid,stone4,22,12,2,1,1,1,1,2.2,0.2,165,110,220,0.5,-0.5,-0.5,0.5;
custom,cuboid,stone4,6,8.5,8.000001,1,1,1,1,0.6,0.8000001,205,180,202.5,0.7071068,0,0,0.7071068;
custom,cuboid,stone4,10.5,8.000001,2,1,0.8,0.8,0.8,1.05,0.2,217.5,225,215,0.7071068,0,0,0.7071068;
custom,cuboid,stone4,9,7.000001,10,1,0.9,0.9,0.9,0.9,1,210,200,225,0.7071068,0,0,0.7071068;
custom,cuboid,stone4,12,12,12,1,0.6,0.6,0.6,1.2,1.2,325,125,150,0.5,-0.5,-0.5,0.5;
custom,cuboid,stone4,22,12,5.5,1,1,1,1,2.2,0.55,262.5,110,220,0.5,-0.5,-0.5,0.5;
custom,cuboid,stone4,9,9,9,1,0.9,0.9,0.9,0.9,0.9,395,120,90,0.5,-0.5,-0.5,0.5;
custom,cuboid,stone4,15,2.5,15,1,0.8,0.8,0.8,1.5,1.5,652.5,165,-170,0,0,-0.7071068,0.7071068;
custom,cuboid,stone4,10,3,9.999999,1,0.7,0.7,0.7,1,0.9999999,660,175,-255,0,0,-0.7071068,0.7071068;
custom,cuboid,stone4,12,2.5,12,1,0.8,0.8,0.8,1.2,1.2,550,165,-200,0,0,-0.7071068,0.7071068;
custom,cuboid,stone4,6,6,4,1,0.5,0.5,0.5,0.6,0.4,550,190,-110,0,0,0,1;
custom,cuboid,stone4,8.000001,2.1,7.999999,1,0.8,0.8,0.8,0.8000001,0.7999999,560,190,-260,0,0,-0.7071068,0.7071068;
custom,cuboid,stone4,7.000001,2,7,1,0.6,0.6,0.6,0.7000001,0.7,565,205,-330,0,0,-0.7071068,0.7071068;
custom,cuboid,stone4,6,2,6.000001,1,0.5,0.5,0.5,0.6,0.6000001,598.998,190,-370,-0.7071068,0,0,0.7071068;
custom,cuboid,stone4,6,1.6,6.000001,1,0.9,0.9,0.9,0.6,0.6000001,648.8298,200,-372.5,-0.7071068,0,0,0.7071068;
custom,cuboid,stone4,7,2.5,7.000001,1,0.5,0.5,0.5,0.7,0.7000001,705,190,-370,-0.7071068,0,0,0.7071068;
custom,cuboid,stone4,7.000001,3.900001,3.9,1,0.6,0.6,0.6,0.7000001,0.39,750,200,-365,0,0,-0.7071068,0.7071068;
custom,cuboid,stone4,12,3,12,1,0.7,0.7,0.7,1.2,1.2,770,170,-290,0,0,-0.7071068,0.7071068;
custom,cuboid,stone4,10,2.2,10,1,0.6,0.6,0.6,1,1,775,176,-190,0,0,-0.7071068,0.7071068;
custom,cuboid,stone4,7.000001,4,7,1,0.7,0.7,0.7,0.7000001,0.7,770,188,-130,0,0,-0.7071068,0.7071068;
custom,cuboid,stone4,21,4.5,21,1,0.8,0.8,0.8,2.1,2.1,735,130,0,-0.7071068,0,0,0.7071068;
custom,cuboid,stone4,6.000001,2,6,1,0.9,0.9,0.9,0.6000001,0.6,665,195,-35,0,0,-0.7071068,0.7071068;
custom,cuboid,stone4,6,6,6,1,0.6,0.6,0.6,0.6,0.6,850,190,-10,0,0,0,1;
custom,cuboid,stone4,7.000001,3,6,1,0.6,0.6,0.6,0.7000001,0.6,870,190,-37.54379,0,0,-0.7071068,0.7071068;
custom,cuboid,stone4,4,7,8,1,0.8,0.8,0.8,0.4,0.8,792.2036,193,-156.1693,0,0,0,1;
custom,cuboid,stone4,6.000001,3,5,1,0.8,0.8,0.8,0.6000001,0.5,880,200,-80,0,0,-0.7071068,0.7071068;
custom,cuboid,stone4,7.000001,3,7,1,0.8,0.8,0.8,0.7000001,0.7,890,190,-120,0,0,-0.7071068,0.7071068;
custom,cuboid,stone4,6,2,6,1,0.5,0.5,0.5,0.6,0.6,880,200,-155,0,0,-0.7071068,0.7071068;
custom,cuboid,stone4,6.000001,2,6,1,0.8,0.8,0.8,0.6000001,0.6,892.7097,205,-190,0,0,-0.7071068,0.7071068;
custom,cuboid,stone4,8.000001,2,7.999999,1,0.7,0.7,0.7,0.8000001,0.7999999,810,190,-200,0,0,-0.7071068,0.7071068;
custom,cuboid,stone4,7.500001,3,5,1,0.5,0.5,0.5,0.7500001,0.5,908.3174,195,-216.6612,0,0,-0.7071068,0.7071068;
custom,cuboid,stone4,6.500001,2.5,6.499999,1,0.7,0.7,0.7,0.6500001,0.6499999,815,190,-250,0,0,-0.7071068,0.7071068;
custom,cuboid,stone4,13,2.5,12,1,0.6,0.6,0.6,1.3,1.2,915,190,-220,0,0,-0.7071068,0.7071068;
custom,cuboid,stone4,17,5.5,17,1,0.8,0.8,0.8,1.7,1.7,935,190,-5,-0.7071068,0,0,0.7071068;
custom,cuboid,stone4,4,1,27,1,1,1,1,0.4,2.7,975,180,-167.5,0,0,0,1;
custom,cuboid,stone4,22.5,1,5,1,0.8,0.8,0.8,2.25,0.5,950,200,-145,-0.5,-0.5,-0.5,0.5;
custom,cuboid,stone4,7,2,3,1,0.8,0.8,0.8,0.7,0.3,930,210,-265,0.5,-0.5,-0.5,0.5;
custom,cuboid,stone4,11,2.5,11,1,0.7,0.7,0.7,1.1,1.1,1020,230,-345,0,0,-0.7071068,0.7071068;
custom,cuboid,stone4,8,1.5,7.999999,1,0.5,0.5,0.5,0.8,0.7999999,550,175,-115,0,0,-0.7071068,0.7071068;
custom,cuboid,stone4,7.000001,2.5,6.999999,1,0.6,0.6,0.6,0.7000001,0.6999999,824.3024,200,-310,0,0,-0.7071068,0.7071068;
custom,cuboid,stone4,8.000001,3,3,1,0.5,0.5,0.5,0.8000001,0.3,840,200,-350,0,0,-0.7071068,0.7071068;
custom,cuboid,stone4,5,2,9.000001,1,0.7,0.7,0.7,0.5,0.9000001,860,200,-370,-0.7071068,0,0,0.7071068;
custom,cuboid,stone4,8,1.9,3,1,0.5,0.5,0.5,0.8,0.3,967.5,245,-241.5,0,0,0,1;
custom,cuboid,stone4,8.000001,2,4.5,1,0.8,0.8,0.8,0.8000001,0.45,945,215,-280,0,0,-0.7071068,0.7071068;
custom,cuboid,stone4,8.000001,4.5,4.5,1,0.8,0.8,0.8,0.8000001,0.45,1017.5,215,-280,0,0,-0.7071068,0.7071068;
custom,cuboid,stone4,4,3,4.5,1,0.8,0.8,0.8,0.4,0.45,975,240,-280,0,0,0,1;
custom,cuboid,stone4,22.5,1,5,1,0.8,0.8,0.8,2.25,0.5,1000,200,-145,-0.5,-0.5,-0.5,0.5;
custom,cuboid,stone4,8,8,8,1,0.6,0.6,0.6,0.8,0.8,-50,105,725,0,0,-0.7071068,0.7071068;
custom,cuboid,stone4,6,1,18.5,1,0.8,0.8,0.8,0.6,1.85,975,230,-165,0,0,0,1;
custom,cuboid,stone4,4.2,1,25,1,1,1,1,0.42,2.5,-120,21,-5,0,0,-0.7071068,0.7071068;
custom,cuboid,stone4,1.6,1,16.2,1,1,1,1,0.16,1.62,-120,50,-49,0,0,-0.7071068,0.7071068;
custom,cuboid,stone4,1.6,1,3.2,1,1,1,1,0.16,0.32,-120,50,104,0,0,-0.7071068,0.7071068;
custom,cuboid,stone4,1.6,1,2.4,1,1,1,1,0.16,0.24,-120,50,60,0,0,-0.7071068,0.7071068;
custom,cuboid,stone4,7,5,7,1,0.5,0.5,0.5,0.7,0.7,210,100,-130,0,0,-0.7071068,0.7071068;
custom,cuboid,stone4,16,9.000001,9,1,0.6,0.6,0.6,1.6,0.9,155,130,-147.5,0,0,-0.7071068,0.7071068;
custom,cuboid,stone4,16,9.999999,10,1,0.7,0.7,0.7,1.6,1,320,145,-245,0,0,-0.7071068,0.7071068;
custom,cuboid,stone4,16,16,16,1,0.7,0.7,0.7,1.6,1.6,190,235,-230,0,0,0,1;
custom,cuboid,stone4,21,21,8,1,0.9,0.9,0.9,2.1,0.8,0,105,-320,0,0,-0.7071068,0.7071068;
custom,cuboid,stone4,26,9,9,1,0.8,0.8,0.8,2.6,0.9,-70,130,-245,0,0,-0.7071068,0.7071068;
custom,cuboid,stone4,15,17,15,1,0.5,0.5,0.5,1.5,1.5,50,250.655,-255,0,0,-0.7071068,0.7071068;
custom,cuboid,stone4,13.5,13.5,13.5,1,0.6,0.6,0.6,1.35,1.35,107.5,100,592.5,0,0,-0.7071068,0.7071068;
custom,cuboid,stone4,3.45,1,1.1,1,0.6,0.6,0.6,0.345,0.11,170,77.25,450,0,0,-0.7071068,0.7071068;
custom,cuboid,stone4,4,4,7,1,0.7,0.7,0.7,0.4,0.7,970,295,-140,0,0,0,1;
custom,cuboid,stone4,12,3.01,12,1,0.8,0.8,0.8,1.2,1.2,1010,235,-92.5,0,0,-0.7071068,0.7071068;
custom,cuboid,stone4,8.000001,4.5,8,1,0.9,0.9,0.9,0.8000001,0.8,927.5,260,-120,0,0,-0.7071068,0.7071068;
custom,cuboid,stone4,7,4,7,1,0.8,0.8,0.8,0.7,0.7,975,295,-50,0,0,0,1;
custom,cuboid,stone4,6.000001,3.5,6,1,0.7,0.7,0.7,0.6000001,0.6,942.5,260,-164.2067,0,0,-0.7071068,0.7071068;
custom,cuboid,stone4,7,5,7,1,0.8,0.8,0.8,0.7,0.7,970,297.5,-90,0,0,0,1;
custom,cuboid,stone4,5,4,4,1,0.7,0.7,0.7,0.5,0.4,967.5,300,-180,0,0,0,1;
custom,cuboid,stone4,5,0.5,5,1,0.5,0.5,0.5,0.5,0.5,975,237.5,-180,0,0,0,1;
custom,cuboid,stone4,5,1,5,1,0.6,0.6,0.6,0.5,0.5,975,241.25,-210,0,0,0,1;
custom,cuboid,stone4,3,1.2,4,1,0.7,0.7,0.7,0.3,0.4,970,245,-225,0,0,0,1;
custom,cuboid,stone4,6.000001,3,6,1,0.6,0.6,0.6,0.6000001,0.6,950,265,-205,0,0,-0.7071068,0.7071068;
custom,cuboid,stone4,4,4,6,1,0.6,0.6,0.6,0.4,0.6,967.5,305,-218.0057,0,0,0,1;
custom,cuboid,stone4,7.000001,3,3,1,0.9,0.9,0.9,0.7000001,0.3,1007.5,270,-180,0,0,-0.7071068,0.7071068;
custom,cuboid,stone4,5,3,3,1,0.5,0.5,0.5,0.5000001,0.3,1005,270,-210,0,0,-0.7071068,0.7071068;
custom,cuboid,stone4,6.000001,2,2,1,0.9,0.9,0.9,0.6000001,0.2,990,292.5,-225,0,-0.7071068,0,0.7071068;
custom,cuboid,stone4,8,3,8.000001,1,0.5,0.5,0.5,0.8,0.8000001,920,215,-377.5,-0.7071068,0,0,0.7071068;
custom,cuboid,stone4,9,3.75,9.000001,1,0.8,0.8,0.8,0.9,0.9000001,980,215,-377.5,-0.7071068,0,0,0.7071068;
custom,cuboid,stone4,7.000001,2,2,1,0.6,0.6,0.6,0.7000001,0.2,997.5,210,-348.75,0,0,-0.7071068,0.7071068;
custom,cuboid,stone4,5,2,2,1,0.6,0.6,0.6,0.5000001,0.2,1010,200,-335,0,0,-0.7071068,0.7071068;
custom,cuboid,stone4,5,2.5,5,1,0.8,0.8,0.8,0.5000001,0.5,950,265,-260,0,0,-0.7071068,0.7071068;
custom,cuboid,stone4,3,3,5,1,0.6,0.6,0.6,0.3,0.5,967.5,302.5,-262.636,0,0,0,1;
custom,cuboid,stone4,6,3,3.5,1,0.7,0.7,0.7,0.6,0.35,972.15,245,-280,0,0,0,1;
custom,cuboid,stone4,8.000001,3.75,3.75,1,0.7,0.7,0.7,0.8000001,0.375,1005,270,-243.75,0,0,-0.7071068,0.7071068;
custom,cuboid,stone4,5,1,1,1,0.6,0.6,0.6,0.5000001,0.1,987.5,291.25,-280,0,-0.7071068,0,0.7071068;
custom,cuboid,stone4,2,4,4,1,0.5,0.5,0.5,0.2,0.4,955,275,-290,0,0,0,1;
custom,cuboid,stone4,3,2,3,1,0.9,0.9,0.9,0.3,0.3,975,300,-300,0,0,0,1;
custom,cuboid,stone4,4.5,2,2,1,0.7,0.7,0.7,0.45,0.2,975.003,255,-305,0,0,0,1;
custom,cuboid,stone4,16,8,8,1,0.8,0.8,0.8,1.6,0.8,880,255,-545,0,0,-0.7071068,0.7071068;
custom,cuboid,stone4,18,10,10,1,0.5,0.5,0.5,1.8,1,1040,255,-635.0229,0,0,-0.7071068,0.7071068;
custom,cuboid,stone4,16,8,8,1,0.9,0.9,0.9,1.6,0.8,1040,255,-545.0229,0,0,-0.7071068,0.7071068;
custom,cuboid,stone4,12,12,12,1,0.9,0.9,0.9,1.2,1.2,970,175,-550,0,0,-0.7071068,0.7071068;
custom,cuboid,stone4,17,10,10,1,0.6,0.6,0.6,1.7,1,840,255,-570,0,0,-0.7071068,0.7071068;
custom,cuboid,stone4,20,13,20,1,0.6,0.6,0.6,2,2,910,175,-650,0,0,0,1;
custom,cuboid,stone4,19,19,9,1,0.8,0.8,0.8,1.9,0.9,710.0003,270,-590,0,0,-0.7071068,0.7071068;
custom,cuboid,stone4,7,7,7,1,0.7,0.7,0.7,0.7,0.7,815,315,-530,0,0,-0.7071068,0.7071068;
custom,cuboid,stone4,7,10,7,1,0.6,0.6,0.6,0.7,0.7,690,210,-530,0,0,-0.7071068,0.7071068;
custom,cuboid,stone4,16,13,13,1,0.9,0.9,0.9,1.6,1.3,1040,255,-730,0,0,-0.7071068,0.7071068;
custom,cuboid,stone4,19,19,12,1,0.9,0.9,0.9,1.9,1.2,550,250,-587.5,0,0,-0.7071068,0.7071068;
custom,cuboid,stone4,19,19,10,1,0.7,0.7,0.7,1.9,1,930,270,-790,0,0,-0.7071068,0.7071068;
custom,cuboid,stone4,18,7,7,1,0.6,0.6,0.6,1.8,0.7,960,290,-725,0,0,-0.7071068,0.7071068;
custom,cuboid,stone4,22,22,8,1,0.6,0.6,0.6,2.2,0.8,805,270,-790,0,0,-0.7071068,0.7071068;
custom,cuboid,stone4,17,17,8,1,0.6,0.6,0.6,1.7,0.8,665,260,-810,0,0,-0.7071068,0.7071068;
custom,cuboid,stone4,50,11.5,20,1,0.8,0.8,0.8,5,2,560,175,-700,0,0,0,1;
custom,cuboid,stone4,21,21,10,1,0.6,0.6,0.6,2.1,1,440,280,-590,0,0,-0.7071068,0.7071068;
custom,cuboid,stone4,19,19,10,1,0.7,0.7,0.7,1.9,1,530,270,-815,0,0,-0.7071068,0.7071068;
custom,cuboid,stone4,21.5,21.5,10,1,0.5,0.5,0.5,2.15,1,410,282.5,-830,0,0,-0.7071068,0.7071068;
custom,cuboid,stone4,19,19,10,1,0.6,0.6,0.6,1.9,1,230,270,-835,0,0,-0.7071068,0.7071068;
custom,cuboid,stone4,30,30,12,1,0.5,0.5,0.5,3,1.2,242.5519,205,-570,0,0,-0.7071068,0.7071068;
custom,cuboid,stone4,25,25,25,1,0.6,0.6,0.6,2.5,2.5,420,120,-800,0,0,0,1;
custom,cuboid,stone4,30,20,20,1,0.5,0.5,0.5,3,2,240,140,-700,0,0,0,1;
custom,cuboid,stone4,24,24,15,1,0.5,0.5,0.5,2.4,1.5,107.2103,295,-570,0,0,-0.7071068,0.7071068;
custom,cuboid,stone4,29,29,41,1,0.9,0.9,0.9,2.9,4.1,100,100,-675,0,0,0,1;
custom,cuboid,stone4,25,25,13,1,0.6,0.6,0.6,2.5,1.3,30,270,-830,0,0,-0.7071068,0.7071068;
custom,cuboid,stone4,26,26,11,1,0.9,0.9,0.9,2.6,1.1,-110,270,-577.5,0,0,-0.7071068,0.7071068;
custom,cuboid,stone4,26,26,11,1,0.6,0.6,0.6,2.6,1.1,-170,280,-814.5,0,0,-0.7071068,0.7071068;
custom,cuboid,stone4,30,30,50,1,1,1,1,3,5,-480,87.5,-620,0,0,0,1;
custom,cuboid,stone4,11,11,11,1,0.9,0.9,0.9,1.1,1.1,80,205,320,0,0,-0.7071068,0.7071068;
custom,cuboid,stone4,15,11,11,1,0.8,0.8,0.8,1.5,1.1,181.5672,225,280.9301,0,0,-0.7071068,0.7071068;
custom,cuboid,stone4,18,18,18,1,0.7,0.7,0.7,1.8,1.8,10,235,395,0.5,-0.5,-0.5,0.5;
custom,cuboid,stone4,18,18,18,1,0.9,0.9,0.9,1.8,1.8,260,235,355,0.5,-0.5,-0.5,0.5;
custom,cuboid,stone4,25,25,25,1,0.9,0.9,0.9,2.5,2.5,-205,251.6902,-495,0,0,-0.7071068,0.7071068;
custom,cuboid,stone4,25,10,10,1,0.9,0.9,0.9,2.5,1,-315,310,-465,0,0,-0.7071068,0.7071068;
custom,cuboid,stone4,25,25,14,1,0.5,0.5,0.5,2.5,1.4,-340,330,-850,0,0,-0.7071068,0.7071068;
custom,cuboid,stone4,25,10,10,1,0.7,0.7,0.7,2.5,1,-490,270,-780,0,0,-0.7071068,0.7071068;
custom,cuboid,stone4,19,10,19,1,0.5,0.5,0.5,1.9,1.9,-590,330,-780,0,0,-0.7071068,0.7071068;
custom,cuboid,stone4,24,9,24,1,0.9,0.9,0.9,2.4,2.4,-610,360,-640,0,0,-0.7071068,0.7071068;
custom,cuboid,stone4,18,10,18,1,0.9,0.9,0.9,1.8,1.8,-650,330,-465,0,0,-0.7071068,0.7071068;
custom,cuboid,stone4,26,13,13,1,0.8,0.8,0.8,2.6,1.3,-650,310,-380,0,0,-0.7071068,0.7071068;
custom,cuboid,stone4,15,10,15,1,0.5,0.5,0.5,1.5,1.5,-275,290,-340,0,0,-0.7071068,0.7071068;
custom,cuboid,stone4,18,10,10,1,0.5,0.5,0.5,1.8,1,-690,310,-310,0,0,-0.7071068,0.7071068;
custom,cuboid,stone4,10,10,12,1,0.8,0.8,0.8,1,1.2,-155,137,-55,0,0,-0.7071068,0.7071068;
custom,cuboid,stone4,8,8,8,1,0.5,0.5,0.5,0.8,0.8,-225,122.5,-15,0,0,-0.7071068,0.7071068;
custom,cuboid,stone4,17,3,17,1,0.7,0.7,0.7,1.7,1.7,380,120,-150,0,0,-0.7071068,0.7071068;
custom,cuboid,stone4,3,8,3,1,0.9,0.9,0.9,0.3,0.3,85,80,515,0,0,-0.7071068,0.7071068;
custom,cuboid,stone4,15,15,15,1,0.8,0.8,0.8,1.5,1.5,-105,140,430,0.5,-0.5,-0.5,0.5;
custom,cuboid,stone4,11,11,11,1,0.6,0.6,0.6,1.1,1.1,-90,110,510,0.5,-0.5,-0.5,0.5;
custom,cuboid,stone4,12,12,12,1,0.5,0.5,0.5,1.2,1.2,-85,110,625,0.5,-0.5,-0.5,0.5;
custom,cuboid,stone4,13.5,13.5,13.5,1,0.9,0.9,0.9,1.35,1.35,115,100,437.5,0,0,-0.7071068,0.7071068;
custom,cuboid,stone4,12,12,12,1,0.5,0.5,0.5,1.2,1.2,95,100,380,0,0,-0.7071068,0.7071068;
custom,cuboid,stone4,3,8,3,1,0.6,0.6,0.6,0.3,0.3,90,130,515,0,0,-0.7071068,0.7071068;
custom,cuboid,stone4,10,10,10,1,0.5,0.5,0.5,1,1,85,100,618,0,0,-0.7071068,0.7071068;
custom,cuboid,stone4,9,6,6,1,0.9,0.9,0.9,0.9,0.6,155,100,560,0,0,-0.7071068,0.7071068;
custom,cuboid,stone4,4,3,3,1,0.8,0.8,0.8,0.4,0.3,125,77.5,515,0,0,-0.7071068,0.7071068;
custom,cuboid,stone4,3,5,5,1,0.7,0.7,0.7,0.3,0.5,115,128,515,0,0,-0.7071068,0.7071068;
custom,cuboid,stone4,9,3,3,1,0.8,0.8,0.8,0.9,0.3,135,105,492.5,0,0,-0.7071068,0.7071068;
custom,cuboid,stone4,9,5,5,1,0.6,0.6,0.6,0.9,0.5,140,105,545,0,0,-0.7071068,0.7071068;
custom,cuboid,stone4,9,4,4,1,0.7,0.7,0.7,0.9,0.4,170,105,490,0,0,-0.7071068,0.7071068;
custom,cuboid,stone4,0.65,0.65,0.65,1,0.8,0.8,0.8,0.065,0.065,80,105,515,-0.1767767,-0.1767767,-0.3061862,0.9185587;
custom,cuboid,stone4,9,9,27,1,0.5,0.5,0.5,0.9,2.7,85,110,755,0.5,-0.5,-0.5,0.5;
custom,cuboid,stone4,11.5,11.5,11.5,1,0.9,0.9,0.9,1.15,1.15,115,110,765,0.5,-0.5,-0.5,0.5;
custom,cuboid,stone4,13,13,13,1,0.8,0.8,0.8,1.3,1.3,280,105,695,0,0,-0.7071068,0.7071068;
custom,cuboid,stone4,10,10,30,1,0.6,0.6,0.6,1,3,280,105,520,0,0,-0.7071068,0.7071068;
custom,cuboid,stone4,11,11,11,1,0.7,0.7,0.7,1.1,1.1,280,105,475,0,0,-0.7071068,0.7071068;
custom,cuboid,stone4,8,8,10,1,0.5,0.5,0.5,0.8,1,280,105,325,0,0,-0.7071068,0.7071068;
custom,cuboid,stone4,48,22,22,1,0.7,0.7,0.7,4.8,2.2,455,250,-435,0,0,-0.7071068,0.7071068;
custom,cuboid,stone4,15,22,22,1,0.6,0.6,0.6,1.5,2.2,435,230,-345,0,0,-0.7071068,0.7071068;
custom,cuboid,stone4,40,40,15,1,0.5,0.5,0.5,4,1.5,115,250,-415,0,0,-0.7071068,0.7071068;
custom,cuboid,stone4,18,9,9,1,0.9,0.9,0.9,1.8,0.9,295,370,-335,0,0,0,1;
custom,cuboid,stone4,9,1,14,1,1,1,1,0.9,1.4,-225,45,60,0,0,-0.7071068,0.7071068;
custom,cuboid,stone4,40,24.75,40,1,0.8,0.8,0.8,4,4,-190,123.75,-687.5,0,0,0,1;
custom,cuboid,stone4,20.99,1.01,4.49,1,0.8,0.8,0.8,2.099,0.449,635,130,0,0,0,-0.7071068,0.7071068;
custom,cuboid,stone4,7.000001,4,8,1,0.8,0.8,0.8,0.7000001,0.8,935,260,-72.5,0,0,-0.7071068,0.7071068;
custom,cuboid,stone4,4.5,3,5,1,0.9,0.9,0.9,0.45,0.5,1005,257.5,-140,0,0,-0.7071068,0.7071068;
custom,cuboid,stone4,5.1,4,5.1,1,0.7,0.7,0.7,0.5100001,0.51,1005,270,-282.5,0,0,-0.7071068,0.7071068;
custom,cuboid,stone4,28.44,1.01,8,1,1,1,1,2.844,0.8,170,100,302.25,-0.5,-0.5,-0.5,0.5;
custom,cuboid,brick4,33.9,0.5,1.1,1,1,1,1,3.39,0.11,-50,90,125,0,0,0,1;
custom,cuboid,brick4,13,0.5,1.1,1,1,1,1,1.3,0.11,125,90,65.5,0,-0.7071068,0,0.7071068;
custom,cuboid,brick4,13,0.5,1.1,1,1,1,1,1.3,0.11,-225,90,65.5,0,-0.7071068,0,0.7071068;
custom,cuboid,brick4,13,0.5,1.1,1,1,1,1,1.3,0.11,-120,90,54.5,0,-0.7071068,0,0.7071068;
custom,cuboid,stone4,6,1.01,24.99,1,1,1,0.56,0.6,2.499,245,29.99999,85.00001,0.5,-0.5,-0.5,0.5;
custom,cuboid,stone4,6,1,18,1,1,1,0.56,0.6,1.8,210,29.99999,-4.999986,0.5,-0.5,-0.5,0.5;
custom,cuboid,stone4,6.000001,1.01,38,1,1,1,0.56,0.6000001,3.8,365,29.99999,-100,0,0,-0.7071068,0.7071068;
custom,cuboid,stone4,17,1.01,26.5,1,1,1,0.56,1.7,2.65,237.5,85,-285,0.5,-0.5,-0.5,0.5;
custom,cuboid,stone4,17,1,19.5,1,1,1,0.56,1.7,1.95,202.5,85,-215,0.5,-0.5,-0.5,0.5;
custom,cuboid,stone4,6.000001,1.01,21.99,1,1,1,0.56,0.6000001,2.199,295,29.99999,-110,0,0,-0.7071068,0.7071068;
custom,cuboid,stone4,48.50001,1,29.5,1,1,1,1,4.850001,2.95,97.50001,145,487.5,0,-0.7071068,0,0.7071068;
custom,cuboid,stone4,24,0.5,24,1,1,1,1,2.4,2.4,250,62.5,10.00001,0,0,0,1;
custom,cuboid,stone4,8,0.5,17,1,1,1,1,0.8,1.7,330,62.5,-195,0,0,0,1;
custom,cuboid,stone4,27.5,0.5000001,6,1,1,1,1,2.75,0.6,187.7681,120.3758,-250,0,0,-0.2164396,0.976296;
custom,cuboid,stone4,2,1,8,1,0.9,0.9,0.9,0.2,0.8,320,70,-25,0,0,0,1;
custom,cuboid,stone4,8.000001,2,2,1,0.5,0.5,0.5,0.8000001,0.2,340,75,-25,0,-0.7071068,0,0.7071068;
custom,cuboid,stone4,4,3,8,1,0.9,0.9,0.9,0.4,0.8,370,80,-25,0,0,0,1;
custom,cuboid,stone4,8.000001,4,4,1,0.5,0.5,0.5,0.8000001,0.4,410,85,-25,0,-0.7071068,0,0.7071068;
custom,cuboid,stone4,8.010001,5,5,1,0.6,0.6,0.6,0.8010001,0.5000001,435,90,-25,0,-0.7071068,0,0.7071068;
custom,cuboid,stone4,8.020001,6,6.000001,1,0.9,0.9,0.9,0.8020002,0.6000001,460,95,-25,0,-0.7071068,0,0.7071068;
custom,cuboid,stone4,8.030001,7,7.000001,1,0.8,0.8,0.8,0.8030001,0.7000001,485,100,-25,0,-0.7071068,0,0.7071068;
custom,cuboid,stone4,8,8,8.04,1,0.8,0.8,0.8,0.8,0.804,510,105,-25,0,0,0,1;
custom,cuboid,stone4,8.050001,9,9.000001,1,0.7,0.7,0.7,0.8050001,0.9000001,535,110,-25,0,-0.7071068,0,0.7071068;
custom,cuboid,stone4,8.060001,10,10,1,0.5,0.5,0.5,0.8060001,1,560,115,-25,0,-0.7071068,0,0.7071068;
custom,cuboid,stone4,8.050001,2,2,1,1,1,1,0.8050001,0.2,540,165,-25,0,-0.7071068,0,0.7071068;
custom,plane,grass3,300,0,300,1,1,1,1,30,30,0,1,0,0,0,0,1;
custom,cuboid,rock1,24,2,24,1,1,1,1,2.4,2.4,0,10,0,0,0,0,1;
custom,cuboid,grass4,10,0.5,12,1,1,1,1,1,1.2,-170,1,59.99999,0,0,0,1;
spawnpoint,playerC,-170,10,60,0,0,0,1;
spawnpoint,playerM,-170,10,60,0,0,0,1;
racing,startcuboid,2,0.6,7,-120,50,60,0,0,-0.7071068,0.7071068;
racing,endcuboid,6,2,6,-480,95.49999,500,0,0,0,1;
custom,cuboid,stone2,6,0.05,6,1,1,1,1,0.6,0.6,-480,85.25,500,0,0,0,1;
racing,killcuboid,6,2,6,-480,75,500,0,0,0,1;
custom,cuboid,stone4,6.000001,2,2,1,0.64,0.89,0.84,0.6000001,0.2,-105,50,-10,0,0,-0.7071068,0.7071068;
custom,cuboid,stone4,3,3,4,1,0.64,0.89,0.84,0.3,0.4,-100,40,-30,-0.7071068,0,0,0.7071068;
custom,cuboid,stone4,8,2,2,1,0.64,0.89,0.84,0.8,0.2,-35,30,80,-0.5,-0.5,-0.5,0.5;
custom,cuboid,stone4,6,2,2.5,1,0.64,0.89,0.84,0.6,0.25,-30,32.5,10,-0.5,-0.5,-0.5,0.5;
custom,cuboid,stone4,4.5,2.5,2,1,0.64,0.89,0.84,0.45,0.2,-34,30,-42.5,-0.5,-0.5,-0.5,0.5;
custom,cuboid,stone4,6,1.75,1.75,1,0.64,0.89,0.84,0.6,0.175,-35,48.75,90,-0.5,-0.5,-0.5,0.5;
custom,cuboid,stone4,10,2,3,1,0.85,0.97,0.65,1,0.3,-32.5,55,20,-0.5,-0.5,-0.5,0.5;
custom,cuboid,stone4,10,2,1.7,1,0.85,0.97,0.65,1,0.17,-30,77.5,20,-0.5,-0.5,-0.5,0.5;
custom,cuboid,stone4,7,2.25,2.25,1,0.85,0.97,0.65,0.7,0.225,-35,68.75,85,-0.5,-0.5,-0.5,0.5;
custom,cuboid,stone4,3.5,2.25,2.25,1,0.64,0.89,0.84,0.35,0.225,-32,50,-37.5,-0.5,-0.5,-0.5,0.5;
custom,cuboid,stone4,5,2,1.5,1,0.85,0.97,0.65,0.5,0.15,-35,68.75,-37.5,-0.5,-0.5,-0.5,0.5;
custom,cuboid,stone4,5,2,1,1,0.85,0.97,0.65,0.5,0.1,-29,80,-39,-0.5,-0.5,-0.5,0.5;
custom,cuboid,stone4,4,4,4,1,0.85,0.97,0.65,0.4,0.4,60,40,-110,-0.5,-0.5,-0.5,0.5;
custom,cuboid,stone4,7,2,7,1,0.64,0.89,0.84,0.7,0.7,70,50,-110,-0.5,-0.5,-0.5,0.5;
custom,cuboid,stone4,5.5,2,2,1,0.64,0.89,0.84,0.5500001,0.2,-90,47.5,-100,0,0,-0.7071068,0.7071068;
custom,cuboid,stone4,3,3,3,1,0.64,0.89,0.84,0.3,0.3,50,35,-40,-0.5,-0.5,-0.5,0.5;
custom,cuboid,stone4,2.5,2.5,2.5,1,0.85,0.97,0.65,0.25,0.25,45,55,-45,-0.5,-0.5,-0.5,0.5;
custom,cuboid,stone4,4,1,1,1,0.64,0.89,0.84,0.4,0.1,30,40,60,0,0,-0.7071068,0.7071068;
custom,cuboid,stone4,4.5,1,1,1,0.64,0.89,0.84,0.45,0.1,35,40,65,0,0,-0.7071068,0.7071068;
custom,cuboid,stone4,3.5,1,1,1,0.85,0.97,0.65,0.3500001,0.1,45,35,70,0,0,-0.7071068,0.7071068;
custom,cuboid,stone4,3.5,2,2,1,0.85,0.97,0.65,0.3500001,0.2,95,35,95,0,0,-0.7071068,0.7071068;
custom,cuboid,stone4,2,2,2,1,0.85,0.97,0.65,0.2,0.2,92.5,25,100,0,0,0,1;
custom,cuboid,stone4,3,3,3,1,0.85,0.97,0.65,0.3,0.3,255,36,-235,0,0,-0.2164396,0.976296;
custom,cuboid,stone4,2,2,2,1,0.85,0.97,0.65,0.2,0.2,290,24,-267.5,-0.7071068,0,0,0.7071068;
custom,cuboid,stone4,5,1,1,1,0.85,0.97,0.65,0.5000001,0.1,261.5021,62,-242.5,0,0,-0.7071068,0.7071068;
custom,cuboid,stone4,2,2,2,1,0.64,0.89,0.84,0.2,0.2,250,90,-270,-0.5,-0.5,-0.5,0.5;
custom,cuboid,stone4,5.5,1.6,1.6,1,0.85,0.97,0.65,0.55,0.16,172,100,-231,0,0,-0.8433915,0.5372996;
custom,cuboid,stone4,5.5,1,1,1,0.64,0.89,0.84,0.5500001,0.1,212,84,-270,0,0,-0.7071068,0.7071068;
custom,cuboid,stone4,5.5,1,1,1,0.64,0.89,0.84,0.5500001,0.1,150,104,-247.5,0,0,-0.7071068,0.7071068;
custom,cuboid,stone4,2,2,2,1,0.85,0.97,0.65,0.2,0.2,177.5,80,-270,0,0,-0.2164396,0.976296;
custom,cuboid,stone4,2.5,2.5,2.5,1,0.64,0.89,0.84,0.25,0.25,150,135,-262,0,0,-0.2164396,0.976296;
custom,cuboid,stone4,0.9999999,6,2.5,1,0.85,0.97,0.65,0.09999999,0.25,101.3605,113.0229,-250,-0.6903455,0.1530459,-0.1530459,0.6903455;
custom,cuboid,stone4,0.9999999,6,2.1,1,0.64,0.89,0.84,0.09999999,0.21,115.3069,142.9311,-250,-0.6903455,0.1530459,-0.1530459,0.6903455;
custom,cuboid,stone4,2.5,2.5,2.5,1,0.85,0.97,0.65,0.25,0.25,102.7719,125.5823,-275.9396,0,0,-0.2164396,0.976296;
custom,cuboid,stone4,4.5,2,2,1,0.64,0.89,0.84,0.45,0.2,112,125,-230,0,0,-0.7071068,0.7071068;
custom,cuboid,stone4,1,1,6,1,0.85,0.97,0.65,0.1,0.6,287.5815,66.64463,-250,0,0,-0.2164396,0.976296;
custom,cuboid,stone7,34,0.8,0.8,1,1,1,1,3.4,0.08,0,85,0,0,-0.3826835,0,0.9238795;
custom,cuboid,stone7,30,0.8,0.8,1,1,1,1,3,0.08,-20,85,20,0,-0.3826835,0,0.9238795;
custom,cuboid,stone7,24,0.8,0.8,1,1,1,1,2.4,0.08,-40,85,40,0,-0.3826835,0,0.9238795;
custom,cuboid,stone7,18,0.8,0.8,1,1,1,1,1.8,0.08,-57.5,85,62.5,0,-0.3826835,0,0.9238795;
custom,cuboid,stone7,12,0.8,0.8,1,1,1,1,1.2,0.08,-77.5,85,82.5,0,-0.3826835,0,0.9238795;
custom,cuboid,stone7,6,0.8,0.8,1,1,1,1,0.6,0.08,-97.5,85,102.5,0,-0.3826835,0,0.9238795;
custom,cuboid,stone7,30,0.8,0.8,1,1,1,1,3,0.08,20,85,-20,0,-0.3826835,0,0.9238795;
custom,cuboid,stone7,24,0.8,0.8,1,1,1,1,2.4,0.08,40,85,-40,0,-0.3826835,0,0.9238795;
custom,cuboid,stone7,18,0.8,0.8,1,1,1,1,1.8,0.08,60,85,-60,0,-0.3826835,0,0.9238795;
custom,cuboid,stone7,10,0.8,0.8,1,1,1,1,1,0.08,80,85,-80,0,-0.3826835,0,0.9238795;
misc,barrier,34,0.5,24,-50,85,0,0,0,0,1;
misc,barrier,40,0.5,42,750,257.5,-170,0,0,0,1;
misc,barrier,40,8,1,750,215,-375,0,0,0,1;
misc,barrier,1,8,32,660,215,-140,0,0,0,1;
misc,barrier,2,8,27,777.0585,215,-245,0,0,0,1;
misc,barrier,2,8,27,804.1739,215,-245,0,-0.1001881,0,0.9949685;
misc,barrier,2,8,27,895,215,-140,0,-0.1001881,0,0.9949685;
misc,barrier,8,0.5,8,990,257.5,-340,0,0,0,1;
misc,barrier,16,1,17,960,220,-465,0,0,0,1;
misc,barrier,1,4.5,17,885,237.5,-465,0,0,0,1;
misc,barrier,1,16,16,960,375,-295,0,-0.7071068,0,0.7071068;
misc,barrier,1,3.5,8.000001,920,277.5,-295,0,-0.7071068,0,0.7071068;
misc,barrier,1,3.5,4,1020,277.5,-295,0,-0.7071068,0,0.7071068;
misc,barrier,121.5,20,1,282.5,355,-605,0,0,0,1;
misc,barrier,1,20,141.5,-640,355,-97.5,0,0,0,1;
misc,barrier,33,20,1,-480,355,605,0,0,0,1;
misc,barrier,1,20,122,-320,355,0,0,0,0,1;
misc,barrier,168.5,20,1,197.5,355,-800,0,0,0,1;
misc,barrier,1,24,51.5,1035,335,-547.5,0,0,0,1;
misc,barrier,1,19.5,32,885,357.5,-450,0,0,0,1;
misc,barrier,16,1,20.5,960,385,-702.5,0,0,0,1;
misc,barrier,15,1,32,965,371.0361,-450,0.04361938,0,0,0.9990482;
misc,barrier,120,1,20.5,282.5,417.5,-702.5,0,0,-0.02709292,0.999633;
misc,barrier,33,1,45,-480,450,-579.9999,0,0,0,1;
misc,barrier,33,1,97.00001,-480,407.5,127.5,0.04388094,0,0,0.9990368;
misc,barrier,80,0.5,65,150,257.5,-55,0,0,0,1;
misc,barrier,1,19.5,30,125,162.5,120,0,0,0,1;
misc,barrier,1,19.5,37,-120,162.5,85,0,0,0,1;
misc,barrier,1,10,25.5,2.5,210,265,0,-0.7071068,0,0.7071068;
misc,barrier,1,20,16,370,160,130,0,0,0,1;
misc,barrier,0.9999999,26,30,515,130,35,0,-0.6583611,0,0.7527022;
misc,barrier,1,10,25.5,247.5,210,205,0,-0.7071068,0,0.7071068;
misc,barrier,20,8,1,755,215,-10,0,0,0,1;
misc,barrier,18,8,31,465,215,-225,0,0,0,1;
custom,cuboid,stone4,100,18,18,1,1,1,1,10,1.8,-360,145,130,0,-0.7071068,0,0.7071068;
custom,cuboid,stone4,100,18,18,1,1,1,1,10,1.8,-600,145,130,0,-0.7071068,0,0.7071068;
custom,cuboid,stone4,6,18,10,1,1,1,1,0.6,1,-480,145,580,0,0,0,1;
custom,cuboid,stone4,6,18,84,1,1,1,1,0.6,8.4,-480,145,49.99999,0,0,0,1;
racing,killcuboid,0.5,8,3,-470,200,467.6795,0.1830127,-0.1830127,-0.6830127,0.6830127;
racing,killcuboid,0.5000001,8.000002,3.000001,-507.6422,215,519.6646,0.2705981,-0.2705981,-0.6532815,0.6532815;
racing,killcuboid,0.5000001,8.000002,3.5,-457.1011,180,519.4627,-0.2988363,0.2988362,-0.6408564,0.6408564;
racing,killcuboid,0.5,8,3,-508.6563,155,493.1596,-0.4055798,0.4055797,-0.579228,0.579228;
custom,cuboid,stone4,1,6,6,1,0.9,0.9,0.9,0.1,0.6,-480,60,500,0,0,-0.7071068,0.7071068;
custom,cuboid,stone4,17.99,1.01,6,1,0.8,0.8,0.8,1.799,0.6,-480,145,535,0.5,-0.5,-0.5,0.5;
custom,cuboid,stone4,17.99,1.01,6,1,0.5,0.5,0.5,1.799,0.6,-480,145,465,0.5,-0.5,-0.5,0.5;
custom,cuboid,stone7,8,1,1,1,1,1,1,0.8,0.1,-470,200,485,0,-0.2588191,0,0.9659259;
custom,cuboid,stone7,8,1,1,1,1,1,1,0.8,0.1,-493.5,215,515,0,-0.3826835,0,0.9238795;
custom,cuboid,stone7,7.999999,0.9999998,1,1,1,1,1,0.7999998,0.1,-470,180,505,0,0.4226183,0,0.9063078;
custom,cuboid,stone7,8,1,1,1,1,1,1,0.8,0.1,-495,155,500,0,0.5735765,0,0.819152;
custom,cuboid,default,10,6,6,1,0.867,0.741,0.753,1,0.6,-640,285,-250,0.2705981,-0.2705981,-0.6532815,0.6532815;
custom,cuboid,default,12,6,6,1,0.886,0.769,0.737,1.2,0.6,-640,285,-200,0.2705981,-0.2705981,-0.6532815,0.6532815;
custom,cuboid,default,10,6,6,1,0.886,0.8,0.729,1,0.6,-640,285,-150,0.2705981,-0.2705981,-0.6532815,0.6532815;
custom,cuboid,default,12,6,6,1,0.867,0.835,0.741,1.2,0.6,-640,285,-100,0.2705981,-0.2705981,-0.6532815,0.6532815;
custom,cuboid,default,10,6,6,1,0.847,0.843,0.733,1,0.6,-640,285,-50,0.2705981,-0.2705981,-0.6532815,0.6532815;
custom,cuboid,default,12,6,6,1,0.82,0.855,0.733,1.2,0.6,-640,285,0,0.2705981,-0.2705981,-0.6532815,0.6532815;
custom,cuboid,default,10,6,6,1,0.788,0.867,0.741,1,0.6,-640,285,50,0.2705981,-0.2705981,-0.6532815,0.6532815;
custom,cuboid,default,12,6,6,1,0.769,0.867,0.761,1.2,0.6,-640,285,100,0.2705981,-0.2705981,-0.6532815,0.6532815;
custom,cuboid,default,10,6,6,1,0.753,0.867,0.78,1,0.6,-640,285,150,0.2705981,-0.2705981,-0.6532815,0.6532815;
custom,cuboid,default,12,6,6,1,0.741,0.867,0.8,1.2,0.6,-640,285,200,0.2705981,-0.2705981,-0.6532815,0.6532815;
custom,cuboid,default,10,6,6,1,0.718,0.859,0.839,1,0.6,-640,285,250,0.2705981,-0.2705981,-0.6532815,0.6532815;
custom,cuboid,default,12,6,6,1,0.718,0.843,0.863,1.2,0.6,-640,285,300,0.2705981,-0.2705981,-0.6532815,0.6532815;
custom,cuboid,default,10,6,6,1,0.741,0.824,0.867,1,0.6,-640,285,350,0.2705981,-0.2705981,-0.6532815,0.6532815;
custom,cuboid,default,12,6,6,1,0.729,0.8,0.878,1.2,0.6,-640,285,400,0.2705981,-0.2705981,-0.6532815,0.6532815;
custom,cuboid,default,10,6,6,1,0.737,0.773,0.878,1,0.6,-640,285,450,0.2705981,-0.2705981,-0.6532815,0.6532815;
custom,cuboid,default,12,6,6,1,0.765,0.741,0.867,1.2,0.6,-640,285,500,0.2705981,-0.2705981,-0.6532815,0.6532815;
custom,cuboid,default,10,6,6,1,0.796,0.741,0.871,1,0.6,-640,285,550,0.2705981,-0.2705981,-0.6532815,0.6532815;
custom,cuboid,default,12,6,6,1,0.831,0.741,0.867,1.2,0.6,-640,285,600,0.2705981,-0.2705981,-0.6532815,0.6532815;
custom,cuboid,stone4,40,1.5,1.5,1,1,1,1,4,0.15,-480,365,-381,0.3826835,0,0,0.9238795;
custom,cuboid,default,10,6,6,1,0.867,0.741,0.753,1,0.6,-320,285,-250,0.2705981,-0.2705981,-0.6532815,0.6532815;
custom,cuboid,default,12,6,6,1,0.886,0.769,0.737,1.2,0.6,-320,285,-200,0.2705981,-0.2705981,-0.6532815,0.6532815;
custom,cuboid,default,10,6,6,1,0.886,0.8,0.729,1,0.6,-320,285,-150,0.2705981,-0.2705981,-0.6532815,0.6532815;
custom,cuboid,default,12,6,6,1,0.867,0.835,0.741,1.2,0.6,-320,285,-100,0.2705981,-0.2705981,-0.6532815,0.6532815;
custom,cuboid,default,10,6,6,1,0.847,0.843,0.733,1,0.6,-320,285,-50,0.2705981,-0.2705981,-0.6532815,0.6532815;
custom,cuboid,default,12,6,6,1,0.82,0.855,0.733,1.2,0.6,-320,285,0,0.2705981,-0.2705981,-0.6532815,0.6532815;
custom,cuboid,default,10,6,6,1,0.788,0.867,0.741,1,0.6,-320,285,50,0.2705981,-0.2705981,-0.6532815,0.6532815;
custom,cuboid,default,12,6,6,1,0.769,0.867,0.761,1.2,0.6,-320,285,100,0.2705981,-0.2705981,-0.6532815,0.6532815;
custom,cuboid,default,10,6,6,1,0.753,0.867,0.78,1,0.6,-320,285,150,0.2705981,-0.2705981,-0.6532815,0.6532815;
custom,cuboid,default,12,6,6,1,0.741,0.867,0.8,1.2,0.6,-320,285,200,0.2705981,-0.2705981,-0.6532815,0.6532815;
custom,cuboid,default,10,6,6,1,0.718,0.859,0.839,1,0.6,-320,285,250,0.2705981,-0.2705981,-0.6532815,0.6532815;
custom,cuboid,default,12,6,6,1,0.718,0.843,0.863,1.2,0.6,-320,285,300,0.2705981,-0.2705981,-0.6532815,0.6532815;
custom,cuboid,default,10,6,6,1,0.741,0.824,0.867,1,0.6,-320,285,350,0.2705981,-0.2705981,-0.6532815,0.6532815;
custom,cuboid,default,12,6,6,1,0.729,0.8,0.878,1.2,0.6,-320,285,400,0.2705981,-0.2705981,-0.6532815,0.6532815;
custom,cuboid,default,10,6,6,1,0.737,0.773,0.878,1,0.6,-320,285,450,0.2705981,-0.2705981,-0.6532815,0.6532815;
custom,cuboid,default,12,6,6,1,0.765,0.741,0.867,1.2,0.6,-320,285,500,0.2705981,-0.2705981,-0.6532815,0.6532815;
custom,cuboid,default,10,6,6,1,0.796,0.741,0.871,1,0.6,-320,285,550,0.2705981,-0.2705981,-0.6532815,0.6532815;
custom,cuboid,default,12,6,6,1,0.831,0.741,0.867,1.2,0.6,-320,285,600,0.2705981,-0.2705981,-0.6532815,0.6532815;
custom,cuboid,default,32,4.99,28.5,1,0.867,0.741,0.863,3.2,2.85,-480,197.5,605,-0.7071068,0,0,0.7071068;
custom,statue1,stone4,-1.25,1.25,1.25,1,0.867,0.741,0.753,0.2,0.01,-547.9749,237,-250.3323,0,0.9238796,0,0.3826835;
custom,statue1,stone4,-1.25,1.25,1.25,1,0.867,0.835,0.741,0.2,0.01,-547.9749,237,-150.3323,0,0.9238796,0,0.3826835;
custom,statue1,stone4,-1.25,1.25,1.25,1,0.788,0.867,0.741,0.2,0.01,-547.9749,237,-50.33219,0,0.9238796,0,0.3826835;
custom,statue1,stone4,-1.25,1.25,1.25,1,0.741,0.867,0.8,0.2,0.01,-547.9749,237,49.66781,0,0.9238796,0,0.3826835;
custom,statue1,stone4,1.25,1.25,1.25,1,0.788,0.867,0.741,0.2,0.01,-401.9382,237,-50.4994,0,0.9238796,0,-0.3826835;
custom,statue1,stone4,1.25,1.25,1.25,1,0.867,0.835,0.741,0.2,0.01,-401.9382,237,-150.4988,0,0.9238796,0,-0.3826835;
custom,statue1,stone4,1.25,1.25,1.25,1,0.867,0.741,0.753,0.2,0.01,-401.9382,237,-250.4988,0,0.9238796,0,-0.3826835;
custom,statue1,stone4,1.25,1.25,1.25,1,0.867,0.741,0.863,0.2,0.01,-401.9382,237,349.5004,0,0.9238796,0,-0.3826835;
custom,statue1,stone4,1.25,1.25,1.25,1,0.765,0.741,0.867,0.2,0.01,-401.9382,237,249.5012,0,0.9238796,0,-0.3826835;
custom,statue1,stone4,1.25,1.25,1.25,1,0.741,0.824,0.867,0.2,0.01,-401.9382,237,149.5012,0,0.9238796,0,-0.3826835;
custom,statue1,stone4,1.25,1.25,1.25,1,0.741,0.867,0.8,0.2,0.01,-401.9382,237,49.5006,0,0.9238796,0,-0.3826835;
custom,statue1,stone4,-1.25,1.25,1.25,1,0.741,0.824,0.867,0.2,0.01,-547.9749,237,149.6677,0,0.9238796,0,0.3826835;
custom,statue1,stone4,-1.25,1.25,1.25,1,0.765,0.741,0.867,0.2,0.01,-547.9749,237,249.6677,0,0.9238796,0,0.3826835;
custom,statue1,stone4,-1.25,1.25,1.25,1,0.867,0.741,0.863,0.2,0.01,-547.9749,237,349.6683,0,0.9238796,0,0.3826835;
custom,statue2,stone4,1,1,1,1,0.867,0.741,0.753,0.2,0.005,-448,238,532,0,0.9238796,0,-0.3826835;
custom,statue2,stone4,-1,1,1,1,0.788,0.867,0.741,0.2,0.005,-512,238,532,0,0.9238796,0,0.3826835;
custom,statue2,stone4,1,1,1,1,0.867,0.741,0.863,0.2,0.005,-448,238,468,0,0.3826835,0,-0.9238796;
custom,statue2,stone4,-1,1,1,1,0.741,0.824,0.867,0.2,0.005,-512,238,468,0,0.3826835,0,0.9238796;
custom,tube,stone7,1.818913,1.818913,1.818913,1,1,1,1,0.2,0.2,-120,50,40.57035,0,0,-0.7071068,0.7071068;
custom,tube,stone7,2.168838,1.714645,2.168838,1,1,1,1,0.2,0.2,-120,50,40.57035,0,0,-0.7071068,0.7071068;
custom,tube,stone7,1.818913,1.818913,1.818913,1,1,1,1,0.2,0.2,-120,50,80.54574,0,0,-0.7071068,0.7071068;
custom,tube,stone7,2.168838,1.714645,2.168838,1,1,1,1,0.2,0.2,-120,50,80.54574,0,0,-0.7071068,0.7071068;
custom,cylinder,brick1,2.980472,0.5960945,2.980472,0,1,1,1,0.01,0.01,327.797,70.76234,-132.0184,0,0,0,1;
custom,cylinder,rock2tex,2.920863,0.6258993,2.920863,0,1,1,1,1,1,327.797,70.76234,-132.0184,0,0,0,1;
custom,tube,brick1,2.980472,0.5960945,2.980472,0,1,1,1,0.01,0.01,327.797,77.38969,-132.0184,0,0,0,1;
custom,field2,default,0.4993471,0.4993471,0.4993471,0,1,1,1,1,1,-141.5012,3.643908,83.37615,0,-0.7543212,0,-0.6565056;
custom,tree2,default,1,1,1,0,1,1,1,1,1,481.1414,199.8505,64.39222,0,0.9954312,0,0.09548219;
custom,tree5,default,0.6579023,0.6579023,0.6579023,0,1,1,1,1,1,327.8259,114.9898,-133.9631,0,0.4256458,0,-0.9048899;
custom,trunk1,default,0.4742745,0.4742745,0.4742745,0,1,1,1,1,1,-182.2857,3.218904,90.7353,0,0.9538547,0,0.3002687;
custom,log2,default,0.336377,0.336377,0.336377,0,1,1,1,1,1,-131.2369,19.28435,112.4488,-0.1470368,0.8004819,-0.5383361,-0.2186395;
custom,boulder1,default,0.3625942,0.3625942,0.9144163,0,1,1,1,1,1,-198.766,2.599818,40.8705,0,0.8978812,0,-0.440238;
custom,boulder1,grass4,6.994468,-7.518749,6.994468,0,1,1,1,1,1,467.0876,50.53854,43.01249,0.1391857,-0.6809914,0.1660007,0.6995155;
custom,boulder2,grass4,10.2406,8.320021,8.320021,0,1,1,1,1,1,635.2034,156.7537,137.8136,-0.1511469,0.8113389,0.5622116,0.05293306;
custom,boulder3,grass4,8.553045,8.553045,8.553045,0,1,1,1,1,1,490.7889,106.4228,150.4431,0.6479197,0.2867186,0.2849645,-0.645591;
custom,tree5,default,0.4570093,0.4570093,0.4570093,0,1,1,1,1,1,-198.7921,26.70426,101.6519,0,0.2208984,0,-0.9752969;
custom,tree5,default,0.4570093,0.4570093,0.4570093,0,1,1,1,1,1,-162.1946,26.70426,19.89772,0,0.84674,0,-0.5320069;
custom,field2,default,0.4993471,0.4993471,0.4993471,0,1,1,1,1,1,-206.3648,3.643908,55.23242,0,-0.9444851,0,0.3285542;
custom,boulder1,default,0.3850708,-0.2539066,1.095014,0,1,1,1,1,1,-210.0111,2.599818,22.8388,0,0.9994791,0,-0.0322736;
custom,boulder1,default,0.3625942,0.3625942,0.3545102,0,1,1,1,1,1,-187.3352,2.599818,43.51272,0,0.8978812,0,-0.440238;
custom,boulder1,default,0.3770656,-0.2191601,0.9902895,0,1,1,1,1,1,-177.3066,2.599818,31.76234,0,0.9854802,0,0.1697903;
custom,boulder1,default,0.3625942,0.3625942,1.418402,0,1,1,1,1,1,-195.7639,2.599818,9.401501,0,0.7453254,0,0.6667008;
custom,boulder1,default,0.5951014,-0.2539066,0.2601479,0,1,1,1,1,1,-177.5093,2.599818,13.39588,0,0.4490731,0,-0.893495;
custom,leaf0,default,1.846047,4.642594,0.6409844,0,1,1,1,1,1,-218.3666,54.96429,10.58152,-0.04606743,0.06959745,0.7063411,-0.702934;
custom,leaf1,default,0.5270214,0.3002843,1.905539,0,1,1,1,1,1,-211.3271,65.69039,0.3269974,0.7111269,0.005326796,0.01105302,0.7029567;
custom,leaf1,default,0.4809228,0.4809228,0.4809228,0,1,1,1,1,1,-156.5924,25.37523,29.59145,0,0.9999419,0,0.01077519;
custom,leaf0,default,1.477029,4.642594,0.6409844,0,1,1,1,1,1,-219.9776,56.31142,91.29104,0.01105008,0.01215738,0.7070217,-0.707001;
custom,leaf1,default,0.7767291,0.000603918,1.714254,0,1,1,1,1,1,-194.8685,69.82651,119.4769,-0.005625345,0.7111247,-0.7029611,0.01075927;
custom,leaf1,default,0.4787332,1.006192,2.152175,0,1,1,1,1,1,-124.9718,59.96001,115.764,-0.2607962,0.6746693,-0.6233383,-0.2970793;
custom,leaf0,default,1.311089,4.642594,0.8801723,0,1,1,1,1,1,-125.3626,60.75914,13.09193,0.7042177,-0.7097408,0.005310535,0.01781386;
custom,boulder1,grass4,6.994468,5.323007,6.994468,0,1,1,1,1,1,574.4901,129.6176,63.38422,0.04475708,-0.9057215,0.04299467,0.4193052;
custom,boulder1,grass4,4.403527,1.771131,5.704163,0,1,1,1,1,1,403.6118,82.01286,84.61125,0.02615194,-0.5238565,-0.02489744,-0.8510409;
custom,tree2,default,1,1,1,0,1,1,1,1,1,603.4509,250.6601,96.14685,0.01840376,0.5048847,-0.008217457,-0.8629515;
custom,boulder1,stone9,1.279304,-0.0003684714,1.192855,1,0.3,0.5,1,1,1,-190.5877,3.5,25.82732,0,0.05471652,0,-0.998502;
custom,boulder1,transparent0.3,1.279304,-0.0003684714,1.192855,1,0.5,0.7,1,1,1,-190.5877,4,25.82732,0,0.05471652,0,-0.998502;
custom,cuboid,stone4,90,11,90,1,1,1,1,9,9,1000,120,-430,0,0,0,1;
custom,cuboid,stone4,10,10,10,1,1,1,1,1,1,1350,225,-560,0,0,0,1;
custom,cuboid,stone4,14,14,14,1,0.8,0.8,0.8,1.4,1.4,1200,180,-385,0,0,0,1;
custom,cuboid,stone4,99.99,7,7.000001,1,0.8,0.8,0.8,9.999,0.7000001,-270.0001,65,130,-0.270598,-0.6532815,-0.2705981,0.6532815;
custom,cuboid,stone4,18,9,9,1,0.7,0.7,0.7,1.8,0.9,1250,265,-720,0,0,-0.7071068,0.7071068;
custom,boulder1,grass4,7.847599,9.238144,7.847599,0,1,1,1,1,1,735.1373,121.2679,79.04253,0.2027314,-0.6759924,-0.706196,0.05675858;
