map,disablebounds;
spawnpoint,playerC,256.9381,30,-698.1433,0,0,0,1;
spawnpoint,playerM,256.9381,30,-698.1433,0,0,0,1;
racing,endcuboid,6,6,6,1396.938,30,-458.1433,0,-1,0,0;
racing,startcuboid,6,6,6,256.9381,30,-638.1432,0,-1,0,0;
custom,cuboid,stone6,6,1,6,1,1,1,1,0.6,0.6,256.9381,0,-698.1433,0,-1,0,0;
custom,cuboid,stone6,6,1,54,1,1,1,1,0.6,5.4,256.9381,0,-398.1433,0,-1,0,0;
custom,cuboid,stone6,6,1,24,1,1,1,1,0.6,2.4,406.9381,0,-98.14331,0,-0.7071068,0,-0.7071068;
custom,cuboid,stone6,6,1,54,1,1,1,1,0.6,5.4,556.9381,0,-398.1433,0,-1,0,0;
custom,cuboid,stone6,6,1,12,1,1,1,1,0.6,1.2,646.9382,0,-698.1433,0,-0.7071068,0,-0.7071068;
custom,cuboid,stone6,6,1,30,1,1,1,1,0.6,3,736.9381,0,-518.1432,0,-1,0,0;
custom,cuboid,stone6,6,1,6,1,1,1,1,0.6,0.6,796.9382,0,-338.1432,0,-0.7071068,0,-0.7071068;
custom,cuboid,stone6,6,1,18,1,1,1,1,0.6,1.8,856.9382,0,-218.1432,0,-1,0,0;
custom,cuboid,stone6,6,1,24,1,1,1,1,0.6,2.4,1006.938,0,-98.14323,0,-0.7071068,0,-0.7071068;
custom,cuboid,stone6,6,1,24,1,1,1,1,0.6,2.4,1156.938,0,51.85677,0,-1,0,0;
custom,cuboid,stone6,6,1,54,1,1,1,1,0.6,5.4,856.938,0,201.8568,0,-0.7071068,0,-0.7071068;
custom,cuboid,stone6,6,1,24,1,1,1,1,0.6,2.4,556.938,0,351.8567,0,-1,0,0;
custom,cuboid,stone6,6,1,36,1,1,1,1,0.6,3.6,346.938,0,501.8567,0,-0.7071068,0,-0.7071068;
custom,cuboid,stone6,6,1,18,1,1,1,1,0.6,1.8,136.938,0,381.8567,0,-1,0,0;
custom,cuboid,stone6,6,1,24,1,1,1,1,0.6,2.4,286.938,0,261.8567,0,-0.7071068,0,-0.7071068;
custom,cuboid,stone6,6,1,18,1,1,1,1,0.6,1.8,436.938,0,141.8567,0,-1,0,0;
custom,cuboid,stone6,6,1,54,1,1,1,1,0.6,5.4,136.9381,0,21.85669,0,-0.7071068,0,-0.7071068;
custom,cuboid,stone6,6,1,54,1,1,1,1,0.6,5.4,-163.062,0,321.8567,0,-1,0,0;
custom,cuboid,stone6,6,1,24,1,1,1,1,0.6,2.4,-313.062,0,621.8567,0,-0.7071068,0,-0.7071068;
custom,cuboid,stone6,6,1,36,1,1,1,1,0.6,3.6,-463.062,0,411.8567,0,-1,0,0;
custom,cuboid,stone6,6,1,36,1,1,1,1,0.6,3.6,-523.062,0,411.8567,0,-1,0,0;
custom,cuboid,stone6,6,1,36,1,1,1,1,0.6,3.6,-583.062,0,411.8567,0,-1,0,0;
custom,cuboid,stone6,6,1,36,1,1,1,1,0.6,3.6,-643.062,0,411.8567,0,-1,0,0;
custom,cuboid,stone6,6,1,36,1,1,1,1,0.6,3.6,-703.062,0,411.8567,0,-1,0,0;
custom,cuboid,stone6,6,1,24,1,1,1,1,0.6,2.4,-853.062,0,141.8566,0,-0.7071068,0,-0.7071068;
custom,cuboid,stone6,6,1,24,1,1,1,1,0.6,2.4,-1003.062,0,-8.143463,0,-1,0,0;
custom,cuboid,stone6,6,1,36,1,1,1,1,0.6,3.6,-793.0618,0,-158.1434,0,-0.7071068,0,-0.7071068;
custom,cuboid,stone6,6,1,18,1,1,1,1,0.6,1.8,-583.0618,0,-38.14339,0,-1,0,0;
custom,cuboid,stone6,6,1,24,1,1,1,1,0.6,2.4,-433.062,0,81.85669,0,-0.7071068,0,-0.7071068;
custom,cuboid,stone6,6,1,24,1,1,1,1,0.6,2.4,-283.062,0,-68.14335,0,-1,0,0;
custom,cuboid,stone6,6,1,12,1,1,1,1,0.6,1.2,-373.0619,0,-218.1434,0,-0.7071068,0,-0.7071068;
custom,cuboid,stone6,6,1,12,1,1,1,1,0.6,1.2,-463.0619,0,-308.1434,0,-1,0,0;
custom,cuboid,stone6,6,1,54,1,1,1,1,0.6,5.4,-763.0618,0,-398.1434,0,-0.7071068,0,-0.7071068;
custom,cuboid,stone6,6,1,6,1,1,1,1,0.6,0.6,-1063.062,0,-458.1434,0,-0.7071068,0,-0.7071068;
custom,cuboid,stone6,6,1,54,1,1,1,1,0.6,5.4,-763.0621,0,-518.1434,0,-0.7071068,0,-0.7071068;
custom,cuboid,stone6,6,1,12,1,1,1,1,0.6,1.2,-463.0619,0,-608.1434,0,-1,0,0;
custom,cuboid,stone6,6,1,18,1,1,1,1,0.6,1.8,-343.0619,0,-698.1434,0,-0.7071068,0,-0.7071068;
custom,cuboid,stone6,6,1,24,1,1,1,1,0.6,2.4,-223.062,0,-548.1434,0,-1,0,0;
custom,cuboid,stone6,6,1,12,1,1,1,1,0.6,1.2,-133.062,0,-398.1434,0,-0.7071068,0,-0.7071068;
custom,cuboid,stone6,6,1,18,1,1,1,1,0.6,1.8,-43.06198,0,-278.1434,0,-1,0,0;
custom,cuboid,stone6,6,1,12,1,1,1,1,0.6,1.2,46.938,0,-158.1434,0,-0.7071068,0,-0.7071068;
custom,cuboid,stone6,6,1,54,1,1,1,1,0.6,5.4,136.938,0,-458.1433,0,-1,0,0;
custom,cuboid,stone6,6,1,6,1,1,1,1,0.6,0.6,76.93806,0,-758.1433,0,-1,0,0;
custom,cuboid,stone6,6,1,18,1,1,1,1,0.6,1.8,16.93806,0,-638.1434,0,-1,0,0;
custom,cuboid,stone6,6,1,24,1,1,1,1,0.6,2.4,-103.062,0,-668.1434,0,-1,0,0;
custom,cuboid,stone6,6,1,6,1,1,1,1,0.6,0.6,-43.06198,0,-518.1434,0,-1,0,0;
custom,cuboid,stone6,6,1,6,1,1,1,1,0.6,0.6,-163.062,0,-818.1434,0,-1,0,0;
custom,cuboid,stone6,6,1,42,1,1,1,1,0.6,4.2,-403.0619,0,-878.1434,0,-0.7071068,0,-0.7071068;
custom,cuboid,stone6,6,1,12,1,1,1,1,0.6,1.2,-643.0621,0,-788.1434,0,-1,0,0;
custom,cuboid,stone6,6,1,42,1,1,1,1,0.6,4.2,-883.0621,0,-698.1434,0,-0.7071068,0,-0.7071068;
custom,cuboid,stone6,6,1,24,1,1,1,1,0.6,2.4,-1123.062,0,-848.1434,0,-1,0,0;
custom,cuboid,stone6,6,1,54,1,1,1,1,0.6,5.4,-823.0618,0,-998.1434,0,-0.7071068,0,-0.7071068;
custom,cuboid,stone6,6,1,18,1,1,1,1,0.6,1.8,-523.0618,0,-1118.143,0,-1,0,0;
custom,cuboid,stone6,6,1,36,1,1,1,1,0.6,3.6,-313.0618,0,-1238.143,0,-0.7071068,0,-0.7071068;
custom,cuboid,stone6,6,1,18,1,1,1,1,0.6,1.8,-103.0618,0,-1118.143,0,-1,0,0;
custom,cuboid,stone6,6,1,48,1,1,1,1,0.6,4.8,166.9382,0,-998.1433,0,-0.7071068,0,-0.7071068;
custom,cuboid,stone6,6,1,6,1,1,1,1,0.6,0.6,436.9382,0,-1058.143,0,-0.7071068,0,-0.7071068;
custom,cuboid,stone6,6,1,30,1,1,1,1,0.6,3,616.9382,0,-1118.143,0,-0.7071068,0,-0.7071068;
custom,cuboid,stone6,6,1,24,1,1,1,1,0.6,2.4,796.9382,0,-968.1433,0,-1,0,0;
custom,cuboid,stone6,6,1,24,1,1,1,1,0.6,2.4,946.9382,0,-818.1433,0,-0.7071068,0,-0.7071068;
custom,cuboid,stone6,6,1,54,1,1,1,1,0.6,5.4,1096.938,0,-518.1433,0,-1,0,0;
custom,cuboid,stone6,6,1,54,1,1,1,1,0.6,5.4,1396.938,0,-218.1433,0,-0.7071068,0,-0.7071068;
custom,cuboid,stone6,6,1,48,1,1,1,1,0.6,4.8,1696.938,0,-488.1433,0,-1,0,0;
custom,cuboid,stone6,6,1,42,1,1,1,1,0.6,4.2,1456.938,0,-758.1433,0,-0.7071068,0,-0.7071068;
custom,cuboid,stone6,6,1,36,1,1,1,1,0.6,3.6,1216.938,0,-548.1433,0,-1,0,0;
custom,cuboid,stone6,6,1,30,1,1,1,1,0.6,3,1396.938,0,-338.1433,0,-0.7071068,0,-0.7071068;
custom,cuboid,stone6,6,1,24,1,1,1,1,0.6,2.4,1576.938,0,-488.1433,0,-1,0,0;
custom,cuboid,stone6,6,1,18,1,1,1,1,0.6,1.8,1456.938,0,-638.1433,0,-0.7071068,0,-0.7071068;
custom,cuboid,stone6,6,1,12,1,1,1,1,0.6,1.2,1336.938,0,-548.1433,0,-1,0,0;
custom,cuboid,stone6,6,1,6,1,1,1,1,0.6,0.6,1396.938,0,-458.1433,0,-0.7071068,0,-0.7071068;
custom,cuboid,stone6,6,1,6,1,1,1,1,0.6,0.6,1096.938,0,-818.1433,0,-0.7071068,0,-0.7071068;
custom,cuboid,stone6,6,1,6,1,1,1,1,0.6,0.6,1216.938,0,-758.1433,0,-0.7071068,0,-0.7071068;
custom,cuboid,stone6,6,1,6,1,1,1,1,0.6,0.6,1216.938,0,-338.1433,0,-0.7071068,0,-0.7071068;
custom,cuboid,stone6,6,1,6,1,1,1,1,0.6,0.6,1576.938,0,-338.1433,0,-0.7071068,0,-0.7071068;
custom,cuboid,stone6,6,1,6,1,1,1,1,0.6,0.6,1156.938,0,-98.14323,0,-0.7071068,0,-0.7071068;
custom,cuboid,stone6,6,1,6,1,1,1,1,0.6,0.6,1696.938,0,-218.1433,0,-0.7071068,0,-0.7071068;
custom,cuboid,stone6,6,1,6,1,1,1,1,0.6,0.6,1696.938,0,-758.1433,0,-0.7071068,0,-0.7071068;
custom,cuboid,stone6,6,1,6,1,1,1,1,0.6,0.6,856.9382,0,-338.1432,0,-0.7071068,0,-0.7071068;
custom,cuboid,stone6,6,1,6,1,1,1,1,0.6,0.6,1096.938,0,-218.1433,0,-0.7071068,0,-0.7071068;
custom,cuboid,stone6,6,1,6,1,1,1,1,0.6,0.6,736.9381,0,-338.1433,0,-0.7071068,0,-0.7071068;
custom,cuboid,stone6,6,1,6,1,1,1,1,0.6,0.6,736.9382,0,-698.1433,0,-0.7071068,0,-0.7071068;
custom,cuboid,stone6,6,1,6,1,1,1,1,0.6,0.6,556.9382,0,-698.1433,0,-0.7071068,0,-0.7071068;
custom,cuboid,stone6,6,1,6,1,1,1,1,0.6,0.6,556.938,0,-98.14327,0,-0.7071068,0,-0.7071068;
custom,cuboid,stone6,6,1,6,1,1,1,1,0.6,0.6,1156.938,0,201.8568,0,-0.7071068,0,-0.7071068;
custom,cuboid,stone6,6,1,6,1,1,1,1,0.6,0.6,856.9382,0,-98.14323,0,-0.7071068,0,-0.7071068;
custom,cuboid,stone6,6,1,6,1,1,1,1,0.6,0.6,556.938,0,201.8567,0,-0.7071068,0,-0.7071068;
custom,cuboid,stone6,6,1,6,1,1,1,1,0.6,0.6,436.938,0,261.8567,0,-0.7071068,0,-0.7071068;
custom,cuboid,stone6,6,1,6,1,1,1,1,0.6,0.6,556.938,0,501.8567,0,-0.7071068,0,-0.7071068;
custom,cuboid,stone6,6,1,6,1,1,1,1,0.6,0.6,136.938,0,501.8567,0,-0.7071068,0,-0.7071068;
custom,cuboid,stone6,6,1,6,1,1,1,1,0.6,0.6,136.938,0,261.8567,0,-0.7071068,0,-0.7071068;
custom,cuboid,stone6,6,1,6,1,1,1,1,0.6,0.6,436.938,0,21.85669,0,-0.7071068,0,-0.7071068;
custom,cuboid,stone6,6,1,6,1,1,1,1,0.6,0.6,-163.062,0,21.85669,0,-0.7071068,0,-0.7071068;
custom,cuboid,stone6,6,1,6,1,1,1,1,0.6,0.6,-163.062,0,621.8567,0,-0.7071068,0,-0.7071068;
custom,cuboid,stone6,6,1,6,1,1,1,1,0.6,0.6,-703.062,0,201.8566,0,-0.7071068,0,-0.7071068;
custom,cuboid,stone6,6,1,6,1,1,1,1,0.6,0.6,-583.0618,0,81.85661,0,-0.7071068,0,-0.7071068;
custom,cuboid,stone6,6,1,6,1,1,1,1,0.6,0.6,-283.062,0,81.85669,0,-0.7071068,0,-0.7071068;
custom,cuboid,stone6,6,1,6,1,1,1,1,0.6,0.6,-283.0619,0,-218.1434,0,-0.7071068,0,-0.7071068;
custom,cuboid,stone6,6,1,6,1,1,1,1,0.6,0.6,-463.0619,0,-218.1434,0,-0.7071068,0,-0.7071068;
custom,cuboid,stone6,6,1,6,1,1,1,1,0.6,0.6,-463.0619,0,-398.1434,0,-0.7071068,0,-0.7071068;
custom,cuboid,stone6,6,1,6,1,1,1,1,0.6,0.6,-463.062,0,-518.1434,0,-0.7071068,0,-0.7071068;
custom,cuboid,stone6,6,1,6,1,1,1,1,0.6,0.6,-463.0619,0,-698.1433,0,-0.7071068,0,-0.7071068;
custom,cuboid,stone6,6,1,6,1,1,1,1,0.6,0.6,-223.0619,0,-698.1434,0,-0.7071068,0,-0.7071068;
custom,cuboid,stone6,6,1,6,1,1,1,1,0.6,0.6,16.93806,0,-758.1433,0,-0.7071068,0,-0.7071068;
custom,cuboid,stone6,6,1,6,1,1,1,1,0.6,0.6,136.938,0,-758.1433,0,-0.7071068,0,-0.7071068;
custom,cuboid,stone6,6,1,6,1,1,1,1,0.6,0.6,256.9381,0,-98.14327,0,-0.7071068,0,-0.7071068;
custom,cuboid,stone6,6,1,6,1,1,1,1,0.6,0.6,136.938,0,-158.1434,0,-0.7071068,0,-0.7071068;
custom,cuboid,stone6,6,1,6,1,1,1,1,0.6,0.6,-43.06198,0,-158.1434,0,-0.7071068,0,-0.7071068;
custom,cuboid,stone6,6,1,6,1,1,1,1,0.6,0.6,-43.06198,0,-398.1433,0,-0.7071068,0,-0.7071068;
custom,cuboid,stone6,6,1,6,1,1,1,1,0.6,0.6,-223.062,0,-398.1434,0,-0.7071068,0,-0.7071068;
custom,cuboid,stone6,6,1,6,1,1,1,1,0.6,0.6,16.93804,0,-518.1434,0,-0.7071068,0,-0.7071068;
custom,cuboid,stone6,6,1,6,1,1,1,1,0.6,0.6,-103.062,0,-518.1434,0,-0.7071068,0,-0.7071068;
custom,cuboid,stone6,6,1,6,1,1,1,1,0.6,0.6,-103.0619,0,-818.1434,0,-0.7071068,0,-0.7071068;
custom,cuboid,stone6,6,1,6,1,1,1,1,0.6,0.6,-163.062,0,-878.1434,0,-0.7071068,0,-0.7071068;
custom,cuboid,stone6,6,1,6,1,1,1,1,0.6,0.6,-523.0618,0,-998.1434,0,-0.7071068,0,-0.7071068;
custom,cuboid,stone6,6,1,6,1,1,1,1,0.6,0.6,-643.0621,0,-878.1434,0,-0.7071068,0,-0.7071068;
custom,cuboid,stone6,6,1,6,1,1,1,1,0.6,0.6,-643.0621,0,-698.1434,0,-0.7071068,0,-0.7071068;
custom,cuboid,stone6,6,1,6,1,1,1,1,0.6,0.6,-1123.062,0,-698.1434,0,-0.7071068,0,-0.7071068;
custom,cuboid,stone6,6,1,6,1,1,1,1,0.6,0.6,-1123.062,0,-998.1433,0,-0.7071068,0,-0.7071068;
custom,cuboid,stone6,6,1,6,1,1,1,1,0.6,0.6,-1063.062,0,-518.1434,0,-0.7071068,0,-0.7071068;
custom,cuboid,stone6,6,1,6,1,1,1,1,0.6,0.6,-1063.062,0,-398.1434,0,-0.7071068,0,-0.7071068;
custom,cuboid,stone6,6,1,6,1,1,1,1,0.6,0.6,-1003.062,0,-158.1434,0,-0.7071068,0,-0.7071068;
custom,cuboid,stone6,6,1,6,1,1,1,1,0.6,0.6,-1003.062,0,141.8565,0,-0.7071068,0,-0.7071068;
custom,cuboid,stone6,6,1,6,1,1,1,1,0.6,0.6,-583.0618,0,-158.1434,0,-0.7071068,0,-0.7071068;
custom,cuboid,stone6,6,1,6,1,1,1,1,0.6,0.6,-463.062,0,621.8567,0,-0.7071068,0,-0.7071068;
custom,cuboid,stone6,6,1,6,1,1,1,1,0.6,0.6,-703.062,0,141.8566,0,-0.7071068,0,-0.7071068;
custom,cuboid,stone6,6,1,12,1,1,1,1,0.6,1.2,-493.062,0,201.8567,0,-0.7071068,0,-0.7071068;
custom,cuboid,stone6,6,1,12,1,1,1,1,0.6,1.2,-613.062,0,201.8566,0,-0.7071068,0,-0.7071068;
custom,cuboid,stone6,6,1,12,1,1,1,1,0.6,1.2,-553.062,0,621.8567,0,-0.7071068,0,-0.7071068;
custom,cuboid,stone6,6,1,12,1,1,1,1,0.6,1.2,-673.062,0,621.8567,0,-0.7071068,0,-0.7071068;
custom,cuboid,stone6,6,1,6,1,1,1,1,0.6,0.6,796.9382,0,-818.1433,0,-0.7071068,0,-0.7071068;
custom,cuboid,stone6,6,1,6,1,1,1,1,0.6,0.6,796.9382,0,-1118.143,0,-0.7071068,0,-0.7071068;
custom,cuboid,stone6,6,1,6,1,1,1,1,0.6,0.6,1576.938,0,-638.1433,0,-0.7071068,0,-0.7071068;
custom,cuboid,stone6,6,1,6,1,1,1,1,0.6,0.6,436.9382,0,-998.1434,0,-0.7071068,0,-0.7071068;
custom,cuboid,stone6,6,1,6,1,1,1,1,0.6,0.6,1336.938,0,-638.1433,0,-0.7071068,0,-0.7071068;
custom,cuboid,stone6,6,1,6,1,1,1,1,0.6,0.6,-523.0618,0,-1238.143,0,-0.7071068,0,-0.7071068;
custom,cuboid,stone6,6,1,6,1,1,1,1,0.6,0.6,1336.938,0,-458.1433,0,-0.7071068,0,-0.7071068;
custom,cuboid,stone6,6,1,6,1,1,1,1,0.6,0.6,436.9382,0,-1118.143,0,-0.7071068,0,-0.7071068;
custom,cuboid,stone6,6,1,6,1,1,1,1,0.6,0.6,-103.0618,0,-998.1433,0,-0.7071068,0,-0.7071068;
custom,cuboid,stone6,6,1,6,1,1,1,1,0.6,0.6,-103.0618,0,-1238.143,0,-0.7071068,0,-0.7071068;
custom,cuboid,stone2,6,1,6,1,1,1,1,0.6,0.6,256.9381,60,-698.1433,0,-1,0,0;
custom,cuboid,stone2,6,1,54,1,1,1,1,0.6,5.4,256.9381,60,-398.1433,0,-1,0,0;
custom,cuboid,stone2,6,1,24,1,1,1,1,0.6,2.4,406.9381,60,-98.14331,0,-0.7071068,0,-0.7071068;
custom,cuboid,stone2,6,1,54,1,1,1,1,0.6,5.4,556.9381,60,-398.1433,0,-1,0,0;
custom,cuboid,stone2,6,1,12,1,1,1,1,0.6,1.2,646.9382,60,-698.1433,0,-0.7071068,0,-0.7071068;
custom,cuboid,stone2,6,1,30,1,1,1,1,0.6,3,736.9381,60,-518.1432,0,-1,0,0;
custom,cuboid,stone2,6,1,6,1,1,1,1,0.6,0.6,796.9382,60,-338.1432,0,-0.7071068,0,-0.7071068;
custom,cuboid,stone2,6,1,18,1,1,1,1,0.6,1.8,856.9382,60,-218.1432,0,-1,0,0;
custom,cuboid,stone2,6,1,24,1,1,1,1,0.6,2.4,1006.938,60,-98.14323,0,-0.7071068,0,-0.7071068;
custom,cuboid,stone2,6,1,24,1,1,1,1,0.6,2.4,1156.938,60,51.85677,0,-1,0,0;
custom,cuboid,stone2,6,1,54,1,1,1,1,0.6,5.4,856.938,60,201.8568,0,-0.7071068,0,-0.7071068;
custom,cuboid,stone2,6,1,24,1,1,1,1,0.6,2.4,556.938,60,351.8567,0,-1,0,0;
custom,cuboid,stone2,6,1,36,1,1,1,1,0.6,3.6,346.938,60,501.8567,0,-0.7071068,0,-0.7071068;
custom,cuboid,stone2,6,1,18,1,1,1,1,0.6,1.8,136.938,60,381.8567,0,-1,0,0;
custom,cuboid,stone2,6,1,24,1,1,1,1,0.6,2.4,286.938,60,261.8567,0,-0.7071068,0,-0.7071068;
custom,cuboid,stone2,6,1,18,1,1,1,1,0.6,1.8,436.938,60,141.8567,0,-1,0,0;
custom,cuboid,stone2,6,1,54,1,1,1,1,0.6,5.4,136.9381,60,21.85669,0,-0.7071068,0,-0.7071068;
custom,cuboid,stone2,6,1,54,1,1,1,1,0.6,5.4,-163.062,60,321.8567,0,-1,0,0;
custom,cuboid,stone2,6,1,24,1,1,1,1,0.6,2.4,-313.062,60,621.8567,0,-0.7071068,0,-0.7071068;
custom,cuboid,stone2,6,1,36,1,1,1,1,0.6,3.6,-463.062,60,411.8567,0,-1,0,0;
custom,cuboid,stone2,6,1,36,1,1,1,1,0.6,3.6,-523.062,60,411.8567,0,-1,0,0;
custom,cuboid,stone2,6,1,36,1,1,1,1,0.6,3.6,-583.062,60,411.8567,0,-1,0,0;
custom,cuboid,stone2,6,1,36,1,1,1,1,0.6,3.6,-643.062,60,411.8567,0,-1,0,0;
custom,cuboid,stone2,6,1,36,1,1,1,1,0.6,3.6,-703.062,60,411.8567,0,-1,0,0;
custom,cuboid,stone2,6,1,24,1,1,1,1,0.6,2.4,-853.062,60,141.8566,0,-0.7071068,0,-0.7071068;
custom,cuboid,stone2,6,1,24,1,1,1,1,0.6,2.4,-1003.062,60,-8.143463,0,-1,0,0;
custom,cuboid,stone2,6,1,36,1,1,1,1,0.6,3.6,-793.0618,60,-158.1434,0,-0.7071068,0,-0.7071068;
custom,cuboid,stone2,6,1,18,1,1,1,1,0.6,1.8,-583.0618,60,-38.14339,0,-1,0,0;
custom,cuboid,stone2,6,1,24,1,1,1,1,0.6,2.4,-433.062,60,81.85669,0,-0.7071068,0,-0.7071068;
custom,cuboid,stone2,6,1,24,1,1,1,1,0.6,2.4,-283.062,60,-68.14335,0,-1,0,0;
custom,cuboid,stone2,6,1,12,1,1,1,1,0.6,1.2,-373.0619,60,-218.1434,0,-0.7071068,0,-0.7071068;
custom,cuboid,stone2,6,1,12,1,1,1,1,0.6,1.2,-463.0619,60,-308.1434,0,-1,0,0;
custom,cuboid,stone2,6,1,54,1,1,1,1,0.6,5.4,-763.0618,60,-398.1434,0,-0.7071068,0,-0.7071068;
custom,cuboid,stone2,6,1,6,1,1,1,1,0.6,0.6,-1063.062,60,-458.1434,0,-0.7071068,0,-0.7071068;
custom,cuboid,stone2,6,1,54,1,1,1,1,0.6,5.4,-763.0621,60,-518.1434,0,-0.7071068,0,-0.7071068;
custom,cuboid,stone2,6,1,12,1,1,1,1,0.6,1.2,-463.0619,60,-608.1434,0,-1,0,0;
custom,cuboid,stone2,6,1,18,1,1,1,1,0.6,1.8,-343.0619,60,-698.1434,0,-0.7071068,0,-0.7071068;
custom,cuboid,stone2,6,1,24,1,1,1,1,0.6,2.4,-223.062,60,-548.1434,0,-1,0,0;
custom,cuboid,stone2,6,1,12,1,1,1,1,0.6,1.2,-133.062,60,-398.1434,0,-0.7071068,0,-0.7071068;
custom,cuboid,stone2,6,1,18,1,1,1,1,0.6,1.8,-43.06198,60,-278.1434,0,-1,0,0;
custom,cuboid,stone2,6,1,12,1,1,1,1,0.6,1.2,46.938,60,-158.1434,0,-0.7071068,0,-0.7071068;
custom,cuboid,stone2,6,1,54,1,1,1,1,0.6,5.4,136.938,60,-458.1433,0,-1,0,0;
custom,cuboid,stone2,6,1,6,1,1,1,1,0.6,0.6,76.93806,60,-758.1433,0,-1,0,0;
custom,cuboid,stone2,6,1,18,1,1,1,1,0.6,1.8,16.93806,60,-638.1434,0,-1,0,0;
custom,cuboid,stone2,6,1,24,1,1,1,1,0.6,2.4,-103.062,60,-668.1434,0,-1,0,0;
custom,cuboid,stone2,6,1,6,1,1,1,1,0.6,0.6,-43.06198,60,-518.1434,0,-1,0,0;
custom,cuboid,stone2,6,1,6,1,1,1,1,0.6,0.6,-163.062,60,-818.1434,0,-1,0,0;
custom,cuboid,stone2,6,1,42,1,1,1,1,0.6,4.2,-403.0619,60,-878.1434,0,-0.7071068,0,-0.7071068;
custom,cuboid,stone2,6,1,12,1,1,1,1,0.6,1.2,-643.0621,60,-788.1434,0,-1,0,0;
custom,cuboid,stone2,6,1,42,1,1,1,1,0.6,4.2,-883.0621,60,-698.1434,0,-0.7071068,0,-0.7071068;
custom,cuboid,stone2,6,1,24,1,1,1,1,0.6,2.4,-1123.062,60,-848.1434,0,-1,0,0;
custom,cuboid,stone2,6,1,54,1,1,1,1,0.6,5.4,-823.0618,60,-998.1434,0,-0.7071068,0,-0.7071068;
custom,cuboid,stone2,6,1,18,1,1,1,1,0.6,1.8,-523.0618,60,-1118.143,0,-1,0,0;
custom,cuboid,stone2,6,1,36,1,1,1,1,0.6,3.6,-313.0618,60,-1238.143,0,-0.7071068,0,-0.7071068;
custom,cuboid,stone2,6,1,18,1,1,1,1,0.6,1.8,-103.0618,60,-1118.143,0,-1,0,0;
custom,cuboid,stone2,6,1,48,1,1,1,1,0.6,4.8,166.9382,60,-998.1433,0,-0.7071068,0,-0.7071068;
custom,cuboid,stone2,6,1,6,1,1,1,1,0.6,0.6,436.9382,60,-1058.143,0,-0.7071068,0,-0.7071068;
custom,cuboid,stone2,6,1,30,1,1,1,1,0.6,3,616.9382,60,-1118.143,0,-0.7071068,0,-0.7071068;
custom,cuboid,stone2,6,1,24,1,1,1,1,0.6,2.4,796.9382,60,-968.1433,0,-1,0,0;
custom,cuboid,stone2,6,1,24,1,1,1,1,0.6,2.4,946.9382,60,-818.1433,0,-0.7071068,0,-0.7071068;
custom,cuboid,stone2,6,1,54,1,1,1,1,0.6,5.4,1096.938,60,-518.1433,0,-1,0,0;
custom,cuboid,stone2,6,1,54,1,1,1,1,0.6,5.4,1396.938,60,-218.1433,0,-0.7071068,0,-0.7071068;
custom,cuboid,stone2,6,1,48,1,1,1,1,0.6,4.8,1696.938,60,-488.1433,0,-1,0,0;
custom,cuboid,stone2,6,1,42,1,1,1,1,0.6,4.2,1456.938,60,-758.1433,0,-0.7071068,0,-0.7071068;
custom,cuboid,stone2,6,1,36,1,1,1,1,0.6,3.6,1216.938,60,-548.1433,0,-1,0,0;
custom,cuboid,stone2,6,1,30,1,1,1,1,0.6,3,1396.938,60,-338.1433,0,-0.7071068,0,-0.7071068;
custom,cuboid,stone2,6,1,24,1,1,1,1,0.6,2.4,1576.938,60,-488.1433,0,-1,0,0;
custom,cuboid,stone2,6,1,18,1,1,1,1,0.6,1.8,1456.938,60,-638.1433,0,-0.7071068,0,-0.7071068;
custom,cuboid,stone2,6,1,12,1,1,1,1,0.6,1.2,1336.938,60,-548.1433,0,-1,0,0;
custom,cuboid,stone2,6,1,6,1,1,1,1,0.6,0.6,1396.938,60,-458.1433,0,-0.7071068,0,-0.7071068;
custom,cuboid,stone2,6,1,6,1,1,1,1,0.6,0.6,1096.938,60,-818.1433,0,-0.7071068,0,-0.7071068;
custom,cuboid,stone2,6,1,6,1,1,1,1,0.6,0.6,1216.938,60,-758.1433,0,-0.7071068,0,-0.7071068;
custom,cuboid,stone2,6,1,6,1,1,1,1,0.6,0.6,1216.938,60,-338.1433,0,-0.7071068,0,-0.7071068;
custom,cuboid,stone2,6,1,6,1,1,1,1,0.6,0.6,1576.938,60,-338.1433,0,-0.7071068,0,-0.7071068;
custom,cuboid,stone2,6,1,6,1,1,1,1,0.6,0.6,1156.938,60,-98.14323,0,-0.7071068,0,-0.7071068;
custom,cuboid,stone2,6,1,6,1,1,1,1,0.6,0.6,1696.938,60,-218.1433,0,-0.7071068,0,-0.7071068;
custom,cuboid,stone2,6,1,6,1,1,1,1,0.6,0.6,1696.938,60,-758.1433,0,-0.7071068,0,-0.7071068;
custom,cuboid,stone2,6,1,6,1,1,1,1,0.6,0.6,856.9382,60,-338.1432,0,-0.7071068,0,-0.7071068;
custom,cuboid,stone2,6,1,6,1,1,1,1,0.6,0.6,1096.938,60,-218.1433,0,-0.7071068,0,-0.7071068;
custom,cuboid,stone2,6,1,6,1,1,1,1,0.6,0.6,736.9381,60,-338.1433,0,-0.7071068,0,-0.7071068;
custom,cuboid,stone2,6,1,6,1,1,1,1,0.6,0.6,736.9382,60,-698.1433,0,-0.7071068,0,-0.7071068;
custom,cuboid,stone2,6,1,6,1,1,1,1,0.6,0.6,556.9382,60,-698.1433,0,-0.7071068,0,-0.7071068;
custom,cuboid,stone2,6,1,6,1,1,1,1,0.6,0.6,556.938,60,-98.14327,0,-0.7071068,0,-0.7071068;
custom,cuboid,stone2,6,1,6,1,1,1,1,0.6,0.6,1156.938,60,201.8568,0,-0.7071068,0,-0.7071068;
custom,cuboid,stone2,6,1,6,1,1,1,1,0.6,0.6,856.9382,60,-98.14323,0,-0.7071068,0,-0.7071068;
custom,cuboid,stone2,6,1,6,1,1,1,1,0.6,0.6,556.938,60,201.8567,0,-0.7071068,0,-0.7071068;
custom,cuboid,stone2,6,1,6,1,1,1,1,0.6,0.6,436.938,60,261.8567,0,-0.7071068,0,-0.7071068;
custom,cuboid,stone2,6,1,6,1,1,1,1,0.6,0.6,556.938,60,501.8567,0,-0.7071068,0,-0.7071068;
custom,cuboid,stone2,6,1,6,1,1,1,1,0.6,0.6,136.938,60,501.8567,0,-0.7071068,0,-0.7071068;
custom,cuboid,stone2,6,1,6,1,1,1,1,0.6,0.6,136.938,60,261.8567,0,-0.7071068,0,-0.7071068;
custom,cuboid,stone2,6,1,6,1,1,1,1,0.6,0.6,436.938,60,21.85669,0,-0.7071068,0,-0.7071068;
custom,cuboid,stone2,6,1,6,1,1,1,1,0.6,0.6,-163.062,60,21.85669,0,-0.7071068,0,-0.7071068;
custom,cuboid,stone2,6,1,6,1,1,1,1,0.6,0.6,-163.062,60,621.8567,0,-0.7071068,0,-0.7071068;
custom,cuboid,stone2,6,1,6,1,1,1,1,0.6,0.6,-703.062,60,201.8566,0,-0.7071068,0,-0.7071068;
custom,cuboid,stone2,6,1,6,1,1,1,1,0.6,0.6,-583.0618,60,81.85661,0,-0.7071068,0,-0.7071068;
custom,cuboid,stone2,6,1,6,1,1,1,1,0.6,0.6,-283.062,60,81.85669,0,-0.7071068,0,-0.7071068;
custom,cuboid,stone2,6,1,6,1,1,1,1,0.6,0.6,-283.0619,60,-218.1434,0,-0.7071068,0,-0.7071068;
custom,cuboid,stone2,6,1,6,1,1,1,1,0.6,0.6,-463.0619,60,-218.1434,0,-0.7071068,0,-0.7071068;
custom,cuboid,stone2,6,1,6,1,1,1,1,0.6,0.6,-463.0619,60,-398.1434,0,-0.7071068,0,-0.7071068;
custom,cuboid,stone2,6,1,6,1,1,1,1,0.6,0.6,-463.062,60,-518.1434,0,-0.7071068,0,-0.7071068;
custom,cuboid,stone2,6,1,6,1,1,1,1,0.6,0.6,-463.0619,60,-698.1433,0,-0.7071068,0,-0.7071068;
custom,cuboid,stone2,6,1,6,1,1,1,1,0.6,0.6,-223.0619,60,-698.1434,0,-0.7071068,0,-0.7071068;
custom,cuboid,stone2,6,1,6,1,1,1,1,0.6,0.6,16.93806,60,-758.1433,0,-0.7071068,0,-0.7071068;
custom,cuboid,stone2,6,1,6,1,1,1,1,0.6,0.6,136.938,60,-758.1433,0,-0.7071068,0,-0.7071068;
custom,cuboid,stone2,6,1,6,1,1,1,1,0.6,0.6,256.9381,60,-98.14327,0,-0.7071068,0,-0.7071068;
custom,cuboid,stone2,6,1,6,1,1,1,1,0.6,0.6,136.938,60,-158.1434,0,-0.7071068,0,-0.7071068;
custom,cuboid,stone2,6,1,6,1,1,1,1,0.6,0.6,-43.06198,60,-158.1434,0,-0.7071068,0,-0.7071068;
custom,cuboid,stone2,6,1,6,1,1,1,1,0.6,0.6,-43.06198,60,-398.1433,0,-0.7071068,0,-0.7071068;
custom,cuboid,stone2,6,1,6,1,1,1,1,0.6,0.6,-223.062,60,-398.1434,0,-0.7071068,0,-0.7071068;
custom,cuboid,stone2,6,1,6,1,1,1,1,0.6,0.6,16.93804,60,-518.1434,0,-0.7071068,0,-0.7071068;
custom,cuboid,stone2,6,1,6,1,1,1,1,0.6,0.6,-103.062,60,-518.1434,0,-0.7071068,0,-0.7071068;
custom,cuboid,stone2,6,1,6,1,1,1,1,0.6,0.6,-103.0619,60,-818.1434,0,-0.7071068,0,-0.7071068;
custom,cuboid,stone2,6,1,6,1,1,1,1,0.6,0.6,-163.062,60,-878.1434,0,-0.7071068,0,-0.7071068;
custom,cuboid,stone2,6,1,6,1,1,1,1,0.6,0.6,-523.0618,60,-998.1434,0,-0.7071068,0,-0.7071068;
custom,cuboid,stone2,6,1,6,1,1,1,1,0.6,0.6,-643.0621,60,-878.1434,0,-0.7071068,0,-0.7071068;
custom,cuboid,stone2,6,1,6,1,1,1,1,0.6,0.6,-643.0621,60,-698.1434,0,-0.7071068,0,-0.7071068;
custom,cuboid,stone2,6,1,6,1,1,1,1,0.6,0.6,-1123.062,60,-698.1434,0,-0.7071068,0,-0.7071068;
custom,cuboid,stone2,6,1,6,1,1,1,1,0.6,0.6,-1123.062,60,-998.1433,0,-0.7071068,0,-0.7071068;
custom,cuboid,stone2,6,1,6,1,1,1,1,0.6,0.6,-1063.062,60,-518.1434,0,-0.7071068,0,-0.7071068;
custom,cuboid,stone2,6,1,6,1,1,1,1,0.6,0.6,-1063.062,60,-398.1434,0,-0.7071068,0,-0.7071068;
custom,cuboid,stone2,6,1,6,1,1,1,1,0.6,0.6,-1003.062,60,-158.1434,0,-0.7071068,0,-0.7071068;
custom,cuboid,stone2,6,1,6,1,1,1,1,0.6,0.6,-1003.062,60,141.8565,0,-0.7071068,0,-0.7071068;
custom,cuboid,stone2,6,1,6,1,1,1,1,0.6,0.6,-583.0618,60,-158.1434,0,-0.7071068,0,-0.7071068;
custom,cuboid,stone2,6,1,6,1,1,1,1,0.6,0.6,-463.062,60,621.8567,0,-0.7071068,0,-0.7071068;
custom,cuboid,stone2,6,1,6,1,1,1,1,0.6,0.6,-703.062,60,141.8566,0,-0.7071068,0,-0.7071068;
custom,cuboid,stone2,6,1,12,1,1,1,1,0.6,1.2,-493.062,60,201.8567,0,-0.7071068,0,-0.7071068;
custom,cuboid,stone2,6,1,12,1,1,1,1,0.6,1.2,-613.062,60,201.8566,0,-0.7071068,0,-0.7071068;
custom,cuboid,stone2,6,1,12,1,1,1,1,0.6,1.2,-553.062,60,621.8567,0,-0.7071068,0,-0.7071068;
custom,cuboid,stone2,6,1,12,1,1,1,1,0.6,1.2,-673.062,60,621.8567,0,-0.7071068,0,-0.7071068;
custom,cuboid,stone2,6,1,6,1,1,1,1,0.6,0.6,796.9382,60,-818.1433,0,-0.7071068,0,-0.7071068;
custom,cuboid,stone2,6,1,6,1,1,1,1,0.6,0.6,796.9382,60,-1118.143,0,-0.7071068,0,-0.7071068;
custom,cuboid,stone2,6,1,6,1,1,1,1,0.6,0.6,1576.938,60,-638.1433,0,-0.7071068,0,-0.7071068;
custom,cuboid,stone2,6,1,6,1,1,1,1,0.6,0.6,436.9382,60,-998.1434,0,-0.7071068,0,-0.7071068;
custom,cuboid,stone2,6,1,6,1,1,1,1,0.6,0.6,1336.938,60,-638.1433,0,-0.7071068,0,-0.7071068;
custom,cuboid,stone2,6,1,6,1,1,1,1,0.6,0.6,-523.0618,60,-1238.143,0,-0.7071068,0,-0.7071068;
custom,cuboid,stone2,6,1,6,1,1,1,1,0.6,0.6,1336.938,60,-458.1433,0,-0.7071068,0,-0.7071068;
custom,cuboid,stone2,6,1,6,1,1,1,1,0.6,0.6,436.9382,60,-1118.143,0,-0.7071068,0,-0.7071068;
custom,cuboid,stone2,6,1,6,1,1,1,1,0.6,0.6,-103.0618,60,-998.1433,0,-0.7071068,0,-0.7071068;
custom,cuboid,stone2,6,1,6,1,1,1,1,0.6,0.6,-103.0618,60,-1238.143,0,-0.7071068,0,-0.7071068;
custom,cuboid,transparent0.4,1,7,7,1,0.5,0.85,1,1,1,-103.0618,30,-1268.143,0,-0.7071068,0,-0.7071068;
custom,cuboid,transparent0.4,7,7,1,1,0.5,0.85,1,1,1,-73.06183,30,-1238.143,0,-0.7071068,0,-0.7071068;
custom,cuboid,transparent0.4,7,7,1,1,0.5,0.85,1,1,1,286.9381,30,-698.1433,0,-0.7071068,0,-0.7071068;
custom,cuboid,transparent0.4,7,7,1,1,0.5,0.85,1,1,1,226.9381,30,-698.1433,0,-0.7071068,0,-0.7071068;
custom,cuboid,transparent0.4,1,7,7,1,0.5,0.85,1,1,1,256.9381,30,-728.1433,0,-0.7071068,0,-0.7071068;
custom,cuboid,transparent0.4,55,7,1.000006,1,0.5,0.85,1,1,1,286.9381,30,-398.1432,0,-0.7071068,0,-0.7071068;
custom,cuboid,transparent0.4,55,7,1.000006,1,0.5,0.85,1,1,1,226.9381,30,-398.1432,0,-0.7071068,0,-0.7071068;
custom,cuboid,transparent0.4,1,7,25,1,0.5,0.85,1,1,1,406.938,30,-68.14327,0,-0.7071068,0,-0.7071068;
custom,cuboid,transparent0.4,1,7,25,1,0.5,0.85,1,1,1,406.938,30,-128.1433,0,-0.7071068,0,-0.7071068;
custom,cuboid,transparent0.4,55,7,1,1,0.5,0.85,1,1,1,586.938,30,-398.1432,0,-0.7071068,0,-0.7071068;
custom,cuboid,transparent0.4,55,7,1,1,0.5,0.85,1,1,1,526.938,30,-398.1432,0,-0.7071068,0,-0.7071068;
custom,cuboid,transparent0.4,1,7,13,1,0.5,0.85,1,1,1,646.9382,30,-668.1432,0,-0.7071068,0,-0.7071068;
custom,cuboid,transparent0.4,1,7,13,1,0.5,0.85,1,1,1,646.9382,30,-728.1432,0,-0.7071068,0,-0.7071068;
custom,cuboid,transparent0.4,31,7,1,1,0.5,0.85,1,1,1,766.9381,30,-518.1432,0,-0.7071068,0,-0.7071068;
custom,cuboid,transparent0.4,31,7,1,1,0.5,0.85,1,1,1,706.9381,30,-518.1432,0,-0.7071068,0,-0.7071068;
custom,cuboid,transparent0.4,1,7,7,1,0.5,0.85,1,1,1,796.9382,30,-308.1432,0,-0.7071068,0,-0.7071068;
custom,cuboid,transparent0.4,1,7,7,1,0.5,0.85,1,1,1,796.9382,30,-368.1432,0,-0.7071068,0,-0.7071068;
custom,cuboid,transparent0.4,19,7,1,1,0.5,0.85,1,1,1,886.9379,30,-218.1431,0,-0.7071068,0,-0.7071068;
custom,cuboid,transparent0.4,19,7,1,1,0.5,0.85,1,1,1,826.9379,30,-218.1431,0,-0.7071068,0,-0.7071068;
custom,cuboid,transparent0.4,1,7,25,1,0.5,0.85,1,1,1,1006.938,30,-68.14312,0,-0.7071068,0,-0.7071068;
custom,cuboid,transparent0.4,1,7,25,1,0.5,0.85,1,1,1,1006.938,30,-128.1431,0,-0.7071068,0,-0.7071068;
custom,cuboid,transparent0.4,25,7,1,1,0.5,0.85,1,1,1,1186.938,30,51.85692,0,-0.7071068,0,-0.7071068;
custom,cuboid,transparent0.4,25,7,1,1,0.5,0.85,1,1,1,1126.938,30,51.85692,0,-0.7071068,0,-0.7071068;
custom,cuboid,transparent0.4,1,7,55,1,0.5,0.85,1,1,1,856.9379,30,231.8571,0,-0.7071068,0,-0.7071068;
custom,cuboid,transparent0.4,1,7,55,1,0.5,0.85,1,1,1,856.9379,30,171.8571,0,-0.7071068,0,-0.7071068;
custom,cuboid,transparent0.4,25,7,1,1,0.5,0.85,1,1,1,586.938,30,351.8568,0,-0.7071068,0,-0.7071068;
custom,cuboid,transparent0.4,25,7,1,1,0.5,0.85,1,1,1,526.938,30,351.8568,0,-0.7071068,0,-0.7071068;
custom,cuboid,transparent0.4,1,7,37,1,0.5,0.85,1,1,1,346.938,30,531.8568,0,-0.7071068,0,-0.7071068;
custom,cuboid,transparent0.4,1,7,37,1,0.5,0.85,1,1,1,346.938,30,471.8568,0,-0.7071068,0,-0.7071068;
custom,cuboid,transparent0.4,19,7,1,1,0.5,0.85,1,1,1,166.938,30,381.8568,0,-0.7071068,0,-0.7071068;
custom,cuboid,transparent0.4,19,7,1,1,0.5,0.85,1,1,1,106.938,30,381.8568,0,-0.7071068,0,-0.7071068;
custom,cuboid,transparent0.4,1,7,25,1,0.5,0.85,1,1,1,286.938,30,291.8568,0,-0.7071068,0,-0.7071068;
custom,cuboid,transparent0.4,1,7,25,1,0.5,0.85,1,1,1,286.938,30,231.8568,0,-0.7071068,0,-0.7071068;
custom,cuboid,transparent0.4,19,7,1,1,0.5,0.85,1,1,1,466.938,30,141.8568,0,-0.7071068,0,-0.7071068;
custom,cuboid,transparent0.4,19,7,1,1,0.5,0.85,1,1,1,406.938,30,141.8568,0,-0.7071068,0,-0.7071068;
custom,cuboid,transparent0.4,1,7,55,1,0.5,0.85,1,1,1,136.938,30,51.85684,0,-0.7071068,0,-0.7071068;
custom,cuboid,transparent0.4,1,7,55,1,0.5,0.85,1,1,1,136.938,30,-8.143158,0,-0.7071068,0,-0.7071068;
custom,cuboid,transparent0.4,55,7,1.000004,1,0.5,0.85,1,1,1,-133.062,30,321.8568,0,-0.7071068,0,-0.7071068;
custom,cuboid,transparent0.4,55,7,1.000004,1,0.5,0.85,1,1,1,-193.062,30,321.8568,0,-0.7071068,0,-0.7071068;
custom,cuboid,transparent0.4,1,7,25,1,0.5,0.85,1,1,1,-313.062,30,651.8568,0,-0.7071068,0,-0.7071068;
custom,cuboid,transparent0.4,1,7,25,1,0.5,0.85,1,1,1,-313.062,30,591.8568,0,-0.7071068,0,-0.7071068;
custom,cuboid,transparent0.4,37,3.4,1,1,0.5,0.85,1,1,1,-493.062,30,411.8568,0,-0.7071068,0,-0.7071068;
custom,cuboid,transparent0.4,37,3.4,1,1,0.5,0.85,1,1,1,-553.062,30,411.8567,0,-0.7071068,0,-0.7071068;
custom,cuboid,transparent0.4,37,3.4,1,1,0.5,0.85,1,1,1,-613.062,30,411.8567,0,-0.7071068,0,-0.7071068;
custom,cuboid,transparent0.4,37,3.4,1,1,0.5,0.85,1,1,1,-673.062,30,411.8567,0,-0.7071068,0,-0.7071068;
custom,cuboid,transparent0.4,1,7,25,1,0.5,0.85,1,1,1,-853.0621,30,171.8566,0,-0.7071068,0,-0.7071068;
custom,cuboid,transparent0.4,1,7,25,1,0.5,0.85,1,1,1,-853.0621,30,111.8566,0,-0.7071068,0,-0.7071068;
custom,cuboid,transparent0.4,25,7,1,1,0.5,0.85,1,1,1,-973.0618,30,-8.143463,0,-0.7071068,0,-0.7071068;
custom,cuboid,transparent0.4,25,7,1,1,0.5,0.85,1,1,1,-1033.062,30,-8.143463,0,-0.7071068,0,-0.7071068;
custom,cuboid,transparent0.4,1,7,37,1,0.5,0.85,1,1,1,-793.0618,30,-128.1434,0,-0.7071068,0,-0.7071068;
custom,cuboid,transparent0.4,1,7,37,1,0.5,0.85,1,1,1,-793.0618,30,-188.1434,0,-0.7071068,0,-0.7071068;
custom,cuboid,transparent0.4,19,7,1,1,0.5,0.85,1,1,1,-553.0618,30,-38.14339,0,-0.7071068,0,-0.7071068;
custom,cuboid,transparent0.4,19,7,1,1,0.5,0.85,1,1,1,-613.0618,30,-38.14339,0,-0.7071068,0,-0.7071068;
custom,cuboid,transparent0.4,1,7,25,1,0.5,0.85,1,1,1,-433.062,30,111.8567,0,-0.7071068,0,-0.7071068;
custom,cuboid,transparent0.4,1,7,25,1,0.5,0.85,1,1,1,-433.062,30,51.85669,0,-0.7071068,0,-0.7071068;
custom,cuboid,transparent0.4,25,7,1.000003,1,0.5,0.85,1,1,1,-253.062,30,-68.14339,0,-0.7071068,0,-0.7071068;
custom,cuboid,transparent0.4,25,7,1.000003,1,0.5,0.85,1,1,1,-313.062,30,-68.14339,0,-0.7071068,0,-0.7071068;
custom,cuboid,transparent0.4,1,7,13,1,0.5,0.85,1,1,1,-373.062,30,-188.1434,0,-0.7071068,0,-0.7071068;
custom,cuboid,transparent0.4,1,7,13,1,0.5,0.85,1,1,1,-373.062,30,-248.1434,0,-0.7071068,0,-0.7071068;
custom,cuboid,transparent0.4,12.99999,7,1,1,0.5,0.85,1,1,1,-433.0619,30,-308.1434,0,-0.7071068,0,-0.7071068;
custom,cuboid,transparent0.4,12.99999,7,1,1,0.5,0.85,1,1,1,-493.0619,30,-308.1434,0,-0.7071068,0,-0.7071068;
custom,cuboid,transparent0.4,1,7,55,1,0.5,0.85,1,1,1,-763.0618,30,-368.1433,0,-0.7071068,0,-0.7071068;
custom,cuboid,transparent0.4,1,7,55,1,0.5,0.85,1,1,1,-763.0618,30,-428.1433,0,-0.7071068,0,-0.7071068;
custom,cuboid,transparent0.4,7,7,1,1,0.5,0.85,1,1,1,-1093.062,30,-458.1433,0,-0.7071068,0,-0.7071068;
custom,cuboid,transparent0.4,7,7,1,1,0.5,0.85,1,1,1,-1033.062,30,-458.1433,0,-0.7071068,0,-0.7071068;
custom,cuboid,transparent0.4,1,7,55,1,0.5,0.85,1,1,1,-763.0621,30,-488.1433,0,-0.7071068,0,-0.7071068;
custom,cuboid,transparent0.4,1,7,55,1,0.5,0.85,1,1,1,-763.0621,30,-548.1432,0,-0.7071068,0,-0.7071068;
custom,cuboid,transparent0.4,13,7,1,1,0.5,0.85,1,1,1,-433.062,30,-608.1433,0,-0.7071068,0,-0.7071068;
custom,cuboid,transparent0.4,13,7,1,1,0.5,0.85,1,1,1,-493.062,30,-608.1433,0,-0.7071068,0,-0.7071068;
custom,cuboid,transparent0.4,1,7,54.99999,1,0.5,0.85,1,1,1,-823.0618,30,-968.1434,0,-0.7071068,0,-0.7071068;
custom,cuboid,transparent0.4,1,7,54.99999,1,0.5,0.85,1,1,1,-823.0618,30,-1028.143,0,-0.7071068,0,-0.7071068;
custom,cuboid,transparent0.4,19,7,1,1,0.5,0.85,1,1,1,-493.0618,30,-1118.143,0,-0.7071068,0,-0.7071068;
custom,cuboid,transparent0.4,19,7,1,1,0.5,0.85,1,1,1,-553.0618,30,-1118.143,0,-0.7071068,0,-0.7071068;
custom,cuboid,transparent0.4,1,7,37,1,0.5,0.85,1,1,1,-313.0618,30,-1208.143,0,-0.7071068,0,-0.7071068;
custom,cuboid,transparent0.4,1,7,37,1,0.5,0.85,1,1,1,-313.0618,30,-1268.143,0,-0.7071068,0,-0.7071068;
custom,cuboid,transparent0.4,19,7,1.000001,1,0.5,0.85,1,1,1,-73.06183,30,-1118.143,0,-0.7071068,0,-0.7071068;
custom,cuboid,transparent0.4,19,7,1.000001,1,0.5,0.85,1,1,1,-133.0618,30,-1118.143,0,-0.7071068,0,-0.7071068;
custom,cuboid,transparent0.4,1,7,49,1,0.5,0.85,1,1,1,166.9382,30,-968.1433,0,-0.7071068,0,-0.7071068;
custom,cuboid,transparent0.4,1,7,49,1,0.5,0.85,1,1,1,166.9382,30,-1028.143,0,-0.7071068,0,-0.7071068;
custom,cuboid,transparent0.4,7,7,1,1,0.5,0.85,1,1,1,406.9382,30,-1058.143,0,-0.7071068,0,-0.7071068;
custom,cuboid,transparent0.4,7,7,1,1,0.5,0.85,1,1,1,466.9382,30,-1058.143,0,-0.7071068,0,-0.7071068;
custom,cuboid,transparent0.4,1,7,31,1,0.5,0.85,1,1,1,616.9382,30,-1088.143,0,-0.7071068,0,-0.7071068;
custom,cuboid,transparent0.4,1,7,31,1,0.5,0.85,1,1,1,616.9382,30,-1148.143,0,-0.7071068,0,-0.7071068;
custom,cuboid,transparent0.4,25,7,1,1,0.5,0.85,1,1,1,826.9379,30,-968.1433,0,-0.7071068,0,-0.7071068;
custom,cuboid,transparent0.4,25,7,1,1,0.5,0.85,1,1,1,766.938,30,-968.1433,0,-0.7071068,0,-0.7071068;
custom,cuboid,transparent0.4,1,7,25,1,0.5,0.85,1,1,1,946.9382,30,-788.1433,0,-0.7071068,0,-0.7071068;
custom,cuboid,transparent0.4,1,7,25,1,0.5,0.85,1,1,1,946.9382,30,-848.1433,0,-0.7071068,0,-0.7071068;
custom,cuboid,transparent0.4,1,7,7,1,0.5,0.85,1,1,1,1396.938,30,-428.1432,0,-0.7071068,0,-0.7071068;
custom,cuboid,transparent0.4,1,7,7,1,0.5,0.85,1,1,1,1396.938,30,-488.1432,0,-0.7071068,0,-0.7071068;
custom,cuboid,transparent0.4,7,7,1,1,0.5,0.85,1,1,1,1426.938,30,-458.1432,0,-0.7071068,0,-0.7071068;
custom,cuboid,transparent0.4,1,7,7,1,0.5,0.85,1,1,1,1096.938,30,-848.1433,0,-0.7071068,0,-0.7071068;
custom,cuboid,transparent0.4,7,7,1,1,0.5,0.85,1,1,1,1126.938,30,-818.1433,0,-0.7071068,0,-0.7071068;
custom,cuboid,transparent0.4,7,7,1,1,0.5,0.85,1,1,1,1186.938,30,-758.1433,0,-0.7071068,0,-0.7071068;
custom,cuboid,transparent0.4,1,7,7,1,0.5,0.85,1,1,1,1156.938,30,-128.1431,0,-0.7071068,0,-0.7071068;
custom,cuboid,transparent0.4,7,7,1,1,0.5,0.85,1,1,1,1186.938,30,-98.14312,0,-0.7071068,0,-0.7071068;
custom,cuboid,transparent0.4,1,7,7.000006,1,0.5,0.85,1,1,1,856.9381,30,-368.1432,0,-0.7071068,0,-0.7071068;
custom,cuboid,transparent0.4,7,7,1,1,0.5,0.85,1,1,1,886.9381,30,-338.1432,0,-0.7071068,0,-0.7071068;
custom,cuboid,transparent0.4,7,7,1,1,0.5,0.85,1,1,1,706.938,30,-338.1432,0,-0.7071068,0,-0.7071068;
custom,cuboid,transparent0.4,1,7,7,1,0.5,0.85,1,1,1,736.938,30,-308.1432,0,-0.7071068,0,-0.7071068;
custom,cuboid,transparent0.4,1,7,7,1,0.5,0.85,1,1,1,736.9382,30,-728.1432,0,-0.7071068,0,-0.7071068;
custom,cuboid,transparent0.4,7,7,1,1,0.5,0.85,1,1,1,766.9382,30,-698.1432,0,-0.7071068,0,-0.7071068;
custom,cuboid,transparent0.4,7,7,1,1,0.5,0.85,1,1,1,526.938,30,-698.1432,0,-0.7071068,0,-0.7071068;
custom,cuboid,transparent0.4,1,7,7,1,0.5,0.85,1,1,1,556.9382,30,-728.1432,0,-0.7071068,0,-0.7071068;
custom,cuboid,transparent0.4,1,7,7,1,0.5,0.85,1,1,1,556.9379,30,-68.14323,0,-0.7071068,0,-0.7071068;
custom,cuboid,transparent0.4,7,7,1,1,0.5,0.85,1,1,1,586.9379,30,-98.14323,0,-0.7071068,0,-0.7071068;
custom,cuboid,transparent0.4,1,7,7,1,0.5,0.85,1,1,1,1156.938,30,231.8569,0,-0.7071068,0,-0.7071068;
custom,cuboid,transparent0.4,7,7,1,1,0.5,0.85,1,1,1,1186.938,30,201.8569,0,-0.7071068,0,-0.7071068;
custom,cuboid,transparent0.4,7,7,1,1,0.5,0.85,1,1,1,826.9379,30,-98.14312,0,-0.7071068,0,-0.7071068;
custom,cuboid,transparent0.4,1,7,7,1,0.5,0.85,1,1,1,856.9379,30,-68.14312,0,-0.7071068,0,-0.7071068;
custom,cuboid,transparent0.4,7,7,1,1,0.5,0.85,1,1,1,526.938,30,201.8568,0,-0.7071068,0,-0.7071068;
custom,cuboid,transparent0.4,1,7,7,1,0.5,0.85,1,1,1,556.9379,30,171.8568,0,-0.7071068,0,-0.7071068;
custom,cuboid,transparent0.4,1,7,7,1,0.5,0.85,1,1,1,436.938,30,291.8568,0,-0.7071068,0,-0.7071068;
custom,cuboid,transparent0.4,7,7,1,1,0.5,0.85,1,1,1,466.938,30,261.8568,0,-0.7071068,0,-0.7071068;
custom,cuboid,transparent0.4,1,7,7,1,0.5,0.85,1,1,1,556.938,30,531.8568,0,-0.7071068,0,-0.7071068;
custom,cuboid,transparent0.4,7,7,1,1,0.5,0.85,1,1,1,586.938,30,501.8568,0,-0.7071068,0,-0.7071068;
custom,cuboid,transparent0.4,7,7,1,1,0.5,0.85,1,1,1,106.938,30,501.8568,0,-0.7071068,0,-0.7071068;
custom,cuboid,transparent0.4,1,7,7,1,0.5,0.85,1,1,1,136.938,30,531.8568,0,-0.7071068,0,-0.7071068;
custom,cuboid,transparent0.4,7,7,1,1,0.5,0.85,1,1,1,106.938,30,261.8568,0,-0.7071068,0,-0.7071068;
custom,cuboid,transparent0.4,1,7,7.000001,1,0.5,0.85,1,1,1,136.938,30,231.8568,0,-0.7071068,0,-0.7071068;
custom,cuboid,transparent0.4,1,7,7,1,0.5,0.85,1,1,1,436.938,30,-8.143311,0,-0.7071068,0,-0.7071068;
custom,cuboid,transparent0.4,7,7,1,1,0.5,0.85,1,1,1,466.938,30,21.85669,0,-0.7071068,0,-0.7071068;
custom,cuboid,transparent0.4,7,7,1,1,0.5,0.85,1,1,1,-193.062,30,21.85669,0,-0.7071068,0,-0.7071068;
custom,cuboid,transparent0.4,1,7,7,1,0.5,0.85,1,1,1,-163.062,30,-8.143311,0,-0.7071068,0,-0.7071068;
custom,cuboid,transparent0.4,1,7,7,1,0.5,0.85,1,1,1,-163.062,30,651.8568,0,-0.7071068,0,-0.7071068;
custom,cuboid,transparent0.4,7,7,1,1,0.5,0.85,1,1,1,-133.062,30,621.8568,0,-0.7071068,0,-0.7071068;
custom,cuboid,transparent0.4,7,7,1,1,0.5,0.85,1,1,1,-733.062,30,201.8566,0,-0.7071068,0,-0.7071068;
custom,cuboid,transparent0.4,7,7,1,1,0.5,0.85,1,1,1,-673.062,30,201.8566,0,-0.7071068,0,-0.7071068;
custom,cuboid,transparent0.4,7,7,1,1,0.5,0.85,1,1,1,-613.0618,30,81.85661,0,-0.7071068,0,-0.7071068;
custom,cuboid,transparent0.4,1,7,7,1,0.5,0.85,1,1,1,-583.062,30,111.8566,0,-0.7071068,0,-0.7071068;
custom,cuboid,transparent0.4,1,7,7,1,0.5,0.85,1,1,1,-283.062,30,111.8567,0,-0.7071068,0,-0.7071068;
custom,cuboid,transparent0.4,7,7,1,1,0.5,0.85,1,1,1,-253.062,30,81.85669,0,-0.7071068,0,-0.7071068;
custom,cuboid,transparent0.4,1,7,7,1,0.5,0.85,1,1,1,-283.062,30,-248.1432,0,-0.7071068,0,-0.7071068;
custom,cuboid,transparent0.4,7,7,1,1,0.5,0.85,1,1,1,-253.062,30,-218.1432,0,-0.7071068,0,-0.7071068;
custom,cuboid,transparent0.4,7,7,1,1,0.5,0.85,1,1,1,-493.0619,30,-218.1434,0,-0.7071068,0,-0.7071068;
custom,cuboid,transparent0.4,1,7,7,1,0.5,0.85,1,1,1,-463.0619,30,-188.1434,0,-0.7071068,0,-0.7071068;
custom,cuboid,transparent0.4,1,7,7,1,0.5,0.85,1,1,1,-463.0619,30,-428.1433,0,-0.7071068,0,-0.7071068;
custom,cuboid,transparent0.4,7,7,1,1,0.5,0.85,1,1,1,-433.0619,30,-398.1433,0,-0.7071068,0,-0.7071068;
custom,cuboid,transparent0.4,1,7,7,1,0.5,0.85,1,1,1,-463.0621,30,-488.1433,0,-0.7071068,0,-0.7071068;
custom,cuboid,transparent0.4,7,7,1,1,0.5,0.85,1,1,1,-433.0621,30,-518.1433,0,-0.7071068,0,-0.7071068;
custom,cuboid,transparent0.4,7,7,1,1,0.5,0.85,1,1,1,-493.062,30,-698.1433,0,-0.7071068,0,-0.7071068;
custom,cuboid,transparent0.4,7,7,1,1,0.5,0.85,1,1,1,226.938,30,-98.14312,0,-0.7071068,0,-0.7071068;
custom,cuboid,transparent0.4,1,7,7,1,0.5,0.85,1,1,1,256.938,30,-68.14312,0,-0.7071068,0,-0.7071068;
custom,cuboid,transparent0.4,1,7,7,1,0.5,0.85,1,1,1,-523.0618,30,-968.1433,0,-0.7071068,0,-0.7071068;
custom,cuboid,transparent0.4,7,7,1,1,0.5,0.85,1,1,1,-493.0619,30,-998.1433,0,-0.7071068,0,-0.7071068;
custom,cuboid,transparent0.4,7,7,1,1,0.5,0.85,1,1,1,-1093.062,30,-518.1434,0,-0.7071068,0,-0.7071068;
custom,cuboid,transparent0.4,1,7,7,1,0.5,0.85,1,1,1,-1063.062,30,-548.1434,0,-0.7071068,0,-0.7071068;
custom,cuboid,transparent0.4,7,7,1,1,0.5,0.85,1,1,1,-1093.062,30,-398.1432,0,-0.7071068,0,-0.7071068;
custom,cuboid,transparent0.4,1,7,7,1,0.5,0.85,1,1,1,-1063.062,30,-368.1432,0,-0.7071068,0,-0.7071068;
custom,cuboid,transparent0.4,7,7,1,1,0.5,0.85,1,1,1,-1033.062,30,-158.1434,0,-0.7071068,0,-0.7071068;
custom,cuboid,transparent0.4,1,7,7,1,0.5,0.85,1,1,1,-1003.062,30,-188.1434,0,-0.7071068,0,-0.7071068;
custom,cuboid,transparent0.4,7,7,1,1,0.5,0.85,1,1,1,-1033.062,30,141.8565,0,-0.7071068,0,-0.7071068;
custom,cuboid,transparent0.4,1,7,7,1,0.5,0.85,1,1,1,-1003.062,30,171.8565,0,-0.7071068,0,-0.7071068;
custom,cuboid,transparent0.4,1,7,7,1,0.5,0.85,1,1,1,-583.0618,30,-188.1434,0,-0.7071068,0,-0.7071068;
custom,cuboid,transparent0.4,7,7,1,1,0.5,0.85,1,1,1,-553.0618,30,-158.1434,0,-0.7071068,0,-0.7071068;
custom,cuboid,transparent0.4,7,7,1,1,0.5,0.85,1,1,1,-493.062,30,621.8568,0,-0.7071068,0,-0.7071068;
custom,cuboid,transparent0.4,1,7,7,1,0.5,0.85,1,1,1,-703.062,30,111.8566,0,-0.7071068,0,-0.7071068;
custom,cuboid,transparent0.4,7,7,1,1,0.5,0.85,1,1,1,-673.062,30,141.8566,0,-0.7071068,0,-0.7071068;
custom,cuboid,transparent0.4,7,7,1,1,0.5,0.85,1,1,1,-553.062,30,201.8566,0,-0.7071068,0,-0.7071068;
custom,cuboid,transparent0.4,7,7,1,1,0.5,0.85,1,1,1,-673.062,30,201.8566,0,-0.7071068,0,-0.7071068;
custom,cuboid,transparent0.4,7,7,1,1,0.5,0.85,1,1,1,-553.062,30,201.8566,0,-0.7071068,0,-0.7071068;
custom,cuboid,transparent0.4,7,7,1,1,0.5,0.85,1,1,1,-613.062,30,621.8567,0,-0.7071068,0,-0.7071068;
custom,cuboid,transparent0.4,7,7,1,1,0.5,0.85,1,1,1,-493.062,30,621.8567,0,-0.7071068,0,-0.7071068;
custom,cuboid,transparent0.4,7,7,1,1,0.5,0.85,1,1,1,-613.062,30,621.8567,0,-0.7071068,0,-0.7071068;
custom,cuboid,transparent0.4,7,7,1,1,0.5,0.85,1,1,1,766.938,30,-818.1433,0,-0.7071068,0,-0.7071068;
custom,cuboid,transparent0.4,1,7,7,1,0.5,0.85,1,1,1,796.9379,30,-788.1433,0,-0.7071068,0,-0.7071068;
custom,cuboid,transparent0.4,1,7,7,1,0.5,0.85,1,1,1,796.9382,30,-1148.143,0,-0.7071068,0,-0.7071068;
custom,cuboid,transparent0.4,7,7,1,1,0.5,0.85,1,1,1,826.9382,30,-1118.143,0,-0.7071068,0,-0.7071068;
custom,cuboid,transparent0.4,1,7,7,1,0.5,0.85,1,1,1,436.9382,30,-968.1433,0,-0.7071068,0,-0.7071068;
custom,cuboid,transparent0.4,7,7,1,1,0.5,0.85,1,1,1,466.9382,30,-998.1433,0,-0.7071068,0,-0.7071068;
custom,cuboid,transparent0.4,7,7,1,1,0.5,0.85,1,1,1,-553.0618,30,-1238.143,0,-0.7071068,0,-0.7071068;
custom,cuboid,transparent0.4,1,7,7,1,0.5,0.85,1,1,1,-523.0618,30,-1268.143,0,-0.7071068,0,-0.7071068;
custom,cuboid,transparent0.4,7,7,1,1,0.5,0.85,1,1,1,406.9382,30,-1118.143,0,-0.7071068,0,-0.7071068;
custom,cuboid,transparent0.4,1,7,7,1,0.5,0.85,1,1,1,436.9382,30,-1148.143,0,-0.7071068,0,-0.7071068;
custom,cuboid,transparent0.4,7,7,1,1,0.5,0.85,1,1,1,-133.0618,30,-998.1433,0,-0.7071068,0,-0.7071068;
custom,cuboid,transparent0.4,1,7,7,1,0.5,0.85,1,1,1,-103.0618,30,-968.1433,0,-0.7071068,0,-0.7071068;
racing,killcuboid,1,7,19,-343.062,30,-668.1433,0,-0.7071068,0,-0.7071068;
racing,killcuboid,1,7,19,-343.062,30,-728.1433,0,-0.7071068,0,-0.7071068;
racing,killcuboid,25,7,1.000002,-193.062,30,-548.1433,0,-0.7071068,0,-0.7071068;
racing,killcuboid,25,7,1.000003,-253.062,30,-548.1433,0,-0.7071068,0,-0.7071068;
racing,killcuboid,1,7,13,-133.062,30,-368.1433,0,-0.7071068,0,-0.7071068;
racing,killcuboid,1,7,13,-133.062,30,-428.1433,0,-0.7071068,0,-0.7071068;
racing,killcuboid,19,7,1.000001,-13.062,30,-278.1434,0,-0.7071068,0,-0.7071068;
racing,killcuboid,19,7,1.000001,-73.06202,30,-278.1434,0,-0.7071068,0,-0.7071068;
racing,killcuboid,1,7,13,46.93796,30,-128.1432,0,-0.7071068,0,-0.7071068;
racing,killcuboid,1,7,13,46.93798,30,-188.1432,0,-0.7071068,0,-0.7071068;
racing,killcuboid,54.99999,7,1.000003,166.938,30,-458.1433,0,-0.7071068,0,-0.7071068;
racing,killcuboid,54.99999,7,1.000003,106.938,30,-458.1433,0,-0.7071068,0,-0.7071068;
racing,killcuboid,1,7,7,76.93802,30,-728.1433,0,-0.7071068,0,-0.7071068;
racing,killcuboid,1,7,7,76.93802,30,-788.1433,0,-0.7071068,0,-0.7071068;
racing,killcuboid,19,7,1,46.93804,30,-638.1432,0,-0.7071068,0,-0.7071068;
racing,killcuboid,19,7,1.000001,-13.06196,30,-638.1433,0,-0.7071068,0,-0.7071068;
racing,killcuboid,25,7,1.000002,-73.06202,30,-668.1433,0,-0.7071068,0,-0.7071068;
racing,killcuboid,25,7,1.000002,-133.062,30,-668.1433,0,-0.7071068,0,-0.7071068;
racing,killcuboid,1,7,7,-43.06198,30,-488.1433,0,-0.7071068,0,-0.7071068;
racing,killcuboid,1,7,7,-43.06196,30,-548.1433,0,-0.7071068,0,-0.7071068;
racing,killcuboid,1,7,7,-163.062,30,-788.1433,0,-0.7071068,0,-0.7071068;
racing,killcuboid,7,7,1,-193.062,30,-818.1433,0,-0.7071068,0,-0.7071068;
racing,killcuboid,1,7,43,-403.062,30,-848.1433,0,-0.7071068,0,-0.7071068;
racing,killcuboid,1,7,43,-403.062,30,-908.1433,0,-0.7071068,0,-0.7071068;
racing,killcuboid,13,7,1,-613.062,30,-788.1434,0,-0.7071068,0,-0.7071068;
racing,killcuboid,13,7,1,-673.062,30,-788.1434,0,-0.7071068,0,-0.7071068;
racing,killcuboid,1,7,43.00001,-883.062,30,-668.1434,0,-0.7071068,0,-0.7071068;
racing,killcuboid,1,7,43.00001,-883.062,30,-728.1433,0,-0.7071068,0,-0.7071068;
racing,killcuboid,25,7,1,-1093.062,30,-848.1433,0,-0.7071068,0,-0.7071068;
racing,killcuboid,25,7,1,-1153.062,30,-848.1433,0,-0.7071068,0,-0.7071068;
racing,killcuboid,1,7,7,-463.062,30,-728.1433,0,-0.7071068,0,-0.7071068;
racing,killcuboid,1,7,7,-223.062,30,-728.1433,0,-0.7071068,0,-0.7071068;
racing,killcuboid,7,7,1,-193.062,30,-698.1433,0,-0.7071068,0,-0.7071068;
racing,killcuboid,7,7,1,-13.06198,30,-758.1433,0,-0.7071068,0,-0.7071068;
racing,killcuboid,1,7,7,16.93802,30,-788.1433,0,-0.7071068,0,-0.7071068;
racing,killcuboid,1,7,7,136.938,30,-788.1433,0,-0.7071068,0,-0.7071068;
racing,killcuboid,7,7,1,166.938,30,-758.1433,0,-0.7071068,0,-0.7071068;
racing,killcuboid,1,7,7.000001,136.938,30,-128.1432,0,-0.7071068,0,-0.7071068;
racing,killcuboid,7,7,1,166.938,30,-158.1432,0,-0.7071068,0,-0.7071068;
racing,killcuboid,7,7,1,-73.06198,30,-158.1432,0,-0.7071068,0,-0.7071068;
racing,killcuboid,1,7,7,-43.06198,30,-128.1432,0,-0.7071068,0,-0.7071068;
racing,killcuboid,1,7,7,-43.06202,30,-428.1433,0,-0.7071068,0,-0.7071068;
racing,killcuboid,7,7,1,-13.06202,30,-398.1433,0,-0.7071068,0,-0.7071068;
racing,killcuboid,7,7,1,-253.062,30,-398.1433,0,-0.7071068,0,-0.7071068;
racing,killcuboid,1,7,7,-223.062,30,-368.1433,0,-0.7071068,0,-0.7071068;
racing,killcuboid,1,7,7,16.93802,30,-488.1433,0,-0.7071068,0,-0.7071068;
racing,killcuboid,7,7,1,46.93804,30,-518.1432,0,-0.7071068,0,-0.7071068;
racing,killcuboid,7,7,1,-133.062,30,-518.1433,0,-0.7071068,0,-0.7071068;
racing,killcuboid,1,7,7,-103.062,30,-488.1433,0,-0.7071068,0,-0.7071068;
racing,killcuboid,1,7,7,-103.062,30,-848.1433,0,-0.7071068,0,-0.7071068;
racing,killcuboid,7,7,1,-73.06198,30,-818.1433,0,-0.7071068,0,-0.7071068;
racing,killcuboid,1,7,7,-163.062,30,-908.1433,0,-0.7071068,0,-0.7071068;
racing,killcuboid,7,7,1,-133.062,30,-878.1433,0,-0.7071068,0,-0.7071068;
racing,killcuboid,7,7,1,-673.062,30,-878.1434,0,-0.7071068,0,-0.7071068;
racing,killcuboid,1,7,7,-643.062,30,-908.1434,0,-0.7071068,0,-0.7071068;
racing,killcuboid,1,7,7,-643.062,30,-668.1434,0,-0.7071068,0,-0.7071068;
racing,killcuboid,7,7,1,-613.062,30,-698.1434,0,-0.7071068,0,-0.7071068;
racing,killcuboid,7,7,1,-1153.062,30,-698.1433,0,-0.7071068,0,-0.7071068;
racing,killcuboid,1,7,7,-1123.062,30,-668.1434,0,-0.7071068,0,-0.7071068;
racing,killcuboid,7,7,1,-1153.062,30,-998.1433,0,-0.7071068,0,-0.7071068;
racing,killcuboid,1,7,7,-1123.062,30,-1028.143,0,-0.7071068,0,-0.7071068;
racing,killcuboid,55,7,1,1126.938,30,-518.1432,0,-0.7071068,0,-0.7071068;
racing,killcuboid,55,7,1,1066.938,30,-518.1432,0,-0.7071068,0,-0.7071068;
racing,killcuboid,1,7,55,1396.938,30,-188.1432,0,-0.7071068,0,-0.7071068;
racing,killcuboid,1,7,55,1396.938,30,-248.1432,0,-0.7071068,0,-0.7071068;
racing,killcuboid,49,7,1,1726.938,30,-488.1432,0,-0.7071068,0,-0.7071068;
racing,killcuboid,49,7,1,1666.938,30,-488.1432,0,-0.7071068,0,-0.7071068;
racing,killcuboid,1,7,43,1456.938,30,-728.1433,0,-0.7071068,0,-0.7071068;
racing,killcuboid,1,7,43,1456.938,30,-788.1433,0,-0.7071068,0,-0.7071068;
racing,killcuboid,37,7,1,1246.938,30,-548.1432,0,-0.7071068,0,-0.7071068;
racing,killcuboid,37,7,1,1186.938,30,-548.1432,0,-0.7071068,0,-0.7071068;
racing,killcuboid,1,7,31,1396.938,30,-308.1432,0,-0.7071068,0,-0.7071068;
racing,killcuboid,1,7,31,1396.938,30,-368.1432,0,-0.7071068,0,-0.7071068;
racing,killcuboid,25,7,1,1606.938,30,-488.1432,0,-0.7071068,0,-0.7071068;
racing,killcuboid,1,7,19,1456.938,30,-668.1432,0,-0.7071068,0,-0.7071068;
racing,killcuboid,13,7,1,1366.938,30,-548.1432,0,-0.7071068,0,-0.7071068;
racing,killcuboid,13,7,1,1306.938,30,-548.1432,0,-0.7071068,0,-0.7071068;
racing,killcuboid,1,7,7,1216.938,30,-788.1433,0,-0.7071068,0,-0.7071068;
racing,killcuboid,7,7,1,1186.938,30,-338.1432,0,-0.7071068,0,-0.7071068;
racing,killcuboid,1,7,7,1216.938,30,-308.1432,0,-0.7071068,0,-0.7071068;
racing,killcuboid,1,7,7,1576.938,30,-308.1432,0,-0.7071068,0,-0.7071068;
racing,killcuboid,7,7,1,1606.938,30,-338.1432,0,-0.7071068,0,-0.7071068;
racing,killcuboid,1,7,7,1696.938,30,-188.1432,0,-0.7071068,0,-0.7071068;
racing,killcuboid,7,7,1,1726.938,30,-218.1432,0,-0.7071068,0,-0.7071068;
racing,killcuboid,1,7,7,1696.938,30,-788.1433,0,-0.7071068,0,-0.7071068;
racing,killcuboid,7,7,1,1726.938,30,-758.1433,0,-0.7071068,0,-0.7071068;
racing,killcuboid,7,7,1,1066.938,30,-218.1432,0,-0.7071068,0,-0.7071068;
racing,killcuboid,1,7,7,1096.938,30,-188.1432,0,-0.7071068,0,-0.7071068;
racing,killcuboid,1,7,7,1576.938,30,-668.1432,0,-0.7071068,0,-0.7071068;
racing,killcuboid,7,7,1,1606.938,30,-638.1432,0,-0.7071068,0,-0.7071068;
racing,killcuboid,7,7,1,1306.938,30,-638.1432,0,-0.7071068,0,-0.7071068;
racing,killcuboid,1,7,7,1336.938,30,-668.1432,0,-0.7071068,0,-0.7071068;
racing,killcuboid,7,7,1,1306.938,30,-458.1432,0,-0.7071068,0,-0.7071068;
racing,killcuboid,1,7,7,1336.938,30,-428.1432,0,-0.7071068,0,-0.7071068;
racing,killcuboid,37,7,1,-433.062,30,411.8568,0,-0.7071068,0,-0.7071068;
racing,killcuboid,37,7,1,-733.062,30,411.8567,0,-0.7071068,0,-0.7071068;
racing,killcuboid,1,7,7,-463.062,30,651.8568,0,-0.7071068,0,-0.7071068;
racing,killcuboid,1,7,13,-493.062,30,171.8567,0,-0.7071068,0,-0.7071068;
racing,killcuboid,7,7,1,-433.062,30,201.8567,0,-0.7071068,0,-0.7071068;
racing,killcuboid,1,7,13,-613.062,30,171.8566,0,-0.7071068,0,-0.7071068;
racing,killcuboid,7,7,1,-733.062,30,621.8567,0,-0.7071068,0,-0.7071068;
racing,killcuboid,1,7,13,-553.062,30,651.8567,0,-0.7071068,0,-0.7071068;
racing,killcuboid,1,7,13,-673.062,30,651.8567,0,-0.7071068,0,-0.7071068;
racing,killcuboid,37,7,1,-493.062,30,411.8567,0,-0.7071068,0,-0.7071068;
racing,killcuboid,37,7,1,-553.062,30,411.8567,0,-0.7071068,0,-0.7071068;
racing,killcuboid,37,7,1,-613.062,30,411.8567,0,-0.7071068,0,-0.7071068;
racing,killcuboid,37,7,1,-673.062,30,411.8567,0,-0.7071068,0,-0.7071068;
racing,killcuboid,25,7,1,1546.938,30,-488.1432,0,-0.7071068,0,-0.7071068;
racing,killcuboid,1,7,19,1456.938,30,-608.1432,0,-0.7071068,0,-0.7071068;
custom,cylinder,ice1,2,3,2,1,1,1,1,2,6,-163.0619,30,-458.1433,0,-1,0,0;
custom,cylinder,cannonregionmat,2.1,3.1,2.1,1,1,1,1,1,1,-163.0619,30,-458.1433,0,-1,0,0;
custom,cylinder,ice1,2,3,2,1,1,1,1,2,6,-283.0618,30,-638.1434,0,-1,0,0;
custom,cylinder,cannonregionmat,2.1,3.1,2.1,1,1,1,1,1,1,-283.0618,30,-638.1434,0,-1,0,0;
custom,cylinder,ice1,2,3,2,1,1,1,1,2,6,-43.0619,30,-578.1433,0,-1,0,0;
custom,cylinder,cannonregionmat,2.1,3.1,2.1,1,1,1,1,1,1,-43.0619,30,-578.1433,0,-1,0,0;
custom,cylinder,ice1,2,3,2,1,1,1,1,2,6,76.93813,30,-698.1433,0,-1,0,0;
custom,cylinder,cannonregionmat,2.1,3.1,2.1,1,1,1,1,1,1,76.93813,30,-698.1433,0,-1,0,0;
custom,cylinder,ice1,2,3,2,1,1,1,1,2,6,76.93809,30,-218.1433,0,-1,0,0;
custom,cylinder,cannonregionmat,2.1,3.1,2.1,1,1,1,1,1,1,76.93809,30,-218.1433,0,-1,0,0;
custom,cylinder,ice1,2,3,2,1,1,1,1,2,6,16.9381,30,-218.1433,0,-1,0,0;
custom,cylinder,cannonregionmat,2.1,3.1,2.1,1,1,1,1,1,1,16.9381,30,-218.1433,0,-1,0,0;
custom,cylinder,ice1,2,3,2,1,1,1,1,2,6,-103.0619,30,-338.1433,0,-1,0,0;
custom,cylinder,cannonregionmat,2.1,3.1,2.1,1,1,1,1,1,1,-103.0619,30,-338.1433,0,-1,0,0;
custom,cylinder,ice1,2,3,2,1,1,1,1,2,6,-163.0619,30,-758.1433,0,-1,0,0;
custom,cylinder,cannonregionmat,2.1,3.1,2.1,1,1,1,1,1,1,-163.0619,30,-758.1433,0,-1,0,0;
custom,cylinder,ice1,2,3,2,1,1,1,1,2,6,-103.0619,30,-878.1433,0,-1,0,0;
custom,cylinder,cannonregionmat,2.1,3.1,2.1,1,1,1,1,1,1,-103.0619,30,-878.1433,0,-1,0,0;
custom,cylinder,ice1,2,3,2,1,1,1,1,2,6,-223.0618,30,-818.1433,0,-1,0,0;
custom,cylinder,cannonregionmat,2.1,3.1,2.1,1,1,1,1,1,1,-223.0618,30,-818.1433,0,-1,0,0;
custom,cylinder,ice1,2,3,2,1,1,1,1,2,6,-583.0618,30,-818.1434,0,-1,0,0;
custom,cylinder,cannonregionmat,2.1,3.1,2.1,1,1,1,1,1,1,-583.0618,30,-818.1434,0,-1,0,0;
custom,cylinder,ice1,2,3,2,1,1,1,1,2,6,-703.0618,30,-758.1434,0,-1,0,0;
custom,cylinder,cannonregionmat,2.1,3.1,2.1,1,1,1,1,1,1,-703.0618,30,-758.1434,0,-1,0,0;
custom,cylinder,ice1,2,3,2,1,1,1,1,2,6,-1063.062,30,-758.1434,0,-1,0,0;
custom,cylinder,cannonregionmat,2.1,3.1,2.1,1,1,1,1,1,1,-1063.062,30,-758.1434,0,-1,0,0;
custom,cylinder,ice1,2,3,2,1,1,1,1,2,6,-1063.062,30,-938.1434,0,-1,0,0;
custom,cylinder,cannonregionmat,2.1,3.1,2.1,1,1,1,1,1,1,-1063.062,30,-938.1434,0,-1,0,0;
custom,cylinder,ice1,2,3,2,1,1,1,1,2,6,1156.938,30,-278.1432,0,-1,0,0;
custom,cylinder,cannonregionmat,2.1,3.1,2.1,1,1,1,1,1,1,1156.938,30,-278.1432,0,-1,0,0;
custom,cylinder,ice1,2,3,2,1,1,1,1,2,6,1636.938,30,-278.1432,0,-1,0,0;
custom,cylinder,cannonregionmat,2.1,3.1,2.1,1,1,1,1,1,1,1636.938,30,-278.1432,0,-1,0,0;
custom,cylinder,ice1,2,3,2,1,1,1,1,2,6,1636.938,30,-698.1432,0,-1,0,0;
custom,cylinder,cannonregionmat,2.1,3.1,2.1,1,1,1,1,1,1,1636.938,30,-698.1432,0,-1,0,0;
custom,cylinder,ice1,2,3,2,1,1,1,1,2,6,1276.938,30,-698.1432,0,-1,0,0;
custom,cylinder,cannonregionmat,2.1,3.1,2.1,1,1,1,1,1,1,1276.938,30,-698.1432,0,-1,0,0;
custom,cylinder,ice1,2,3,2,1,1,1,1,2,6,1276.938,30,-398.1432,0,-1,0,0;
custom,cylinder,cannonregionmat,2.1,3.1,2.1,1,1,1,1,1,1,1276.938,30,-398.1432,0,-1,0,0;
custom,cylinder,ice1,2,3,2,1,1,1,1,2,6,1516.938,30,-398.1432,0,-1,0,0;
custom,cylinder,cannonregionmat,2.1,3.1,2.1,1,1,1,1,1,1,1516.938,30,-398.1432,0,-1,0,0;
custom,cylinder,ice1,2,3,2,1,1,1,1,2,6,1516.938,30,-578.1432,0,-1,0,0;
custom,cylinder,cannonregionmat,2.1,3.1,2.1,1,1,1,1,1,1,1516.938,30,-578.1432,0,-1,0,0;
custom,cylinder,ice1,2,3,2,1,1,1,1,2,6,1396.938,30,-578.1432,0,-1,0,0;
custom,cylinder,cannonregionmat,2.1,3.1,2.1,1,1,1,1,1,1,1396.938,30,-578.1432,0,-1,0,0;
custom,cylinder,ice1,2,3,2,1,1,1,1,2,6,1396.938,30,-518.1432,0,-1,0,0;
custom,cylinder,cannonregionmat,2.1,3.1,2.1,1,1,1,1,1,1,1396.938,30,-518.1432,0,-1,0,0;
racing,killcuboid,2,6,2,576.938,30,-408.1432,0,-1,0,0;
racing,killcuboid,2,6,2,536.938,30,-408.1432,0,-1,0,0;
racing,killcuboid,2,6,2,846.9379,30,221.8571,0,-0.7071067,0,-0.7071068;
racing,killcuboid,2,6,2,846.9379,30,181.8571,0,-0.7071067,0,-0.7071068;
racing,killcuboid,2,6.000001,2,846.9379,10,201.8571,-0.4999999,-0.5000001,-0.5000001,-0.5000001;
racing,killcuboid,2,6.000001,2,846.9379,50,201.8571,-0.4999999,-0.5000001,-0.5000001,-0.5000001;
racing,killcuboid,2,6.000001,2,996.9379,10,-98.14312,-0.4999999,-0.5000001,-0.5000001,-0.5000001;
racing,killcuboid,2,6.000001,2,996.9379,50,-98.14312,-0.4999999,-0.5000001,-0.5000001,-0.5000001;
racing,killcuboid,2,6,20,146.938,30,41.85669,0,-0.7071067,0,-0.7071068;
racing,killcuboid,2,6,20,146.9381,30,1.856689,0,-0.7071067,0,-0.7071068;
racing,killcuboid,2,6.000001,20,146.9381,10,21.85669,-0.4999999,-0.5000001,-0.5000001,-0.5000001;
racing,killcuboid,2,6.000001,20,146.9381,50,21.85669,-0.4999999,-0.5000001,-0.5000001,-0.5000001;
racing,killcuboid,2,6.000001,2,-753.0621,50,-398.1433,-0.4999999,-0.5000001,-0.5000001,-0.5000001;
racing,killcuboid,2,6.000001,2,-773.0621,30,-398.1433,-0.4999999,-0.5000001,-0.5000001,-0.5000001;
racing,killcuboid,2,6.000001,2,-873.0618,10,-398.1433,-0.4999999,-0.5000001,-0.5000001,-0.5000001;
racing,killcuboid,2,6.000001,2,-893.0618,30,-398.1433,-0.4999999,-0.5000001,-0.5000001,-0.5000001;
racing,killcuboid,2,6.000001,2,-633.0618,10,-398.1433,-0.4999999,-0.5000001,-0.5000001,-0.5000001;
racing,killcuboid,2,6.000001,2,-653.0618,30,-398.1433,-0.4999999,-0.5000001,-0.5000001,-0.5000001;
racing,killcuboid,2,2,20,-743.0618,30,-518.1432,-0.4999999,-0.5000001,-0.5000001,-0.5000001;
racing,killcuboid,2,6.000001,2,-853.0618,30,-518.1434,-0.4999999,-0.5000001,-0.5000001,-0.5000001;
racing,killcuboid,2,6.000001,2,-633.0618,30,-518.1434,-0.4999999,-0.5000001,-0.5000001,-0.5000001;
racing,killcuboid,2,6.000001,2,-853.0618,30,-518.1434,-0.7071067,1E-07,-0.7071069,-1E-07;
racing,killcuboid,2,6.000001,2,-633.0618,30,-518.1434,-0.7071067,1E-07,-0.7071069,-1E-07;
racing,killcuboid,2,6,48,166.9382,30,-1018.143,0,-0.7071067,0,-0.7071068;
racing,killcuboid,2,6,48,-313.0618,30,-1258.143,0,-0.7071067,0,-0.7071068;
racing,killcuboid,2,6,2,736.9382,30,-508.1432,0,-1,0,0;
racing,checkpointCuboid,5,5,1,556.9465,29.97698,231.8655,0,0,0,1;
racing,checkpointCuboid,5,5,1,-583.0819,30.04164,-128.1656,0,0,0,1;
racing,checkpointCuboid,5,5,1,796.9247,29.98427,-1088.12,0,0,0,1;


