map,disablebounds;
racing,startcuboid,6.0,6.0,6.0,400.91729164123535,210.0,-802.2166442871094,-0.0,-1.0,-0.0,-7.549790126404332e-08;
racing,endcuboid,6.000002145767212,6.0,6.000002145767212,-742.3269653320312,210.0,-56.05854034423828,-0.0,-0.9807852506637573,-0.0,-0.1950903981924057;
spawnpoint,playerC,400.91726303100586,210.0,-967.2166442871094,-0.0,-1.0,-0.0,-7.549790126404332e-08;
spawnpoint,playerM,400.91726303100586,210.0,-967.2166442871094,-0.0,-1.0,-0.0,-7.549790126404332e-08;
custom,cuboid,stone2,72.0000057220459,18.0,5.543284893035889,1,1,1,1,0.6,0.1847761631011963,458.63353729248047,210.0,-592.2166442871094,-0.0,-0.7071067094802856,-0.0,-0.7071068286895752;
custom,cylinder,stone2,18.000001430511475,3.0,18.0,1,1,1,1,0.6000000476837158,0.6,400.91726303100586,150.0,-952.2166442871094,-0.0,-1.0,-0.0,-7.549790126404332e-08;
custom,cylinder,stone2,5.999999284744263,6.0,6.0,1,1,1,1,0.19999997615814208,0.2,400.91726303100586,120.0,-952.2166442871094,-0.0,-1.0,-0.0,-7.549790126404332e-08;
custom,cylinder,stone9,162.0,3.0,162.0,1,1,1,1,5.4,5.4,-23.34700584411621,30.0,192.04729557037354,-0.0,-1.0,-0.0,-7.549790126404332e-08;
custom,cuboid,stone9,17.086552619934082,6.0,72.0000057220459,1,1,1,1,0.5695517539978028,2.4000001907348634,400.9171485900879,30.0,-592.2166442871094,-0.0,-1.0,-0.0,-7.549790126404332e-08;
custom,cylinder,stone9,17.086559772491455,3.0,17.086559772491455,1,1,1,1,0.5695519924163819,0.5695519924163819,400.9172058105469,30.0,-952.2166442871094,-0.0,-1.0,-0.0,-7.549790126404332e-08;
custom,cuboid,stone9,16.629848957061768,6.0,73.1480484008789,1,1,1,1,0.5543282985687256,2.438268280029297,-382.7556610107422,30.0,92.88079261779785,-0.0,-0.8314696550369263,-0.0,0.5555701851844788;
custom,cylinder,stone9,16.62984609603882,3.0,16.62984609603882,1,1,1,1,0.554328203201294,0.554328203201294,-829.75341796875,30.0,-92.27179527282715,-0.0,-0.9807852506637573,-0.0,-0.1950903981924057;
custom,cylinder,stone9,162.0,3.0,162.0,1,1,1,1,5.4,5.4,-23.34700584411621,810.0,192.04729557037354,-0.0,-1.0,-0.0,-7.549790126404332e-08;
custom,cylinder,stone2,5.999999284744263,15.0,6.0,1,1,1,1,0.19999997615814208,0.2,-623.3469772338867,210.0,192.0472240447998,-0.0,-1.0,-0.0,-7.549790126404332e-08;
racing,killcylinder,6.099999284744262,15.05,6.1,-623.3469772338867,210.0,192.0472240447998,-0.0,-1.0,-0.0,-7.549790126404332e-08;
custom,cylinder,stone2,5.999999284744263,12.0,6.0,1,1,1,1,0.19999997615814208,0.2,-447.61098861694336,180.0,-232.21681594848633,-0.0,-1.0,-0.0,-7.549790126404332e-08;
racing,killcylinder,6.099999284744262,12.05,6.1,-447.61098861694336,180.0,-232.21681594848633,-0.0,-1.0,-0.0,-7.549790126404332e-08;
custom,cylinder,stone2,5.999999284744263,9.0,6.0,1,1,1,1,0.19999997615814208,0.2,-23.346909284591675,150.0,-407.9526901245117,-0.0,-1.0,-0.0,-7.549790126404332e-08;
racing,killcylinder,6.099999284744262,9.05,6.1,-23.346909284591675,150.0,-407.9526901245117,-0.0,-1.0,-0.0,-7.549790126404332e-08;
custom,cylinder,stone2,5.999999284744263,6.0,6.0,1,1,1,1,0.19999997615814208,0.2,400.9171485900879,120.0,-232.21670150756836,-0.0,-1.0,-0.0,-7.549790126404332e-08;
racing,killcylinder,6.099999284744262,6.05,6.1,400.9171485900879,120.0,-232.21670150756836,-0.0,-1.0,-0.0,-7.549790126404332e-08;
custom,cylinder,stone2,5.999999284744263,27.0,6.0,1,1,1,1,0.19999997615814208,0.2,576.6530227661133,330.0,192.04739570617676,-0.0,-1.0,-0.0,-7.549790126404332e-08;
racing,killcylinder,6.099999284744262,27.05,6.1,576.6530227661133,330.0,192.04739570617676,-0.0,-1.0,-0.0,-7.549790126404332e-08;
custom,cylinder,stone2,5.999999284744263,24.0,6.0,1,1,1,1,0.19999997615814208,0.2,400.91697692871094,300.0,616.3114929199219,-0.0,-1.0,-0.0,-7.549790126404332e-08;
racing,killcylinder,6.099999284744262,24.05,6.1,400.91697692871094,300.0,616.3114929199219,-0.0,-1.0,-0.0,-7.549790126404332e-08;
custom,cylinder,stone2,5.999999284744263,21.0,6.0,1,1,1,1,0.19999997615814208,0.2,-23.347089886665344,270.0,792.0473098754883,-0.0,-1.0,-0.0,-7.549790126404332e-08;
racing,killcylinder,6.099999284744262,21.05,6.1,-23.347089886665344,270.0,792.0473098754883,-0.0,-1.0,-0.0,-7.549790126404332e-08;
custom,cylinder,stone2,5.999999284744263,18.0,6.0,1,1,1,1,0.19999997615814208,0.2,-447.6111602783203,240.0,616.3112640380859,-0.0,-1.0,-0.0,-7.549790126404332e-08;
racing,killcylinder,6.099999284744262,18.05,6.1,-447.6111602783203,240.0,616.3112640380859,-0.0,-1.0,-0.0,-7.549790126404332e-08;
custom,cylinder,stone2,5.999999284744263,15.0,6.0,1,1,1,1,0.19999997615814208,0.2,-383.3469772338867,210.0,192.0472526550293,-0.0,-1.0,-0.0,-7.549790126404332e-08;
racing,killcylinder,6.099999284744262,15.05,6.1,-383.3469772338867,210.0,192.0472526550293,-0.0,-1.0,-0.0,-7.549790126404332e-08;
custom,cylinder,stone2,5.999999284744263,18.0,6.0,1,1,1,1,0.19999997615814208,0.2,-277.9053783416748,240.0,-62.51120567321777,-0.0,-1.0,-0.0,-7.549790126404332e-08;
racing,killcylinder,6.099999284744262,18.05,6.1,-277.9053783416748,240.0,-62.51120567321777,-0.0,-1.0,-0.0,-7.549790126404332e-08;
custom,cylinder,stone2,5.999999284744263,21.0,6.0,1,1,1,1,0.19999997615814208,0.2,-23.34694504737854,270.0,-167.95269012451172,-0.0,-1.0,-0.0,-7.549790126404332e-08;
racing,killcylinder,6.099999284744262,21.05,6.1,-23.34694504737854,270.0,-167.95269012451172,-0.0,-1.0,-0.0,-7.549790126404332e-08;
custom,cylinder,stone2,5.999999284744263,24.0,6.0,1,1,1,1,0.19999997615814208,0.2,231.21153831481934,300.0,-62.511091232299805,-0.0,-1.0,-0.0,-7.549790126404332e-08;
racing,killcylinder,6.099999284744262,24.05,6.1,231.21153831481934,300.0,-62.511091232299805,-0.0,-1.0,-0.0,-7.549790126404332e-08;
custom,cylinder,stone2,5.999999284744263,27.0,6.0,1,1,1,1,0.19999997615814208,0.2,336.6530227661133,330.0,192.04736709594727,-0.0,-1.0,-0.0,-7.549790126404332e-08;
racing,killcylinder,6.099999284744262,27.05,6.1,336.6530227661133,330.0,192.04736709594727,-0.0,-1.0,-0.0,-7.549790126404332e-08;
custom,cylinder,stone2,5.999999284744263,6.0,6.0,1,1,1,1,0.19999997615814208,0.2,231.21142387390137,120.0,446.60582542419434,-0.0,-1.0,-0.0,-7.549790126404332e-08;
racing,killcylinder,6.099999284744262,6.05,6.1,231.21142387390137,120.0,446.60582542419434,-0.0,-1.0,-0.0,-7.549790126404332e-08;
custom,cylinder,stone2,5.999999284744263,9.0,6.0,1,1,1,1,0.19999997615814208,0.2,-23.347052335739136,150.0,552.0473098754883,-0.0,-1.0,-0.0,-7.549790126404332e-08;
racing,killcylinder,6.099999284744262,9.05,6.1,-23.347052335739136,150.0,552.0473098754883,-0.0,-1.0,-0.0,-7.549790126404332e-08;
custom,cylinder,stone2,5.999999284744263,12.0,6.0,1,1,1,1,0.19999997615814208,0.2,-277.9054927825928,180.0,446.60571098327637,-0.0,-1.0,-0.0,-7.549790126404332e-08;
racing,killcylinder,6.099999284744262,12.05,6.1,-277.9054927825928,180.0,446.60571098327637,-0.0,-1.0,-0.0,-7.549790126404332e-08;
custom,cylinder,stone2,5.999999284744263,6.0,6.0,1,1,1,1,0.19999997615814208,0.2,-143.34697723388672,120.0,192.0472812652588,-0.0,-1.0,-0.0,-7.549790126404332e-08;
racing,killcylinder,6.099999284744262,6.05,6.1,-143.34697723388672,120.0,192.0472812652588,-0.0,-1.0,-0.0,-7.549790126404332e-08;
custom,cylinder,stone2,5.999999284744263,6.0,6.0,1,1,1,1,0.19999997615814208,0.2,-108.19978952407837,120.0,107.19448328018188,-0.0,-1.0,-0.0,-7.549790126404332e-08;
racing,killcylinder,6.099999284744262,6.05,6.1,-108.19978952407837,120.0,107.19448328018188,-0.0,-1.0,-0.0,-7.549790126404332e-08;
custom,cylinder,stone2,5.999999284744263,6.0,6.0,1,1,1,1,0.19999997615814208,0.2,-23.346980810165405,120.0,72.04730987548828,-0.0,-1.0,-0.0,-7.549790126404332e-08;
racing,killcylinder,6.099999284744262,6.05,6.1,-23.346980810165405,120.0,72.04730987548828,-0.0,-1.0,-0.0,-7.549790126404332e-08;
custom,cylinder,stone2,5.999999284744263,6.0,6.0,1,1,1,1,0.19999997615814208,0.2,61.50583505630493,120.0,107.194504737854,-0.0,-1.0,-0.0,-7.549790126404332e-08;
racing,killcylinder,6.099999284744262,6.05,6.1,61.50583505630493,120.0,107.194504737854,-0.0,-1.0,-0.0,-7.549790126404332e-08;
custom,cylinder,stone2,5.999999284744263,6.0,6.0,1,1,1,1,0.19999997615814208,0.2,96.65300846099854,120.0,192.04732418060303,-0.0,-1.0,-0.0,-7.549790126404332e-08;
racing,killcylinder,6.099999284744262,6.05,6.1,96.65300846099854,120.0,192.04732418060303,-0.0,-1.0,-0.0,-7.549790126404332e-08;
custom,cylinder,stone2,5.999999642372131,6.0,6.0,1,1,1,1,0.19999998807907104,0.2,61.50583505630493,120.0,276.9001579284668,-0.0,-1.0,-0.0,-7.549790126404332e-08;
racing,killcylinder,6.099999642372131,6.05,6.1,61.50583505630493,120.0,276.9001579284668,-0.0,-1.0,-0.0,-7.549790126404332e-08;
custom,cylinder,stone2,5.999999284744263,6.0,6.0,1,1,1,1,0.19999997615814208,0.2,-819.1468048095703,120.0,-87.87835121154785,-0.0,-1.0,-0.0,-7.549790126404332e-08;
racing,killcylinder,6.099999284744262,6.05,6.1,-819.1468048095703,120.0,-87.87835121154785,-0.0,-1.0,-0.0,-7.549790126404332e-08;
custom,cylinder,stone2,18.000001430511475,3.0,18.0,1,1,1,1,0.6000000476837158,0.6,576.6530227661133,570.0,192.04739570617676,-0.0,-1.0,-0.0,-7.549790126404332e-08;
racing,killcylinder,18.100001430511476,3.05,18.1,576.6530227661133,570.0,192.04739570617676,-0.0,-1.0,-0.0,-7.549790126404332e-08;
custom,cylinder,stone2,18.000001430511475,3.0,18.0,1,1,1,1,0.6000000476837158,0.6,400.9171485900879,150.0,-232.21670150756836,-0.0,-1.0,-0.0,-7.549790126404332e-08;
racing,killcylinder,18.100001430511476,3.05,18.1,400.9171485900879,150.0,-232.21670150756836,-0.0,-1.0,-0.0,-7.549790126404332e-08;
custom,cylinder,stone2,18.000001430511475,3.0,18.0,1,1,1,1,0.6000000476837158,0.6,336.6530227661133,570.0,192.04735279083252,-0.0,-1.0,-0.0,-7.549790126404332e-08;
racing,killcylinder,18.100001430511476,3.05,18.1,336.6530227661133,570.0,192.04735279083252,-0.0,-1.0,-0.0,-7.549790126404332e-08;
custom,cylinder,stone2,18.000001430511475,3.0,18.0,1,1,1,1,0.6000000476837158,0.6,231.21142387390137,150.0,446.60582542419434,-0.0,-1.0,-0.0,-7.549790126404332e-08;
racing,killcylinder,18.100001430511476,3.05,18.1,231.21142387390137,150.0,446.60582542419434,-0.0,-1.0,-0.0,-7.549790126404332e-08;
custom,cylinder,stone2,18.000001430511475,3.0,18.0,1,1,1,1,0.6000000476837158,0.6,61.50581359863281,150.0,276.9001579284668,-0.0,-1.0,-0.0,-7.549790126404332e-08;
racing,killcylinder,18.100001430511476,3.05,18.1,61.50581359863281,150.0,276.9001579284668,-0.0,-1.0,-0.0,-7.549790126404332e-08;
custom,cylinder,stone2,18.000001430511475,3.0,18.0,1,1,1,1,0.6000000476837158,0.6,-143.34697723388672,150.0,192.0472812652588,-0.0,-1.0,-0.0,-7.549790126404332e-08;
racing,killcylinder,18.100001430511476,3.05,18.1,-143.34697723388672,150.0,192.0472812652588,-0.0,-1.0,-0.0,-7.549790126404332e-08;
custom,cylinder,stone2,18.000001430511475,3.0,18.0,1,1,1,1,0.6000000476837158,0.6,-819.1468048095703,150.0,-87.87835121154785,-0.0,-1.0,-0.0,-7.549790126404332e-08;
racing,killcylinder,18.100001430511476,3.05,18.1,-819.1468048095703,150.0,-87.87835121154785,-0.0,-1.0,-0.0,-7.549790126404332e-08;
custom,cuboid,stone2,44.03658199310303,5.999999642372131,5.5432798862457275,1,1,1,1,1.4678860664367677,0.1847759962081909,185.00877857208252,180.27976512908936,-321.6489601135254,-0.06697250157594681,-0.9784960150718689,-0.01332166325300932,-0.1946350336074829;
racing,killcuboid,44.13658199310303,6.099999642372131,5.643279886245727,185.00877857208252,180.27976512908936,-321.6489601135254,-0.06697250157594681,-0.9784960150718689,-0.01332166325300932,-0.1946350336074829;
custom,cuboid,stone2,44.03660202026367,5.999999642372131,5.543281316757202,1,1,1,1,1.467886734008789,0.18477604389190674,-239.25530433654785,240.2797508239746,-318.52054595947266,-0.06697250157594681,-0.9784960150718689,0.013321653939783573,0.19463488459587097;
racing,killcuboid,44.13660202026367,6.099999642372131,5.643281316757202,-239.25530433654785,240.2797508239746,-318.52054595947266,-0.06697250157594681,-0.9784960150718689,0.013321653939783573,0.19463488459587097;
custom,cuboid,stone2,44.036587715148926,5.999999642372131,5.54327917098999,1,1,1,1,1.467886257171631,0.184775972366333,-537.0432472229004,300.2797794342041,-16.30845844745636,-0.05677654594182968,-0.8295289278030396,0.037936870008707047,0.5542734265327454;
racing,killcuboid,44.13658771514893,6.099999642372131,5.64327917098999,-537.0432472229004,300.2797794342041,-16.30845844745636,-0.05677654594182968,-0.8295289278030396,0.037936870008707047,0.5542734265327454;
custom,cuboid,stone2,44.03657913208008,5.999999642372131,5.54327917098999,1,1,1,1,1.467885971069336,0.184775972366333,-533.9147758483887,360.2797794342041,407.9556369781494,-0.03793687745928764,-0.5542735457420349,0.056776538491249084,0.82952880859375;
racing,killcuboid,44.13657913208008,6.099999642372131,5.64327917098999,-533.9147758483887,360.2797794342041,407.9556369781494,-0.03793687745928764,-0.5542735457420349,0.056776538491249084,0.82952880859375;
custom,cuboid,stone2,44.03658199310303,5.999999642372131,5.54327917098999,1,1,1,1,1.4678860664367677,0.184775972366333,-231.7027473449707,420.2797508239746,705.743579864502,-0.013321665115654469,-0.1946350634098053,0.06697250157594681,0.9784960150718689;
racing,killcuboid,44.13658199310303,6.099999642372131,5.64327917098999,-231.7027473449707,420.2797508239746,705.743579864502,-0.013321665115654469,-0.1946350634098053,0.06697250157594681,0.9784960150718689;
custom,cuboid,stone2,44.03658199310303,5.999999642372131,5.54327917098999,1,1,1,1,1.4678860664367677,0.184775972366333,192.56133556365967,480.2798080444336,702.6151084899902,0.013321653939783573,0.19463488459587097,0.06697250157594681,0.9784960150718689;
racing,killcuboid,44.13658199310303,6.099999642372131,5.64327917098999,192.56133556365967,480.2798080444336,702.6151084899902,0.013321653939783573,0.19463488459587097,0.06697250157594681,0.9784960150718689;
custom,cuboid,stone2,44.03658199310303,5.999999642372131,5.54327917098999,1,1,1,1,1.4678860664367677,0.184775972366333,490.34912109375,540.2798080444336,400.40307998657227,0.03793686628341675,0.5542733669281006,0.05677654966711998,0.8295289874076843;
racing,killcuboid,44.13658199310303,6.099999642372131,5.64327917098999,490.34912109375,540.2798080444336,400.40307998657227,0.03793686628341675,0.5542733669281006,0.05677654966711998,0.8295289874076843;
custom,cuboid,stone2,24.0,6.0,6.0,1,1,1,1,0.8,0.2,456.6530227661133,570.0,192.047381401062,-0.0,-1.0,-0.0,-7.549790126404332e-08;
racing,killcuboid,24.1,6.1,6.1,456.6530227661133,570.0,192.047381401062,-0.0,-1.0,-0.0,-7.549790126404332e-08;
custom,cuboid,stone2,5.543283462524414,6.000008583068848,25.96000099182129,1,1,1,1,0.18477611541748046,0.865333366394043,286.5857219696045,540.8122444152832,71.17406129837036,0.022699296474456787,-0.9741237163543701,0.11411711573600769,0.19376519322395325;
racing,killcuboid,5.643283462524414,6.100008583068847,26.06000099182129,286.5857219696045,540.8122444152832,71.17406129837036,0.022699296474456787,-0.9741237163543701,0.11411711573600769,0.19376519322395325;
custom,cuboid,stone2,5.5432820320129395,6.000008583068848,25.95999526977539,1,1,1,1,0.18477606773376465,0.8653331756591797,110.33821821212769,480.8122444152832,-112.57844924926758,0.06464214622974396,-0.8258222937583923,0.09674382209777832,0.5517967343330383;
racing,killcuboid,5.643282032012939,6.100008583068847,26.059995269775392,110.33821821212769,480.8122444152832,-112.57844924926758,0.06464214622974396,-0.8258222937583923,0.09674382209777832,0.5517967343330383;
custom,cuboid,stone2,5.543281316757202,6.000008583068848,25.95999526977539,1,1,1,1,0.18477604389190674,0.8653331756591797,-144.220232963562,420.8122730255127,-117.88533210754395,0.09674380719661713,-0.5517968535423279,0.06464216113090515,0.8258221745491028;
racing,killcuboid,5.643281316757202,6.100008583068847,26.059995269775392,-144.220232963562,420.8122730255127,-117.88533210754395,0.09674380719661713,-0.5517968535423279,0.06464216113090515,0.8258221745491028;
custom,cuboid,stone2,5.543281316757202,6.000008583068848,25.95999526977539,1,1,1,1,0.18477604389190674,0.8653331756591797,-327.9727363586426,360.8122730255127,58.36210370063782,0.11411711573600769,-0.19376537203788757,0.022699318826198578,0.9741237163543701;
racing,killcuboid,5.643281316757202,6.100008583068847,26.059995269775392,-327.9727363586426,360.8122730255127,58.36210370063782,0.11411711573600769,-0.19376537203788757,0.022699318826198578,0.9741237163543701;
custom,cuboid,stone2,5.543281316757202,6.000008583068848,25.95999526977539,1,1,1,1,0.18477604389190674,0.8653331756591797,-333.27964782714844,300.8122730255127,312.9205513000488,0.11411711573600769,0.19376519322395325,-0.022699296474456787,0.9741237163543701;
racing,killcuboid,5.643281316757202,6.100008583068847,26.059995269775392,-333.27964782714844,300.8122730255127,312.9205513000488,0.11411711573600769,0.19376519322395325,-0.022699296474456787,0.9741237163543701;
custom,cuboid,stone2,5.543281316757202,6.000008583068848,25.95999526977539,1,1,1,1,0.18477604389190674,0.8653331756591797,-157.03219413757324,240.8122444152832,496.67301177978516,0.09674382954835892,0.5517966747283936,-0.06464213877916336,0.8258223533630371;
racing,killcuboid,5.643281316757202,6.100008583068847,26.059995269775392,-157.03219413757324,240.8122444152832,496.67301177978516,0.09674382954835892,0.5517966747283936,-0.06464213877916336,0.8258223533630371;
custom,cuboid,stone2,5.543283462524414,6.000008583068848,25.96000385284424,1,1,1,1,0.18477611541748046,0.8653334617614746,97.52622842788696,180.8122730255127,501.97998046875,0.06464215368032455,0.8258222341537476,-0.09674381464719772,0.5517967343330383;
racing,killcuboid,5.643283462524414,6.100008583068847,26.06000385284424,97.52622842788696,180.8122730255127,501.97998046875,0.06464215368032455,0.8258222341537476,-0.09674381464719772,0.5517967343330383;
custom,cuboid,stone2,6.0,6.0,24.00000286102295,1,1,1,1,0.2,0.8000000953674317,146.35860443115234,150.0,361.7530059814453,-0.0,-0.9238795638084412,-0.0,0.3826833665370941;
racing,killcuboid,6.1,6.1,24.10000286102295,146.35860443115234,150.0,361.7530059814453,-0.0,-0.9238795638084412,-0.0,0.3826833665370941;
custom,cuboid,stone2,5.5432798862457275,6.0,6.888304710388184,1,1,1,1,0.1847759962081909,0.22961015701293946,79.0794038772583,150.0,234.4737195968628,-0.0,-0.9807852506637573,-0.0,-0.1950903981924057;
racing,killcuboid,5.643279886245727,6.1,6.988304710388183,79.0794038772583,150.0,234.4737195968628,-0.0,-0.9807852506637573,-0.0,-0.1950903981924057;
custom,cuboid,stone2,5.54327917098999,6.0,6.888303995132446,1,1,1,1,0.184775972366333,0.22961013317108153,79.07941102981567,150.0,149.62092876434326,-0.0,-0.9807852506637573,-0.0,0.19509024918079376;
racing,killcuboid,5.64327917098999,6.1,6.988303995132446,79.07941102981567,150.0,149.62092876434326,-0.0,-0.9807852506637573,-0.0,0.19509024918079376;
custom,cuboid,stone2,5.543277740478516,6.0,6.888302564620972,1,1,1,1,0.1847759246826172,0.22961008548736572,19.07942533493042,150.0,89.62090730667114,-0.0,-0.8314696550369263,-0.0,0.5555701851844788;
racing,killcuboid,5.643277740478515,6.1,6.988302564620971,19.07942533493042,150.0,89.62090730667114,-0.0,-0.8314696550369263,-0.0,0.5555701851844788;
custom,cuboid,stone2,5.543278455734253,6.0,6.888303279876709,1,1,1,1,0.1847759485244751,0.22961010932922363,-65.77338695526123,150.0,89.62088584899902,-0.0,-0.5555703043937683,-0.0,0.8314695358276367;
racing,killcuboid,5.643278455734253,6.1,6.988303279876709,-65.77338695526123,150.0,89.62088584899902,-0.0,-0.5555703043937683,-0.0,0.8314695358276367;
custom,cuboid,stone2,5.543277740478516,6.0,6.888302564620972,1,1,1,1,0.1847759246826172,0.22961008548736572,-125.77340126037598,150.0,149.62088584899902,-0.0,-0.1950904279947281,-0.0,0.9807852506637573;
racing,killcuboid,5.643277740478515,6.1,6.988302564620971,-125.77340126037598,150.0,149.62088584899902,-0.0,-0.1950904279947281,-0.0,0.9807852506637573;
custom,cuboid,stone2,70.85197448730469,6.0,5.543285608291626,1,1,1,1,2.3617324829101562,0.1847761869430542,-481.2469482421875,150.0,52.084447145462036,-0.0,-0.9807852506637573,-0.0,-0.1950903981924057;
racing,killcuboid,70.95197448730468,6.1,5.643285608291626,-481.2469482421875,150.0,52.084447145462036,-0.0,-0.9807852506637573,-0.0,-0.1950903981924057;
custom,cuboid,stone2,6.000002145767212,6.0,72.0,1,1,1,1,0.20000007152557372,2.4,400.9171772003174,150.0,-592.2166442871094,-0.0,-1.0,-0.0,-7.549790126404332e-08;
racing,killcuboid,6.100002145767212,6.1,72.1,400.9171772003174,150.0,-592.2166442871094,-0.0,-1.0,-0.0,-7.549790126404332e-08;
racing,killcylinder,5.999999284744263,3.0,6.0,-623.3469772338867,450.0,192.0472240447998,-0.0,-1.0,-0.0,-7.549790126404332e-08;
racing,killcylinder,5.999999284744263,3.0,6.0,-447.61098861694336,390.0,-232.21681594848633,-0.0,-1.0,-0.0,-7.549790126404332e-08;
racing,killcylinder,5.999999284744263,3.0,6.0,-23.34691286087036,330.0,-407.9526901245117,-0.0,-1.0,-0.0,-7.549790126404332e-08;
racing,killcylinder,18.000001430511475,3.0,18.0,400.9171485900879,270.0,-232.21670150756836,-0.0,-1.0,-0.0,-7.549790126404332e-08;
racing,killcylinder,18.000001430511475,3.0,18.0,576.6530227661133,690.0,192.04739570617676,-0.0,-1.0,-0.0,-7.549790126404332e-08;
racing,killcylinder,5.999999284744263,3.0,6.0,400.91697692871094,630.0,616.3114929199219,-0.0,-1.0,-0.0,-7.549790126404332e-08;
racing,killcylinder,5.999999284744263,3.0,6.0,-23.34709346294403,570.0,792.0473098754883,-0.0,-1.0,-0.0,-7.549790126404332e-08;
racing,killcylinder,5.999999284744263,3.0,6.0,-447.6111602783203,510.0,616.3112640380859,-0.0,-1.0,-0.0,-7.549790126404332e-08;
racing,killcylinder,5.999999284744263,3.0,6.0,-383.3469772338867,450.0,192.0472526550293,-0.0,-1.0,-0.0,-7.549790126404332e-08;
racing,killcylinder,5.999999284744263,3.0,6.0,-277.9053783416748,510.0,-62.51120567321777,-0.0,-1.0,-0.0,-7.549790126404332e-08;
racing,killcylinder,5.999999284744263,3.0,6.0,-23.346948623657227,570.0,-167.95269012451172,-0.0,-1.0,-0.0,-7.549790126404332e-08;
racing,killcylinder,5.999999284744263,3.0,6.0,231.21153831481934,630.0,-62.511091232299805,-0.0,-1.0,-0.0,-7.549790126404332e-08;
racing,killcylinder,18.000001430511475,3.0,18.0,336.6530227661133,690.0,192.04735279083252,-0.0,-1.0,-0.0,-7.549790126404332e-08;
racing,killcylinder,18.000001430511475,3.0,18.0,231.21142387390137,270.0,446.60582542419434,-0.0,-1.0,-0.0,-7.549790126404332e-08;
racing,killcylinder,5.999999284744263,3.0,6.0,-23.347055912017822,330.0,552.0473098754883,-0.0,-1.0,-0.0,-7.549790126404332e-08;
racing,killcylinder,5.999999284744263,3.0,6.0,-277.9054927825928,390.0,446.60571098327637,-0.0,-1.0,-0.0,-7.549790126404332e-08;
racing,killcylinder,18.000001430511475,3.0,18.0,-143.34697723388672,270.0,192.0472812652588,-0.0,-1.0,-0.0,-7.549790126404332e-08;
racing,killcylinder,5.999999284744263,3.0,6.0,-108.19978952407837,270.0,107.19448328018188,-0.0,-1.0,-0.0,-7.549790126404332e-08;
racing,killcylinder,5.999999284744263,3.0,6.0,-23.346984386444092,270.0,72.04730987548828,-0.0,-1.0,-0.0,-7.549790126404332e-08;
racing,killcylinder,5.999999284744263,3.0,6.0,61.50583505630493,270.0,107.194504737854,-0.0,-1.0,-0.0,-7.549790126404332e-08;
racing,killcylinder,5.999999284744263,3.0,6.0,96.65300846099854,270.0,192.04732418060303,-0.0,-1.0,-0.0,-7.549790126404332e-08;
racing,killcylinder,18.000001430511475,3.0,18.0,61.50581359863281,270.0,276.9001579284668,-0.0,-1.0,-0.0,-7.549790126404332e-08;
racing,killcylinder,18.000001430511475,3.0,18.0,-819.1468048095703,270.0,-87.87835121154785,-0.0,-1.0,-0.0,-7.549790126404332e-08;
racing,killcylinder,18.000001430511475,3.0,18.0,400.91726303100586,270.0,-952.2166442871094,-0.0,-1.0,-0.0,-7.549790126404332e-08;
racing,killcuboid,44.03658199310303,5.999999642372131,5.5432798862457275,185.00877857208252,300.2797508239746,-321.6489601135254,-0.06697250157594681,-0.9784960150718689,-0.01332166325300932,-0.1946350336074829;
racing,killcuboid,44.03660202026367,5.999999642372131,5.543281316757202,-239.25530433654785,360.2797508239746,-318.52054595947266,-0.06697250157594681,-0.9784960150718689,0.013321653939783573,0.19463488459587097;
racing,killcuboid,44.036587715148926,5.999999642372131,5.54327917098999,-537.0431900024414,420.2797508239746,-16.308460235595703,-0.05677654594182968,-0.8295289278030396,0.037936870008707047,0.5542734265327454;
racing,killcuboid,44.03657913208008,5.999999642372131,5.54327917098999,-533.9147758483887,480.2798080444336,407.9556369781494,-0.03793687745928764,-0.5542735457420349,0.056776538491249084,0.82952880859375;
racing,killcuboid,44.03658199310303,5.999999642372131,5.54327917098999,-231.70273303985596,540.2797508239746,705.743522644043,-0.013321665115654469,-0.1946350634098053,0.06697250157594681,0.9784960150718689;
racing,killcuboid,44.03658199310303,5.999999642372131,5.54327917098999,192.56133556365967,600.2798080444336,702.6151084899902,0.013321653939783573,0.19463488459587097,0.06697250157594681,0.9784960150718689;
racing,killcuboid,44.03658199310303,5.999999642372131,5.54327917098999,490.34912109375,660.2797508239746,400.4030513763428,0.03793686628341675,0.5542733669281006,0.05677654966711998,0.8295289874076843;
racing,killcuboid,24.0,6.0,6.0,456.6530227661133,690.0,192.047381401062,-0.0,-1.0,-0.0,-7.549790126404332e-08;
racing,killcuboid,5.543283462524414,6.000008583068848,25.96000099182129,286.5857219696045,660.8122444152832,71.17405414581299,0.022699296474456787,-0.9741237163543701,0.11411711573600769,0.19376519322395325;
racing,killcuboid,5.5432820320129395,6.000008583068848,25.95999526977539,110.33822536468506,600.8122444152832,-112.57850646972656,0.06464214622974396,-0.8258222937583923,0.09674382209777832,0.5517967343330383;
racing,killcuboid,5.543281316757202,6.000008583068848,25.95999526977539,-144.220232963562,540.8123016357422,-117.88533210754395,0.09674380719661713,-0.5517968535423279,0.06464216113090515,0.8258221745491028;
racing,killcuboid,5.543281316757202,6.000008583068848,25.95999526977539,-327.9727363586426,480.8123016357422,58.362107276916504,0.11411711573600769,-0.19376537203788757,0.022699318826198578,0.9741237163543701;
racing,killcuboid,5.543281316757202,6.000008583068848,25.95999526977539,-333.27964782714844,420.8122730255127,312.9205513000488,0.11411711573600769,0.19376519322395325,-0.022699296474456787,0.9741237163543701;
racing,killcuboid,5.543281316757202,6.000008583068848,25.95999526977539,-157.032151222229,360.8122158050537,496.6731262207031,0.09674382954835892,0.5517966747283936,-0.06464213877916336,0.8258223533630371;
racing,killcuboid,5.543283462524414,6.000008583068848,25.96000385284424,97.52629280090332,300.8122444152832,501.98009490966797,0.06464215368032455,0.8258222341537476,-0.09674381464719772,0.5517967343330383;
racing,killcuboid,6.0,6.0,24.00000286102295,146.35860443115234,270.0,361.7529487609863,-0.0,-0.9238795638084412,-0.0,0.3826833665370941;
racing,killcuboid,5.5432798862457275,6.0,6.888304710388184,79.0794038772583,270.0,234.4737195968628,-0.0,-0.9807852506637573,-0.0,-0.1950903981924057;
racing,killcuboid,5.543280601501465,6.0,6.888303279876709,79.0794324874878,270.0,149.62091445922852,-0.0,-0.9807852506637573,-0.0,0.19509024918079376;
racing,killcuboid,5.543277025222778,6.0,6.888302564620972,19.07942533493042,270.0,89.62090730667114,-0.0,-0.8314696550369263,-0.0,0.5555701851844788;
racing,killcuboid,5.543278455734253,6.0,6.888303279876709,-65.77338695526123,270.0,89.62088584899902,-0.0,-0.5555703043937683,-0.0,0.8314695358276367;
racing,killcuboid,5.543277740478516,6.0,6.888303279876709,-125.77340126037598,270.0,149.62088584899902,-0.0,-0.1950904279947281,-0.0,0.9807852506637573;
racing,killcuboid,70.85197448730469,6.0,5.543285608291626,-481.2469482421875,270.0,52.08445072174072,-0.0,-0.9807852506637573,-0.0,-0.1950903981924057;
racing,killcuboid,6.000002145767212,6.0,72.0,400.9171772003174,270.0,-592.2166442871094,-0.0,-1.0,-0.0,-7.549790126404332e-08;
base,levelBottom,default,0.04821812438964844,4.000001430511475,0.005543281316757202,1,1,1,1,1,1,-256.6922378540039,299.999942779541,-371.2980079650879,-0.0,-0.19509027898311615,-0.0,-0.9807852506637573;
custom,killcuboid,transparent0.3,48.21812438964844,24.000008583068848,5.543281316757202,1,0,0.5,0.85,1,1,-256.6922378540039,299.999942779541,-371.2980079650879,-0.0,-0.19509027898311615,-0.0,-0.9807852506637573;
base,levelBottom,default,0.04821811294555664,4.000000953674316,0.005543278098106385,1,1,1,1,1,1,539.9981689453125,599.999942779541,425.39259910583496,-0.0,-0.8314696550369263,-0.0,0.5555701851844788;
custom,killcuboid,transparent0.3,48.21811294555664,24.0000057220459,5.543278098106384,1,0,0.5,0.85,1,1,539.9981689453125,599.999942779541,425.39259910583496,-0.0,-0.8314696550369263,-0.0,0.5555701851844788;
base,levelBottom,default,0.026602131843566895,3.0000009536743164,0.005543280243873596,1,1,1,1,1,1,328.93229484558105,630.0,28.554940223693848,-0.0,0.5555702447891235,0.0,-0.8314695954322815;
custom,killcuboid,transparent0.3,26.602131843566895,18.0000057220459,5.543280243873596,1,0,0.5,0.85,1,1,328.93229484558105,630.0,28.554940223693848,-0.0,0.5555702447891235,0.0,-0.8314695954322815;
base,levelBottom,default,0.02984930992126465,3.999999523162842,0.00554327917098999,1,1,1,1,1,1,125.14552116394043,540.0,-166.4450740814209,-0.0,0.1950903981924057,0.0,-0.9807852506637573;
custom,killcuboid,transparent0.3,29.84930992126465,23.99999713897705,5.54327917098999,1,0,0.5,0.85,1,1,125.14552116394043,540.0,-166.4450740814209,-0.0,0.1950903981924057,0.0,-0.9807852506637573;
base,levelBottom,default,0.025257104873657225,4.0,0.005543277740478515,1,1,1,1,1,1,-279.41293716430664,420.0,85.98127841949463,-0.0,-0.5555701851844788,-0.0,-0.8314696550369263;
custom,killcuboid,transparent0.3,25.257104873657227,24.0,5.543277740478516,1,0,0.5,0.85,1,1,-279.41293716430664,420.0,85.98127841949463,-0.0,-0.5555701851844788,-0.0,-0.8314696550369263;
base,levelBottom,default,0.025257104873657225,4.0,0.005543277740478515,1,1,1,1,1,1,-129.41299438476562,480.0,-64.01870727539062,-0.0,-0.19509027898311615,-0.0,-0.9807852506637573;
custom,killcuboid,transparent0.3,25.257104873657227,24.0,5.543277740478516,1,0,0.5,0.85,1,1,-129.41299438476562,480.0,-64.01870727539062,-0.0,-0.19509027898311615,-0.0,-0.9807852506637573;
base,levelBottom,default,0.04592201614379883,3.999999523162842,0.005543285965919495,1,1,1,1,1,1,178.17852973937988,239.99998569488525,-264.47802543640137,-0.0,0.1950903981924057,0.0,-0.9807852506637573;
custom,killcuboid,transparent0.3,45.92201614379883,23.99999713897705,5.543285965919495,1,0,0.5,0.85,1,1,178.17852973937988,239.99998569488525,-264.47802543640137,-0.0,0.1950903981924057,0.0,-0.9807852506637573;
base,levelBottom,default,0.043625922203063966,4.000001430511475,0.005543280601501465,1,1,1,1,1,1,-214.26575660705566,300.000057220459,-268.87149810791016,-0.0,-0.19509027898311615,-0.0,-0.9807852506637573;
custom,killcuboid,transparent0.3,43.625922203063965,24.000008583068848,5.543280601501465,1,0,0.5,0.85,1,1,-214.26575660705566,300.000057220459,-268.87149810791016,-0.0,-0.19509027898311615,-0.0,-0.9807852506637573;
base,levelBottom,default,0.04362591934204101,4.000001907348633,0.00554328453540802,1,1,1,1,1,1,-484.2656707763672,360.0000286102295,1.1284130439162254,-0.0,-0.5555701851844788,-0.0,-0.8314696550369263;
custom,killcuboid,transparent0.3,43.625919342041016,24.000011444091797,5.54328453540802,1,0,0.5,0.85,1,1,-484.2656707763672,360.0000286102295,1.1284130439162254,-0.0,-0.5555701851844788,-0.0,-0.8314696550369263;
base,levelBottom,default,0.04362592506408691,4.000000953674316,0.005543279886245728,1,1,1,1,1,1,-484.2658996582031,420.0000286102295,382.9661178588867,-0.0,-0.8314695358276367,-0.0,-0.5555703043937683;
custom,killcuboid,transparent0.3,43.625925064086914,24.0000057220459,5.5432798862457275,1,0,0.5,0.85,1,1,-484.2658996582031,420.0000286102295,382.9661178588867,-0.0,-0.8314695358276367,-0.0,-0.5555703043937683;
base,levelBottom,default,0.04362592506408691,4.0,0.005543293476104737,1,1,1,1,1,1,-214.2658567428589,480.0,652.9660034179688,-0.0,-0.9807852506637573,-0.0,-0.1950903981924057;
custom,killcuboid,transparent0.3,43.625925064086914,24.0,5.543293476104736,1,0,0.5,0.85,1,1,-214.2658567428589,480.0,652.9660034179688,-0.0,-0.9807852506637573,-0.0,-0.1950903981924057;
base,levelBottom,default,0.04362591934204101,4.000000953674316,0.005543278813362121,1,1,1,1,1,1,167.571759223938,540.0,652.9661178588867,-0.0,-0.9807852506637573,-0.0,0.19509024918079376;
custom,killcuboid,transparent0.3,43.625919342041016,24.0000057220459,5.543278813362122,1,0,0.5,0.85,1,1,167.571759223938,540.0,652.9661178588867,-0.0,-0.9807852506637573,-0.0,0.19509024918079376;
base,levelBottom,default,0.02984930992126465,4.0,0.005543277740478515,1,1,1,1,1,1,-171.8393325805664,480.0,-166.44513130187988,-0.0,-0.19509027898311615,-0.0,-0.9807852506637573;
custom,killcuboid,transparent0.3,29.84930992126465,24.0,5.543277740478516,1,0,0.5,0.85,1,1,-171.8393325805664,480.0,-166.44513130187988,-0.0,-0.19509027898311615,-0.0,-0.9807852506637573;
base,levelBottom,default,0.02984930992126465,4.0,0.005543277740478515,1,1,1,1,1,1,-381.8393325805664,420.0,43.55485439300537,-0.0,-0.5555701851844788,-0.0,-0.8314696550369263;
custom,killcuboid,transparent0.3,29.84930992126465,24.0,5.543277740478516,1,0,0.5,0.85,1,1,-381.8393325805664,420.0,43.55485439300537,-0.0,-0.5555701851844788,-0.0,-0.8314696550369263;
base,levelBottom,default,0.0298493127822876,4.0,0.00554327917098999,1,1,1,1,1,1,-381.83947563171387,359.9999713897705,340.53966522216797,-0.0,-0.8314695358276367,-0.0,-0.5555703043937683;
custom,killcuboid,transparent0.3,29.849312782287598,24.0,5.54327917098999,1,0,0.5,0.85,1,1,-381.83947563171387,359.9999713897705,340.53966522216797,-0.0,-0.8314695358276367,-0.0,-0.5555703043937683;
base,levelBottom,default,0.029849321365356445,4.0,0.005543281316757202,1,1,1,1,1,1,-171.83944702148438,299.9999141693115,550.539665222168,-0.0,-0.9807852506637573,-0.0,-0.1950903981924057;
custom,killcuboid,transparent0.3,29.849321365356445,24.0,5.543281316757202,1,0,0.5,0.85,1,1,-171.83944702148438,299.9999141693115,550.539665222168,-0.0,-0.9807852506637573,-0.0,-0.1950903981924057;
base,levelBottom,default,0.02984931564331055,4.0,0.005543280601501465,1,1,1,1,1,1,125.14539241790771,240.0,550.5397796630859,-0.0,-0.9807852506637573,-0.0,0.19509024918079376;
custom,killcuboid,transparent0.3,29.849315643310547,24.0,5.543280601501465,1,0,0.5,0.85,1,1,125.14539241790771,240.0,550.5397796630859,-0.0,-0.9807852506637573,-0.0,0.19509024918079376;
base,levelBottom,default,0.02755320453643799,3.0,0.0055432809591293335,1,1,1,1,1,1,237.1124267578125,630.0,96.58785581588745,-0.0,0.5555702447891235,0.0,-0.8314695954322815;
custom,killcuboid,transparent0.3,27.55320453643799,18.0,5.5432809591293335,1,0,0.5,0.85,1,1,237.1124267578125,630.0,96.58785581588745,-0.0,0.5555702447891235,0.0,-0.8314695954322815;
base,levelBottom,default,0.025257104873657225,3.999999523162842,0.005543278455734253,1,1,1,1,1,1,82.71906852722168,540.0,-64.01870727539062,-0.0,0.1950903981924057,0.0,-0.9807852506637573;
custom,killcuboid,transparent0.3,25.257104873657227,23.99999713897705,5.543278455734253,1,0,0.5,0.85,1,1,82.71906852722168,540.0,-64.01870727539062,-0.0,0.1950903981924057,0.0,-0.9807852506637573;
base,levelBottom,default,0.025257110595703125,4.0,0.00554327917098999,1,1,1,1,1,1,-279.4129943847656,360.0,298.1133270263672,-0.0,-0.8314695358276367,-0.0,-0.5555703043937683;
custom,killcuboid,transparent0.3,25.257110595703125,24.0,5.54327917098999,1,0,0.5,0.85,1,1,-279.4129943847656,360.0,298.1133270263672,-0.0,-0.8314695358276367,-0.0,-0.5555703043937683;
base,levelBottom,default,0.025257113456726075,4.0,0.005543279886245728,1,1,1,1,1,1,-129.41303730010986,300.0,448.1133270263672,-0.0,-0.9807852506637573,-0.0,-0.1950903981924057;
custom,killcuboid,transparent0.3,25.257113456726074,24.0,5.5432798862457275,1,0,0.5,0.85,1,1,-129.41303730010986,300.0,448.1133270263672,-0.0,-0.9807852506637573,-0.0,-0.1950903981924057;
base,levelBottom,default,0.04821812438964844,4.000001907348633,0.005543285250663757,1,1,1,1,1,1,-586.6922378540039,359.999942779541,-41.297993659973145,-0.0,-0.5555701851844788,-0.0,-0.8314696550369263;
custom,killcuboid,transparent0.3,48.21812438964844,24.000011444091797,5.543285250663757,1,0,0.5,0.85,1,1,-586.6922378540039,359.999942779541,-41.297993659973145,-0.0,-0.5555701851844788,-0.0,-0.8314696550369263;
base,levelBottom,default,0.04821812438964844,4.000000953674316,0.005543280601501465,1,1,1,1,1,1,-586.6923522949219,419.9999713897705,425.3924560546875,-0.0,-0.8314695358276367,-0.0,-0.5555703043937683;
custom,killcuboid,transparent0.3,48.21812438964844,24.0000057220459,5.543280601501465,1,0,0.5,0.85,1,1,-586.6923522949219,419.9999713897705,425.3924560546875,-0.0,-0.8314695358276367,-0.0,-0.5555703043937683;
base,levelBottom,default,0.04821813011169434,4.0,0.005543294906616211,1,1,1,1,1,1,-256.6923236846924,480.0,755.3925704956055,-0.0,-0.9807852506637573,-0.0,-0.1950903981924057;
custom,killcuboid,transparent0.3,48.218130111694336,24.0,5.543294906616211,1,0,0.5,0.85,1,1,-256.6923236846924,480.0,755.3925704956055,-0.0,-0.9807852506637573,-0.0,-0.1950903981924057;
base,levelBottom,default,0.04821812438964844,4.000000953674316,0.005543279528617859,1,1,1,1,1,1,209.998140335083,540.0,755.3926849365234,-0.0,-0.9807852506637573,-0.0,0.19509024918079376;
custom,killcuboid,transparent0.3,48.21812438964844,24.0000057220459,5.543279528617859,1,0,0.5,0.85,1,1,209.998140335083,540.0,755.3926849365234,-0.0,-0.9807852506637573,-0.0,0.19509024918079376;
base,levelBottom,default,0.016629831790924074,3.0,0.006888303279876709,1,1,1,1,1,1,-23.34697186946869,210.0,192.04732418060303,-0.0,-0.1950904279947281,-0.0,0.9807852506637573;
custom,killcuboid,transparent0.3,16.629831790924072,18.0,6.888303279876709,1,0,0.5,0.85,1,1,-23.34697186946869,210.0,192.04732418060303,-0.0,-0.1950904279947281,-0.0,0.9807852506637573;
base,levelBottom,default,0.016629831790924074,3.0,0.006888303279876709,1,1,1,1,1,1,-23.34697186946869,210.0,192.04730987548828,-0.0,0.19509024918079376,-0.0,0.9807852506637573;
custom,killcuboid,transparent0.3,16.629831790924072,18.0,6.888303279876709,1,0,0.5,0.85,1,1,-23.34697186946869,210.0,192.04730987548828,-0.0,0.19509024918079376,-0.0,0.9807852506637573;
base,levelBottom,default,0.016629831790924074,3.0,0.006888303279876709,1,1,1,1,1,1,-23.34698975086212,210.0,192.0472812652588,-0.0,0.555570125579834,-0.0,0.831469714641571;
custom,killcuboid,transparent0.3,16.629831790924072,18.0,6.888303279876709,1,0,0.5,0.85,1,1,-23.34698975086212,210.0,192.0472812652588,-0.0,0.555570125579834,-0.0,0.831469714641571;
base,levelBottom,default,0.016629830360412597,3.0,0.006888302564620971,1,1,1,1,1,1,-23.34701120853424,210.0,192.0472812652588,-0.0,0.8314695954322815,-0.0,0.5555702447891235;
custom,killcuboid,transparent0.3,16.629830360412598,18.0,6.888302564620972,1,0,0.5,0.85,1,1,-23.34701120853424,210.0,192.0472812652588,-0.0,0.8314695954322815,-0.0,0.5555702447891235;
base,levelBottom,default,0.07544417953491211,2.9999985694885254,0.0055432945489883425,1,1,1,1,1,1,-502.4601173400879,210.00004291534424,103.29776287078857,-0.0,-0.9807852506637573,-0.0,-0.1950903981924057;
custom,killcuboid,transparent0.3,75.44417953491211,17.999991416931152,5.543294548988342,1,0,0.5,0.85,1,1,-502.4601173400879,210.00004291534424,103.29776287078857,-0.0,-0.9807852506637573,-0.0,-0.1950903981924057;
base,levelBottom,default,0.07152449226379394,2.9999985694885254,0.00554329240322113,1,1,1,1,1,1,-478.14019203186035,210.0000286102295,-6.628847122192383,-0.0,-0.9807852506637573,-0.0,-0.1950903981924057;
custom,killcuboid,transparent0.3,71.52449226379395,17.999991416931152,5.54329240322113,1,0,0.5,0.85,1,1,-478.14019203186035,210.0000286102295,-6.628847122192383,-0.0,-0.9807852506637573,-0.0,-0.1950903981924057;
base,levelBottom,default,0.022242642402648925,2.999999761581421,0.005543278455734253,1,1,1,1,1,1,193.38346481323242,210.0000286102295,327.154541015625,-0.0,-0.9238795042037964,-0.0,-0.38268351554870605;
custom,killcuboid,transparent0.3,22.242642402648926,17.999998569488525,5.543278455734253,1,0,0.5,0.85,1,1,193.38346481323242,210.0000286102295,327.154541015625,-0.0,-0.9238795042037964,-0.0,-0.38268351554870605;
base,levelBottom,default,0.005543280243873596,3.000000476837158,0.008233333110809326,1,1,1,1,1,1,136.5058135986328,210.00001430511475,240.6869602203369,-0.0,-0.9807852506637573,-0.0,-0.1950903981924057;
custom,killcuboid,transparent0.3,5.543280243873596,18.00000286102295,8.233333110809326,1,0,0.5,0.85,1,1,136.5058135986328,210.00001430511475,240.6869602203369,-0.0,-0.9807852506637573,-0.0,-0.1950903981924057;
base,levelBottom,default,0.005543278455734253,3.0,0.011480502605438233,1,1,1,1,1,1,130.29263019561768,210.0,128.40771675109863,-0.0,-0.9807853102684021,-0.0,0.19509023427963257;
custom,killcuboid,transparent0.3,5.543278455734253,18.0,11.480502605438232,1,0,0.5,0.85,1,1,130.29263019561768,210.0,128.40771675109863,-0.0,-0.9807853102684021,-0.0,0.19509023427963257;
base,levelBottom,default,0.005543278455734253,3.0,0.011480502605438233,1,1,1,1,1,1,40.29263377189636,210.0,38.40770959854126,-0.0,-0.8314696550369263,-0.0,0.5555701851844788;
custom,killcuboid,transparent0.3,5.543278455734253,18.0,11.480502605438232,1,0,0.5,0.85,1,1,40.29263377189636,210.0,38.40770959854126,-0.0,-0.8314696550369263,-0.0,0.5555701851844788;
base,levelBottom,default,0.00554327917098999,3.0,0.011480504035949708,1,1,1,1,1,1,-86.986563205719,210.0,38.40768814086914,-0.0,-0.5555703043937683,-0.0,0.8314695358276367;
custom,killcuboid,transparent0.3,5.54327917098999,18.0,11.480504035949707,1,0,0.5,0.85,1,1,-86.986563205719,210.0,38.40768814086914,-0.0,-0.5555703043937683,-0.0,0.8314695358276367;
base,levelBottom,default,0.005543277740478515,3.000000476837158,0.002017529010772705,1,1,1,1,1,1,-158.87995719909668,209.99998569488525,84.69444036483765,-0.0,-0.1950904279947281,-0.0,0.9807852506637573;
custom,killcuboid,transparent0.3,5.543277740478516,18.00000286102295,2.017529010772705,1,0,0.5,0.85,1,1,-158.87995719909668,209.99998569488525,84.69444036483765,-0.0,-0.1950904279947281,-0.0,0.9807852506637573;
base,levelBottom,default,0.02224263095855713,3.0,0.005543278813362121,1,1,1,1,1,1,465.4398536682129,630.0,134.3309783935547,-0.0,1.1920928955078125e-07,0.0,-1.0;
custom,killcuboid,transparent0.3,22.24263095855713,18.0,5.543278813362122,1,0,0.5,0.85,1,1,465.4398536682129,630.0,134.3309783935547,-0.0,1.1920928955078125e-07,0.0,-1.0;
base,levelBottom,default,0.00554327917098999,3.000000476837158,0.0022961012721061705,1,1,1,1,1,1,452.1303462982178,210.0,-211.00350379943848,-0.0,-0.1950904279947281,-0.0,0.9807852506637573;
custom,killcuboid,transparent0.3,5.54327917098999,18.00000286102295,2.2961012721061707,1,0,0.5,0.85,1,1,452.1303462982178,210.0,-211.00350379943848,-0.0,-0.1950904279947281,-0.0,0.9807852506637573;
base,levelBottom,default,0.005543279886245728,3.000000476837158,0.0022961016297340393,1,1,1,1,1,1,422.1303176879883,210.0,-181.00350379943848,-0.0,-0.5555703043937683,-0.0,0.8314695358276367;
custom,killcuboid,transparent0.3,5.5432798862457275,18.00000286102295,2.2961016297340393,1,0,0.5,0.85,1,1,422.1303176879883,210.0,-181.00350379943848,-0.0,-0.5555703043937683,-0.0,0.8314695358276367;
base,levelBottom,default,0.00554327917098999,3.000000476837158,0.0022961012721061705,1,1,1,1,1,1,597.8662490844727,630.0,140.83419799804688,-0.0,0.555570125579834,-0.0,0.831469714641571;
custom,killcuboid,transparent0.3,5.54327917098999,18.00000286102295,2.2961012721061707,1,0,0.5,0.85,1,1,597.8662490844727,630.0,140.83419799804688,-0.0,0.555570125579834,-0.0,0.831469714641571;
base,levelBottom,default,0.00554327917098999,3.000000476837158,0.0022961012721061705,1,1,1,1,1,1,627.8662490844727,630.0,170.83418369293213,-0.0,0.1950903683900833,-0.0,0.9807852506637573;
custom,killcuboid,transparent0.3,5.54327917098999,18.00000286102295,2.2961012721061707,1,0,0.5,0.85,1,1,627.8662490844727,630.0,170.83418369293213,-0.0,0.1950903683900833,-0.0,0.9807852506637573;
base,levelBottom,default,0.00554327917098999,3.000000476837158,0.0022961012721061705,1,1,1,1,1,1,282.42459297180176,210.0,425.39262771606445,-0.0,0.19509024918079376,-0.0,0.9807852506637573;
custom,killcuboid,transparent0.3,5.54327917098999,18.00000286102295,2.2961012721061707,1,0,0.5,0.85,1,1,282.42459297180176,210.0,425.39262771606445,-0.0,0.19509024918079376,-0.0,0.9807852506637573;
base,levelBottom,default,0.00554327917098999,3.000000476837158,0.0022961012721061705,1,1,1,1,1,1,282.42462158203125,210.0,467.8190231323242,-0.0,-0.19509030878543854,-0.0,0.9807853102684021;
custom,killcuboid,transparent0.3,5.54327917098999,18.00000286102295,2.2961012721061707,1,0,0.5,0.85,1,1,282.42462158203125,210.0,467.8190231323242,-0.0,-0.19509030878543854,-0.0,0.9807853102684021;
base,levelBottom,default,0.00554327917098999,3.000000476837158,0.0022961012721061705,1,1,1,1,1,1,-92.13378667831421,210.0,213.2605218887329,-0.0,-0.1950904279947281,-0.0,0.9807852506637573;
custom,killcuboid,transparent0.3,5.54327917098999,18.00000286102295,2.2961012721061707,1,0,0.5,0.85,1,1,-92.13378667831421,210.0,213.2605218887329,-0.0,-0.1950904279947281,-0.0,0.9807852506637573;
base,levelBottom,default,0.005543279886245728,3.000000476837158,0.0022961016297340393,1,1,1,1,1,1,-122.13376522064209,210.0,243.26053619384766,-0.0,-0.5555701851844788,-0.0,0.8314695954322815;
custom,killcuboid,transparent0.3,5.5432798862457275,18.00000286102295,2.2961016297340393,1,0,0.5,0.85,1,1,-122.13376522064209,210.0,243.26053619384766,-0.0,-0.5555701851844788,-0.0,0.8314695954322815;
base,levelBottom,default,0.00554327917098999,3.000000476837158,0.0022961012721061705,1,1,1,1,1,1,10.29260516166687,209.9999713897705,298.1132984161377,-0.0,-0.9807853102684021,-0.0,0.19509021937847137;
custom,killcuboid,transparent0.3,5.54327917098999,18.00000286102295,2.2961012721061707,1,0,0.5,0.85,1,1,10.29260516166687,209.9999713897705,298.1132984161377,-0.0,-0.9807853102684021,-0.0,0.19509021937847137;
base,levelBottom,default,0.00554327917098999,3.000000476837158,0.0022961012721061705,1,1,1,1,1,1,10.292598009109497,209.9999713897705,255.68693161010742,-0.0,-0.9807853102684021,-0.0,-0.19509026408195496;
custom,killcuboid,transparent0.3,5.54327917098999,18.00000286102295,2.2961012721061707,1,0,0.5,0.85,1,1,10.292598009109497,209.9999713897705,255.68693161010742,-0.0,-0.9807853102684021,-0.0,-0.19509026408195496;
base,levelBottom,default,0.00554327917098999,3.000000476837158,0.0022961012721061705,1,1,1,1,1,1,422.13048934936523,209.9999713897705,-1003.4298706054688,-0.0,0.555570125579834,-0.0,0.831469714641571;
custom,killcuboid,transparent0.3,5.54327917098999,18.00000286102295,2.2961012721061707,1,0,0.5,0.85,1,1,422.13048934936523,209.9999713897705,-1003.4298706054688,-0.0,0.555570125579834,-0.0,0.831469714641571;
base,levelBottom,default,0.00554327917098999,3.000000476837158,0.0022961012721061705,1,1,1,1,1,1,452.13048934936523,209.9999713897705,-973.4299850463867,-0.0,0.1950903683900833,-0.0,0.9807852506637573;
custom,killcuboid,transparent0.3,5.54327917098999,18.00000286102295,2.2961012721061707,1,0,0.5,0.85,1,1,452.13048934936523,209.9999713897705,-973.4299850463867,-0.0,0.1950903683900833,-0.0,0.9807852506637573;
base,levelBottom,default,0.005543279886245728,3.000000476837158,0.0022961016297340393,1,1,1,1,1,1,349.704065322876,209.99998569488525,-973.4298706054688,-0.0,0.9807853102684021,-0.0,0.1950903832912445;
custom,killcuboid,transparent0.3,5.5432798862457275,18.00000286102295,2.2961016297340393,1,0,0.5,0.85,1,1,349.704065322876,209.99998569488525,-973.4298706054688,-0.0,0.9807853102684021,-0.0,0.1950903832912445;
base,levelBottom,default,0.005543278813362121,3.000000476837158,0.0022961010932922364,1,1,1,1,1,1,379.70415115356445,209.99998569488525,-1003.4299850463867,-0.0,0.8314695954322815,-0.0,0.5555702447891235;
custom,killcuboid,transparent0.3,5.543278813362122,18.00000286102295,2.2961010932922363,1,0,0.5,0.85,1,1,379.70415115356445,209.99998569488525,-1003.4299850463867,-0.0,0.8314695954322815,-0.0,0.5555702447891235;
base,levelBottom,default,0.005543279886245728,3.000000476837158,0.0022961016297340393,1,1,1,1,1,1,-870.3599739074707,210.0,-109.09157752990723,-0.0,0.9807853102684021,-0.0,0.1950903832912445;
custom,killcuboid,transparent0.3,5.5432798862457275,18.00000286102295,2.2961016297340393,1,0,0.5,0.85,1,1,-870.3599739074707,210.0,-109.09157752990723,-0.0,0.9807853102684021,-0.0,0.1950903832912445;
base,levelBottom,default,0.005543278813362121,3.000000476837158,0.0022961010932922364,1,1,1,1,1,1,-840.3599166870117,209.99998569488525,-139.09154891967773,-0.0,0.8314695954322815,-0.0,0.5555702447891235;
custom,killcuboid,transparent0.3,5.543278813362122,18.00000286102295,2.2961010932922363,1,0,0.5,0.85,1,1,-840.3599166870117,209.99998569488525,-139.09154891967773,-0.0,0.8314695954322815,-0.0,0.5555702447891235;
base,levelBottom,default,0.005543281316757202,3.000000476837158,0.002296102166175842,1,1,1,1,1,1,-870.3600883483887,209.99998569488525,-66.66509628295898,-0.0,0.9807852506637573,-0.0,-0.1950904130935669;
custom,killcuboid,transparent0.3,5.543281316757202,18.00000286102295,2.2961021661758423,1,0,0.5,0.85,1,1,-870.3600883483887,209.99998569488525,-66.66509628295898,-0.0,0.9807852506637573,-0.0,-0.1950904130935669;
base,levelBottom,default,0.00554327917098999,3.000000476837158,0.0022961012721061705,1,1,1,1,1,1,315.4397964477539,630.0,243.26053619384766,-0.0,0.555570125579834,-0.0,0.831469714641571;
custom,killcuboid,transparent0.3,5.54327917098999,18.00000286102295,2.2961012721061707,1,0,0.5,0.85,1,1,315.4397964477539,630.0,243.26053619384766,-0.0,0.555570125579834,-0.0,0.831469714641571;
base,levelBottom,default,0.040378735542297366,4.000000953674316,0.005543277740478515,1,1,1,1,1,1,422.57177352905273,599.999942779541,419.1793441772461,-0.0,-0.8314696550369263,-0.0,0.5555701851844788;
custom,killcuboid,transparent0.3,40.37873554229736,24.0000057220459,5.543277740478516,1,0,0.5,0.85,1,1,422.57177352905273,599.999942779541,419.1793441772461,-0.0,-0.8314696550369263,-0.0,0.5555701851844788;
base,levelBottom,default,0.017461253643035888,4.000000953674316,0.005543277740478515,1,1,1,1,1,1,423.95931243896484,599.999942779541,249.76375579833984,-0.0,-1.0,-0.0,-7.549790126404332e-08;
custom,killcuboid,transparent0.3,17.46125364303589,24.0000057220459,5.543277740478516,1,0,0.5,0.85,1,1,423.95931243896484,599.999942779541,249.76375579833984,-0.0,-1.0,-0.0,-7.549790126404332e-08;
base,levelBottom,default,0.06546125221252441,2.999999523162842,0.005543288469314575,1,1,1,1,1,1,343.2007884979248,209.99995708465576,-624.9103546142578,-0.0,-0.7071067094802856,-0.0,-0.7071068286895752;
custom,killcuboid,transparent0.3,65.46125221252441,17.99999713897705,5.543288469314575,1,0,0.5,0.85,1,1,343.2007884979248,209.99995708465576,-624.9103546142578,-0.0,-0.7071067094802856,-0.0,-0.7071068286895752;
base,levelBottom,default,0.04037873840332031,3.999999523162842,0.005543290972709656,1,1,1,1,1,1,173.7850856781006,240.0000286102295,-386.29812240600586,-0.0,-0.9807852506637573,-0.0,-0.1950903981924057;
custom,killcuboid,transparent0.3,40.37873840332031,23.99999713897705,5.543290972709656,1,0,0.5,0.85,1,1,173.7850856781006,240.0000286102295,-386.29812240600586,-0.0,-0.9807852506637573,-0.0,-0.1950903981924057;
base,levelBottom,default,0.01971383285522461,4.0,0.005543280601501465,1,1,1,1,1,1,57.112369537353516,240.0,458.7199115753174,-0.0,-0.9807852506637573,-0.0,0.19509024918079376;
custom,killcuboid,transparent0.3,19.71383285522461,24.0,5.543280601501465,1,0,0.5,0.85,1,1,57.112369537353516,240.0,458.7199115753174,-0.0,-0.9807852506637573,-0.0,0.19509024918079376;
base,levelBottom,default,0.017461262226104737,3.0,0.005543280601501465,1,1,1,1,1,1,82.42902517318726,210.0,379.44665908813477,-0.0,-0.9238795638084412,-0.0,-0.3826834559440613;
custom,killcuboid,transparent0.3,17.461262226104736,18.0,5.543280601501465,1,0,0.5,0.85,1,1,82.42902517318726,210.0,379.44665908813477,-0.0,-0.9238795638084412,-0.0,-0.3826834559440613;
custom,cylinder,ice1,6.0,36.0,6.0,1,1,1,1,1,1,-362.7583122253418,420.0,531.4585304260254,-0.0,-1.0,-0.0,-7.549790126404332e-08;
custom,cylinder,cannonregionmat,6.1,36.0,6.1,1,1,1,1,1,1,-362.7583122253418,420.0,531.4585304260254,-0.0,-1.0,-0.0,-7.549790126404332e-08;
custom,cylinder,ice1,6.0,36.0,6.0,1,1,1,1,1,1,-23.34707021713257,420.0,672.0473098754883,-0.0,-1.0,-0.0,-7.549790126404332e-08;
custom,cylinder,cannonregionmat,6.1,36.0,6.1,1,1,1,1,1,1,-23.34707021713257,420.0,672.0473098754883,-0.0,-1.0,-0.0,-7.549790126404332e-08;
custom,cylinder,ice1,6.0,36.0,6.0,1,1,1,1,1,1,316.0642433166504,420.0,531.4586448669434,-0.0,-1.0,-0.0,-7.549790126404332e-08;
custom,cylinder,cannonregionmat,6.1,36.0,6.1,1,1,1,1,1,1,316.0642433166504,420.0,531.4586448669434,-0.0,-1.0,-0.0,-7.549790126404332e-08;
custom,cylinder,ice1,6.0,36.0,6.0,1,1,1,1,1,1,-23.346925377845764,420.0,-287.9526901245117,-0.0,-1.0,-0.0,-7.549790126404332e-08;
custom,cylinder,cannonregionmat,6.1,36.0,6.1,1,1,1,1,1,1,-23.346925377845764,420.0,-287.9526901245117,-0.0,-1.0,-0.0,-7.549790126404332e-08;
custom,cylinder,ice1,6.0,36.0,6.0,1,1,1,1,1,1,-362.7582550048828,420.0,-147.3640251159668,-0.0,-1.0,-0.0,-7.549790126404332e-08;
custom,cylinder,cannonregionmat,6.1,36.0,6.1,1,1,1,1,1,1,-362.7582550048828,420.0,-147.3640251159668,-0.0,-1.0,-0.0,-7.549790126404332e-08;
custom,cylinder,ice1,6.0,36.0,6.0,1,1,1,1,1,1,-503.3469772338867,420.0,192.04723834991455,-0.0,-1.0,-0.0,-7.549790126404332e-08;
custom,cylinder,cannonregionmat,6.1,36.0,6.1,1,1,1,1,1,1,-503.3469772338867,420.0,192.04723834991455,-0.0,-1.0,-0.0,-7.549790126404332e-08;
custom,cylinder,ice1,6.0,30.0,6.0,1,1,1,1,1,1,-23.347034454345703,480.0,432.0473098754883,-0.0,-1.0,-0.0,-7.549790126404332e-08;
custom,cylinder,cannonregionmat,6.1,30.0,6.1,1,1,1,1,1,1,-23.347034454345703,480.0,432.0473098754883,-0.0,-1.0,-0.0,-7.549790126404332e-08;
custom,cylinder,ice1,6.0,27.0,6.0,1,1,1,1,1,1,-193.05267333984375,510.0,361.7529487609863,-0.0,-1.0,-0.0,-7.549790126404332e-08;
custom,cylinder,cannonregionmat,6.1,27.0,6.1,1,1,1,1,1,1,-193.05267333984375,510.0,361.7529487609863,-0.0,-1.0,-0.0,-7.549790126404332e-08;
custom,cylinder,ice1,6.0,33.0,6.0,1,1,1,1,1,1,-193.05261611938477,450.0,22.341642379760742,-0.0,-1.0,-0.0,-7.549790126404332e-08;
custom,cylinder,cannonregionmat,6.1,33.0,6.1,1,1,1,1,1,1,-193.05261611938477,450.0,22.341642379760742,-0.0,-1.0,-0.0,-7.549790126404332e-08;
custom,cylinder,ice1,6.0,18.0,6.0,1,1,1,1,1,1,-23.346962928771973,600.0,-47.95269012451172,-0.0,-1.0,-0.0,-7.549790126404332e-08;
custom,cylinder,cannonregionmat,6.1,18.0,6.1,1,1,1,1,1,1,-23.346962928771973,600.0,-47.95269012451172,-0.0,-1.0,-0.0,-7.549790126404332e-08;
custom,cylinder,ice1,6.0,18.0,6.0,1,1,1,1,1,1,146.35866165161133,600.0,22.341699600219727,-0.0,-1.0,-0.0,-7.549790126404332e-08;
custom,cylinder,cannonregionmat,6.1,18.0,6.1,1,1,1,1,1,1,146.35866165161133,600.0,22.341699600219727,-0.0,-1.0,-0.0,-7.549790126404332e-08;
custom,cylinder,ice1,6.0,24.0,6.0,1,1,1,1,1,1,-263.3469772338867,540.0,192.0472812652588,-0.0,-1.0,-0.0,-7.549790126404332e-08;
custom,cylinder,cannonregionmat,6.1,24.0,6.1,1,1,1,1,1,1,-263.3469772338867,540.0,192.0472812652588,-0.0,-1.0,-0.0,-7.549790126404332e-08;
custom,cylinder,ice1,6.0,36.0,6.0,1,1,1,1,1,1,-23.346998691558838,420.0,192.04730987548828,-0.0,-1.0,-0.0,-7.549790126404332e-08;
custom,cylinder,cannonregionmat,6.1,36.0,6.1,1,1,1,1,1,1,-23.346998691558838,420.0,192.04730987548828,-0.0,-1.0,-0.0,-7.549790126404332e-08;
custom,cylinder,ice1,6.0,36.0,6.0,1,1,1,1,1,1,280.82865715026855,420.0,-410.6901168823242,-0.0,-1.0,-0.0,-7.549790126404332e-08;
custom,cylinder,cannonregionmat,6.1,36.0,6.1,1,1,1,1,1,1,280.82865715026855,420.0,-410.6901168823242,-0.0,-1.0,-0.0,-7.549790126404332e-08;
custom,cylinder,ice1,6.0,36.0,6.0,1,1,1,1,1,1,395.56148529052734,420.0,315.06208419799805,-0.0,-1.0,-0.0,-7.549790126404332e-08;
custom,cylinder,cannonregionmat,6.1,36.0,6.1,1,1,1,1,1,1,395.56148529052734,420.0,315.06208419799805,-0.0,-1.0,-0.0,-7.549790126404332e-08;
custom,cylinder,ice1,6.0,36.0,6.0,1,1,1,1,1,1,416.90711975097656,420.0,69.58706617355347,-0.0,-1.0,-0.0,-7.549790126404332e-08;
custom,cylinder,cannonregionmat,6.1,36.0,6.1,1,1,1,1,1,1,416.90711975097656,420.0,69.58706617355347,-0.0,-1.0,-0.0,-7.549790126404332e-08;
custom,cylinder,ice1,6.0,36.0,6.0,1,1,1,1,1,1,203.45054626464844,420.0,248.35687637329102,-0.0,-1.0,-0.0,-7.549790126404332e-08;
custom,cylinder,cannonregionmat,6.1,36.0,6.1,1,1,1,1,1,1,203.45054626464844,420.0,248.35687637329102,-0.0,-1.0,-0.0,-7.549790126404332e-08;
custom,cylinder,metal1,6.0,42.0,6.0,1,1,1,1,1,1,-23.346877098083496,420.0,-617.9526901245117,-0.0,-1.0,-0.0,-7.549790126404332e-08;
custom,cylinder,metal1,6.0,42.0,6.0,1,1,1,1,1,1,-596.103458404541,420.0,-380.709285736084,-0.0,-1.0,-0.0,-7.549790126404332e-08;
custom,cylinder,metal1,6.0,42.0,6.0,1,1,1,1,1,1,-833.3469772338867,420.0,192.0471954345703,-0.0,-1.0,-0.0,-7.549790126404332e-08;
custom,cylinder,metal1,6.0,42.0,6.0,1,1,1,1,1,1,-596.103572845459,420.0,764.8036766052246,-0.0,-1.0,-0.0,-7.549790126404332e-08;
custom,cylinder,metal1,6.0,42.0,6.0,1,1,1,1,1,1,-23.34712028503418,420.0,1002.0473098754883,-0.0,-1.0,-0.0,-7.549790126404332e-08;
custom,cylinder,metal1,6.0,42.0,6.0,1,1,1,1,1,1,549.4093894958496,420.0,764.8037910461426,-0.0,-1.0,-0.0,-7.549790126404332e-08;
custom,cylinder,metal1,6.0,42.0,6.0,1,1,1,1,1,1,786.6530227661133,420.0,192.04742431640625,-0.0,-1.0,-0.0,-7.549790126404332e-08;
custom,cylinder,metal1,6.0,42.0,6.0,1,1,1,1,1,1,549.4095039367676,420.0,-380.70905685424805,-0.0,-1.0,-0.0,-7.549790126404332e-08;
