
racing,startCuboid,0.625,12.5,7.5,-446.3520375,42.2859886,-1185.697375,0,-0.6948866,0,-0.7191194;
spawnpoint,playerC,-419.8031625,35.6512511,-1281.144125,0,0.998571,0,0.053442;
spawnpoint,playerM,-413.4227875,36.1512011,-1277.341625,0,0.998571,0,0.053442;
racing,checkpointCuboid,6.25,2.5,6.25,-193.9181625,42.4628261,880.776125,0,0.8115554,0,0.5842754;
racing,checkpointCuboid,6.25,6.25,0.5,264.0302125,247.6892261,-401.89425,0,0.7024243,0,0.7117584;
racing,endCuboid,0.625,6.25,12.5,649.7399625,52.4916886,169.219625,0,0.0007298,0,-0.9999998;

base,aot_supply,empty,62.5,62.5,62.5,1,1,0.6590909,0,7,7,-1311.5286625,15.8097386,-906.19025,0,0.6716973,0,-0.7408258;
custom,arc180,empty,0.625,0.625,0.625,1,0,0,1,1,1,-399.0687875,76.2116011,-1298.260375,0.7015815,-0.0288598,0.0206001,0.7117065;
custom,bridge1,default,0.625,8.75,12.5,0,1,0.75,0,1,1,312.2042125,-13.0412364,695.9025,0,-0.1718497,0,-0.9851232;
custom,canal1,empty,12.5,12.5,12.5,1,1,0.6590909,0,7,7,-1174.6892875,-3.7660364,142.6901375,0,0.4931207,0,-0.869961;
custom,canal1,empty,12.5,12.5,12.5,1,1,0.6590909,0,7,7,-413.7914125,-1.0055364,789.980875,0,0.9828908,0,-0.1841896;
custom,canal1,empty,12.5,12.5,12.5,1,1,0.6590909,0,7,7,1207.6779625,-4.0941739,-1121.955875,0,0.7779127,0,-0.6283725;
custom,canal1,empty,12.5,12.5,12.5,1,1,0.6590909,0,7,7,570.0099625,6.3019636,-69.6692125,0,0.3356195,0,0.9419976;
custom,cuboid,default,0.625,0.625,0.625,1,1,0.5795454,0,1,1,234.3278375,218.7922261,-239.988625,0,0.6797395,0,-0.7334536;
custom,cuboid,default,0.625,1.25,0.625,1,1,0.5795454,0,1,1,234.7012125,223.0197261,-244.5645,0.2174125,0.6815085,-0.1666898,-0.678596;
custom,cuboid,default,0.625,1.25,0.625,1,1,0.5795454,0,1,1,235.4723375,222.8134761,-235.66075,-0.2243798,0.693865,0.2105377,-0.6510599;
custom,cuboid,default,0.625,1.25,25,0,1,1,1,1,1,-10.0120375,250.2864761,-528.73675,0,0.7029191,0,0.7112698;
custom,cuboid,default,0.625,1.25,25,0,1,1,1,1,1,-40.880775,251.8556011,-796.6125,0,0.7049843,0,0.709223;
custom,cuboid,default,0.625,1.25,25,0,1,1,1,1,1,-9.4793125,252.0904761,-656.53075,0,0.7045627,0,0.7096418;
custom,cuboid,default,0.625,1.25,25,0,1,1,1,1,1,48.5840625,252.4906011,-724.611125,0,0.7092018,0,-0.7050055;
custom,cuboid,default,0.625,1.25,25,0,1,1,1,1,1,51.4027,249.3923511,-461.213125,0,0.7075837,0,-0.7066296;
custom,cuboid,default,0.625,1.25,25,0,1,1,1,1,1,55.483025,250.6776011,-598.5455,0,0.7112535,0,-0.7029356;
custom,cuboid,default,0.625,1.25,6.25,0,1,1,1,1,1,536.2647125,77.7238886,477.527,0,0.8168851,0,0.5768006;
custom,cuboid,default,0.625,1.25,6.25,0,1,1,1,1,1,537.1137125,34.8728136,477.16575,0,0.5779391,0,-0.8160799;
custom,cuboid,default,0.625,12.5,7.5,0,1,1,1,1,1,-661.3787875,41.3853261,-1161.631625,0,0.0929302,0,-0.9956726;
custom,cuboid,default,0.625,18.75,25,0,1,1,1,1,1,-233.4260375,72.2858886,724.736875,0,0.977957,0,-0.2088063;
custom,cuboid,default,0.625,18.75,25,0,1,1,1,1,1,-336.4629125,72.2318511,499.961125,0,0.9757128,0,-0.2190536;
custom,cuboid,default,0.625,18.75,25,0,1,1,1,1,1,-390.7042875,71.0436886,530.503375,0,0.9739603,0,-0.2267187;
custom,cuboid,default,0.625,18.75,6.25,0,1,0.5795454,0,1,1,234.0444625,178.4171011,-243.52575,0,0.9998268,0,-0.0186105;
custom,cuboid,default,0.625,18.75,6.25,0,1,1,1,1,1,-142.8439125,52.8469136,924.4925,0,0.9749578,0,-0.2223901;
custom,cuboid,default,0.625,2.5,0.625,1,1,0.5795454,0,1,1,235.0912125,234.5717261,-239.62225,0,0.6822823,0,-0.7310889;
custom,cuboid,default,0.625,2.5,5,0,1,0.5795454,0,1,1,289.9970875,259.9184761,-245.383875,0,0.999806,0,-0.0196945;
custom,cuboid,default,0.625,2.5,6.25,0,1,1,1,1,1,-461.4200375,42.0921386,-831.23975,0,0.9998034,0,0.0198309;
custom,cuboid,default,0.625,2.5,6.25,0,1,1,1,1,1,-461.5281625,91.0620386,-830.335,0,0.0206226,0,-0.9997873;
custom,cuboid,default,0.625,25,2.5,0,1,1,1,1,1,-213.9342875,151.8066011,-845.67,0,-0.0143315,0,0.9998973;
custom,cuboid,default,0.625,25,2.5,0,1,1,1,1,1,-214.0086625,151.9933511,-807.73875,0,0.999995,0,0.0031713;
custom,cuboid,default,0.625,25,6.25,0,1,0.5795454,0,1,1,261.1512125,147.2904761,-272.229875,0,0.7186512,0,0.6953708;
custom,cuboid,default,0.625,25,6.25,0,1,0.5795454,0,1,1,264.0947125,147.2317261,-215.9575,0,0.7159109,0,0.6981917;
custom,cuboid,default,0.625,25,6.25,0,1,0.5795454,0,1,1,291.1428375,88.3929136,-244.834625,0,0.9997739,0,-0.021266;
custom,cuboid,default,0.625,25,6.25,0,1,1,1,1,1,-144.8077875,119.8582261,-824.982375,0,0.9999342,0,0.0114745;
custom,cuboid,default,0.625,25,7.5,0,1,1,1,1,1,-177.6466625,152.5009761,-798.235875,0,0.7105697,0,-0.7036269;
custom,cuboid,default,0.625,25,7.5,0,1,1,1,1,1,-179.3452875,151.9584761,-854.9455,0,0.7118245,0,-0.7023575;
custom,cuboid,default,0.625,3.75,1.25,0,1,1,1,1,1,-460.8042875,61.4326636,-851.2595,0,0.9998577,0,0.0168717;
custom,cuboid,default,0.625,3.75,1.25,0,1,1,1,1,1,-462.2160375,62.2309386,-812.8625,0,0.0394665,0,-0.9992209;
custom,cuboid,default,0.625,3.75,6.25,0,1,1,1,1,1,-215.2859125,83.5510011,-826.827375,0,-0.0094897,0,-0.999955;
custom,cuboid,default,0.625,3.75,6.25,0,1,1,1,1,1,-242.0940375,47.9330386,-798.774375,0,0.7112299,0,-0.7029595;
custom,cuboid,default,0.625,3.75,6.25,0,1,1,1,1,1,-242.7594125,85.0756511,-799.06775,0,0.7127848,0,-0.7013828;
custom,cuboid,default,0.625,3.75,6.25,0,1,1,1,1,1,-243.8337875,48.2330761,-853.76875,0,0.7112299,0,-0.7029595;
custom,cuboid,default,0.625,3.75,6.25,0,1,1,1,1,1,-243.9900375,83.5560886,-853.854125,0,0.7139614,0,-0.7001851;
custom,cuboid,default,0.625,3.75,6.25,0,1,1,1,1,1,-274.3149125,48.1406261,-826.05925,0,0.9999262,0,0.01215;
custom,cuboid,default,0.625,5,0.625,1,1,0.5568182,0,1,1,275.0909625,204.2774761,657.00925,0,0.8299856,0,0.5577848;
custom,cuboid,default,0.625,5,0.625,1,1,0.5568182,0,1,1,289.0375875,203.6257261,695.54175,0,0.8138347,0,0.5810965;
custom,cuboid,default,0.625,5,0.625,1,1,0.5568182,0,1,1,294.8887125,203.7653511,712.752375,0,0.8288167,0,0.5595204;
custom,cuboid,default,0.625,5,0.625,1,1,0.5568182,0,1,1,302.7819625,203.9654761,734.425,0,0.8167163,0,0.5770396;
custom,cuboid,default,0.625,5,0.625,1,1,0.5568182,0,1,1,308.3028375,204.0693511,749.265625,0,0.8274973,0,0.5614697;
custom,cuboid,default,0.625,5,0.625,1,1,0.5568182,0,1,1,311.3242125,204.7193511,758.646125,0.1573619,0.8020803,0.1109141,0.5653339;
custom,cuboid,default,0.625,5,0.625,1,1,0.5568182,0,1,1,314.1297125,203.8744761,768.117625,0,0.8064199,0,0.5913434;
custom,cuboid,default,0.625,6.25,1.25,0,1,1,1,1,1,517.0350875,52.6997011,484.368875,0,0.5805079,0,-0.8142546;
custom,cuboid,default,0.625,6.25,10,0,1,0.5795454,0,1,1,339.1158375,237.3318511,-274.846625,0,0.6963136,0,-0.7177377;
custom,cuboid,default,0.625,6.25,10,0,1,0.5795454,0,1,1,478.5387125,234.5598511,-334.08075,0,0.9994363,0,-0.0335743;
custom,cuboid,default,0.625,6.25,10,0,1,0.5795454,0,1,1,436.0562125,237.7468511,-281.2665,0,0.7387339,0,0.6739973;
custom,cuboid,default,0.625,6.25,10,0,1,0.5795454,0,1,1,494.0480875,238.4541011,-422.665125,0,0.7711796,0,-0.6366177;



custom,cuboid,default,0.625,6.25,12.5,0,0,0,0,1,1,326.7962125,254.6953511,-427.835875,0,0.7093142,0,-0.7048926;
custom,cuboid,default,0.625,6.25,12.5,0,0,0,0,1,1,397.8570875,254.9091011,-427.385,0,0.7094877,0,-0.7047178;
custom,cuboid,default,0.625,6.25,12.5,0,0,0,0,1,1,406.9968375,257.2017261,-386.6195,0,0.6998106,0,-0.7143284;
custom,cuboid,default,0.625,6.25,12.5,0,1,0.5795454,0,1,1,-36.946025,52.3274511,-70.1327,0,0.9997393,0,-0.0228348;
custom,cuboid,default,0.625,6.25,12.5,0,1,0.5795454,0,1,1,171.8020875,55.7068386,-270.092125,0,0.713111,0,0.7010512;
custom,cuboid,default,0.625,6.25,12.5,0,1,0.5795454,0,1,1,179.0294625,56.8816261,-213.41325,0,0.7133798,0,0.7007776;
custom,cuboid,default,0.625,6.25,12.5,0,1,0.5795454,0,1,1,29.5420487,53.2525136,-67.9232,0,0.9999855,0,-0.0053955;
custom,cuboid,default,0.625,6.25,12.5,0,1,0.5795454,0,1,1,65.1434125,51.8626636,-240.105875,0,0.8610802,0,0.5084691;
custom,cuboid,default,0.625,6.25,12.5,0,1,0.5795454,0,1,1,74.067325,53.5721761,-170.64825,0,0.9155597,0,0.402182;
custom,cuboid,default,0.625,6.25,12.5,0,1,0.5795454,0,1,1,-6.7282875,52.3745761,-179.86,0,0.9566237,0,0.2913263;
custom,cuboid,default,0.625,6.25,18.75,0,1,0.5795454,0,1,1,459.4542125,241.6661011,-219.3315,0,0.688403,0,-0.7253284;
custom,cuboid,default,0.625,6.25,18.75,0,1,0.5795454,0,1,1,544.2118375,241.8914761,-318.694,0,0.9995745,0,-0.02917;
custom,cuboid,default,0.625,6.25,43.75,0,0,0,0,1,1,263.3989625,256.8143511,-643.417875,0,0.9999967,0,-0.0026124;
custom,cuboid,default,0.625,6.25,6.25,0,1,1,1,1,1,593.7610875,52.7883261,458.037125,0,0.587719,0,-0.8090652;
custom,cuboid,default,0.625,6.25,7.5,0,1,0.5795454,0,1,1,329.0659625,241.4658511,-214.125,0,0.7034688,0,-0.7107261;
custom,cuboid,default,0.625,6.25,8.75,0,1,0.6363636,0,1,1,-190.4711625,127.8373511,908.45375,0,0.8283214,0,0.5602532;


custom,cuboid,default,0.625,7.5,12.5,0,1,0.6363636,0,1,1,-116.5862875,39.2348761,882.165125,0,0.5772939,0,-0.8165364;
custom,cuboid,default,0.625,7.5,12.5,0,1,0.6363636,0,1,1,-123.2085375,46.2530886,818.379,0,0.5826327,0,-0.8127357;
custom,cuboid,default,0.625,7.5,12.5,0,1,0.6363636,0,1,1,-206.4581625,42.5472011,914.725125,0,0.8228241,0,0.5682962;
custom,cuboid,default,0.625,7.5,12.5,0,1,0.6363636,0,1,1,-215.4441625,33.0203886,852.48025,0,0.5640301,0,-0.8257543;
custom,cuboid,default,0.625,7.5,12.5,0,1,0.6363636,0,1,1,-287.5361625,45.2198761,889.28575,0,0.8456733,0,0.533701;
custom,cuboid,default,0.625,7.5,12.5,0,1,0.6363636,0,1,1,-307.5862875,42.2134511,980.097875,0,0.375527,0,-0.9268115;
custom,cuboid,default,0.625,7.5,12.5,0,1,0.6363636,0,1,1,-366.5085375,46.4244511,945.4765,0,0.9447716,0,0.3277294;
custom,cuboid,default,0.625,7.5,12.5,0,1,0.6363636,0,1,1,-416.4554125,45.5320511,1197.05075,0,0.7852625,0,0.619163;
custom,cuboid,default,0.625,7.5,12.5,0,1,0.6363636,0,1,1,-429.5457875,45.8798386,1039.55775,0,0.9686676,0,0.2483609;
custom,cuboid,default,0.625,7.5,12.5,0,1,0.6363636,0,1,1,-464.8032875,46.2751136,1153.008125,0,0.9987147,0,0.0506842;
custom,cuboid,default,0.625,7.5,12.5,0,1,0.6363636,0,1,1,553.7407125,48.4870386,581.23875,0,0.5920789,0,-0.8058801;
custom,cuboid,default,0.625,7.5,12.5,0,1,0.6363636,0,1,1,562.5865875,49.5919261,627.91925,0,0.5811175,0,-0.8138197;
custom,cuboid,default,0.625,7.5,12.5,0,1,1,1,1,1,-181.4562875,45.3180511,-83.584925,0,0.6508279,0,-0.7592254;
custom,cuboid,default,0.625,7.5,12.5,0,1,1,1,1,1,-190.3879125,45.7274886,-8.10035,0,0.6620123,0,-0.749493;
custom,cuboid,default,0.625,7.5,12.5,0,1,1,1,1,1,-246.3009125,46.2267511,58.8191375,0,0.999693,0,-0.0247773;
custom,cuboid,default,0.625,7.5,12.5,0,1,1,1,1,1,-262.9379125,44.6492761,-71.8012,0,0.7575009,0,0.6528342;
custom,cuboid,default,0.625,7.5,12.5,0,1,1,1,1,1,-309.2445375,45.2174136,63.132875,0,0.9986352,0,-0.0522282;
custom,cuboid,default,0.625,7.5,12.5,0,1,1,1,1,1,-316.3016625,44.9420261,-2.3597125,0,0.0526719,0,0.9986119;
custom,cuboid,default,0.625,7.5,12.5,0,1,1,1,1,1,-324.3587875,66.4034386,-800.35325,0,0.7132647,0,-0.7008948;
custom,cuboid,default,0.625,7.5,12.5,0,1,1,1,1,1,-447.6686625,65.9405011,-803.140375,0,0.7181404,0,-0.6958982;
custom,cuboid,default,0.625,7.5,12.5,0,1,1,1,1,1,-79.0588125,45.9284886,-51.8777375,0,0.3927181,0,0.9196589;
custom,cuboid,default,0.625,7.5,12.5,0,1,1,1,1,1,-86.4798375,46.5188886,25.46752,0,0.4003238,0,0.9163738;
custom,cuboid,default,0.625,7.5,12.5,0,1,1,1,1,1,-9.1916875,46.2892636,32.8944375,0,0.3887551,0,-0.9213412;
custom,cuboid,default,0.625,7.5,12.5,0,1,1,1,250,250,-330.9771625,64.8233136,-856.29,0,0.7186559,0,-0.6953659;
custom,cuboid,default,0.625,7.5,12.5,0,1,1,1,250,250,-379.0796625,65.6961011,-1241.925375,0,0.2290551,0,-0.9734135;
custom,cuboid,default,0.625,7.5,12.5,0,1,1,1,250,250,-409.0481625,67.1312011,-1124.700375,0,0.999797,0,0.0201501;
custom,cuboid,default,0.625,7.5,12.5,0,1,1,1,250,250,-414.0082875,65.3850261,-1301.697875,0,0.6753551,0,0.7374927;
custom,cuboid,default,0.625,7.5,12.5,0,1,1,1,250,250,-454.6576625,64.8062511,-860.026375,0,0.7186559,0,-0.6953659;
custom,cuboid,default,0.625,7.5,12.5,0,1,1,1,250,250,-456.0535375,67.1973011,-1018.41575,0,0.3872864,0,-0.9219595;
custom,cuboid,default,0.625,7.5,12.5,0,1,1,1,250,250,-476.4884125,65.5631261,-1245.061625,0,0.0264708,0,-0.9996496;
custom,cuboid,default,0.625,7.5,12.5,0,1,1,1,250,250,-481.8516625,67.8269386,-1136.46825,0,0.0233835,0,-0.9997266;
custom,cuboid,default,0.625,7.5,12.5,0,1,1,1,250,250,-500.9845375,67.5922261,-1134.0685,0,0.9912364,0,-0.1320997;
custom,cuboid,default,0.625,7.5,12.5,0,1,1,1,250,250,-530.6996625,67.5193136,-1242.952875,0,0.1336945,0,0.9910226;
custom,cuboid,default,0.625,7.5,12.5,0,1,1,1,250,250,-538.8144125,66.0947761,-1019.753125,0,0.9328245,0,-0.3603311;
custom,cuboid,default,0.625,7.5,12.5,0,1,1,1,250,250,-564.1565375,67.5568261,-1362.224125,0,0.1406098,0,0.9900651;
custom,cuboid,default,0.625,7.5,12.5,0,1,1,1,250,250,-566.9349125,65.8658761,-809.070875,0,0.7292853,0,-0.6842098;
custom,cuboid,default,0.625,7.5,12.5,0,1,1,1,250,250,-574.2256625,64.4977261,-864.27425,0,0.7202896,0,-0.6936736;
custom,cuboid,default,0.625,7.5,12.5,0,1,1,1,250,250,-583.9756625,67.5981511,-1431.269125,0,0.1361566,0,0.9906874;
custom,cuboid,default,0.625,7.5,12.5,0,1,1,1,250,250,-590.7767875,65.9570011,-1109.46675,0,0.9901956,0,-0.1396884;
custom,cuboid,default,0.625,7.5,12.5,0,1,1,1,250,250,-624.8484125,66.5127636,-1224.814125,0,0.1449285,0,0.9894422;
custom,cuboid,default,0.625,7.5,12.5,0,1,1,1,250,250,-631.4519125,65.7447511,-1142.941625,0,0.9962926,0,0.0860297;
custom,cuboid,default,0.625,7.5,12.5,0,1,1,1,250,250,-658.0137875,67.5579636,-1472.064125,0,0.6084157,0,-0.7936186;
custom,cuboid,default,0.625,7.5,12.5,0,1,1,1,250,250,-659.4374125,66.5567261,-1343.112875,0,0.1388816,0,0.990309;
custom,cuboid,default,0.625,7.5,12.5,0,1,1,1,250,250,-663.9309125,64.9477886,-919.983125,0,0.9700789,0,-0.2427899;
custom,cuboid,default,0.625,7.5,12.5,0,1,1,1,250,250,-666.7991625,64.8764386,-1028.28175,0,0.2199588,0,-0.9755092;
custom,cuboid,default,0.625,7.5,12.5,0,1,1,1,250,250,-681.5022875,67.2597386,-782.947625,0,0.501058,0,-0.8654137;
custom,cuboid,default,0.625,7.5,12.5,0,1,1,1,250,250,-692.4805375,66.8253761,-845.90825,0,0.9727538,0,-0.2318407;
custom,cuboid,default,0.625,7.5,12.5,0,1,1,1,250,250,-695.5037875,66.6628886,-1149.503875,0,0.0903516,0,-0.9959099;
custom,cuboid,default,0.625,7.5,12.5,0,1,1,1,250,250,-701.5241625,67.2041011,-1267.609125,0,0.1374653,0,0.9905066;
custom,cuboid,default,0.625,7.5,12.5,0,1,1,1,250,250,-732.8804125,66.5454886,-1383.517875,0,0.6007159,0,-0.7994626;
custom,cuboid,default,0.625,7.5,12.5,0,1,1,1,250,250,-735.5554125,66.6197261,-1036.59875,0,0.968748,0,0.2480469;
custom,cuboid,default,0.625,7.5,12.5,0,1,1,1,250,250,-736.3064125,66.6148136,-930.477,0,0.9707159,0,-0.2402304;
custom,cuboid,default,0.625,7.5,12.5,0,1,1,1,250,250,-775.3355375,67.4496011,-1310.237875,0,0.7968183,0,0.6042191;
custom,cuboid,default,0.625,7.5,12.5,0,1,1,1,250,250,-775.6185375,67.8338886,-1439.864125,0,0.7957697,0,0.6055994;
custom,cuboid,default,0.625,7.5,12.5,0,1,1,1,250,250,-844.9091625,66.8108011,-1389.154125,0,0.2278096,0,-0.9737057;
custom,cuboid,default,0.625,7.5,12.5,0,1,1,1,250,250,-859.7750375,67.2343886,-1327.855375,0,0.8982466,0,-0.4394918;
custom,cuboid,default,0.625,7.5,12.5,0,1,0.6363636,0,1,1,-380.9967875,41.9174636,1072.630125,0,0.9618371,0,0.2736226;




custom,cuboid,default,0.625,7.5,25,0,1,0.6363636,0,1,1,16.8487941,46.3033636,770.762125,0,0.5809563,0,-0.8139348;
custom,cuboid,default,0.625,7.5,25,0,1,0.6363636,0,1,1,35.6988625,47.5004386,825.93975,0,0.5702461,0,-0.821474;
custom,cuboid,default,0.625,7.5,25,0,1,1,1,1,1,-362.1020375,46.3453761,191.246,0,0.6821164,0,-0.7312436;
custom,cuboid,default,0.625,7.5,25,0,1,1,1,1,1,-424.8587875,44.8854886,129.3727875,0,0.7267681,0,0.6868829;
custom,cuboid,default,0.625,7.5,25,0,1,1,1,1,1,-428.9327875,46.2359261,311.88575,0,0.2310654,0,0.9729383;
custom,cuboid,default,0.625,7.5,25,0,1,1,1,1,1,-486.7019125,45.5041886,327.88375,0,0.2205239,0,0.9753816;
custom,cuboid,default,0.625,7.5,6.25,0,1,1,1,1,1,-199.0244125,109.5091011,946.692375,0,0.9762944,0,-0.2164468;
custom,cuboid,default,0.625,7.5,6.25,0,1,1,1,1,1,-199.4117875,63.2497261,946.51375,0,0.9764775,0,-0.2156194;
custom,cuboid,default,0.625,7.5,6.25,0,1,1,1,1,1,-221.3247875,95.7434761,894.0465,0,0.9829302,0,-0.183979;
custom,cuboid,default,0.625,7.5,6.25,0,1,1,1,1,1,-241.7794125,46.5832886,150.2376125,0,0.9998288,0,-0.0185064;
custom,cuboid,default,0.625,7.5,6.25,0,1,1,1,1,1,-540.9717875,45.2679886,186.46575,0,0.999887,0,-0.015029;
custom,cuboid,default,0.625,7.5,6.25,0,1,1,1,1,1,-541.5376625,45.1612636,166.71225,0,0.0172085,0,0.9998519;
custom,cuboid,default,0.625,8.75,12.5,0,1,0.75,0,1,1,219.3074625,43.2453761,34.7100219,-0.0024556,0.7034776,0.0024809,-0.7107089;
custom,cuboid,default,0.625,8.75,12.5,0,1,0.75,0,1,1,220.7808375,41.8772761,119.2476875,0,0.7013174,0,-0.7128493;
custom,cuboid,default,0.625,8.75,12.5,0,1,0.75,0,1,1,407.2287125,42.2253011,328.267375,0,0.5273077,0,0.8496744;
custom,cuboid,default,0.625,8.75,12.5,0,1,0.75,0,1,1,481.4084625,42.1476761,412.154875,0,0.172119,0,0.9850762;
custom,cuboid,default,0.625,8.75,12.5,0,1,0.75,0,1,1,521.9715875,42.2166886,526.33375,0,0.1690839,0,0.9856017;
custom,cuboid,default,0.625,8.75,12.5,0,1,0.75,0,1,1,528.0703375,42.7333511,343.774125,0,0.1787063,0,0.9839025;
custom,cuboid,default,0.625,8.75,12.5,0,1,0.75,0,1,1,604.9078375,44.1497511,379.7455,0,0.8162045,0,0.577763;
custom,cuboid,default,0.625,8.75,12.5,0,1,0.75,0,1,1,650.1923375,46.0706386,491.760875,0,-0.5766298,0,0.8170056;
custom,cuboid,default,0.625,8.75,12.5,0,1,0.75,0,1,1,681.7990875,42.3078886,603.826875,0,0.9850464,0,-0.1722894;
custom,cuboid,default,0.625,8.75,12.5,0,1,0.75,0,1,1,684.7674625,44.0971511,414.409875,0,0.1707632,0,0.9853121;
custom,cuboid,default,0.625,8.75,12.5,0,1,0.75,0,1,1,726.5854625,44.9768886,527.77825,0,0.1771904,0,0.9841766;
custom,cuboid,default,0.625,8.75,12.5,0,1,0.75,0,1,1,769.4982125,44.7508386,641.154125,0,0.1756179,0,0.9844584;
custom,cuboid,default,0.625,8.75,12.5,0,1,0.75,0,1,1,146.2085875,43.7058511,79.0125375,0,0.9389048,0,0.3441771;
custom,cuboid,default,0.625,8.75,12.5,0,1,0.75,0,1,1,467.2115875,41.1957636,288.47175,0,0.5273095,0,0.8496733;
custom,cuboid,default,0.625,8.75,12.5,0,1,0.75,0,1,1,638.9783375,45.3277886,664.33725,0,0.1642404,0,0.9864204;
custom,cuboid,default,0.625,8.75,3.75,0,1,0.75,0,1,1,710.9547125,44.8774386,677.953,0,0.8968348,0,0.4423658;
custom,cuboid,default,0.625,8.75,3.75,0,1,0.75,0,1,1,675.4078375,45.1123261,727.9105,0,0.8187039,0,-0.5742158;
custom,cuboid,default,0.625,8.75,3.75,0,1,0.75,0,1,1,702.9918375,45.0891636,734.290875,0,0.7599025,0,-0.6500371;
custom,cuboid,default,0.625,8.75,3.75,0,1,0.75,0,1,1,736.1149625,44.6960261,732.28325,0,0.6246476,0,-0.7809068;
custom,cuboid,default,0.625,8.75,3.75,0,1,0.75,0,1,1,758.1497125,44.5046136,724.754625,0,0.5303894,0,-0.8477542;
custom,cuboid,default,0.625,8.75,3.75,0,1,0.75,0,1,1,776.8430875,43.8653511,706.629125,0,0.3318803,0,-0.9433215;
custom,cuboid,default,0.625,8.75,6.25,0,1,0.75,0,1,1,151.5693375,40.7183011,147.6968375,0,0.1560088,0,-0.9877557;
custom,cuboid,default,0.625,8.75,6.25,0,1,0.75,0,1,1,152.3463375,40.6826511,202.9765,0,0.1447952,0,0.9894617;
custom,cuboid,default,0.625,8.75,6.25,0,1,0.75,0,1,1,182.5885875,41.7843011,249.888875,0,0.9088653,0,-0.4170897;
custom,cuboid,default,0.625,8.75,6.25,0,1,0.75,0,1,1,232.5424625,40.1934136,273.79875,0,0.6394538,0,0.7688296;
custom,cuboid,default,0.625,8.75,6.25,0,1,0.75,0,1,1,636.5203375,42.1939636,555.707375,0,0.5952262,0,-0.8035582;
custom,cuboid,default,0.625,8.75,6.25,0,1,1,1,1,1,-168.9195375,102.7957261,867.64925,0,0.9782416,0,-0.2074692;
custom,cuboid,default,0.625,8.75,8.75,0,1,0.75,0,1,1,108.60115,43.3120011,149.78515,0,0.1576529,0,-0.9874946;
custom,cuboid,default,0.625,8.75,8.75,0,1,0.75,0,1,1,109.4354,43.4218511,229.322,0,0.1745954,0,0.9846403;
custom,cuboid,default,0.625,8.75,8.75,0,1,0.75,0,1,1,155.7949625,43.4548011,296.640375,0,0.4076369,0,0.9131441;
custom,cuboid,default,0.625,8.75,8.75,0,1,0.75,0,1,1,229.8265875,43.4699511,328.044625,0,0.6795247,0,0.7336527;
custom,cuboid,default,0.625,8.75,8.75,0,1,0.75,0,1,1,300.1019625,41.1023386,260.154875,0,0.8546958,0,0.5191293;
custom,cuboid,default,0.625,8.75,8.75,0,1,0.75,0,1,1,312.9318375,43.0984636,316.470875,0,0.8271526,0,0.5619776;
custom,cuboid,default,0.625,8.75,8.75,0,1,0.75,0,1,1,380.6245875,40.6122261,252.331,0,0.5920299,0,0.805916;
custom,cuboid,default,1.25,6.25,43.75,0,0,0,0,1,1,175.5574625,258.5473511,-648.157625,0,0.0010169,0,-0.9999995;
custom,cuboid,default,1.25,6.25,50,0,1,0.6590909,0,1,1,89.354625,259.0423511,-861.518125,0,0.7067463,0,-0.7074671;
custom,cuboid,default,1.25,6.25,50,0,1,0.6590909,0,1,1,96.4134375,257.6687261,-381.126875,0,0.7040016,0,-0.7101985;
custom,cuboid,default,10,0.625,6.25,0,1,0.5795454,0,1,1,514.6730875,218.1268511,-262.986625,0,0.7255799,0,0.688138;
custom,cuboid,default,12.5,0.5,6.25,0,0,0,0,1,1,381.2892125,232.4872261,-408.021125,0,0.9999853,0,-0.0054186;
custom,cuboid,default,12.5,0.5,6.25,0,0,0,0,1,1,453.7859625,215.4721011,-251.479875,0,0.999669,0,-0.0257294;
custom,cuboid,default,12.5,0.5,6.25,0,0,0,0,1,1,509.6497125,223.4832261,-360.41075,0,0.6885618,0,-0.7251777;
custom,cuboid,default,12.5,0.5,6.25,1,0,0,0,1,1,394.4415875,273.1441011,-407.480875,0,-0.0064708,0,0.9999791;
custom,cuboid,default,12.5,0.5,6.25,1,0,0,0,1,1,476.4747125,269.7507261,-406.080625,0,0.0240543,0,0.9997107;
custom,cuboid,default,12.5,0.5,6.25,1,0,0,0,1,1,509.2552125,268.1701011,-364.3995,0,0.6892763,0,-0.7244986;
custom,cuboid,default,12.5,0.5,6.25,0,1,0.5795454,0,1,1,351.9852125,210.9601011,-246.86575,0,0.9998404,0,-0.017868;
custom,cuboid,default,12.5,0.5,6.25,0,1,0.5795454,0,1,1,477.0332125,227.0996011,-407.66825,0,0.0072104,0,0.9999741;




custom,cuboid,default,3.125,0.625,0.625,1,1,0.5568182,0,1,1,269.2452125,226.2021011,643.3745,0,0.8446216,0,0.5353639;
custom,cuboid,default,3.125,0.625,0.625,1,1,0.5568182,0,1,1,269.5385875,182.3809761,643.208,0,0.8359175,0,0.5488552;
custom,cuboid,default,3.125,0.625,0.625,1,1,0.5568182,0,1,1,269.5518375,204.1143511,643.238375,0,0.8395385,0,0.5433003;
custom,cuboid,default,3.125,0.625,0.625,1,1,0.5568182,0,1,1,284.9212125,215.1133511,683.628125,0.3341817,0.7544609,0.2139814,0.5228032;
custom,cuboid,default,3.125,0.625,0.625,1,1,0.5568182,0,1,1,285.2900875,192.2866011,685.029375,-0.3329241,0.7523043,-0.2223532,0.5232199;
custom,cuboid,default,3.125,0.625,0.625,1,1,0.5568182,0,1,1,299.2612125,182.2909761,723.214375,0,0.8184225,0,0.574617;
custom,cuboid,default,50,0.625,50,0,1,1,1,1,1,102.250875,237.9277261,-620.322625,0,0.7078767,0,-0.706336;
custom,cuboid,default,50,0.625,50,0,1,1,1,1,1,93.5048375,277.2428511,-618.9275,0,0.7076511,0,-0.706562;
custom,cuboid,default,6.25,0.625,25,0,1,1,1,1,1,-178.5667875,53.1611136,916.985875,0.2033999,0.2026687,-0.0430786,0.9569212;
custom,cuboid,default,6.25,0.625,25,0,1,1,1,1,1,-273.9839125,103.2099761,701.970875,0,0.9782085,0,-0.2076248;
custom,cuboid,default,6.25,0.625,25,0,1,1,1,1,1,-375.4420375,65.8692636,484.8325,-0.0361439,0.9625335,-0.1522018,-0.2214891;
custom,cuboid,default,6.25,0.625,6.25,0,1,1,1,250,250,-185.8257875,275.7324761,-827.6715,0,0.706238,0,0.7079746;
custom,cuboid,empty,0.625,6.25,12.5,0,1,0.5568182,0,1,1,475.1017125,56.0561136,62.8671125,0,0.6785914,0,-0.734516;
custom,cuboid,empty,0.625,6.25,12.5,0,1,0.5568182,0,1,1,533.3684625,55.6604261,153.0216125,0,0.9984293,0,-0.0560268;
custom,cuboid,empty,0.625,6.25,12.5,0,1,0.5568182,0,1,1,541.9949625,56.1605011,33.6735019,0,0.9849184,0,0.1730199;
custom,cuboid,empty,0.625,6.25,12.5,0,1,0.5568182,0,1,1,598.7615875,57.4004386,168.894,0,0.6834677,0,-0.7299808;
custom,cuboid,empty,0.625,6.25,12.5,0,1,0.5568182,0,1,1,603.8173375,54.0141511,57.6326,0,0.2064146,0,-0.9784647;
custom,cuboid,empty,0.625,6.25,12.5,0,1,0.5568182,0,1,1,630.9488375,53.4864761,-138.540125,0,0.3373411,0,0.9413825;
custom,cuboid,empty,0.625,6.25,12.5,0,1,0.5568182,0,1,1,643.5912125,53.5122136,108.3143625,0,0.7323668,0,0.6809103;
custom,cuboid,empty,0.625,6.25,12.5,0,1,0.5568182,0,1,1,674.3998375,54.0910886,-40.5287875,0,0.4037223,0,-0.9148816;
custom,cuboid,empty,0.625,6.25,12.5,0,1,0.5568182,0,1,1,692.1003375,53.5591636,-33.2215625,0,0.1793333,0,0.9837884;
custom,cuboid,empty,0.625,6.25,12.5,0,1,0.5568182,0,1,1,699.9614625,53.6670761,42.3259062,0,0.0228125,0,0.9997398;
custom,cuboid,empty,0.625,6.25,12.5,0,1,0.5568182,0,1,1,763.9362125,53.8593011,102.373075,0,0.7166742,0,0.6974082;
custom,cuboid,empty,0.625,6.25,43.75,0,1,0.4886364,0,1,1,220.1434625,255.6352261,-575.538375,0,0.9999945,0,-0.0033277;
custom,cylinder,empty,0.875,3.125,1,1,0.875,0.4886364,0,1,1,218.8335,255.6352,-794.8528,0,0.9999945,0,-0.0033277;
custom,cuboid,empty,0.625,6.25,6.25,0,1,0.5568182,0,1,1,659.0360875,58.1424136,195.901375,0,0.0130772,0,0.9999145;
custom,cuboid,empty,0.625,7.5,18.75,0,1,0.6477273,0,1,1,-179.3276625,67.5608136,1116.34225,0,0.3322914,0,-0.9431768;
custom,cuboid,empty,0.625,7.5,18.75,0,1,0.6477273,0,1,1,-278.9122875,45.3852511,1162.993,0,0.6147661,0,-0.7887096;
custom,cuboid,empty,0.625,7.5,18.75,0,1,0.6477273,0,1,1,-323.0196625,42.8129386,1102.9215,0,0.7879382,0,0.6157544;
custom,cuboid,empty,0.625,7.5,6.25,0,1,0.6477273,0,1,1,-134.0785375,67.7467386,1041.916375,0,0.9895142,0,0.1444353;
custom,cuboid,empty,0.625,7.5,6.25,0,1,0.6477273,0,1,1,-197.6387875,65.0761886,1002.24875,0,0.9948294,0,0.1015606;
custom,cuboid,empty,0.625,7.5,6.25,0,1,0.6477273,0,1,1,-218.0162875,65.1977886,1055.495875,0,0.9633771,0,0.2681503;
custom,cuboid,empty,0.625,7.5,6.25,0,1,0.6477273,0,1,1,-126.5097875,67.6155886,981.302125,0,0.031346,0,0.9995086;
custom,cuboid,empty,0.625,8.75,15,0,1,0.75,0,1,1,347.3644625,43.1623261,11.1307875,0,0.8218387,0,0.5697203;
custom,cuboid,empty,0.625,8.75,15,0,1,0.75,0,1,1,350.7359625,41.7017261,90.97415,0,0.8253036,0,0.5646893;
custom,cuboid,stone6,312.5,6.25,312.5,0,1,1,1,250,250,169.4948375,-0.7699864,-95.7255,0,0.9995816,0,-0.0289238;
custom,cuboid,wood1,3.75,0.375,2.5,0,0,0,0,1,1,665.5022125,29.0562261,190.9125,0,0.7073935,0,-0.70682;
custom,cylinder,default,0.625,12.5,0.625,1,1,0.6022727,0,1,1,-146.4504125,153.6692261,-851.494125,0,0.8769787,0,0.4805292;
custom,cylinder,default,0.625,12.5,0.625,1,1,0.6022727,0,1,1,-147.5405375,152.8784761,-800.2675,0,0.4092062,0,0.912442;
custom,cylinder,default,0.625,12.5,0.625,1,1,0.6022727,0,1,1,-208.9497875,153.8257261,-851.889375,0,0.8857517,0,-0.4641595;
custom,cylinder,default,0.625,12.5,0.625,1,1,0.6022727,0,1,1,-209.2036625,152.5297261,-802.61475,0,0.5238789,0,-0.8517928;
custom,cylinder,default,0.625,12.5,0.625,1,1,0.6022727,0,1,1,-602.2426625,-19.7766601,-1483.292875,0,0.9656344,0,0.2599042;
custom,cylinder,default,0.625,12.5,0.625,1,1,0.6477273,0,1,1,289.1567125,147.2089761,-269.562,0,0.9998899,0,-0.0148415;
custom,cylinder,default,0.625,12.5,0.625,1,1,0.6477273,0,1,1,290.6512125,146.0649761,-219.130125,0,0.3701541,0,0.9289704;
custom,cylinder,default,0.625,12.5,0.625,1,1,0.6477273,0,1,1,389.7545875,144.2468511,-275.583,0,0.9998392,0,0.0179314;
custom,cylinder,default,0.625,12.5,0.625,1,1,0.6477273,0,1,1,393.0689625,148.2951011,-216.918625,0,0.0234933,0,0.999724;
custom,cylinder,default,0.625,12.5,0.625,1,1,0.6477273,0,1,1,535.8467125,139.2164761,-411.76025,0,0.930239,0,0.3669544;
custom,cylinder,default,0.625,12.5,0.625,1,1,0.6477273,0,1,1,545.6129625,149.2914761,-227.56575,0,0.404301,0,0.914626;
custom,cylinder,default,0.625,3.75,0.625,1,1,0.6363636,0,1,1,-181.4366625,97.1084761,905.127,-0.6236057,0.7117197,0.3151716,0.072374;
custom,cylinder,default,0.625,3.75,0.625,1,1,0.6363636,0,1,1,-189.3177875,80.4970136,908.13175,0.1273465,0.1273465,0.6955453,0.6955449;
custom,cylinder,default,0.625,3.75,0.625,1,1,0.6477273,0,1,1,117.441225,48.9830386,-213.259,0,0.1302093,0,0.9914865;
custom,cylinder,default,0.625,3.75,0.625,1,1,0.6477273,0,1,1,118.3925625,46.4661636,-267.55875,0,0.9992417,0,-0.0389362;
custom,cylinder,default,0.625,3.75,0.625,1,1,0.6477273,0,1,1,233.2797125,54.1577886,-215.49375,0,0.0258249,0,0.9996665;
custom,cylinder,default,0.625,3.75,0.625,1,1,0.6477273,0,1,1,233.8210875,50.6784636,-270.299125,0,0.9999889,0,0.0047268;
custom,cylinder,default,0.625,3.75,0.625,1,1,0.6477273,0,1,1,28.05856,49.5449386,-129.361625,0,0.5259219,0,0.8505328;
custom,cylinder,default,0.625,3.75,0.625,1,1,0.6477273,0,1,1,460.1954625,234.3889761,-426.15525,0,0.9470554,0,-0.3210702;
custom,cylinder,default,0.625,5,0.625,1,1,0.6022727,0,1,1,-214.8961625,54.0141261,-801.248375,0,0.4680787,0,0.8836868;
custom,cylinder,default,0.625,5,0.625,1,1,0.6022727,0,1,1,-215.6109125,54.5607511,-850.343375,0,0.9322255,0,0.361878;
custom,cylinder,default,0.625,5,0.625,1,1,0.6022727,0,1,1,-359.2085375,55.6909511,-1292.331625,0,0.8772246,0,0.4800802;
custom,cylinder,default,0.625,5,0.625,1,1,0.6022727,0,1,1,-386.6162875,53.9447011,-802.844625,0,0.0376987,0,0.9992892;
custom,cylinder,default,0.625,5,0.625,1,1,0.6022727,0,1,1,-387.9185375,52.5131386,-857.10725,0,0.9977558,0,0.0669586;
custom,cylinder,default,0.625,5,0.625,1,1,0.6022727,0,1,1,-409.9745375,55.7345636,-1186.17425,0,0.4933164,0,0.86985;
custom,cylinder,default,0.625,5,0.625,1,1,0.6022727,0,1,1,-413.3534125,55.2221636,-1064.85225,0,0.5636298,0,0.8260275;
custom,cylinder,default,0.625,5,0.625,1,1,0.6022727,0,1,1,-469.3839125,56.4776761,-1302.786625,0,0.9520804,0,-0.305848;
custom,cylinder,default,0.625,5,0.625,1,1,0.6022727,0,1,1,-476.7301625,55.3947386,-1188.200375,0,0.6891956,0,-0.7245754;
custom,cylinder,default,0.625,5,0.625,1,1,0.6022727,0,1,1,-484.6815375,55.4841386,-1074.01275,0,0.9995677,0,-0.0294019;
custom,cylinder,default,0.625,5,0.625,1,1,0.6022727,0,1,1,-499.3529125,55.5291511,-982.338625,0,0.0360801,0,-0.9993489;
custom,cylinder,default,0.625,5,0.625,1,1,0.6022727,0,1,1,-548.4200375,56.3532386,-1303.232875,0,0.7789121,0,0.6271332;
custom,cylinder,default,0.625,5,0.625,1,1,0.6022727,0,1,1,-575.6960375,54.6444761,-1063.448875,0,0.5601825,0,-0.8283693;
custom,cylinder,default,0.625,5,0.625,1,1,0.6022727,0,1,1,-621.8614125,54.0880261,-1205.565,0,0.5580567,0,0.8298029;
custom,cylinder,default,0.625,5,0.625,1,1,0.6022727,0,1,1,-628.6260375,55.6213011,-815.186875,0,0.0725998,0,0.9973612;
custom,cylinder,default,0.625,5,0.625,1,1,0.6022727,0,1,1,-635.8132875,52.9162761,-865.60275,0,0.9552167,0,0.2959072;
custom,cylinder,default,0.625,5,0.625,1,1,0.6022727,0,1,1,-643.4334125,53.8949761,-1081.46175,0,0.5434649,0,0.8394319;
custom,cylinder,default,0.625,5,0.625,1,1,0.6022727,0,1,1,-663.5104125,55.3643136,-796.812625,0,0.1450116,0,-0.98943;
custom,cylinder,default,0.625,5,0.625,1,1,0.6022727,0,1,1,-674.5974125,54.7091636,-1401.329125,0,0.3411248,0,-0.9400181;
custom,cylinder,default,0.625,5,0.625,1,1,0.6022727,0,1,1,-676.8851625,54.7353886,-1396.984125,0,0.9661343,0,0.2580399;
custom,cylinder,default,0.625,5,0.625,1,1,0.6022727,0,1,1,-683.4407875,55.0986261,-1208.849,0,0.6877614,0,-0.7259368;
custom,cylinder,default,0.625,5,0.625,1,1,0.6022727,0,1,1,-693.7517875,53.0945136,-972.767875,0,0.727347,0,0.6862699;
custom,cylinder,default,0.625,5,0.625,1,1,0.6022727,0,1,1,-705.4570375,54.5551886,-1087.892625,0,0.8047342,0,-0.5936353;
custom,cylinder,default,0.625,5,0.625,1,1,0.6022727,0,1,1,-716.9684125,55.2431261,-1327.977875,0,0.2957408,0,-0.9552683;
custom,cylinder,default,0.625,5,0.625,1,1,0.6022727,0,1,1,-761.2110375,54.8846261,-984.1245,0,0.7627843,0,-0.646653;
custom,cylinder,default,0.625,5,0.625,1,1,0.6022727,0,1,1,-792.9887875,54.0278011,-1366.106625,0,0.7991832,0,0.6010876;
custom,cylinder,default,0.625,5,0.625,1,1,0.6022727,0,1,1,-823.5691625,55.7922511,-1298.874125,0,0.1188482,0,-0.9929125;
custom,cylinder,default,0.625,5,0.625,1,1,0.6022727,0,1,1,-830.7441625,55.5145886,-1421.314125,0,0.9355757,0,-0.3531262;
custom,cylinder,default,0.625,5,0.625,1,1,0.6022727,0,1,1,-866.1450375,55.9316511,-1337.294125,0,0.6487657,0,-0.7609882;
custom,cylinder,default,0.625,6.25,0.625,1,1,0.6477273,0,1,1,-122.4411625,24.1746261,-90.93625,0,0.9981011,0,0.0615982;
custom,cylinder,default,0.625,6.25,0.625,1,1,0.6477273,0,1,1,-130.9031625,24.9068136,-16.7847625,0,0.1698807,0,-0.9854646;
custom,cylinder,default,0.625,6.25,0.625,1,1,0.6477273,0,1,1,-156.5225375,36.1430761,895.8175,0,0.2391567,0,0.970981;
custom,cylinder,default,0.625,6.25,0.625,1,1,0.6477273,0,1,1,-181.1074125,35.5955386,840.21075,0,0.9769093,0,-0.2136547;
custom,cylinder,default,0.625,6.25,0.625,1,1,0.6477273,0,1,1,-212.4547875,34.5679761,918.513375,0,0.2072772,0,0.9782823;
custom,cylinder,default,0.625,6.25,0.625,1,1,0.6477273,0,1,1,-232.5706625,39.3995386,864.807,0,0.9759634,0,-0.2179344;
custom,cylinder,default,0.625,6.25,0.625,1,1,0.6477273,0,1,1,-244.5220375,23.0319011,179.687,0,0.3861785,0,0.9224241;
custom,cylinder,default,0.625,6.25,0.625,1,1,0.6477273,0,1,1,-251.2292875,22.6206136,-2.187675,0,0.4534842,0,0.8912643;
custom,cylinder,default,0.625,6.25,0.625,1,1,0.6477273,0,1,1,-301.1105375,23.0566386,123.67765,0,0.924933,0,-0.3801304;
custom,cylinder,default,0.625,6.25,0.625,1,1,0.6477273,0,1,1,-319.7767875,20.8784136,-60.329325,0,0.863024,0,-0.505163;
custom,cylinder,default,0.625,6.25,0.625,1,1,0.6477273,0,1,1,-33.9798,22.2605886,-8.10645,0,0.9709396,0,-0.2393245;
custom,cylinder,default,0.625,6.25,0.625,1,1,0.6477273,0,1,1,-43.1766875,22.1119886,60.8141,0,0.0985313,0,-0.995134;
custom,cylinder,default,0.625,6.25,0.625,1,1,0.6477273,0,1,1,-486.7305375,23.2888886,199.67725,0,0.390181,0,0.9207382;
custom,cylinder,default,0.625,6.25,0.625,1,1,0.6477273,0,1,1,-538.2842875,23.1576886,214.9395,0,0.5776694,0,-0.8162708;
custom,cylinder,default,0.625,6.25,0.625,1,1,0.6477273,0,1,1,-539.7561625,21.4904886,138.2448375,0,0.935349,0,-0.3537261;
custom,cylinder,default,0.625,6.25,0.625,1,1,0.6477273,0,1,1,28.589855,23.4015636,-6.6602375,0,0.6638634,0,0.7478538;
custom,cylinder,default,0.625,6.25,0.625,1,1,0.7045454,0,1,1,-134.3512875,220.5441011,-657.405375,0,0.0502529,0,-0.9987366;
custom,cylinder,default,0.625,6.25,0.625,1,1,0.7045454,0,1,1,-135.1851625,216.3337261,-530.19275,0,0.2144214,0,-0.9767413;
custom,cylinder,default,0.625,6.25,0.625,1,1,0.7045454,0,1,1,-142.0895375,220.9694761,-796.234125,0,0.8746617,0,-0.4847339;
custom,cylinder,default,0.625,6.25,0.625,1,1,0.7045454,0,1,1,-654.5185375,41.3759011,-1198.066125,0,0.1088856,0,-0.9940543;
custom,cylinder,default,0.625,6.25,0.625,1,1,0.7045454,0,1,1,-668.2040375,41.2617386,-1123.697875,0,0.9935681,0,0.1132364;
custom,cylinder,default,0.625,6.25,0.625,1,1,0.7045454,0,1,1,168.3415875,246.0188511,-854.883625,0,0.9016145,0,0.4325405;
custom,cylinder,default,0.625,6.25,0.625,1,1,0.7045454,0,1,1,168.6325875,254.3636011,-461.024,0,0.2481376,0,0.9687248;
custom,cylinder,default,0.625,6.25,0.625,1,1,0.7045454,0,1,1,168.8994625,247.4552261,-723.904625,0,0.2057002,0,0.9786151;
custom,cylinder,default,0.625,6.25,0.625,1,1,0.7045454,0,1,1,168.9515875,243.6076011,-597.258375,0,0.0696555,0,0.9975711;
custom,cylinder,default,0.625,6.25,0.625,1,1,0.75,0,1,1,141.8317125,28.4215636,175.971875,0,0.7732772,0,0.6340681;
custom,cylinder,default,0.625,6.25,0.625,1,1,0.75,0,1,1,159.8287125,24.0925136,231.52475,0,0.8790183,0,0.4767881;
custom,cylinder,default,0.625,6.25,0.625,1,1,0.75,0,1,1,159.8622125,24.7511886,119.4543375,0,0.2550063,0,0.9669394;
custom,cylinder,default,0.625,6.25,0.625,1,1,0.75,0,1,1,203.6212125,25.3554261,269.725875,0,0.9768577,0,0.2138906;
custom,cylinder,default,0.625,6.25,0.625,1,1,0.75,0,1,1,262.6918375,23.4922636,281.618,0,0.9999999,0,-0.0004555;
custom,cylinder,default,0.625,6.25,0.625,1,1,0.75,0,1,1,274.1193375,26.9912636,329.89425,0,0.0418741,0,0.9991229;
custom,cylinder,default,0.625,6.25,0.625,1,1,0.75,0,1,1,340.3527125,45.8343636,241.37675,0,0.9961526,0,-0.0876354;
custom,cylinder,default,0.625,6.25,0.625,1,1,0.75,0,1,1,352.1490875,31.7355761,298.87125,0,0.1495094,0,-0.9887604;
custom,cylinder,default,0.625,6.25,0.625,1,1,0.75,0,1,1,511.9622125,27.7199386,489.799625,0,0.8500601,0,-0.5266857;
custom,cylinder,default,0.625,6.25,0.625,1,1,0.75,0,1,1,544.4995875,28.2713636,580.88825,0,0.2308026,0,-0.9730006;
custom,cylinder,default,0.625,6.25,0.625,1,1,0.75,0,1,1,548.3772125,25.9658386,400.986625,0,0.9570896,0,0.2897921;
custom,cylinder,default,0.625,6.25,0.625,1,1,0.75,0,1,1,591.3720875,31.1543386,512.64425,0,0.8015894,0,0.5978751;
custom,cylinder,default,0.625,6.25,0.625,1,1,0.75,0,1,1,618.8160875,21.6076011,606.057,0,0.1773449,0,-0.9841488;
custom,cylinder,default,0.625,6.25,0.625,1,1,0.75,0,1,1,624.5280875,23.3309761,447.9835,0,0.5784966,0,-0.8156848;
custom,cylinder,default,0.625,6.25,0.625,1,1,0.75,0,1,1,662.7823375,34.5468386,363.114375,0,0.9791479,0,0.2031491;
custom,cylinder,default,0.625,6.25,0.625,1,1,0.75,0,1,1,702.8919625,23.5263261,661.97475,0,0.9784768,0,-0.2063568;
custom,cylinder,default,0.625,6.25,0.625,1,1,0.75,0,1,1,704.6524625,44.9985886,475.768,0,0.9693705,0,0.2456028;
custom,cylinder,default,0.625,7.5,0.625,1,1,0.625,0,1,1,-545.8476625,30.3702511,-1089.207875,0,0.953722,0,-0.3006899;
custom,cylinder,default,0.625,7.5,0.625,1,1,0.625,0,1,1,-547.0656625,28.5865261,-1162.805375,0,0.961854,0,0.2735634;
custom,cylinder,default,0.625,7.5,0.625,1,1,0.625,0,1,1,-584.8221625,29.8316636,-1226.142875,0,0.9982672,0,-0.0588443;
custom,cylinder,default,0.625,7.5,0.625,1,1,0.625,0,1,1,-585.5734125,32.7093511,-1295.737875,0,0.9933265,0,-0.1153366;
custom,cylinder,default,0.625,7.5,0.625,1,1,0.625,0,1,1,-620.6922875,30.0676261,-1344.940375,0,0.99406,0,-0.108833;
custom,cylinder,default,0.625,7.5,0.625,1,1,0.6363636,0,1,1,-202.1659125,28.8656386,1030.991,0,0.8932646,0,-0.4495313;
custom,cylinder,default,0.625,7.5,0.625,1,1,0.6363636,0,1,1,-232.4952875,28.7910886,1082.45425,0,0.9464302,0,-0.3229085;
custom,cylinder,default,0.625,7.5,0.625,1,1,0.6363636,0,1,1,-232.7170375,79.9446886,864.58125,0,0.2113108,0,0.977419;
custom,cylinder,default,0.625,7.5,0.625,1,1,0.6363636,0,1,1,-264.1916625,4.8944761,935.20225,0,0.2475908,0,0.9688647;
custom,cylinder,default,0.625,7.5,0.625,1,1,0.6363636,0,1,1,-335.2347875,89.7208761,643.125,0,0.9694481,0,-0.2452966;
custom,cylinder,default,0.625,7.5,0.625,1,1,0.6363636,0,1,1,-348.2579125,4.6535636,1019.73,0,0.437751,0,0.8990963;
custom,cylinder,default,0.625,7.5,0.625,1,1,0.6363636,0,1,1,-413.9125375,6.9030011,1125.784625,0,0.8500023,0,0.526779;
custom,cylinder,default,0.625,7.5,0.625,1,1,0.6363636,0,1,1,-465.9071625,9.9251511,1204.505875,0,0.3343917,0,-0.9424342;
custom,cylinder,default,0.625,7.5,0.625,1,1,0.6363636,0,1,1,134.925725,16.3767011,730.155625,0,0.5561754,0,-0.8310649;
custom,cylinder,default,0.625,7.5,0.625,1,1,0.6363636,0,1,1,152.5334625,15.9234136,782.315625,0,0.5561866,0,-0.8310575;
custom,cylinder,default,0.625,7.5,0.625,1,1,0.6363636,0,1,1,493.9252125,18.5579886,599.97775,0,0.7942194,0,0.6076311;
custom,cylinder,default,0.625,7.5,0.625,1,1,0.6363636,0,1,1,503.7030875,17.6018261,648.119,0,0.7994914,0,0.6006775;
custom,cylinder,default,1.25,12.5,1.25,1,1,0.625,0,250,250,-150.4755375,156.0469761,-376.0535,0,0.999953,0,0.0096943;
custom,cylinder,default,1.25,12.5,1.25,1,1,0.625,0,250,250,340.2325875,155.8249761,-862.09575,0,0.38956,0,-0.9210011;
custom,cylinder,default,1.25,12.5,1.25,1,1,0.625,0,250,250,340.8165875,156.2256011,-377.184125,0,0.9057842,0,-0.4237393;
custom,cylinder,default,1.25,12.5,1.25,1,1,0.625,0,250,250,79.205025,156.0754761,-796.36975,0,0.7364945,0,-0.6764436;
custom,cylinder,default,1.25,12.5,1.25,1,1,0.6477273,0,1,1,175.1492125,165.1274761,-430.144625,0,0.727326,0,-0.6862922;
custom,cylinder,default,1.25,12.5,1.25,1,1,0.6477273,0,1,1,472.0004625,158.4082261,-385.175375,0,0.352669,0,-0.9357482;
custom,cylinder,default,1.25,12.5,1.25,1,1,0.6590909,0,1,1,-66.2463375,156.7553511,-599.0195,0,0.7022271,0,0.7119531;
custom,cylinder,default,1.25,12.5,1.25,1,1,0.6590909,0,1,1,-69.8645125,155.9739761,-460.67075,0,0.6928405,0,0.7210909;
custom,cylinder,default,1.25,12.5,1.25,1,1,0.6590909,0,1,1,-72.3721375,156.9871011,-725.4075,0,0.708451,0,0.7057601;
custom,cylinder,default,1.25,12.5,1.25,1,1,0.6590909,0,1,1,112.9548625,157.3947261,-655.773125,0,0.7345167,0,-0.6785907;
custom,cylinder,default,1.25,12.5,1.25,1,1,0.6590909,0,1,1,117.2523125,156.6667261,-527.846625,0,0.7180589,0,-0.6959823;
custom,cylinder,default,1.25,6.25,1.25,1,1,0.6363636,0,1,1,-196.4357875,135.2347261,801.453875,0.1297188,0.1313038,0.6913533,0.6985435;
custom,cylinder,default,1.25,6.25,1.25,1,1,0.6363636,0,1,1,-420.7021625,83.9505511,399.829375,0.1415817,0.1430722,0.6889983,0.6962516;
custom,cylinder,default,1.25,6.25,1.25,1,1,0.75,0,1,1,661.7698375,24.4495011,548.52925,0,0.177537,0,-0.9841141;
custom,cylinder,default,12.5,1.25,12.5,0,1,0.6363636,0,1,1,-309.8572875,36.8206761,1128.61275,0,0.7268554,0,0.6867906;
custom,cylinder,default,12.5,1.25,12.5,0,1,0.6363636,0,1,1,-312.3014125,70.4425011,1130.63225,0,0.8102807,0,0.586042;
custom,cylinder,empty,0.625,0.625,0.625,1,0.3295455,0.3181818,0.3295454,1,1,668.4342125,28.0217136,196.635375,0,0.7062247,0,-0.7079878;
custom,cylinder,empty,0.625,0.625,0.625,1,0.6704546,0.3522727,0,1,1,668.0442125,26.4685761,186.39275,0,0.7108403,0,-0.7033534;
custom,cylinder,empty,0.625,0.625,0.625,1,1,0.875,0,1,1,668.2005875,30.2717511,191.443,0,0.7062247,0,-0.7079878;
custom,cylinder,empty,0.625,6.25,0.625,1,1,0.75,0,1,1,278.2258375,24.6196261,37.5024375,0,0.9542878,0,-0.2988892;
custom,dummy1,default,0.625,0.625,0.625,0,1,0.7045454,0,1,1,-456.1604125,30.5803636,-1284.960375,0,0.4044881,0,0.9145433;
custom,house5,default,0.125,0.125,0.125,0,0,0,0,1,1,767.7513375,32.3566261,140.5839875,0,0.6970229,0,0.7170489;
custom,killcuboid,barriereditormat,0.625,6.25,25,0,1,1,1,1.0,1.0,-285.8755375,125.3176011,756.068125,0,0.2073902,0,0.9782583;
custom,leaf2,grass2,1.25,1.25,1.25,0,0,0,0,1,1,768.2037125,28.8781511,192.516125,0,0.581629,0,0.8134543;
custom,pyramid,default,0.625,8.75,12.5,0,1,0.75,0,1,1,489.3210875,-0.0554614,343.64425,0,0.8074871,0,0.5898852;
custom,sphere,default,0.625,8.75,6.25,1,1,0.75,0,1,1,231.1363375,169.3278511,-239.937125,0,0.0269647,0,0.9996364;
custom,statue1,stone4,0.625,0.625,0.625,1,1,0.2840909,0,1,1,-379.8940375,30.2954636,-1275.789125,0,-0.3602676,0,0.932849;
custom,statue2,empty,1.25,1.25,1.25,1,1,0.5568182,0,1,1,224.2240875,136.2357261,212.7185,0,0.441978,0,-0.8970259;
custom,statue2,empty,1.25,1.25,1.25,1,1,0.5568182,0,1,1,230.2053375,136.1983511,166.14075,0,0.942822,0,-0.3332968;
custom,statue2,empty,1.25,1.25,1.25,1,1,0.5568182,0,1,1,271.3755875,137.4173511,216.549125,0,0.3660012,0,0.9306144;
custom,tower1,default,0.125,0.125,0.125,0,0,0,0,1,1,763.7922125,31.4810886,137.8995375,0,0.7094234,0,0.7047826;
custom,tower1,default,0.125,0.125,0.125,0,0,0,0,1,1,763.9139625,31.3811011,143.356875,0,0.7094234,0,0.7047826;
custom,tower1,default,0.125,0.125,0.125,0,0,0,0,1,1,772.6478375,31.2672636,143.5271875,0,0.7170616,0,-0.6970098;
custom,tower1,default,0.125,0.125,0.125,0,0,0,0,1,1,772.8670875,31.1703386,138.2344375,0,0.7200977,0,-0.6938727;
custom,tower1,default,0.25,0.125,0.25,0,0,0,0,1,1,760.3228375,29.2318136,153.3290625,0,0.9999322,0,0.0116423;
custom,tower1,default,0.25,0.125,0.25,0,0,0,0,1,1,765.8382125,28.5333511,127.09885,0,0.999929,0,-0.0119191;
custom,tower1,default,0.25,0.125,0.25,0,0,0,0,1,1,778.4609625,28.7153261,149.483175,0,0.6843292,0,0.7291733;
custom,tower1,default,0.25,0.125,0.25,0,0,0,0,1,1,781.0217125,29.4127636,132.574125,0,0.6804377,0,0.732806;
custom,tower1,empty,0.125,0.0625,0.125,1,0,0,1,1,1,-406.6534125,73.7110886,-1297.711625,0.7047827,0.7047825,0.0572851,0.0572851;
custom,tower1,empty,0.125,0.0625,0.125,1,0,0,1,1,1,-426.6542875,78.8239636,-1299.590375,0.2537299,0.9671607,-0.0037765,-0.0143952;
custom,tower1,empty,0.125,0.0625,0.125,1,0,0,1,1,1,-428.2664125,72.7990261,-1299.661625,0,0.9998776,0,0.0156455;
custom,tower1,empty,0.125,0.0625,0.125,1,0,0,1,1,1,-429.9046625,79.1358136,-1299.689125,-0.2334304,0.9723079,-0.0026371,0.0109844;
custom,tower1,empty,0.125,0.125,0.125,1,0,0,1,1,1,-395.9495375,76.3601386,-1296.469125,0,0.9979795,0,0.0635369;
custom,tower1,empty,0.125,0.125,0.125,1,0,0,1,1,1,-404.6092875,76.0210386,-1297.696625,-0.1196759,0.9889484,-0.0105137,0.0868808;
custom,tower1,empty,0.125,0.125,0.125,1,0,0,1,1,1,-408.6426625,76.0692636,-1298.115375,0.1457455,0.9869865,0.009925,0.0672116;
custom,tower1,empty,0.125,0.125,0.125,1,0,0,1,1,1,-414.3770375,76.0989511,-1298.440375,0,0.9998776,0,0.0156455;
custom,tower1,empty,0.125,0.125,0.125,1,0,0,1,1,1,-417.9525375,75.2018011,-1298.485375,0.2591085,0.9629705,0.0193581,0.0719439;
custom,tower1,empty,0.125,0.125,0.125,1,0,0,1,1,1,-421.4420375,75.8989386,-1298.910375,0,0.9998776,0,0.0156455;
custom,tree2,default,0.125,0.125,0.125,0,0,0,0,1,1,755.6289625,37.1521261,200.31,0,0.9527414,0,0.3037825;
custom,tree2,default,0.125,0.125,0.125,0,0,0,0,1,1,757.6270875,39.8187136,182.827625,0,0.6302044,0,0.7764292;
custom,tree2,default,0.125,0.125,0.125,0,0,0,0,1,1,771.6352125,40.3957886,203.326375,0,0.7482638,0,0.6634012;
custom,tree2,default,0.125,0.125,0.125,0,0,0,0,1,1,772.4880875,42.6111511,183.629,0,0.0076798,0,0.9999705;
custom,wall1,default,0.125,0.125,0.125,0,0,0,0,1,1,769.8180875,29.7400386,140.7912,0,0.7139874,0,-0.7001586;
custom,wall1,empty,1.25,1.25,1.25,1,1,0.75,0,1,1,624.6850875,19.5321136,23.113255,0,0.706849,0,-0.7073645;
customb,arch1,empty,0.625,0.625,0.625,1,1,0.7045454,0,1,1,-142.4647875,240.5457261,-828.1185,0,0.9999563,0,0.0093553;
customb,arch1,empty,0.625,0.625,0.625,1,1,0.7045454,0,1,1,-685.7684125,29.7787011,-1335.816625,0,0.5985315,0,-0.8010992;
customb,arch1,empty,0.625,0.625,0.625,1,1,0.7045454,0,1,1,-694.9975375,29.7218886,-1335.149125,0,0.8011017,0,0.5985284;
customb,arch1,empty,0.625,0.625,0.625,1,1,0.7045454,0,1,1,174.2742125,273.4297261,-404.5055,0,0.9999768,0,-0.0068186;
customb,arch1,empty,0.625,0.625,0.625,1,1,0.7045454,0,1,1,175.4463375,238.7491011,-408.049,0,0.9999476,0,-0.0102368;
customb,arch1,empty,0.625,0.625,0.625,1,1,0.7045454,0,1,1,263.6672125,238.9468511,-413.50875,0,0.9999772,0,0.0067561;
customb,arch1,empty,0.625,0.625,1.25,1,1,0.6477273,0,1,1,-173.8806625,56.5263261,860.31725,0,0.9778806,0,-0.2091639;
customb,arch1,empty,0.625,0.625,1.25,1,1,0.6477273,0,1,1,-209.9865375,104.2418511,807.632125,0,0.5442175,0,-0.8389442;
customb,arch1,empty,0.625,0.625,1.25,1,1,0.6477273,0,1,1,-223.6395375,56.2079136,889.45,0,0.9822291,0,-0.1876864;
customb,arch1,empty,0.625,0.625,1.25,1,1,0.6477273,0,1,1,-313.5649125,103.8884761,584.370625,0,0.8448389,0,0.5350209;
customb,arch1,empty,0.625,0.625,1.25,1,1,0.6477273,0,1,1,234.9494625,29.6040511,-223.6845,0,0.0039785,0,0.9999921;
customb,arch1,empty,1.25,1.25,1.25,1,1,0.6363636,0,1,1,144.4285875,26.2128011,756.781375,0,0.9846282,0,-0.1746637;
customb,arch1,empty,1.25,1.25,1.25,1,1,0.6363636,0,1,1,503.5453375,26.6817261,622.06325,0,-0.1309295,0,-0.9913917;
customb,arch1,empty,3.75,3.75,6.25,1,1,0.6590909,0,7,7,-1347.7086625,249.2009761,-484.512125,0,0.9966949,0,0.0812361;
customb,arch1,empty,3.75,3.75,6.25,1,1,0.6590909,0,7,7,-885.7124125,247.5897261,704.63625,0,0.9840953,0,-0.1776413;
customb,arch1,empty,3.75,3.75,6.25,1,1,0.6590909,0,7,7,1003.2309625,248.2536011,-536.03075,0,0.9604431,0,0.2784765;
customb,arch1,empty,3.75,3.75,6.25,1,1,0.6590909,0,7,7,108.046875,251.7867261,419.55425,0,0.2375526,0,-0.9713747;
customb,house1,default,0.125,0.125,0.1125,0,0,0,0,1,1,767.9890875,34.4133261,140.466675,0,0.6914908,0,0.7223853;
customb,house1,default,0.125,0.125,0.125,0,0,0,0,1,1,758.3834625,30.2715636,156.003625,0,0.7050477,0,-0.70916;
customb,house1,default,0.125,0.125,0.125,0,0,0,0,1,1,758.6337125,30.2715636,149.1863125,0,0.7153684,0,-0.6987475;
customb,house1,default,0.125,0.125,0.125,0,0,0,0,1,1,760.0898375,30.3747761,124.6117375,0,0.7094643,0,-0.7047414;
customb,house1,default,0.125,0.125,0.125,0,0,0,0,1,1,760.6595875,31.0035886,130.4590875,0,0.707925,0,-0.7062877;
customb,house1,default,0.125,0.125,0.125,0,0,0,0,1,1,766.9140875,29.6688761,151.901775,0,0.0164112,0,-0.9998654;
customb,house1,default,0.125,0.125,0.125,0,0,0,0,1,1,767.8420875,30.4847136,127.3575125,0,0.9998985,0,0.0142506;
customb,house1,default,0.125,0.125,0.125,0,0,0,0,1,1,773.2278375,30.4847136,127.3852375,0,0.9998985,0,0.0142506;
customb,house1,default,0.125,0.125,0.125,0,0,0,0,1,1,773.3412125,30.6489386,152.204975,0,0.0181323,0,-0.9998356;
customb,house1,default,0.125,0.125,0.125,0,0,0,0,1,1,780.3798375,30.1405511,156.9396875,0,0.6847335,0,0.7287936;
customb,house1,default,0.125,0.125,0.125,0,0,0,0,1,1,780.4829625,30.2755886,151.439675,0,0.6869555,0,0.7266995;
customb,house1,default,0.125,0.125,0.125,0,0,0,0,1,1,780.6029625,30.5323761,146.2240875,0,0.6907508,0,0.7230929;
customb,house1,default,0.125,0.125,0.125,0,0,0,0,1,1,780.8432125,30.0738386,134.9256875,0,0.6959066,0,0.7181323;
customb,house1,default,0.125,0.125,0.125,0,0,0,0,1,1,780.9255875,30.3132011,129.93075,0,0.6956559,0,0.7183753;
customb,house1,default,0.125,0.125,0.125,0,0,0,0,1,1,781.2523375,30.1631886,124.69955,0,0.6875883,0,0.7261007;
map,disablebounds;
misc,barrier,0.625,6.25,25,-285.8755375,125.3176011,756.068125,0,0.2073902,0,0.9782583;
misc,barrier,1.25,3.75,18.75,-177.4434125,98.4681011,1105.819875,0,0.9743162,0,-0.225184;
misc,barrier,1.25,6.25,45,-140.1999125,253.9054761,-573.76075,0,0.9999984,0,0.0018067;
custom,killcuboid,barriereditormat,1.25,6.25,45,0,1,1,1,1.0,1.0,-140.1999125,253.9054761,-573.76075,0,0.9999984,0,0.0018067;
misc,barrier,12.5,0.625,25,-159.2437875,104.1562261,1057.5765,0,-0.1303847,0,-0.9914635;
misc,barrier,12.5,0.625,25,-251.6265375,160.3319761,728.5805,0,0.2027434,0,0.9792319;
misc,barrier,12.5,0.625,25,-360.5489125,159.2508511,514.2915,0,0.9708314,0,-0.2397632;
misc,barrier,12.5,3.75,25,-149.1824125,150.8417261,917.73475,0,0.1851191,0,0.9827161;
misc,barrier,12.5,3.75,25,-452.7894125,208.5189761,403.017625,-0.1514776,0.6960024,-0.689536,-0.1310546;
misc,barrier,25,0.625,37.5,48.6551,88.0025511,-143.573875,0,0.7181417,0,0.6958969;
misc,barrier,31.25,0.625,31.25,-351.5706625,83.6492261,1052.715125,0,0.1370598,0,0.9905628;
misc,barrier,37.5,0.625,37.5,245.2614625,83.6538511,180.61225,0,0.9997175,0,-0.0237667;
misc,barrier,37.5,0.625,37.5,594.5635875,87.5686386,606.981625,0,0.9775564,0,-0.2106741;
misc,barrier,37.5,0.625,37.5,629.7464625,86.5343636,422.85925,0.00362,0.6913661,-0.003783,-0.7224857;
misc,barrier,41.25,0.625,41.25,623.1205875,86.3434886,19.699775,0,0.7071375,0,0.7070761;
misc,barrier,43.75,3.75,50,-498.5669125,121.0649761,-874.917875,0,0.6728528,0,-0.7397764;
misc,barrier,43.75,3.75,50,-603.8547875,119.4701011,-1301.800375,0,0.669858,0,-0.7424893;
misc,barrier,6.25,0.625,12.5,360.4523375,269.7564761,-243.914,0,0.720108,0,0.693862;
misc,barrier,6.25,0.625,12.5,483.2547125,270.0717261,-252.154875,0,0.7243254,0,0.6894583;
misc,barrier,6.25,0.625,12.5,507.7894625,266.9427261,-341.292875,0,0.9998361,0,-0.0181075;
misc,barrier,6.25,25,6.25,-244.5037875,227.0977261,-826.615375,0,-0.0266928,0,0.9996437;
misc,barrier,62.5,0.625,62.5,-273.9345375,85.9582011,52.755,0,0.6579571,0,-0.7530555;
misc,barrier,62.5,0.625,62.5,173.6560875,85.5170011,855.875625,0,0.220342,0,0.9754227;
misc,barrier,7.5,0.625,7.5,265.0979625,269.7697261,-240.101875,0,0.7187915,0,0.6952258;
misc,barrier,10,4,1,-205.2566,65,845,0,0.1903193,0,0.9817223;

racing,killcuboid,0.25,12.5,3.75,-530.8277875,40.7411011,-1166.480625,0,0.784175,0,0.6205398;
racing,killcuboid,0.25,12.5,3.75,-562.2040375,42.7916136,-1086.14875,0,0.6337821,0,-0.7735117;
racing,killcuboid,0.25,12.5,3.75,-568.4317875,42.4170761,-1299.237875,0,0.7868489,0,0.6171457;
racing,killcuboid,0.25,12.5,3.75,-602.0160375,41.1375886,-1221.984125,0,0.6136902,0,-0.7895469;
racing,killcuboid,0.25,12.5,3.75,-638.2056625,41.0653386,-1338.836625,0,0.6040348,0,-0.796958;
racing,killcuboid,0.375,6.25,25,-10.187275,248.9792261,-529.113625,0,0.7115339,0,-0.7026519;
racing,killcuboid,0.375,6.25,25,-11.0846625,248.8496011,-657.34375,0,0.7096828,0,-0.7045214;
racing,killcuboid,0.375,6.25,25,-48.146475,246.8834761,-796.637,0,0.7109365,0,-0.7032562;
racing,killcuboid,0.375,6.25,25,53.03665,248.6859761,-598.330875,0,0.7038041,0,0.7103941;
racing,killcuboid,0.375,6.25,25,55.691375,248.6333511,-461.276,0,0.7060069,0,0.708205;
racing,killcuboid,0.375,6.25,25,56.5654375,248.3421011,-724.743375,0,0.7050005,0,0.7092069;
racing,killcuboid,0.5,2.5,5,542.4998375,69.9006386,475.88725,0,0.5765398,0,-0.8170691;
racing,killcuboid,0.5,2.5,5,544.2613375,36.5844261,474.645125,0,0.5765428,0,-0.817067;
racing,killcuboid,0.625,22.5,6.25,-145.4320375,132.3822261,-825.6745,0,0.9999571,0,0.0092586;
racing,killcuboid,0.625,25,6.25,-178.7914125,151.8386011,-854.17775,0,0.7025988,0,0.7115862;
racing,killcuboid,0.625,25,6.25,-179.6790375,152.1824761,-798.554125,0,0.703586,0,0.7106102;
racing,killcuboid,0.625,6.25,12.5,232.3092125,262.4356011,-857.948125,0,0.7035965,0,-0.7105998;
racing,killcuboid,0.625,6.25,43.75,179.1697125,265.5791011,-649.128875,0,0.9999991,0,0.001339;
racing,killcuboid,0.625,6.25,43.75,219.9767125,262.4193511,-575.562625,0,0.9999951,0,-0.0031597;
racing,killcuboid,0.625,6.25,43.75,220.5058375,256.5049761,-575.860625,0,0.9999941,0,-0.0034589;
racing,killcuboid,0.625,6.25,43.75,263.2705875,255.7653511,-643.466125,0,0.9999967,0,-0.0025887;
racing,killcuboid,0.625,7.5,25,241.5035875,53.0144261,690.65375,0,0.5735199,0,-0.8191917;
racing,killcuboid,0.625,7.5,25,266.1970875,46.1523511,739.164125,0,0.5677803,0,-0.8231801;
racing,killcuboid,0.625,7.5,25,384.3385875,51.9088511,639.4695,0,0.5735551,0,-0.819167;
racing,killcuboid,0.625,7.5,25,387.8657125,52.7496886,692.8455,0,0.5663756,0,-0.8241473;
racing,killcuboid,1.25,3.75,0.625,528.6623375,55.1360011,479.7095,0,0.9855956,0,-0.1691193;
racing,killcuboid,1.25,3.75,0.625,558.3347125,58.2359886,469.224375,0,0.9857575,0,-0.1681733;
racing,killcuboid,12.5,0.625,25,-152.9244125,28.2132511,-33.7869625,0,0.9108889,0,-0.4126518;
racing,killcuboid,12.5,0.625,25,-273.9397875,28.0524386,48.7258375,0,0.0631605,0,0.9980034;
racing,killcuboid,12.5,0.625,25,17.4471821,28.2021761,-177.18175,0,0.4675757,0,-0.883953;
racing,killcuboid,12.5,0.625,25,7.7411275,28.1641136,15.384325,0,0.067622,0,-0.997711;
racing,killcuboid,12.5,0.625,31.25,-319.5076625,28.5464011,152.7787625,0,0.7312502,0,0.6821094;
racing,killcuboid,12.5,0.625,31.25,-407.2697875,28.2030886,111.8626125,0,0.6002499,0,-0.7998126;
racing,killcuboid,25,0.125,25,597.4568375,84.1856761,442.910875,0,0.9859894,0,-0.1668081;
racing,killcuboid,4.375,0.625,50,195.9390875,276.5507261,-606.615,0,-0.0089215,0,-0.9999602;
racing,killcuboid,4.375,0.625,50,199.4643375,238.1534761,-623.306375,0,0.9999845,0,-0.0055711;
racing,killcuboid,50,0.625,5,238.8058375,276.7879761,-617.928625,0,0.7060291,0,-0.7081829;
racing,killcuboid,50,0.625,5,242.0454625,238.1767261,-620.5045,0,-0.7072399,0,-0.7069737;
racing,killcuboid,6.25,2.5,6.25,-214.7816625,144.8701011,839.358625,0,0.1839443,0,0.9829367;
racing,killcuboid,5,2,5,-214.7816625,144.8701011,839.358625,0,0.1839443,0,0.9829367;
racing,killcuboid,7.5,0.625,12.5,173.4255875,28.6218261,-250.511375,0,0.7098929,0,-0.7043097;
racing,killcuboid,7.5,0.625,37.5,323.7742125,28.5419011,684.465875,0,0.820356,0,0.5718533;
racing,killcuboid,12.6,0.6,6.35,351.9852125,210.9601011,-246.86575,0,0.9998404,0,-0.017868;
racing,killcuboid,12.6,0.6,6.35,477.0332125,227.0996011,-407.66825,0,0.0072104,0,0.9999741;
racing,killcuboid,10.1,0.725,6.35,514.6730875,218.1268511,-262.986625,0,0.7255799,0,0.688138;
racing,killcuboid,0.725,2.6,5.1,289.9970875,259.9184761,-245.383875,0,0.999806,0,-0.0196945;
racing,killcuboid,0.725,6.35,10.1,436.0562125,237.7468511,-281.2665,0,0.7387339,0,0.6739973;
racing,killcuboid,0.725,6.35,10.1,494.0480875,238.4541011,-422.665125,0,0.7711796,0,-0.6366177;
racing,killcuboid,0.725,6.35,12.6,-6.7282875,52.3745761,-179.86,0,0.9566237,0,0.2913263;
racing,killcuboid,0.725,6.35,8.85,-190.4711625,127.8373511,908.45375,0,0.8283214,0,0.5602532;
racing,killcuboid,0.725,7.6,6.35,-126.5097875,67.6155886,981.302125,0,0.031346,0,0.9995086;
racing,killcuboid,0.725,7.6,12.6,-380.9967875,41.9174636,1072.630125,0,0.9618371,0,0.2736226;
racing,killcuboid,0.725,8.85,12.6,146.2085875,43.7058511,79.0125375,0,0.9389048,0,0.3441771;
racing,killcuboid,0.725,8.85,12.6,467.2115875,41.1957636,288.47175,0,0.5273095,0,0.8496733;
racing,killcuboid,0.725,8.85,12.6,638.9783375,45.3277886,664.33725,0,0.1642404,0,0.9864204;
racing,killcuboid,0.725,8.85,3.85,710.9547125,44.8774386,677.953,0,0.8968348,0,0.4423658;
racing,killcylinder,12.4,1.3,12.4,-309.8572875,36.8206761,1128.61275,0,0.7268554,0,0.6867906;
racing,killcylinder,12.4,1.3,12.4,-312.3014125,70.4425011,1130.63225,0,0.8102807,0,0.586042;
racing,killplane,12.5,3.75,18.75,-367.7681625,35.1128011,-825.849,0,0.6944536,0,0.7195375;
racing,killplane,12.5,3.75,18.75,-509.2796625,34.2219136,-832.17125,0,0.7114481,0,0.7027387;
racing,killplane,12.5,3.75,18.75,-675.6331625,34.4305761,-869.91075,0,0.2182294,0,0.9758975;
racing,killplane,12.5,3.75,18.75,-692.6505375,32.9632511,-1239.646625,0,-0.143927,0,-0.9895883;
racing,killplane,12.5,3.75,18.75,-706.2397875,34.2176386,-1032.811125,0,0.2570524,0,-0.9663975;
racing,killplane,25,1.25,25,578.8082125,30.6654511,445.00775,0,0.5971253,0,-0.802148;
racing,killplane,6.25,3.75,6.25,-664.6179125,33.7566761,-1134.691375,0,0.0849857,0,-0.9963822;
racing,killprism,1.25,1.25,1.25,-17.500475,65.4278136,-63.501925,0,0.027895,0,0.9996109;
racing,killprism,1.25,1.25,1.25,4.3202,61.5506511,-87.3009875,0,0.0300759,0,0.9995477;
racing,killpyramid,1.25,1.25,1.25,-23.89325,39.4690136,-55.783225,0,-0.0200549,0,-0.9997989;
racing,killpyramid,1.25,1.25,1.25,-4.5602875,39.4143136,-56.732925,0,0.0082729,0,0.9999658;
racing,killpyramid,1.25,1.25,1.25,15.9793088,41.4175636,-55.9221875,0,0.0104545,0,0.9999453;
racing,killpyramid,0.725,8.85,12.6,489.3210875,-0.0554614,343.64425,0,0.8074871,0,0.5898852;
racing,killsphere,0.625,0.625,0.625,-256.3500375,44.1977761,164.014125,0,0.0716384,0,0.9974307;
racing,killsphere,0.625,0.625,0.625,-265.9905375,37.1477636,47.09677,0,0.9999179,0,-0.0128172;
racing,killsphere,0.625,0.625,0.625,-270.4250375,54.3744886,61.221075,0,0.1690737,0,0.9856035;
racing,killsphere,0.625,0.625,0.625,-270.6096625,61.4088261,135.424625,0,0.145371,0,0.9893772;
racing,killsphere,0.625,0.625,0.625,-280.6467875,38.5098761,110.2413875,0,0.9981514,0,-0.0607763;
racing,killsphere,0.625,0.625,0.625,-285.7725375,74.5084761,90.6224,0,0.0548568,0,-0.9984943;
racing,killsphere,0.625,0.625,0.625,-295.2282875,60.3247386,14.4429,0,0.0112473,0,-0.9999368;
racing,killsphere,0.625,0.625,0.625,-303.3689125,38.3927261,170.664875,0,0.7221768,0,0.6917086;
racing,killsphere,0.625,0.625,0.625,-311.0647875,68.4965636,168.59975,0,0.6290653,0,0.7773525;
racing,killsphere,0.625,0.625,0.625,-315.9202875,37.6312136,137.4145375,0,0.7548987,0,-0.6558414;
racing,killsphere,0.625,0.625,0.625,-339.3172875,51.8497761,150.8699375,0,0.683802,0,-0.7296676;
racing,killsphere,0.625,0.625,0.625,-347.8095375,50.5175011,173.1955,0,0.5612528,0,-0.8276444;
racing,killsphere,0.625,0.625,0.625,-362.5851625,44.8616636,143.5395,0,0.9883205,0,0.1523896;
racing,killsphere,0.625,0.625,0.625,-384.1974125,69.3342136,148.8923125,0,0.7053287,0,0.7088805;
racing,killsphere,0.625,0.625,0.625,-384.2581625,47.9192386,171.955125,0,0.6853786,0,-0.7281869;
racing,killsphere,0.625,0.625,0.625,-420.8016625,55.6090136,181.76275,0,0.4831336,0,-0.8755467;
racing,killsphere,0.625,0.625,0.625,-422.6347875,47.5027511,152.3483875,0,0.8830699,0,-0.4692415;
racing,killsphere,0.625,0.625,0.625,-448.6844125,54.1498136,164.776,0,0.7088296,0,-0.7053797;
racing,killsphere,0.625,0.625,0.625,-470.1117875,69.9832761,174.4055,0,0.7904871,0,0.6124787;
racing,killsphere,0.625,0.625,0.625,-475.2956625,64.1024636,152.8866625,0,0.7433158,0,-0.6689407;
racing,killsphere,0.625,0.625,0.625,-507.5247875,40.3278511,195.442625,0,0.3196793,0,-0.9475259;
racing,killsphere,0.625,0.625,0.625,-509.5071625,63.5858261,185.827625,0,0.6193403,0,-0.7851227;
racing,killsphere,0.625,0.625,0.625,-511.3784125,47.5173761,155.3366625,0,0.8562056,0,-0.5166353;
racing,killtorus,1.25,1.25,1.25,543.6592125,52.4062136,475.58225,0.0564802,0.6194298,-0.7243192,-0.2974534;
racing,killtorus,2.5,2.5,2.5,-460.5445375,64.6732636,-831.303375,0.4399337,0.4220256,-0.555017,0.5659584;





custom,endcuboid,default,0.25,12.5,3.75,0,0.5,0.5,0,1.0,1.0,-530.8277875,40.7411011,-1166.480625,0,0.784175,0,0.6205398;
custom,endcuboid,default,0.25,12.5,3.75,0,0.5,0.5,0,1.0,1.0,-562.2040375,42.7916136,-1086.14875,0,0.6337821,0,-0.7735117;
custom,endcuboid,default,0.25,12.5,3.75,0,0.5,0.5,0,1.0,1.0,-568.4317875,42.4170761,-1299.237875,0,0.7868489,0,0.6171457;
custom,endcuboid,default,0.25,12.5,3.75,0,0.5,0.5,0,1.0,1.0,-602.0160375,41.1375886,-1221.984125,0,0.6136902,0,-0.7895469;
custom,endcuboid,default,0.25,12.5,3.75,0,0.5,0.5,0,1.0,1.0,-638.2056625,41.0653386,-1338.836625,0,0.6040348,0,-0.796958;
custom,endcuboid,default,0.375,6.25,25,0,0.5,0.5,0,1.0,1.0,-10.187275,248.9792261,-529.113625,0,0.7115339,0,-0.7026519;
custom,endcuboid,default,0.375,6.25,25,0,0.5,0.5,0,1.0,1.0,-11.0846625,248.8496011,-657.34375,0,0.7096828,0,-0.7045214;
custom,endcuboid,default,0.375,6.25,25,0,0.5,0.5,0,1.0,1.0,-48.146475,246.8834761,-796.637,0,0.7109365,0,-0.7032562;
custom,endcuboid,default,0.375,6.25,25,0,0.5,0.5,0,1.0,1.0,53.03665,248.6859761,-598.330875,0,0.7038041,0,0.7103941;
custom,endcuboid,default,0.375,6.25,25,0,0.5,0.5,0,1.0,1.0,55.691375,248.6333511,-461.276,0,0.7060069,0,0.708205;
custom,endcuboid,default,0.375,6.25,25,0,0.5,0.5,0,1.0,1.0,56.5654375,248.3421011,-724.743375,0,0.7050005,0,0.7092069;
custom,endcuboid,default,0.5,2.5,5,0,0.5,0.5,0,1.0,1.0,542.4998375,69.9006386,475.88725,0,0.5765398,0,-0.8170691;
custom,endcuboid,default,0.5,2.5,5,0,0.5,0.5,0,1.0,1.0,544.2613375,36.5844261,474.645125,0,0.5765428,0,-0.817067;
custom,endcuboid,default,0.625,22.5,6.25,0,0.5,0.5,0,1.0,1.0,-145.4320375,132.3822261,-825.6745,0,0.9999571,0,0.0092586;
custom,endcuboid,default,0.625,25,6.25,0,0.5,0.5,0,1.0,1.0,-178.7914125,151.8386011,-854.17775,0,0.7025988,0,0.7115862;
custom,endcuboid,default,0.625,25,6.25,0,0.5,0.5,0,1.0,1.0,-179.6790375,152.1824761,-798.554125,0,0.703586,0,0.7106102;
custom,endcuboid,default,0.625,6.25,12.5,0,0.5,0.5,0,1.0,1.0,232.3092125,262.4356011,-857.948125,0,0.7035965,0,-0.7105998;
custom,endcuboid,default,0.625,6.25,43.75,0,0.5,0.5,0,1.0,1.0,179.1697125,265.5791011,-649.128875,0,0.9999991,0,0.001339;
custom,endcuboid,default,0.625,6.25,43.75,0,0.5,0.5,0,1.0,1.0,219.9767125,262.4193511,-575.562625,0,0.9999951,0,-0.0031597;
custom,endcuboid,default,0.625,6.25,43.75,0,0.5,0.5,0,1.0,1.0,220.5058375,256.5049761,-575.860625,0,0.9999941,0,-0.0034589;
custom,endcuboid,default,0.625,6.25,43.75,0,0.5,0.5,0,1.0,1.0,263.2705875,255.7653511,-643.466125,0,0.9999967,0,-0.0025887;
custom,endcuboid,default,0.625,7.5,25,0,0.5,0.5,0,1.0,1.0,241.5035875,53.0144261,690.65375,0,0.5735199,0,-0.8191917;
custom,endcuboid,default,0.625,7.5,25,0,0.5,0.5,0,1.0,1.0,266.1970875,46.1523511,739.164125,0,0.5677803,0,-0.8231801;
custom,endcuboid,default,0.625,7.5,25,0,0.5,0.5,0,1.0,1.0,384.3385875,51.9088511,639.4695,0,0.5735551,0,-0.819167;
custom,endcuboid,default,0.625,7.5,25,0,0.5,0.5,0,1.0,1.0,387.8657125,52.7496886,692.8455,0,0.5663756,0,-0.8241473;
custom,endcuboid,default,1.25,3.75,0.625,0,0.5,0.5,0,1.0,1.0,528.6623375,55.1360011,479.7095,0,0.9855956,0,-0.1691193;
custom,endcuboid,default,1.25,3.75,0.625,0,0.5,0.5,0,1.0,1.0,558.3347125,58.2359886,469.224375,0,0.9857575,0,-0.1681733;
custom,endcuboid,default,12.5,0.625,25,0,0.5,0.5,0,1.0,1.0,-152.9244125,28.2132511,-33.7869625,0,0.9108889,0,-0.4126518;
custom,endcuboid,default,12.5,0.625,25,0,0.5,0.5,0,1.0,1.0,-273.9397875,28.0524386,48.7258375,0,0.0631605,0,0.9980034;
custom,endcuboid,default,12.5,0.625,25,0,0.5,0.5,0,1.0,1.0,17.4471821,28.2021761,-177.18175,0,0.4675757,0,-0.883953;
custom,endcuboid,default,12.5,0.625,25,0,0.5,0.5,0,1.0,1.0,7.7411275,28.1641136,15.384325,0,0.067622,0,-0.997711;
custom,endcuboid,default,12.5,0.625,31.25,0,0.5,0.5,0,1.0,1.0,-319.5076625,28.5464011,152.7787625,0,0.7312502,0,0.6821094;
custom,endcuboid,default,12.5,0.625,31.25,0,0.5,0.5,0,1.0,1.0,-407.2697875,28.2030886,111.8626125,0,0.6002499,0,-0.7998126;
custom,endcuboid,default,25,0.125,25,0,0.5,0.5,0,1.0,1.0,597.4568375,84.1856761,442.910875,0,0.9859894,0,-0.1668081;
custom,endcuboid,default,4.375,0.625,50,0,0.5,0.5,0,1.0,1.0,195.9390875,276.5507261,-606.615,0,-0.0089215,0,-0.9999602;
custom,endcuboid,default,4.375,0.625,50,0,0.5,0.5,0,1.0,1.0,199.4643375,238.1534761,-623.306375,0,0.9999845,0,-0.0055711;
custom,endcuboid,default,50,0.625,5,0,0.5,0.5,0,1.0,1.0,238.8058375,276.7879761,-617.928625,0,0.7060291,0,-0.7081829;
custom,endcuboid,default,50,0.625,5,0,0.5,0.5,0,1.0,1.0,242.0454625,238.1767261,-620.5045,0,-0.7072399,0,-0.7069737;
custom,endcuboid,default,6.25,2.5,6.25,0,0.5,0.5,0,1.0,1.0,-214.7816625,144.8701011,839.358625,0,0.1839443,0,0.9829367;
custom,endcuboid,default,5,2,5,0,0.5,0.5,0,1.0,1.0,-214.7816625,144.8701011,839.358625,0,0.1839443,0,0.9829367;
custom,endcuboid,default,7.5,0.625,12.5,0,0.5,0.5,0,1.0,1.0,173.4255875,28.6218261,-250.511375,0,0.7098929,0,-0.7043097;
custom,endcuboid,default,7.5,0.625,37.5,0,0.5,0.5,0,1.0,1.0,323.7742125,28.5419011,684.465875,0,0.820356,0,0.5718533;
custom,endcuboid,default,12.6,0.6,6.35,0,0.5,0.5,0,1.0,1.0,351.9852125,210.9601011,-246.86575,0,0.9998404,0,-0.017868;
custom,endcuboid,default,12.6,0.6,6.35,0,0.5,0.5,0,1.0,1.0,477.0332125,227.0996011,-407.66825,0,0.0072104,0,0.9999741;
custom,endcuboid,default,10.1,0.725,6.35,0,0.5,0.5,0,1.0,1.0,514.6730875,218.1268511,-262.986625,0,0.7255799,0,0.688138;
custom,endcuboid,default,0.725,2.6,5.1,0,0.5,0.5,0,1.0,1.0,289.9970875,259.9184761,-245.383875,0,0.999806,0,-0.0196945;
custom,endcuboid,default,0.725,6.35,10.1,0,0.5,0.5,0,1.0,1.0,436.0562125,237.7468511,-281.2665,0,0.7387339,0,0.6739973;
custom,endcuboid,default,0.725,6.35,10.1,0,0.5,0.5,0,1.0,1.0,494.0480875,238.4541011,-422.665125,0,0.7711796,0,-0.6366177;
custom,endcuboid,default,0.725,6.35,12.6,0,0.5,0.5,0,1.0,1.0,-6.7282875,52.3745761,-179.86,0,0.9566237,0,0.2913263;
custom,endcuboid,default,0.725,6.35,8.85,0,0.5,0.5,0,1.0,1.0,-190.4711625,127.8373511,908.45375,0,0.8283214,0,0.5602532;
custom,endcuboid,default,0.725,7.6,6.35,0,0.5,0.5,0,1.0,1.0,-126.5097875,67.6155886,981.302125,0,0.031346,0,0.9995086;
custom,endcuboid,default,0.725,7.6,12.6,0,0.5,0.5,0,1.0,1.0,-380.9967875,41.9174636,1072.630125,0,0.9618371,0,0.2736226;
custom,endcuboid,default,0.725,8.85,12.6,0,0.5,0.5,0,1.0,1.0,146.2085875,43.7058511,79.0125375,0,0.9389048,0,0.3441771;
custom,endcuboid,default,0.725,8.85,12.6,0,0.5,0.5,0,1.0,1.0,467.2115875,41.1957636,288.47175,0,0.5273095,0,0.8496733;
custom,endcuboid,default,0.725,8.85,12.6,0,0.5,0.5,0,1.0,1.0,638.9783375,45.3277886,664.33725,0,0.1642404,0,0.9864204;
custom,endcuboid,default,0.725,8.85,3.85,0,0.5,0.5,0,1.0,1.0,710.9547125,44.8774386,677.953,0,0.8968348,0,0.4423658;
custom,endcylinder,default,12.4,1.3,12.4,0,0.5,0.5,0,1.0,1.0,-309.8572875,36.8206761,1128.61275,0,0.7268554,0,0.6867906;
custom,endcylinder,default,12.4,1.3,12.4,0,0.5,0.5,0,1.0,1.0,-312.3014125,70.4425011,1130.63225,0,0.8102807,0,0.586042;
custom,endplane,default,12.5,3.75,18.75,0,0.5,0.5,0,1.0,1.0,-367.7681625,35.1128011,-825.849,0,0.6944536,0,0.7195375;
custom,endplane,default,12.5,3.75,18.75,0,0.5,0.5,0,1.0,1.0,-509.2796625,34.2219136,-832.17125,0,0.7114481,0,0.7027387;
custom,endplane,default,12.5,3.75,18.75,0,0.5,0.5,0,1.0,1.0,-675.6331625,34.4305761,-869.91075,0,0.2182294,0,0.9758975;
custom,endplane,default,12.5,3.75,18.75,0,0.5,0.5,0,1.0,1.0,-692.6505375,32.9632511,-1239.646625,0,-0.143927,0,-0.9895883;
custom,endplane,default,12.5,3.75,18.75,0,0.5,0.5,0,1.0,1.0,-706.2397875,34.2176386,-1032.811125,0,0.2570524,0,-0.9663975;
custom,endplane,default,25,1.25,25,0,0.5,0.5,0,1.0,1.0,578.8082125,30.6654511,445.00775,0,0.5971253,0,-0.802148;
custom,endplane,default,6.25,3.75,6.25,0,0.5,0.5,0,1.0,1.0,-664.6179125,33.7566761,-1134.691375,0,0.0849857,0,-0.9963822;
custom,endprism,default,1.25,1.25,1.25,0,0.5,0.5,0,1.0,1.0,-17.500475,65.4278136,-63.501925,0,0.027895,0,0.9996109;
custom,endprism,default,1.25,1.25,1.25,0,0.5,0.5,0,1.0,1.0,4.3202,61.5506511,-87.3009875,0,0.0300759,0,0.9995477;
custom,endpyramid,default,1.25,1.25,1.25,0,0.5,0.5,0,1.0,1.0,-23.89325,39.4690136,-55.783225,0,-0.0200549,0,-0.9997989;
custom,endpyramid,default,1.25,1.25,1.25,0,0.5,0.5,0,1.0,1.0,-4.5602875,39.4143136,-56.732925,0,0.0082729,0,0.9999658;
custom,endpyramid,default,1.25,1.25,1.25,0,0.5,0.5,0,1.0,1.0,15.9793088,41.4175636,-55.9221875,0,0.0104545,0,0.9999453;
custom,endpyramid,default,0.725,8.85,12.6,0,0.5,0.5,0,1.0,1.0,489.3210875,-0.0554614,343.64425,0,0.8074871,0,0.5898852;
custom,endsphere,default,0.625,0.625,0.625,0,0.5,0.5,0,1.0,1.0,-256.3500375,44.1977761,164.014125,0,0.0716384,0,0.9974307;
custom,endsphere,default,0.625,0.625,0.625,0,0.5,0.5,0,1.0,1.0,-265.9905375,37.1477636,47.09677,0,0.9999179,0,-0.0128172;
custom,endsphere,default,0.625,0.625,0.625,0,0.5,0.5,0,1.0,1.0,-270.4250375,54.3744886,61.221075,0,0.1690737,0,0.9856035;
custom,endsphere,default,0.625,0.625,0.625,0,0.5,0.5,0,1.0,1.0,-270.6096625,61.4088261,135.424625,0,0.145371,0,0.9893772;
custom,endsphere,default,0.625,0.625,0.625,0,0.5,0.5,0,1.0,1.0,-280.6467875,38.5098761,110.2413875,0,0.9981514,0,-0.0607763;
custom,endsphere,default,0.625,0.625,0.625,0,0.5,0.5,0,1.0,1.0,-285.7725375,74.5084761,90.6224,0,0.0548568,0,-0.9984943;
custom,endsphere,default,0.625,0.625,0.625,0,0.5,0.5,0,1.0,1.0,-295.2282875,60.3247386,14.4429,0,0.0112473,0,-0.9999368;
custom,endsphere,default,0.625,0.625,0.625,0,0.5,0.5,0,1.0,1.0,-303.3689125,38.3927261,170.664875,0,0.7221768,0,0.6917086;
custom,endsphere,default,0.625,0.625,0.625,0,0.5,0.5,0,1.0,1.0,-311.0647875,68.4965636,168.59975,0,0.6290653,0,0.7773525;
custom,endsphere,default,0.625,0.625,0.625,0,0.5,0.5,0,1.0,1.0,-315.9202875,37.6312136,137.4145375,0,0.7548987,0,-0.6558414;
custom,endsphere,default,0.625,0.625,0.625,0,0.5,0.5,0,1.0,1.0,-339.3172875,51.8497761,150.8699375,0,0.683802,0,-0.7296676;
custom,endsphere,default,0.625,0.625,0.625,0,0.5,0.5,0,1.0,1.0,-347.8095375,50.5175011,173.1955,0,0.5612528,0,-0.8276444;
custom,endsphere,default,0.625,0.625,0.625,0,0.5,0.5,0,1.0,1.0,-362.5851625,44.8616636,143.5395,0,0.9883205,0,0.1523896;
custom,endsphere,default,0.625,0.625,0.625,0,0.5,0.5,0,1.0,1.0,-384.1974125,69.3342136,148.8923125,0,0.7053287,0,0.7088805;
custom,endsphere,default,0.625,0.625,0.625,0,0.5,0.5,0,1.0,1.0,-384.2581625,47.9192386,171.955125,0,0.6853786,0,-0.7281869;
custom,endsphere,default,0.625,0.625,0.625,0,0.5,0.5,0,1.0,1.0,-420.8016625,55.6090136,181.76275,0,0.4831336,0,-0.8755467;
custom,endsphere,default,0.625,0.625,0.625,0,0.5,0.5,0,1.0,1.0,-422.6347875,47.5027511,152.3483875,0,0.8830699,0,-0.4692415;
custom,endsphere,default,0.625,0.625,0.625,0,0.5,0.5,0,1.0,1.0,-448.6844125,54.1498136,164.776,0,0.7088296,0,-0.7053797;
custom,endsphere,default,0.625,0.625,0.625,0,0.5,0.5,0,1.0,1.0,-470.1117875,69.9832761,174.4055,0,0.7904871,0,0.6124787;
custom,endsphere,default,0.625,0.625,0.625,0,0.5,0.5,0,1.0,1.0,-475.2956625,64.1024636,152.8866625,0,0.7433158,0,-0.6689407;
custom,endsphere,default,0.625,0.625,0.625,0,0.5,0.5,0,1.0,1.0,-507.5247875,40.3278511,195.442625,0,0.3196793,0,-0.9475259;
custom,endsphere,default,0.625,0.625,0.625,0,0.5,0.5,0,1.0,1.0,-509.5071625,63.5858261,185.827625,0,0.6193403,0,-0.7851227;
custom,endsphere,default,0.625,0.625,0.625,0,0.5,0.5,0,1.0,1.0,-511.3784125,47.5173761,155.3366625,0,0.8562056,0,-0.5166353;
custom,endtorus,default,1.25,1.25,1.25,0,0.5,0.5,0,1.0,1.0,543.6592125,52.4062136,475.58225,0.0564802,0.6194298,-0.7243192,-0.2974534;
custom,endtorus,default,2.5,2.5,2.5,0,0.5,0.5,0,1.0,1.0,-460.5445375,64.6732636,-831.303375,0.4399337,0.4220256,-0.555017,0.5659584;


