custom,cuboid,metal1,12,0.25,12,0,0,0,1,2,2,0,241.25,-110,0,0,0,0;



map,disablebounds;
spawnpoint,playerC,0,20.5,530,0,0,0,0;
spawnpoint,playerM,0,20.5,530,0,0,0,0;
custom,cuboid,stone4,900,1,900,0,1,1,1,64,64,0,-4.5,0,0,0,0,0;

racing,killCuboid,900,1,900,0,-3.0,0,0,0,0,0;
racing,killCuboid,6,6,3,-45,30,-110,0,1,0,1;
racing,startCuboid,6,6,3,0,30,333,0,0,0,0;
racing,endCuboid,6,6,1,-55,272.5,-110,0,1,0,1;









custom,cuboid,stone4,12,0.25,12,0,1,1,1,2,2,0,1.25,-110,0,0,0,0;

custom,cylinder,stone4,2.000,3,2.000,1,1,1,1,1.0,1.0,-175.000,30,-320.000,0,0,0,0;
custom,cylinder,stone4,2.000,3,2.000,1,1,1,1,1.0,1.0,-75.000,30,-220.000,0,0,0,0;
custom,cylinder,stone4,2.000,3,2.000,1,1,1,1,1.0,1.0,-25.000,30,-370.000,0,0,0,0;
custom,cylinder,stone4,2.000,3,2.000,1,1,1,1,1.0,1.0,-325.000,30,-420.000,0,0,0,0;
custom,cylinder,stone4,2.000,3,2.000,1,1,1,1,1.0,1.0,-525.000,30,-495.000,0,0,0,0;
custom,cylinder,stone4,2.000,3,2.000,1,1,1,1,1.0,1.0,-125.000,30,-470.000,0,0,0,0;
custom,cylinder,stone4,2.000,3,2.000,1,1,1,1,1.0,1.0,-275.000,30,-545.000,0,0,0,0;

custom,cylinder,stone4,2.000,3,2.000,0,1,1,1,1,1,-555.000,30,-200.000,0,0,0,0;


custom,cuboid,stone4,3,6,3,0,1,1,1,1.0,1.0,45,30,-155,0,0,0,0;
custom,cuboid,stone4,3,6,3,0,1,1,1,1.0,1.0,45,30,-65,0,0,0,0;
custom,cuboid,stone4,3,6,3,0,1,1,1,1.0,1.0,-45,30,-155,0,0,0,0;
custom,cuboid,stone4,3,6,3,0,1,1,1,1.0,1.0,-45,30,-65,0,0,0,0;
racing,killCuboid,6,6,3,45,30,-110,0,1,0,1;


racing,killCuboid,3,6,70,-410,30,-65,0,1,0,1;
racing,killCuboid,3,6,54,-745,30,-320,0,0,0,0;
racing,killCuboid,2,6,15,-685,30,-580,0,1,0,1;
racing,killCuboid,3,6,49.5,-307.5,30,-155,0,1,0,1;
racing,killCuboid,2,6,33,-605,30,-365,0,0,0,0;
racing,killCylinder,12,3,12,-555,30,-200,0,0,0,0;

racing,killCuboid,3,1,6,-75,55,-110,0,0,0,0;
racing,killCuboid,3,1,6,-105,50,-110,0,0,0,0;
racing,killCuboid,3,1,6,-135,45,-110,0,0,0,0;
racing,killCuboid,3,1,6,-165,40,-110,0,0,0,0;
racing,killCuboid,3,1,6,-195,35,-110,0,0,0,0;
racing,killCuboid,3,1,6,-225,30,-110,0,0,0,0;
racing,killCuboid,3,1,6,-255,25,-110,0,0,0,0;
racing,killCuboid,3,1,6,-285,20,-110,0,0,0,0;
racing,killCuboid,3,1,6,-315,15,-110,0,0,0,0;
racing,killCuboid,3,1,6,-345,10,-110,0,0,0,0;
racing,killCuboid,3,1,6,-375,5,-110,0,0,0,0;
racing,killCuboid,3,0.5,6,-405,2.5,-110,0,0,0,0;

racing,killCuboid,49,0.25,82,-350,60,-385,0,1,0,1;
racing,killCuboid,9,0.25,34,-590,60,-95,0,1,0,1;






custom,killCuboid,stone4,48.5,0.05,81.5,1,0,1,1,16.0,32.0,-350,60,-385,0,1,0,1;
custom,killCuboid,stone4,8.5,0.05,33.5,1,0,1,1,4.0,8.0,-590,60,-95,0,1,0,1;






































custom,cuboid,stone4,12,0.25,12,1,0,1,1,2,2,0,61.25,-110,0,0,0,0;

custom,cylinder,stone4,1.25,3,1.25,1,0,1,1,1,1,-175,90,-320,0,0,0,0;
custom,cylinder,stone4,1.25,3,1.25,1,0,1,1,1,1,-75,90,-220,0,0,0,0;
custom,cylinder,stone4,1.25,3,1.25,1,0,1,1,1,1,-25,90,-370,0,0,0,0;
custom,cylinder,stone4,1.25,3,1.25,1,0,1,1,1,1,-325,90,-420,0,0,0,0;
custom,cylinder,stone4,1.25,3,1.25,1,0,1,1,1,1,-525,90,-495,0,0,0,0;
custom,cylinder,stone4,1.25,3,1.25,1,0,1,1,1,1,-125,90,-470,0,0,0,0;
custom,cylinder,stone4,1.25,3,1.25,1,0,1,1,1,1,-275,90,-545,0,0,0,0;

custom,cylinder,stone4,1.25,3,1.25,1,0,1,1,1,1,-555,90,-200,0,0,0,0;



custom,cuboid,stone4,3,6,3,0,1,1,1,1,1,45,90,-155,0,0,0,0;
custom,cuboid,stone4,3,6,3,0,1,1,1,1,1,45,90,-65,0,0,0,0;
custom,cuboid,stone4,3,6,3,0,1,1,1,1,1,-45,90,-155,0,0,0,0;
custom,cuboid,stone4,3,6,3,0,1,1,1,1,1,-45,90,-65,0,0,0,0;
racing,killCuboid,6,6,3,45,90,-110,0,1,0,1;
racing,killCuboid,6,6,3,0,90,-65,0,0,0,0;
racing,checkpointCuboid,3,3,3,-45,85,-110,0,1,0,1;
racing,checkpointCuboid,3,3,3,-45,85,-110,0.414,1,0.414,1;


racing,killCuboid,3,6,70,-410,90,-65,0,1,0,1;
racing,killCuboid,3,6,54,-745,90,-320,0,0,0,0;
racing,killCuboid,2,6,15,-685,90,-580,0,1,0,1;
racing,killCuboid,3,6,49.5,-307.5,90,-155,0,1,0,1;
racing,killCuboid,2,6,33,-605,90,-365,0,0,0,0;
racing,killCylinder,12,3,12,-555,90,-200,0,0,0,0;

racing,killCuboid,3,1,6,-75,115,-110,0,0,0,0;
racing,killCuboid,3,1,6,-105,110,-110,0,0,0,0;
racing,killCuboid,3,1,6,-135,105,-110,0,0,0,0;
racing,killCuboid,3,1,6,-165,100,-110,0,0,0,0;
racing,killCuboid,3,1,6,-195,95,-110,0,0,0,0;
racing,killCuboid,3,1,6,-225,90,-110,0,0,0,0;
racing,killCuboid,3,1,6,-255,85,-110,0,0,0,0;
racing,killCuboid,3,1,6,-285,80,-110,0,0,0,0;
racing,killCuboid,3,1,6,-315,75,-110,0,0,0,0;
racing,killCuboid,3,1,6,-345,70,-110,0,0,0,0;
racing,killCuboid,3,1,6,-375,65,-110,0,0,0,0;
racing,killCuboid,3,0.5,6,-405,62.5,-110,0,0,0,0;

racing,killCuboid,49,0.25,82,-350,120,-385,0,1,0,1;
racing,killCuboid,9,0.25,34,-590,120,-95,0,1,0,1;


custom,killCuboid,stone4,48.5,0.05,81.5,1,0,1,0,16.0,32.0,-350,120,-385,0,1,0,1;
custom,killCuboid,stone4,8.5,0.05,33.5,1,0,1,0,4.0,8.0,-590,120,-95,0,1,0,1;














































custom,cuboid,stone4,12,0.25,12,1,0,1,0,2,2,0,121.25,-110,0,0,0,0;

custom,cylinder,stone4,0.6,3,0.6,1,0,1,0,1,1,-175,150,-320,0,0,0,0;
custom,cylinder,stone4,0.6,3,0.6,1,0,1,0,1,1,-75,150,-220,0,0,0,0;
custom,cylinder,stone4,0.6,3,0.6,1,0,1,0,1,1,-25,150,-370,0,0,0,0;
custom,cylinder,stone4,0.6,3,0.6,1,0,1,0,1,1,-325,150,-420,0,0,0,0;
custom,cylinder,stone4,0.6,3,0.6,1,0,1,0,1,1,-525,150,-495,0,0,0,0;
custom,cylinder,stone4,0.6,3,0.6,1,0,1,0,1,1,-125,150,-470,0,0,0,0;
custom,cylinder,stone4,0.6,3,0.6,1,0,1,0,1,1,-275,150,-545,0,0,0,0;

custom,cylinder,stone4,0.6,3,0.6,1,0,1,0,1,1,-555,150,-200,0,0,0,0;


custom,cuboid,stone4,3,6,3,0,1,1,1,1,1,45,150,-155,0,0,0,0;
custom,cuboid,stone4,3,6,3,0,1,1,1,1,1,45,150,-65,0,0,0,0;
custom,cuboid,stone4,3,6,3,0,1,1,1,1,1,-45,150,-155,0,0,0,0;
custom,cuboid,stone4,3,6,3,0,1,1,1,1,1,-45,150,-65,0,0,0,0;
racing,killCuboid,6,6,3,45,150,-110,0,1,0,1;
racing,killCuboid,6,6,3,0,150,-65,0,0,0,0;
racing,checkpointCuboid,3,3,3,-45,145,-110,0.414,1,0.414,1;
racing,checkpointCuboid,3,3,3,-45,145,-110,0,1,0,1;


racing,killCuboid,3,6,70,-410,150,-65,0,1,0,1;
racing,killCuboid,3,6,54,-745,150,-320,0,0,0,0;
racing,killCuboid,2,6,15,-685,150,-580,0,1,0,1;
racing,killCuboid,3,6,49.5,-307.5,150,-155,0,1,0,1;
racing,killCuboid,2,6,33,-605,150,-365,0,0,0,0;
racing,killCylinder,12,3,12,-555,150,-200,0,0,0,0;

racing,killCuboid,3,1,6,-75,175,-110,0,0,0,0;
racing,killCuboid,3,1,6,-105,170,-110,0,0,0,0;
racing,killCuboid,3,1,6,-135,165,-110,0,0,0,0;
racing,killCuboid,3,1,6,-165,160,-110,0,0,0,0;
racing,killCuboid,3,1,6,-195,155,-110,0,0,0,0;
racing,killCuboid,3,1,6,-225,150,-110,0,0,0,0;
racing,killCuboid,3,1,6,-255,145,-110,0,0,0,0;
racing,killCuboid,3,1,6,-285,140,-110,0,0,0,0;
racing,killCuboid,3,1,6,-315,135,-110,0,0,0,0;
racing,killCuboid,3,1,6,-345,130,-110,0,0,0,0;
racing,killCuboid,3,1,6,-375,125,-110,0,0,0,0;
racing,killCuboid,3,0.5,6,-405,122.5,-110,0,0,0,0;

racing,killCuboid,49,0.25,82,-350,180,-385,0,1,0,1;
racing,killCuboid,9,0.25,34,-590,180,-95,0,1,0,1;


custom,killCuboid,stone4,48.5,0.05,81.5,1,0,0,1,16.0,32.0,-350,180,-385,0,1,0,1;
custom,killCuboid,stone4,8.5,0.05,33.5,1,0,0,1,4.0,8.0,-590,180,-95,0,1,0,1;





























custom,cuboid,stone4,12,0.25,12,1,0,0,1,2,2,0,181.25,-110,0,0,0,0;

custom,cylinder,ice1,0.25,3,0.25,1,0,0,1,1,1,-175,210,-320,0,0,0,0;
custom,cylinder,ice1,0.25,3,0.25,1,0,0,1,1,1,-75,210,-220,0,0,0,0;
custom,cylinder,ice1,0.25,3,0.25,1,0,0,1,1,1,-25,210,-370,0,0,0,0;
custom,cylinder,ice1,0.25,3,0.25,1,0,0,1,1,1,-325,210,-420,0,0,0,0;
custom,cylinder,ice1,0.25,3,0.25,1,0,0,1,1,1,-525,210,-495,0,0,0,0;
custom,cylinder,ice1,0.25,3,0.25,1,0,0,1,1,1,-125,210,-470,0,0,0,0;
custom,cylinder,ice1,0.25,3,0.25,1,0,0,1,1,1,-275,210,-545,0,0,0,0;

custom,cylinder,ice1,0.25,3,0.25,1,0,0,1,1,1,-555,210,-200,0,0,0,0;


custom,cuboid,stone4,3,6,3,0,1,1,1,1,1,45,210,-155,0,0,0,0;
custom,cuboid,stone4,3,6,3,0,1,1,1,1,1,45,210,-65,0,0,0,0;
custom,cuboid,stone4,3,6,3,0,1,1,1,1,1,-45,210,-155,0,0,0,0;
custom,cuboid,stone4,3,6,3,0,1,1,1,1,1,-45,210,-65,0,0,0,0;
racing,killCuboid,6,6,3,45,210,-110,0,1,0,1;
racing,killCuboid,6,6,3,0,210,-65,0,0,0,0;
racing,checkpointCuboid,3,3,3,-45,205,-110,0.414,1,0.414,1;
racing,checkpointCuboid,3,3,3,-45,205,-110,0,1,0,1;


racing,killCuboid,3,6,70,-410,210,-65,0,1,0,1;
racing,killCuboid,3,6,54,-745,210,-320,0,0,0,0;
racing,killCuboid,2,6,15,-685,210,-580,0,1,0,1;
racing,killCuboid,3,6,49.5,-307.5,210,-155,0,1,0,1;
racing,killCuboid,2,6,33,-605,210,-365,0,0,0,0;
racing,killCylinder,12,3,12,-555,210,-200,0,0,0,0;

racing,killCuboid,3,1,6,-75,235,-110,0,0,0,0;
racing,killCuboid,3,1,6,-105,230,-110,0,0,0,0;
racing,killCuboid,3,1,6,-135,225,-110,0,0,0,0;
racing,killCuboid,3,1,6,-165,220,-110,0,0,0,0;
racing,killCuboid,3,1,6,-195,215,-110,0,0,0,0;
racing,killCuboid,3,1,6,-225,210,-110,0,0,0,0;
racing,killCuboid,3,1,6,-255,205,-110,0,0,0,0;
racing,killCuboid,3,1,6,-285,200,-110,0,0,0,0;
racing,killCuboid,3,1,6,-315,195,-110,0,0,0,0;
racing,killCuboid,3,1,6,-345,190,-110,0,0,0,0;
racing,killCuboid,3,1,6,-375,185,-110,0,0,0,0;
racing,killCuboid,3,0.5,6,-405,182.5,-110,0,0,0,0;

racing,killCuboid,49,0.25,82,-350,240,-385,0,1,0,1;
racing,killCuboid,9,0.25,34,-590,240,-95,0,1,0,1;


custom,endCuboid,default,48.5,0.15,81.5,1,1,1,1,1,1,-350,240,-385,0,1,0,1;
custom,endCuboid,default,8.5,0.15,33.5,1,1,1,1,1,1,-590,240,-95,0,1,0,1;


















racing,killCylinder,1.500,12,1.500,-310.472,120,-510.943,0,0,0,0;
racing,killCylinder,1.5,12,1.5,-295.893,120,-514.446,0,0,0,0;
racing,killCylinder,1.5,12,1.5,-281.383,120,-518.235,0,0,0,0;
racing,killCylinder,1.5,12,1.5,-355.016,120,-506.384,0,0,0,0;
racing,killCylinder,1.5,12,1.5,-340.048,120,-506.132,0,0,0,0;
racing,killCylinder,1.5,12,1.5,-325.176,120,-508.008,0,0,0,0;
racing,killCylinder,1.5,12,1.5,-223.068,120,-532.17,0,0,0,0;
racing,killCylinder,1.5,12,1.5,-208.176,120,-533.872,0,0,0,0;
racing,killCylinder,1.5,12,1.5,-193.225,120,-533.244,0,0,0,0;
racing,killCylinder,1.5,12,1.5,-266.894,120,-522.106,0,0,0,0;
racing,killCylinder,1.5,12,1.5,-252.381,120,-525.872,0,0,0,0;
racing,killCylinder,1.5,12,1.5,-237.789,120,-529.327,0,0,0,0;
racing,killCylinder,1.5,12,1.5,-406.81,120,-614.225,0,0,0,0;
racing,killCylinder,1.5,12,1.5,-393.154,120,-608.166,0,0,0,0;
racing,killCylinder,1.5,12,1.5,-382.509,120,-597.75,0,0,0,0;
racing,killCylinder,1.5,12,1.5,-451.484,120,-616.45,0,0,0,0;
racing,killCylinder,1.5,12,1.5,-436.522,120,-617.392,0,0,0,0;
racing,killCylinder,1.5,12,1.5,-421.543,120,-616.904,0,0,0,0;
racing,killCylinder,1.5,12,1.5,-376.813,120,-539.231,0,0,0,0;
racing,killCylinder,1.5,12,1.5,-376.145,120,-524.282,0,0,0,0;
racing,killCylinder,1.5,12,1.5,-368.908,120,-511.556,0,0,0,0;
racing,killCylinder,1.5,12,1.5,-376.647,120,-584.033,0,0,0,0;
racing,killCylinder,1.5,12,1.5,-374.992,120,-569.161,0,0,0,0;
racing,killCylinder,1.5,12,1.5,-375.743,120,-554.188,0,0,0,0;
racing,killCylinder,1.5,12,1.5,-70.335,120,-410.206,0,0,0,0;
racing,killCylinder,1.5,12,1.5,-70.04,120,-395.257,0,0,0,0;
racing,killCylinder,1.5,12,1.5,-72.067,120,-380.402,0,0,0,0;
racing,killCylinder,1.5,12,1.5,-107.77,120,-423.494,0,0,0,0;
racing,killCylinder,1.5,12,1.5,-92.85,120,-424.878,0,0,0,0;
racing,killCylinder,1.5,12,1.5,-78.226,120,-422.285,0,0,0,0;
racing,killCylinder,1.5,12,1.5,-75.822,120,-321.352,0,0,0,0;
racing,killCylinder,1.5,12,1.5,-63.823,120,-313.176,0,0,0,0;
racing,killCylinder,1.5,12,1.5,-48.903,120,-312.236,0,0,0,0;
racing,killCylinder,1.5,12,1.5,-74.763,120,-365.651,0,0,0,0;
racing,killCylinder,1.5,12,1.5,-77.278,120,-350.868,0,0,0,0;
racing,killCylinder,1.5,12,1.5,-78.576,120,-335.94,0,0,0,0;
racing,killCylinder,1.5,12,1.5,-175.504,120,-484.062,0,0,0,0;
racing,killCylinder,1.5,12,1.5,-178.065,120,-469.286,0,0,0,0;
racing,killCylinder,1.5,12,1.5,-180.412,120,-454.477,0,0,0,0;
racing,killCylinder,1.5,12,1.5,-179.728,120,-527.209,0,0,0,0;
racing,killCylinder,1.5,12,1.5,-173.545,120,-513.889,0,0,0,0;
racing,killCylinder,1.5,12,1.5,-173.527,120,-498.923,0,0,0,0;
racing,killCylinder,1.5,12,1.5,-152.142,120,-416.176,0,0,0,0;
racing,killCylinder,1.5,12,1.5,-137.288,120,-418.198,0,0,0,0;
racing,killCylinder,1.5,12,1.5,-122.543,120,-420.924,0,0,0,0;
racing,killCylinder,1.5,12,1.5,-181.549,120,-439.535,0,0,0,0;
racing,killCylinder,1.5,12,1.5,-178.862,120,-424.91,0,0,0,0;
racing,killCylinder,1.5,12,1.5,-167.084,120,-416.595,0,0,0,0;
racing,killCylinder,1.5,12,1.5,-582.248,120,-583.989,0,0,0,0;
racing,killCylinder,1.5,12,1.5,-567.957,120,-588.531,0,0,0,0;
racing,killCylinder,1.5,12,1.5,-553.632,120,-592.964,0,0,0,0;
racing,killCylinder,1.5,12,1.5,34.66,120,-177.18,0,0,0,0;
racing,killCylinder,1.5,12,1.5,-610.761,120,-574.697,0,0,0,0;
racing,killCylinder,1.5,12,1.5,-596.513,120,-579.368,0,0,0,0;
racing,killCylinder,1.5,12,1.5,-495.777,120,-608.752,0,0,0,0;
racing,killCylinder,1.5,12,1.5,-481.117,120,-611.901,0,0,0,0;
racing,killCylinder,1.5,12,1.5,-466.354,120,-614.527,0,0,0,0;
racing,killCylinder,1.5,12,1.5,-539.262,120,-597.25,0,0,0,0;
racing,killCylinder,1.5,12,1.5,-524.838,120,-601.348,0,0,0,0;
racing,killCylinder,1.5,12,1.5,-510.347,120,-605.204,0,0,0,0;
racing,killCylinder,1.35,12,1.35,-30.775,120,-176.491,0,0,0,0;
racing,killCylinder,1.5,12,1.5,-33.994,120,-313.787,0,0,0,0;
racing,killCylinder,1.35,12,1.35,-147.271,120,-374.825,0,0,0,0;
racing,killCylinder,1.35,12,1.35,-133.888,120,-374.298,0,0,0,0;
racing,killCylinder,1.35,12,1.35,-122.929,120,-367.294,0,0,0,0;
racing,killCylinder,1.35,12,1.35,-187.024,120,-368.339,0,0,0,0;
racing,killCylinder,1.35,12,1.35,-173.817,120,-370.798,0,0,0,0;
racing,killCylinder,1.35,12,1.35,-160.598,120,-373.183,0,0,0,0;
racing,killCylinder,1.35,12,1.35,-125.464,120,-314.471,0,0,0,0;
racing,killCylinder,1.35,12,1.35,-127.738,120,-301.233,0,0,0,0;
racing,killCylinder,1.35,12,1.35,-129.034,120,-287.87,0,0,0,0;
racing,killCylinder,1.35,12,1.35,-119.992,120,-354.327,0,0,0,0;
racing,killCylinder,1.35,12,1.35,-120.848,120,-340.933,0,0,0,0;
racing,killCylinder,1.35,12,1.35,-122.972,120,-327.672,0,0,0,0;
racing,killCylinder,1.35,12,1.35,-223.454,120,-449.577,0,0,0,0;
racing,killCylinder,1.35,12,1.35,-225.14,120,-436.253,0,0,0,0;
racing,killCylinder,1.35,12,1.35,-227.404,120,-423.013,0,0,0,0;
racing,killCylinder,1.35,12,1.35,-239.364,120,-482.26,0,0,0,0;
racing,killCylinder,1.35,12,1.35,-228.069,120,-475.388,0,0,0,0;
racing,killCylinder,1.35,12,1.35,-223.421,120,-462.989,0,0,0,0;
racing,killCylinder,1.35,12,1.35,-226.012,120,-370.895,0,0,0,0;
racing,killCylinder,1.35,12,1.35,-213.725,120,-366.141,0,0,0,0;
racing,killCylinder,1.35,12,1.35,-200.316,120,-366.419,0,0,0,0;
racing,killCylinder,1.35,12,1.35,-229.653,120,-409.77,0,0,0,0;
racing,killCylinder,1.35,12,1.35,-231.285,120,-396.44,0,0,0,0;
racing,killCylinder,1.35,12,1.35,-231.169,120,-383.031,0,0,0,0;
racing,killCylinder,1.35,12,1.35,-21.549,120,-182.982,0,0,0,0;
racing,killCylinder,1.35,12,1.35,-12.721,120,-222.286,0,0,0,0;
racing,killCylinder,1.35,12,1.35,-15.213,120,-209.088,0,0,0,0;
racing,killCylinder,1.35,12,1.35,-18.233,120,-195.999,0,0,0,0;
racing,killCylinder,1.35,12,1.35,-91.772,120,-264.382,0,0,0,0;
racing,killCylinder,1.35,12,1.35,-78.495,120,-266.412,0,0,0,0;
racing,killCylinder,1.35,12,1.35,-65.264,120,-268.733,0,0,0,0;
racing,killCylinder,1.35,12,1.35,-127.468,120,-274.602,0,0,0,0;
racing,killCylinder,1.35,12,1.35,-118.378,120,-265.356,0,0,0,0;
racing,killCylinder,1.35,12,1.35,-105.161,120,-263.405,0,0,0,0;
racing,killCylinder,1.35,12,1.35,-15.177,120,-261.803,0,0,0,0;
racing,killCylinder,1.35,12,1.35,-11.32,120,-249.037,0,0,0,0;
racing,killCylinder,1.35,12,1.35,-11.153,120,-235.623,0,0,0,0;
racing,killCylinder,1.35,12,1.35,-51.991,120,-270.792,0,0,0,0;
racing,killCylinder,1.35,12,1.35,-38.607,120,-271.848,0,0,0,0;
racing,killCylinder,1.35,12,1.35,-25.351,120,-270.126,0,0,0,0;
racing,killCylinder,1.35,12,1.35,-599.413,120,-528.187,0,0,0,0;
racing,killCylinder,1.35,12,1.35,-586.598,120,-532.207,0,0,0,0;
racing,killCylinder,1.35,12,1.35,-573.752,120,-536.135,0,0,0,0;
racing,killCylinder,1.5,12,1.5,33.564,120,-198.742,0,0,0,0;
racing,killCylinder,1.5,12,1.5,29.32,120,-184.36,0,0,0,0;
racing,killCylinder,1.35,12,1.35,-612.211,120,-524.108,0,0,0,0;
racing,killCylinder,1.35,12,1.35,-521.863,120,-550.03,0,0,0,0;
racing,killCylinder,1.35,12,1.35,-508.7,120,-552.709,0,0,0,0;
racing,killCylinder,1.35,12,1.35,-495.438,120,-554.836,0,0,0,0;
racing,killCylinder,1.35,12,1.35,-560.868,120,-539.932,0,0,0,0;
racing,killCylinder,1.35,12,1.35,-547.933,120,-543.555,0,0,0,0;
racing,killCylinder,1.35,12,1.35,-534.936,120,-546.945,0,0,0,0;
racing,killCylinder,1.5,12,1.5,25.452,120,-319.926,0,0,0,0;
racing,killCylinder,1.5,12,1.5,39.012,120,-313.964,0,0,0,0;
racing,killCylinder,1.5,12,1.5,47.124,120,-301.566,0,0,0,0;
racing,killCylinder,1.5,12,1.5,-19.191,120,-316.177,0,0,0,0;
racing,killCylinder,1.5,12,1.5,-4.395,120,-318.615,0,0,0,0;
racing,killCylinder,1.5,12,1.5,10.496,120,-320.344,0,0,0,0;
racing,killCylinder,1.5,12,1.5,44.883,120,-242.273,0,0,0,0;
racing,killCylinder,1.5,12,1.5,41.467,120,-227.672,0,0,0,0;
racing,killCylinder,1.5,12,1.5,37.648,120,-213.171,0,0,0,0;
racing,killCylinder,1.5,12,1.5,49.805,120,-286.86,0,0,0,0;
racing,killCylinder,1.5,12,1.5,49.543,120,-271.878,0,0,0,0;
racing,killCylinder,1.5,12,1.5,47.689,120,-257.002,0,0,0,0;
racing,killCylinder,1.35,12,1.35,-357.483,120,-461.257,0,0,0,0;
racing,killCylinder,1.35,12,1.35,-344.44,120,-464.47,0,0,0,0;
racing,killCylinder,1.35,12,1.35,-331.451,120,-467.894,0,0,0,0;
racing,killCylinder,1.35,12,1.35,-397.272,120,-455.463,0,0,0,0;
racing,killCylinder,1.35,12,1.35,-383.88,120,-456.327,0,0,0,0;
racing,killCylinder,1.35,12,1.35,-370.617,120,-458.444,0,0,0,0;
racing,killCylinder,1.35,12,1.35,-279.316,120,-480.846,0,0,0,0;
racing,killCylinder,1.35,12,1.35,-266.055,120,-482.974,0,0,0,0;
racing,killCylinder,1.35,12,1.35,-252.66,120,-483.861,0,0,0,0;
racing,killCylinder,1.35,12,1.35,-318.479,120,-471.384,0,0,0,0;
racing,killCylinder,1.35,12,1.35,-305.49,120,-474.809,0,0,0,0;
racing,killCylinder,1.35,12,1.35,-292.449,120,-478.026,0,0,0,0;
racing,killCylinder,1.35,12,1.35,-442.669,120,-550.499,0,0,0,0;
racing,killCylinder,1.35,12,1.35,-432.368,120,-542.032,0,0,0,0;
racing,killCylinder,1.35,12,1.35,-426.532,120,-530.037,0,0,0,0;
racing,killCylinder,1.35,12,1.35,-482.076,120,-556.192,0,0,0,0;
racing,killCylinder,1.35,12,1.35,-468.651,120,-556.415,0,0,0,0;
racing,killCylinder,1.35,12,1.35,-455.321,120,-554.878,0,0,0,0;
racing,killCylinder,1.35,12,1.35,-426.354,120,-476.51,0,0,0,0;
racing,killCylinder,1.35,12,1.35,-421.801,120,-464.072,0,0,0,0;
racing,killCylinder,1.35,12,1.35,-410.563,120,-457.111,0,0,0,0;
racing,killCylinder,1.35,12,1.35,-424.902,120,-516.74,0,0,0,0;
racing,killCylinder,1.35,12,1.35,-425.508,120,-503.325,0,0,0,0;
racing,killCylinder,1.35,12,1.35,-426.492,120,-489.928,0,0,0,0;


racing,killCuboid,1,1,6,-55,307.5,-110,0,0,0,0;
racing,killCuboid,3,1,6,-75,305,-110,0,0,0,0;
racing,killCuboid,3,1,6,-105,300,-110,0,0,0,0;
racing,killCuboid,3,1,6,-135,295,-110,0,0,0,0;
racing,killCuboid,3,1,6,-165,290,-110,0,0,0,0;
racing,killCuboid,3,1,6,-195,285,-110,0,0,0,0;
racing,killCuboid,3,1,6,-225,280,-110,0,0,0,0;
racing,killCuboid,3,1,6,-255,275,-110,0,0,0,0;
racing,killCuboid,3,1,6,-285,270,-110,0,0,0,0;
racing,killCuboid,3,1,6,-315,265,-110,0,0,0,0;
racing,killCuboid,3,1,6,-345,260,-110,0,0,0,0;
racing,killCuboid,3,1,6,-375,255,-110,0,0,0,0;
racing,killCuboid,3,1,6,-405,250,-110,0,0,0,0;
racing,killCuboid,3,1,6,-435,245,-110,0,0,0,0;


custom,cylinder,ice1,0.1,3,0.1,0,1,1,1,1.0,1.0,-50,272.5,-80,0,0,0,0;
custom,cylinder,ice1,0.1,3,0.1,0,1,1,1,1.0,1.0,-60,272.5,-80,0,0,0,0;

custom,cylinder,ice1,0.1,3,0.1,0,1,1,1,1.0,1.0,-50,272.5,-140,0,0,0,0;
custom,cylinder,ice1,0.1,3,0.1,0,1,1,1,1.0,1.0,-60,272.5,-140,0,0,0,0;



custom,cylinder,ice1,0.1,3.0,0.1,0,1,1,1,1.0,1.0,-50,302.5,-110,1,0,0,1;
custom,cylinder,ice1,0.1,3.0,0.1,0,1,1,1,1.0,1.0,-60,302.5,-110,1,0,0,1;
custom,cylinder,ice1,0.1,3.0,0.1,0,1,1,1,1.0,1.0,-50,242.5,-110,1,0,0,1;
custom,cylinder,ice1,0.1,3.0,0.1,0,1,1,1,1.0,1.0,-60,242.5,-110,1,0,0,1;

custom,cylinder,ice1,0.1,0.55,0.1,0,1,1,1,1.0,1.0,-55,242.5,-80,0,0,1,1;
custom,cylinder,ice1,0.1,0.55,0.1,0,1,1,1,1.0,1.0,-55,242.5,-140,0,0,1,1;
custom,cylinder,ice1,0.1,0.55,0.1,0,1,1,1,1.0,1.0,-55,302.5,-80,0,0,1,1;
custom,cylinder,ice1,0.1,0.55,0.1,0,1,1,1,1.0,1.0,-55,302.5,-140,0,0,1,1;


misc,barrier,100,1,200,560,237.5,-300,0,0,0,0;
misc,barrier,100,1,200,-1260,237.5,-300,0,0,0,0;

misc,barrier,82,1,75,-350,237.5,325,0,0,0,0;
misc,barrier,82,1,67,-350,237.5,-965,0,0,0,0;


custom,cuboid,stone4,3,6,60,0,1,1,1,16,1,45,30,250,0,0,0,0;
custom,cuboid,stone4,3,6,60,0,1,1,1,16,1,-45,30,250,0,0,0,0;
misc,barrier,12,1,60,0,65,250,0,0,0,0;


custom,cuboid,stone4,3,6,7,0,1,1,1,2,1,35,30.1,540,0,1,0,0.414;
custom,cuboid,stone4,3,6,7,0,1,1,1,2,1,-35,30.1,540,0,1,0,-0.414;

custom,cuboid,stone4,3.5,2,3.5,0,1,1,1,2,1,0,10,530,0,-0.414,0,1;
custom,cuboid,stone4,3,6,3,0,1,1,1,2,1,0,30,555,0,-0.414,0,1;
custom,cuboid,empty,3.45,2,3.45,1,1,0.5,1,2,1,0,10.1,530,0,-0.414,0,1;
custom,cuboid,stone4,2.5,1,2.5,0,1,1,1,2,1,0,5,510,0,-0.414,0,1;


custom,dummy1,default,1.5,1.5,1.5,0,1,1,1,2,1,1,0,-43,0,0,0,-1;
racing,killCuboid,1.5,0.25,0.25,1,48,-39,0,0,0,0;

custom,sphere,rock1,0.75,1,0.75,0,1,1,1,2,1,1,247,-49.5,0.05,0,0,1;



custom,statue1,default,0.75,0.75,0.75,0,1,1,1,2,1,36,57.75,500,0,1,0,-1;
custom,statue1,default,0.75,0.75,0.75,0,1,1,1,2,1,36,57.75,300,0,1,0,-1;
custom,statue1,default,0.75,0.75,0.75,0,1,1,1,2,1,36,57.75,200,0,1,0,-1;
custom,statue1,default,0.75,0.75,0.75,0,1,1,1,2,1,36,57.75,100,0,1,0,-1;
custom,statue1,default,0.75,0.75,0.75,0,1,1,1,2,1,36,57.75,0,0,1,0,-1;

custom,statue1,default,0.75,0.75,-0.75,0,1,1,1,2,1,-36,57.75,500,0,1,0,-1;
custom,statue1,default,0.75,0.75,-0.75,0,1,1,1,2,1,-36,57.75,400,0,1,0,-1;
custom,statue1,default,0.75,0.75,-0.75,0,1,1,1,2,1,-36,57.75,300,0,1,0,-1;
custom,statue1,default,0.75,0.75,-0.75,0,1,1,1,2,1,-36,57.75,200,0,1,0,-1;
custom,statue1,default,0.75,0.75,-0.75,0,1,1,1,2,1,-36,57.75,100,0,1,0,-1;
custom,statue1,default,0.75,0.75,-0.75,0,1,1,1,2,1,-36,57.75,0,0,1,0,-1;


custom,statue1,default,1.25,1.25,1.25,0,1,1,1,2,1,0,58.5,556,0,-1,0,0;
custom,statue1,default,-1.25,1.25,1.25,0,1,1,1,2,1,0,58.5,556,0,-1,0,0;

custom,statue1,default,0.75,0.75,0.75,0,1,1,1,2,1,1,239.5,-64.3,0,0,0,-1;


misc,barrier,1,25,282,-350,117.5,705,0,1,0,-1;
misc,barrier,1,25,282,-350,117.5,-1305,0,1,0,-1;


misc,barrier,1,25,202,1065,117.5,-300,0,0,0,0;
misc,barrier,1,25,202,-1765,117.5,-300,0,0,0,0;

racing,checkpointCylinder,0.1,61.2,0.1,0,20.5,505.25,-0.677,0,0,1;




