custom,cuboid,wood2,2,7,20,0,1,1,1,1.0,1.0,-32.27075,10.49724,68.90358,0,4.300277E-05,0,1;
custom,cuboid,wood2,2,7,20,0,1,1,1,1.0,1.0,22.94422,16.2994,84.05086,0,0.02840934,0,0.9995964;
custom,cuboid,wood2,2,7,20,0,1,1,1,1.0,1.0,-126.5387,12.62809,193.8743,0.001326058,0.5884141,-0.001134782,-0.8085579;
custom,cuboid,wood2,2,7,20,0,1,1,1,1.0,1.0,-65.30809,17.1223,227.6881,0,0.5518491,0,-0.833944;
custom,cuboid,wood2,2,7,20,0,1,1,1,1.0,1.0,-221.3745,14.34346,315.7949,0,0.004501918,0,0.9999899;
custom,cuboid,wood2,2,7,20,0,1,1,1,1.0,1.0,-121.4981,17.15875,345.6907,0,0.07830669,0,-0.9969293;
custom,cuboid,wood2,2,7,20,0,1,1,1,1.0,1.0,-160.0432,15.11144,479.8463,0,0.3804101,0,0.9248179;
custom,cuboid,wood2,2,7,20,0,1,1,1,1.0,1.0,-61.95034,16.32486,383.6379,0,0.9054605,0,0.4244304;
custom,cuboid,wood2,2,7,20,0,1,1,1,1.0,1.0,-41.53239,15.12038,459.8181,0,0.970866,0,0.2396234;
custom,cuboid,wood2,2,7,20,0,1,1,1,1.0,1.0,97.34112,14.08788,378.7829,0,0.7010543,0,0.7131079;
custom,cuboid,wood2,2,7,20,0,1,1,1,1.0,1.0,108.9559,15.64504,330.1655,0,0.6595006,0,0.751704;
custom,cuboid,wood2,2,7,20,0,1,1,1,1.0,1.0,274.0278,15.82993,434.7943,0,0.4696639,0,0.8828453;
custom,cuboid,wood2,2,7,20,0,1,1,1,1.0,1.0,331.4838,17.36716,578.805,0,0.09342465,0,-0.9956264;
custom,cuboid,wood2,2,7,20,0,1,1,1,1.0,1.0,253.0706,16.39869,744.3481,0,0.3479084,0,-0.9375286;
custom,cuboid,wood2,2,7,20,0,1,1,1,1.0,1.0,106.2474,18.19063,782.5974,0,0.820232,0,-0.572031;
custom,cuboid,wood2,2,7,20,0,1,1,1,1.0,1.0,-54.62759,16.99995,699.5743,0,0.8786696,0,-0.4774305;
custom,cuboid,wood2,2,7,20,0,1,1,1,1.0,1.0,-169.9808,17.69702,556.5453,0,0.9819737,0,-0.1890176;
custom,cuboid,wood2,2,7,20,0,1,1,1,1.0,1.0,-237.0473,17.22086,391.2134,0,0.9802738,0,-0.1976446;
custom,cuboid,wood2,2,7,20,0,1,1,1,1.0,1.0,-307.2946,28.86997,450.9355,0,0.9999818,0,0.006039062;
custom,cuboid,wood2,2,7,20,0,1,1,1,1.0,1.0,-366.1982,17.37911,304.9266,0,0.6799989,0,-0.7332131;
custom,cuboid,wood2,2,7,20,0,1,1,1,1.0,1.0,-401.0712,27.00566,366.6932,0,0.6767898,0,-0.7361764;
custom,cuboid,wood2,2,7,20,0,1,1,1,1.0,1.0,-260.3877,28.69529,606.3497,0,0.2887463,0,0.9574057;
custom,cuboid,wood2,2,7,20,0,1,1,1,1.0,1.0,-145.0155,29.08888,754.6342,0,0.3466606,0,0.9379906;
custom,cuboid,wood2,2,7,20,0,1,1,1,1.0,1.0,5.766357,29.34592,866.3457,0,0.5359526,0,0.8442481;
custom,cuboid,wood2,2,7,20,0,1,1,1,1.0,1.0,185.4545,30.4754,874.0842,0,0.8244636,0,0.565915;
custom,cuboid,wood2,2,7,20,0,1,1,1,1.0,1.0,335.2569,30.8418,760.0666,0,0.9471235,0,0.3208691;
custom,cuboid,wood2,2,7,20,0,1,1,1,1.0,1.0,421.0643,31.31657,595.8328,0,0.9881212,0,0.153677;
custom,cuboid,wood2,2,7,20,0,1,1,1,1.0,1.0,384.6711,29.84871,420.3204,0,0.9386901,0,-0.3447623;
custom,cuboid,wood2,2,7,20,0,1,1,1,1.0,1.0,221.1885,17.98214,330.4074,0,0.7613157,0,-0.6483814;
custom,cuboid,wood2,2,7,20,0,1,1,1,1.0,1.0,-423.6274,23.19714,283.0551,0,0.4547578,0,-0.8906152;
custom,cuboid,wood2,2,7,20,0,1,1,1,1.0,1.0,-526.3082,26.6924,354.801,0,0.9095754,0,-0.415539;
custom,cuboid,wood2,2,7,20,0,1,1,1,1.0,1.0,-537.954,26.35607,316.4904,0,0.9258986,0,0.3777722;
custom,cuboid,wood2,2,7,20,0,1,1,1,1.0,1.0,-607.4302,32.4197,250.7151,0,0.8184487,0,0.5745798;
custom,cuboid,wood2,2,7,20,0,1,1,1,1.0,1.0,-434.6211,32.36173,216.9943,0,0.7093248,0,0.7048818;
custom,cuboid,wood2,2,7,20,0,1,1,1,1.0,1.0,-697.4654,26.60329,313.0555,0,0.6586046,0,-0.7524892;
custom,cuboid,wood2,2,7,20,0,1,1,1,1.0,1.0,-743.8801,26.14201,248.6748,0,0.9546726,0,0.2976579;
custom,cuboid,wood2,2,7,20,0,1,1,1,1.0,1.0,-671.1781,25.07231,209.3346,0,0.8632499,0,0.5047768;
custom,cuboid,wood2,2,7,20,0,1,1,1,1.0,1.0,-493.8989,22.97768,147.5896,0,0.7610759,0,0.6486629;
custom,cuboid,wood2,2,7,20,0,1,1,1,1.0,1.0,-358.974,22.49472,161.372,0,0.4065036,0,0.9136492;
custom,cuboid,wood2,2,7,20,0,1,1,1,1.0,1.0,-290.8649,20.85839,154.628,0,0.9989985,0,-0.04474425;
custom,cuboid,wood2,2,7,20,0,1,1,1,1.0,1.0,-204.737,20.75048,169.9557,0,0.864415,0,0.5027789;
custom,cuboid,wood2,2,7,20,0,1,1,1,1.0,1.0,-111.6591,20.60142,27.03908,0,0.9983334,0,0.05770952;
custom,cuboid,wood2,2,7,20,0,1,1,1,1.0,1.0,-89.90897,21.69571,-169.532,0,0.999607,0,0.02803217;
custom,cuboid,wood2,2,7,20,0,1,1,1,1.0,1.0,-25.07121,8.726605,-124.0874,0,0.9995698,0,0.02933077;
custom,cuboid,wood2,2,7,20,0,1,1,1,1.0,1.0,-12.81966,7.588222,-318.8794,0,0.9996315,0,0.02714761;
custom,cuboid,wood2,2,7,20,0,1,1,1,1.0,1.0,61.82225,6.386868,-479.6559,0,0.9175485,0,0.3976239;
custom,cuboid,wood2,2,7,20,0,1,1,1,1.0,1.0,23.39362,16.63594,-111.6318,0,0.9999502,0,-0.009982822;
custom,cuboid,wood2,2,7,20,0,1,1,1,1.0,1.0,68.40095,13.02444,-294.3052,0,0.9751412,0,0.2215843;
custom,cuboid,wood2,2,7,20,0,1,1,1,1.0,1.0,151.4649,12.56603,-474.0177,0,0.9814551,0,0.191692;
custom,cuboid,wood2,2,7,20,0,1,1,1,1.0,1.0,117.0005,12.28815,-621.89,0,0.8933679,0,-0.449326;
custom,cuboid,wood2,2,7,20,0,1,1,1,1.0,1.0,-11.69137,9.250284,-608.2585,0,0.3427949,0,-0.9394103;
custom,cuboid,wood2,2,7,20,0,1,1,1,1.0,1.0,-58.18513,8.032219,-435.7942,0,0.04456891,0,0.9990063;
custom,cuboid,wood2,2,7,20,0,1,1,1,1.0,1.0,-76.93681,15.10298,-248.9429,0,0.1355871,0,-0.9907655;
custom,cuboid,wood2,2,7,20,0,1,1,1,1.0,1.0,43.94774,6.508458,-442.8622,0,0.05516937,0,-0.998477;
custom,tree1,rock3,2,1,2,0,1,1,1,1.0,1.0,93.04558,-113.1402,-441.3723,0,0.2677039,0,-0.9635013;
custom,tree1,rock3,2,1,2,0,1,1,1,1.0,1.0,-12.27268,-126.7136,-538.6533,0,0.3301218,0,-0.9439384;
custom,tree1,rock3,2,1,2,0,1,1,1,1.0,1.0,95.18182,-121.4592,-573.5323,0,0.5732241,0,0.8193986;
custom,tree1,rock3,2,1,2,0,1,1,1,1.0,1.0,-65.04417,-117.8015,5.171069,0,0.03095314,0,-0.9995208;
custom,tree1,rock3,2,1,2,0,1,1,1,1.0,1.0,-283.7381,-105.6513,239.1361,0,0.6038631,0,-0.7970881;
custom,tree1,rock3,2,1,2,0,1,1,1,1.0,1.0,-529.824,-92.72009,222.3242,0,0.8062715,0,0.5915457;
custom,tree1,rock3,2,1,2,0,1,1,1,1.0,1.0,-256.6859,-107.0344,564.9369,0,0.192684,0,0.9812609;
custom,tree1,rock3,2,1,2,0,1,1,1,1.0,1.0,1.866584,-110.1349,775.76,0,0.5129396,0,0.8584248;
custom,tree1,rock3,2,1,2,0,1,1,1,1.0,1.0,435.7934,-91.39017,504.4424,0,0.9905355,0,0.137257;
custom,tree1,rock3,2,1,2,0,1,1,1,1.0,1.0,-147.8494,-97.89346,316.621,0,0.279669,0,0.9600965;
custom,tree1,rock3,2,1,2,0,1,1,1,1.0,1.0,-207.4677,-121.1975,324.6958,0,0.0807955,0,-0.9967307;
custom,tree1,rock3,2,1,2,0,1,1,1,1.0,1.0,-175.9007,-114.5115,364.4054,0,0.03037704,0,0.9995385;
custom,tree1,rock3,2,1,2,0,1,1,1,1.0,1.0,-178.132,-125.9995,312.9566,0,0.09785683,0,0.9952005;
custom,tree1,rock3,2,1,2,0,1,1,1,1.0,1.0,-196.318,-95.1634,382.8724,0,0.9723938,0,-0.2333459;
custom,tree1,rock3,2,1,2,0,1,1,1,1.0,1.0,-148.378,-94.91079,404.689,0,0.9951754,0,0.09811193;
custom,log1,rock3,3,3,3,0,1,1,1,1.0,1.0,-7.41479,-57.17911,4.447453,0,0.00417151,0,-0.9999913;


racing,killCuboid,2.1,7.1,20.1,-32.27075,10.49724,68.90358,0,4.300277E-05,0,1;
racing,killCuboid,2.1,7.1,20.1,22.94422,16.2994,84.05086,0,0.02840934,0,0.9995964;
racing,killCuboid,2.1,7.1,20.1,-126.5387,12.62809,193.8743,0.001326058,0.5884141,-0.001134782,-0.8085579;
racing,killCuboid,2.1,7.1,20.1,-65.30809,17.1223,227.6881,0,0.5518491,0,-0.833944;
racing,killCuboid,2.1,7.1,20.1,-221.3745,14.34346,315.7949,0,0.004501918,0,0.9999899;
racing,killCuboid,2.1,7.1,20.1,-121.4981,17.15875,345.6907,0,0.07830669,0,-0.9969293;
racing,killCuboid,2.1,7.1,20.1,-160.0432,15.11144,479.8463,0,0.3804101,0,0.9248179;
racing,killCuboid,2.1,7.1,20.1,-61.95034,16.32486,383.6379,0,0.9054605,0,0.4244304;
racing,killCuboid,2.1,7.1,20.1,-41.53239,15.12038,459.8181,0,0.970866,0,0.2396234;
racing,killCuboid,2.1,7.1,20.1,97.34112,14.08788,378.7829,0,0.7010543,0,0.7131079;
racing,killCuboid,2.1,7.1,20.1,108.9559,15.64504,330.1655,0,0.6595006,0,0.751704;
racing,killCuboid,2.1,7.1,20.1,274.0278,15.82993,434.7943,0,0.4696639,0,0.8828453;
racing,killCuboid,2.1,7.1,20.1,331.4838,17.36716,578.805,0,0.09342465,0,-0.9956264;
racing,killCuboid,2.1,7.1,20.1,253.0706,16.39869,744.3481,0,0.3479084,0,-0.9375286;
racing,killCuboid,2.1,7.1,20.1,106.2474,18.19063,782.5974,0,0.820232,0,-0.572031;
racing,killCuboid,2.1,7.1,20.1,-54.62759,16.99995,699.5743,0,0.8786696,0,-0.4774305;
racing,killCuboid,2.1,7.1,20.1,-169.9808,17.69702,556.5453,0,0.9819737,0,-0.1890176;
racing,killCuboid,2.1,7.1,20.1,-237.0473,17.22086,391.2134,0,0.9802738,0,-0.1976446;
racing,killCuboid,2.1,7.1,20.1,-307.2946,28.86997,450.9355,0,0.9999818,0,0.006039062;
racing,killCuboid,2.1,7.1,20.1,-366.1982,17.37911,304.9266,0,0.6799989,0,-0.7332131;
racing,killCuboid,2.1,7.1,20.1,-401.0712,27.00566,366.6932,0,0.6767898,0,-0.7361764;
racing,killCuboid,2.1,7.1,20.1,-260.3877,28.69529,606.3497,0,0.2887463,0,0.9574057;
racing,killCuboid,2.1,7.1,20.1,-145.0155,29.08888,754.6342,0,0.3466606,0,0.9379906;
racing,killCuboid,2.1,7.1,20.1,5.766357,29.34592,866.3457,0,0.5359526,0,0.8442481;
racing,killCuboid,2.1,7.1,20.1,185.4545,30.4754,874.0842,0,0.8244636,0,0.565915;
racing,killCuboid,2.1,7.1,20.1,335.2569,30.8418,760.0666,0,0.9471235,0,0.3208691;
racing,killCuboid,2.1,7.1,20.1,421.0643,31.31657,595.8328,0,0.9881212,0,0.153677;
racing,killCuboid,2.1,7.1,20.1,384.6711,29.84871,420.3204,0,0.9386901,0,-0.3447623;
racing,killCuboid,2.1,7.1,20.1,221.1885,17.98214,330.4074,0,0.7613157,0,-0.6483814;
racing,killCuboid,2.1,7.1,20.1,-423.6274,23.19714,283.0551,0,0.4547578,0,-0.8906152;
racing,killCuboid,2.1,7.1,20.1,-526.3082,26.6924,354.801,0,0.9095754,0,-0.415539;
racing,killCuboid,2.1,7.1,20.1,-537.954,26.35607,316.4904,0,0.9258986,0,0.3777722;
racing,killCuboid,2.1,7.1,20.1,-607.4302,32.4197,250.7151,0,0.8184487,0,0.5745798;
racing,killCuboid,2.1,7.1,20.1,-434.6211,32.36173,216.9943,0,0.7093248,0,0.7048818;
racing,killCuboid,2.1,7.1,20.1,-697.4654,26.60329,313.0555,0,0.6586046,0,-0.7524892;
racing,killCuboid,2.1,7.1,20.1,-743.8801,26.14201,248.6748,0,0.9546726,0,0.2976579;
racing,killCuboid,2.1,7.1,20.1,-671.1781,25.07231,209.3346,0,0.8632499,0,0.5047768;
racing,killCuboid,2.1,7.1,20.1,-493.8989,22.97768,147.5896,0,0.7610759,0,0.6486629;
racing,killCuboid,2.1,7.1,20.1,-358.974,22.49472,161.372,0,0.4065036,0,0.9136492;
racing,killCuboid,2.1,7.1,20.1,-290.8649,20.85839,154.628,0,0.9989985,0,-0.04474425;
racing,killCuboid,2.1,7.1,20.1,-204.737,20.75048,169.9557,0,0.864415,0,0.5027789;
racing,killCuboid,2.1,7.1,20.1,-111.6591,20.60142,27.03908,0,0.9983334,0,0.05770952;
racing,killCuboid,2.1,7.1,20.1,-89.90897,21.69571,-169.532,0,0.999607,0,0.02803217;
racing,killCuboid,2.1,7.1,20.1,-25.07121,8.726605,-124.0874,0,0.9995698,0,0.02933077;
racing,killCuboid,2.1,7.1,20.1,-12.81966,7.588222,-318.8794,0,0.9996315,0,0.02714761;
racing,killCuboid,2.1,7.1,20.1,61.82225,6.386868,-479.6559,0,0.9175485,0,0.3976239;
racing,killCuboid,2.1,7.1,20.1,23.39362,16.63594,-111.6318,0,0.9999502,0,-0.009982822;
racing,killCuboid,2.1,7.1,20.1,68.40095,13.02444,-294.3052,0,0.9751412,0,0.2215843;
racing,killCuboid,2.1,7.1,20.1,151.4649,12.56603,-474.0177,0,0.9814551,0,0.191692;
racing,killCuboid,2.1,7.1,20.1,117.0005,12.28815,-621.89,0,0.8933679,0,-0.449326;
racing,killCuboid,2.1,7.1,20.1,-11.69137,9.250284,-608.2585,0,0.3427949,0,-0.9394103;
racing,killCuboid,2.1,7.1,20.1,-58.18513,8.032219,-435.7942,0,0.04456891,0,0.9990063;
racing,killCuboid,2.1,7.1,20.1,-76.93681,15.10298,-248.9429,0,0.1355871,0,-0.9907655;
racing,killCuboid,2.1,7.1,20.1,43.94774,6.508458,-442.8622,0,0.05516937,0,-0.998477;



racing,startCuboid,6,8,2,-4.337903,14.08984,113.0624,0,0.01329211,0,0.9999117;
racing,killCuboid,6,8,2,-6.016866,5.489852,4.821075,0,0.01329211,0,0.9999117;
misc,barrier,6,8,2,-7.835292,33.95161,0.6930473,0,0.0003455578,0,0.9999999;
racing,endCuboid,6,8,2,-8.24081,37.48771,-4.972528,0,0.001835973,0,-0.9999983;
custom,cuboid,stone10,200,2,200,0,1,1,1,64,64,-74.82249,53.1275,228.4096,0,0.08670365,0,-0.9962342;
custom,cuboid,stone7,200,2,200,0,1,1,1,64,64,7.827016,-9.702737,240.9341,0,0.04513748,0,-0.9989808;
racing,killCuboid,200,2,200,-203.9683,-7.452868,249.1054,0,0.1514419,0,-0.9884662;


spawnpoint,playerC,-13.03755,3.654091,23.01031,0,0.7014701,0,0.7126989;
spawnpoint,playerM,-12.81763,3.49711,22.4137,0,0.7014703,0,0.7126987;
spawnpoint,titan,18.40579,5.445766,-280.2155,0,0.9730749,0,0.2304891;
spawnpoint,titan,13.21072,5.532949,-269.8635,0,0.9730749,0,0.2304891;
spawnpoint,titan,26.20573,5.489354,-295.7567,0,0.9730749,0,0.2304891;
spawnpoint,titan,15.64296,5.532949,-284.5193,0,0.9730749,0,0.2304891;
spawnpoint,titan,24.04822,5.663778,-279.4175,0,0.9730749,0,0.2304891;

map,disablebounds;


