custom,cuboid,stone5,1,0.2,2,0,1,1,1,0.01,0.01,-4249.297,363.4098,7912.598,0,1,0,1;
custom,cuboid,stone5,1,0.2,2,0,1,1,1,0.01,0.01,-4249.297,372.4098,7912.598,0,1,0,1;
custom,cuboid,stone5,1,0.2,2,0,1,1,1,0.01,0.01,-4249.297,381.4098,7912.598,0,1,0,1;
custom,cuboid,stone5,0.2,0.7,1,0,1,1,1,0.01,0.01,-4258.297,367.9098,7912.598,0,0,0,0;
custom,cuboid,stone5,0.2,0.7,1,0,1,1,1,0.01,0.01,-4258.297,376.9098,7912.598,0,0,0,0;
custom,cuboid,stone5,1,0.2,2,0,1,1,1,0.01,0.01,-4219.297,363.4098,7912.598,0,1,0,1;
custom,cuboid,stone5,0.2,1.8,1,0,1,1,1,0.01,0.01,-4228.297,373.4098,7912.598,0,0,0,0;
custom,cuboid,stone5,1,0.2,2,0,1,1,1,0.01,0.01,-4189.297,363.4098,7912.598,0,1,0,1;
custom,cuboid,stone5,1,0.2,2,0,1,1,1,0.01,0.01,-4189.297,381.4098,7912.598,0,1,0,1;
custom,cuboid,stone5,0.2,1.6,1,0,1,1,1,0.01,0.01,-4189.297,372.4098,7912.598,0,0,0,0;
custom,cuboid,stone5,1,0.2,2,0,1,1,1,0.01,0.01,-4159.297,363.4098,7912.598,0,1,0,1;
custom,cuboid,stone5,1,0.2,2,0,1,1,1,0.01,0.01,-4159.297,381.4098,7912.598,0,1,0,1;
custom,cuboid,stone5,0.2,1.6,1,0,1,1,1,0.01,0.01,-4150.297,372.4098,7912.598,0,0,0,0;
custom,cuboid,stone5,0.2,1.6,1,0,1,1,1,0.01,0.01,-4168.297,372.4098,7912.598,0,0,0,0;
custom,cuboid,stone5,1,0.2,2,0,1,1,1,0.01,0.01,-4129.297,381.4098,7912.598,0,1,0,1;
custom,cuboid,stone5,1,0.2,2,0,1,1,1,0.01,0.01,-4129.297,372.4098,7912.598,0,1,0,1;
custom,cuboid,stone5,0.2,0.7,1,0,1,1,1,0.01,0.01,-4138.297,376.9098,7912.598,0,0,0,0;
custom,cuboid,stone5,0.2,0.7,1,0,1,1,1,0.01,0.01,-4120.297,376.9098,7912.598,0,0,0,0;
custom,cuboid,stone5,0.2,0.9,1,0,1,1,1,0.01,0.01,-4138.297,366.9098,7912.598,0,0,0,0;
custom,cuboid,stone5,1,0.2,2,0,1,1,1,0.01,0.01,-4099.297,363.4098,7912.598,0,1,0,1;
custom,cuboid,stone5,1,0.2,2,0,1,1,1,0.01,0.01,-4099.297,372.4098,7912.598,0,1,0,1;
custom,cuboid,stone5,1,0.2,2,0,1,1,1,0.01,0.01,-4099.297,381.4098,7912.598,0,1,0,1;
custom,cuboid,stone5,0.2,0.7,1,0,1,1,1,0.01,0.01,-4108.297,367.9098,7912.598,0,0,0,0;
custom,cuboid,stone5,0.2,0.7,1,0,1,1,1,0.01,0.01,-4108.297,376.9098,7912.598,0,0,0,0;
custom,cylinder,lava1,2,2.99,2,0,1,1,1,0.2,0.5,-4000,90,-4270,0.5,0.5,-0.5,0.5;
custom,cylinder,lava1,1,4.5,1,0,1,1,1,0.25,2,-4020,45,-4270,0,0,0,0;
custom,cylinder,lava1,1,4.5,1,0,1,1,1,0.25,2,-3980,45,-4270,0,0,0,0;
racing,killcylinder,2.1,2.98,2.1,-4000,90,-4270,0.5,0.5,-0.5,0.5;
racing,killcylinder,1.1,4.4,1.1,-4020,45,-4270,0,0,0,0;
racing,killcylinder,1.1,4.4,1.1,-3980,45,-4270,0,0,0,0;
custom,cuboid,lava1,6,1,100,0,1,1,1,0.5,4,-4000,95,-3770,0,0,0,0;
racing,killCuboid,5.99,1.1,100.1,-4000,95,-3770,0,0,0,0;
racing,killCuboid,1,10,100,-4035,140,-3770,0,0,0,0;
racing,killCuboid,1,10,100,-3965,140,-3770,0,0,0,0;
racing,killCuboid,1,10,35,-3965,140,-4445,0,0,0,0;
racing,killCuboid,1,10,35,-4035,140,-4445,0,0,0,0;
racing,killCuboid,7,9,1,-4000,45,-4265,0,0,0,0;
racing,killCuboid,6.15,10,2,-4000,140,-4610,0,0,0,0;
racing,killCuboid,4.5,7,1.5,-4000,140,-4610,0,0,0,0;
racing,killCuboid,3,4,1,-4000,140,-4610,0,0,0,0;
racing,killCuboid,1.5,1,0.5,-4000,140,-4610,0,0,0,0;
misc,barrier,6,10,2,-4000,140,-4610,0,0,0,0;
misc,barrier,6,10,1.5,-4000,140,-4610,0,0,0,0;
misc,barrier,6,10,1,-4000,140,-4610,0,0,0,0;
misc,barrier,6,10,0.5,-4000,140,-4610,0,0,0,0;
custom,cylinder,brick4,5,9.49,5,0,1,1,0,1,1,-4130,95,-3270,0,0,0,0;
custom,cylinder,brick4,5,9.49,5,0,1,1,1,1,1,-3870,95,-3270,0,0,0,0;
racing,killcylinder,20,9.5,20,-4130,95,-3270,0,0,0,0;
racing,killcylinder,20,9.5,20,-3870,95,-3270,0,0,0,0;
custom,cuboid,metal1,1,10,1000,0,1,1,1,0.01,0.01,4900,50,-425,0,0,0,0;
custom,cuboid,lava1,6,1,61,0,1,1,1,0.5,4,-4000,95,-4915,0,0,0,0;
racing,killCuboid,5.9,1.1,61.1,-4000,95,-4915,0,0,0,0;
custom,cylinder,brick4,1,5,1,0,1,1,1,0.5,1,-4030,50,-5224,0,0,0,0;
custom,cylinder,brick4,1,5,1,0,1,1,1,0.5,1,-3970,50,-5224,0,0,0,0;
custom,cylinder,lava1,2,2.99,2,0,1,1,1,0.2,0.5,-4000,90,-4610,0.5,0.5,-0.5,0.5;
custom,cylinder,lava1,1,4.5,1,0,1,1,1,0.25,2,-4020,45,-4610,0,0,0,0;
custom,cylinder,lava1,1,4.5,1,0,1,1,1,0.25,2,-3980,45,-4610,0,0,0,0;
custom,cylinder,brick4,1,3,1,0,1,1,1,0.5,1,-4030,30,-5425,0,0,0,0;
custom,cylinder,brick4,1,3,1,0,1,1,1,0.5,1,-3970,30,-5425,0,0,0,0;
custom,cylinder,brick4,1,3.5,1,0,1,1,1,0.5,1,-4030,35,-5372.5,0,0,0,0;
custom,cylinder,brick4,1,3.5,1,0,1,1,1,0.5,1,-3970,35,-5372.5,0,0,0,0;
custom,cylinder,brick4,1,4,1,0,1,1,1,0.5,1,-4030,40,-5320,0,0,0,0;
custom,cylinder,brick4,1,4,1,0,1,1,1,0.5,1,-3970,40,-5320,0,0,0,0;
custom,cylinder,brick4,1,4.5,1,0,1,1,1,0.5,1,-4030,45,-5267.5,0,0,0,0;
custom,cylinder,brick4,1,4.5,1,0,1,1,1,0.5,1,-3970,45,-5267.5,0,0,0,0;
misc,barrier,1,4,30,-4030,80,-5360,0,0,0,1;
misc,barrier,1,4,30,-3970,80,-5360,0,0,0,1;
misc,barrier,7,1,25,-4000,82.5,-5305,-0.06627391,0,0,0.9978015;
custom,cylinder,brick4,1,3.5,1,0,1,1,1,0.5,1,-4000,94,-5224,0.5,0.5,-0.5,0.5;
custom,cylinder,brick4,1,3.5,1,0,1,1,1,0.5,1,-4000,65,-5425,0.5,0.5,-0.5,0.5;
custom,cylinder,brick4,1,3.5,1,0,1,1,1,0.5,1,-4000,73.5,-5372.5,0.5,0.5,-0.5,0.5;
custom,cylinder,brick4,1,3.5,1,0,1,1,1,0.5,1,-4000,81,-5320,0.5,0.5,-0.5,0.5;
custom,cylinder,brick4,1,3.5,1,0,1,1,1,0.5,1,-4000,88,-5267.5,0.5,0.5,-0.5,0.5;
misc,barrier,5,0.5,36,-4000,2.75,-4440,0,0,0,0;
racing,killCuboid,1,9,96,-4030,45,-4740,0,0,0,0;
racing,killCuboid,1,9,96,-3970,45,-4740,0,0,0,0;
racing,killCuboid,5,0.5,60,-4000,2.5,-4920,0,0,0,0;
custom,cuboid,stone3,5,0.5,36,0,1,1,1,1,4,-4000,2.5,-4440,0,0,0,0;
misc,barrier,5,0.5,36,-4000,2.75,-4440,0,0,0,0;
misc,barrier,5,0.5,40,-4000,2.75,-5420,0,0,0,0;
custom,cuboid,stone6,5,0.5,40,0,1,1,1,0.8,4,-4000,2.5,-5420,0,0,0,0;
racing,killCuboid,5,0.5,60,-4000,2.5,-5920,0,0,0,0;
spawnpoint,playerC,-4000,11,-6410,0,0,0,0;
spawnpoint,playerM,-4000,11,-6410,0,0,0,0;
misc,barrier,24,2,100,-4000,70,-5930,0,0,0,0;
racing,startCuboid,5,6,2,-4000,30,-6210,0,0,0,0;
custom,cylinder,brick4,5,9.49,5,0,1,1,1,1,1,-4630,95,-3270,0,0,0,0;
custom,cylinder,brick4,5,9.49,5,0,1,1,1,1,1,-3370,95,-3270,0,0,0,0;
racing,killcylinder,20,9.5,20,-4630,95,-3270,0,0,0,0;
racing,killcylinder,20,9.5,20,-3370,95,-3270,0,0,0,0;
custom,cylinder,brick4,5,9.49,5,0,1,1,1,1,1,-4630,95,-2270,0,0,0,0;
custom,cylinder,brick4,5,9.49,5,0,1,1,1,1,1,-3370,95,-2270,0,0,0,0;
racing,killcylinder,20,9.5,20,-4630,95,-2270,0,0,0,0;
racing,killcylinder,20,9.5,20,-3370,95,-2270,0,0,0,0;
custom,cylinder,brick4,1,9.49,1,0,1,1,1,0.25,1,-4130,95,-2270,0,0,0,0;
custom,cylinder,brick4,1,9.49,1,0,1,1,1,0.25,1,-3870,95,-2270,0,0,0,0;
racing,killcylinder,20,9.5,20,-4130,95,-2270,0,0,0,0;
racing,killcylinder,20,9.5,20,-3870,95,-2270,0,0,0,0;
racing,killCuboid,20,19,50,-4380,95,-3270,0,1,0,1;
racing,killCuboid,20,19,50,-3620,95,-3270,0,1,0,1;
racing,killCuboid,20,19,50,-4380,95,-2270,0,1,0,1;
racing,killCuboid,20,19,50,-3620,95,-2270,0,1,0,1;
racing,killCuboid,20,19,100,-4630,95,-2770,0,0,0,0;
racing,killCuboid,20,19,100,-3370,95,-2770,0,0,0,0;
custom,cylinder,brick4,5,9.49,5,0,1,1,1,1,1,-3870,95,-2970,0,0,0,0;
racing,killcylinder,20,9.5,20,-3870,95,-2970,0,0,0,0;
racing,killCuboid,20,19,86,-4300,95,-2970,0,1,0,1;
racing,killCuboid,20,19,20,-4130,95,-3170,0,0,0,0;
custom,cylinder,brick4,5,9.49,5,0,1,1,1,1,1,-4370,95,-2670,0,0,0,0;
racing,killcylinder,20,9.5,20,-4370,95,-2670,0,0,0,0;
racing,killCuboid,20,19,90,-3920,95,-2670,0,1,0,1;
racing,killCuboid,20,19,40,-3570,95,-2970,0,0,0,0;
custom,cylinder,brick4,3,9.49,3,0,1,1,1,1,1,-3470,95,-2470,0,0,0,0;
racing,killcylinder,10,9.5,10,-3470,95,-2470,0,0,0,0;
racing,killcylinder,9,9.5,9,-3470,95,-2470,0,0,0,0;
custom,cylinder,brick4,3,9.49,3,0,1,1,1,1,1,-3600,95,-2470,0,0,0,0;
racing,killcylinder,10,9.5,10,-3600,95,-2470,0,0,0,0;
racing,killcylinder,9,9.5,9,-3600,95,-2470,0,0,0,0;
racing,killCuboid,10,19,93,-4065,95,-2470,0,1,0,1;
racing,killCuboid,15,19,10,-4080,95,-2345,0,1,0,1;
racing,killCuboid,19,16,49,-4380,95,-3270,0,1,0,1;
racing,killCuboid,19,16,49,-3620,95,-3270,0,1,0,1;
racing,killCuboid,19,16,49,-4380,95,-2270,0,1,0,1;
racing,killCuboid,19,16,49,-3620,95,-2270,0,1,0,1;
racing,killCuboid,19,16,99,-4630,95,-2770,0,0,0,0;
racing,killCuboid,19,16,99,-3370,95,-2770,0,0,0,0;
racing,killCuboid,19,16,85,-4300,95,-2970,0,1,0,1;
racing,killCuboid,19,16,19,-4130,95,-3170,0,0,0,0;
racing,killCuboid,19,16,89,-3920,95,-2670,0,1,0,1;
racing,killCuboid,19,16,39,-3570,95,-2970,0,0,0,0;
racing,killCuboid,9,16,89,-4065,95,-2470,0,1,0,1;
racing,killCuboid,14,16,9,-4080,95,-2345,0,1,0,1;
racing,killCuboid,12,2,2,-3870,95,-3120,0,1,0,1;
racing,killCuboid,12,2,2,-3870,45,-3120,0,1,0,1;
racing,killCuboid,12,2,2,-3870,145,-3120,0,1,0,1;
racing,killCuboid,12,2,2,-3870,155,-2820,0,1,0,1;
racing,killCuboid,12,2,2,-3870,115,-2820,0,1,0,1;
racing,killCuboid,12,2,2,-3870,75,-2820,0,1,0,1;
racing,killCuboid,12,2,2,-3870,35,-2820,0,1,0,1;
racing,killCuboid,8,2,2,-3870,95,-2550,0,1,0,1;
racing,killCuboid,7,2,2,-3870,125,-2400,0,1,0,1;
racing,killCuboid,7,2,2,-3870,65,-2400,0,1,0,1;
racing,killCuboid,12,10,2,-4370,140,-2820,0,1,0,1;
racing,killCuboid,8,10,2,-4370,50,-2545,0,1,0,1;
racing,killCuboid,11,1.9,1.9,-3870,95,-3120,0,1,0,1;
racing,killCuboid,11,1.9,1.9,-3870,45,-3120,0,1,0,1;
racing,killCuboid,11,1.9,1.9,-3870,145,-3120,0,1,0,1;
racing,killCuboid,11,1.9,1.9,-3870,155,-2820,0,1,0,1;
racing,killCuboid,11,1.9,1.9,-3870,115,-2820,0,1,0,1;
racing,killCuboid,11,1.9,1.9,-3870,75,-2820,0,1,0,1;
racing,killCuboid,11,1.9,1.9,-3870,35,-2820,0,1,0,1;
racing,killCuboid,7,1.9,1.9,-3870,95,-2550,0,1,0,1;
racing,killCuboid,6,1.9,1.9,-3870,125,-2400,0,1,0,1;
racing,killCuboid,6,1.9,1.9,-3870,65,-2400,0,1,0,1;
racing,killCuboid,11,9.9,1.9,-4370,140,-2820,0,1,0,1;
racing,killCuboid,7,9.9,1.9,-4370,50,-2545,0,1,0,1;
racing,killCuboid,2,19,12,-3930,95,-2180,0,1,0,1;
racing,killCuboid,2,19,12,-4070,95,-2180,0,1,0,1;
racing,killCuboid,1.9,18,11.9,-3930,95,-2180,0,1,0,1;
racing,killCuboid,1.9,18,11.9,-4070,95,-2180,0,1,0,1;
racing,killCuboid,2,2,2,-4000,10,-2180,0,1,0,1;
racing,killCuboid,2,2,2,-4000,180,-2180,0,1,0,1;
racing,killCuboid,2,2,2,-4000,95,-2180,0,1,0,1;
racing,killCuboid,2,2,2,-4000,52.5,-2180,0,1,0,1;
racing,killCuboid,2,2,2,-4000,137.5,-2180,0,1,0,1;
racing,killCuboid,1.9,1.9,1.9,-4000,10,-2180,0,1,0,1;
racing,killCuboid,1.9,1.9,1.9,-4000,180,-2180,0,1,0,1;
racing,killCuboid,1.9,1.9,1.9,-4000,95,-2180,0,1,0,1;
racing,killCuboid,1.9,1.9,1.9,-4000,52.5,-2180,0,1,0,1;
racing,killCuboid,1.9,1.9,1.9,-4000,137.5,-2180,0,1,0,1;
racing,killCuboid,1,19,26,-4060,95,-2040,0,0,0,0;
racing,killCuboid,1,19,26,-3940,95,-2040,0,0,0,0;
racing,killCuboid,11,13,1,-4000,125,-1915,0,0,0,0;
racing,killCuboid,7,9,1,-4000,45,-3275,0,0,0,0;
racing,killCuboid,1,17,23,-4060,95,-2040,0,0,0,0;
racing,killCuboid,1,17,23,-3940,95,-2040,0,0,0,0;
racing,killCuboid,3.5,12,1,-3970,123,-1915,0,0,0,0;
custom,cuboid,lava1,2,1.9,0.75,0,1,1,1,0.2,0.2,-4000,70,-1915,0,0,0,1;
custom,cuboid,lava1,2,2,0.75,0,1,1,1,0.2,0.2,-4000,110,-1915,0,0,0,1;
custom,cuboid,lava1,2,2,0.75,0,1,1,1,0.2,0.2,-4000,150,-1915,0,0,0,1;
racing,killCuboid,3.5,12,1,-4030,123,-1915,0,0,0,0;
custom,arc180,lava1,12,12,12,0,1,1,1,1,1,-4086.5,28.5,-1789,0,0,0,1;
custom,arc180,lava1,-12,12,12,0,1,1,1,1,1,-3966.5,28.5,-1572.5,0,0,0,1;
custom,arc180,lava1,12,12,12,0,1,1,1,1,1,-4086.5,28.5,-1356.5,0,0,0,1;
custom,arc180,lava1,-12,12,12,0,1,1,1,1,1,-3966.5,28.5,-1140.5,0,0,0,1;
custom,arc180,lava1,12,12,12,0,1,1,1,1,1,-4086.5,28.5,-924.5,0,0,0,1;
custom,arc180,lava1,-12,12,12,0,1,1,1,1,1,-3966.5,28.5,-708.5,0,0,0,1;
custom,arc180,lava1,-16,12,24,0,1,1,1,1,1,-3866.5,28.5,-1572.5,0,0,0,1;
custom,arc180,lava1,-16,12,24,0,1,1,1,1,1,-3866.5,28.5,-1140.5,0,0,0,1;
custom,arc180,lava1,-16,12,24,0,1,1,1,1,1,-3866.5,28.5,-708.5,0,0,0,1;
custom,cylinder,lava1,5,3,5,0,1,1,1,0.25,0.5,-3942.5,30,-1793.5,0,0,0,0;
custom,cylinder,lava1,5,3,5,0,1,1,1,0.25,0.5,-3942.5,30,-1361,0,0,0,0;
custom,cylinder,lava1,5,3,5,0,1,1,1,0.25,0.5,-3942.5,30,-929,0,0,0,0;
custom,cuboid,lava1,3,6,12,0,1,1,1,0.6,0.6,-3954.545,30,-1847.5,0,0.05,0,0.99;
custom,cuboid,lava1,1,6,40,0,1,1,1,4,0.6,-4226.484,30,-596,0,1,0,1;
custom,cuboid,lava1,1,6,50,0,1,1,1,5,0.6,-4176.5,30,-516,0,1,0,1;
custom,cuboid,lava1,1,1,16,0,1,1,1,1.6,0.1,-4044.5,55,-1791.5,0,1,0,1;
custom,cuboid,lava1,1,1,16,0,1,1,1,1.6,0.1,-4044.5,5,-1791.5,0,1,0,1;
custom,cuboid,lava1,1,1.75,16,0,1,1,1,1.6,0.175,-4044.5,51.5,-1361.5,0,1,0,1;
custom,cuboid,lava1,1,1.75,16,0,1,1,1,1.6,0.175,-4044.5,8.5,-1361.5,0,1,0,1;
custom,cuboid,lava1,1,2.25,16,0,1,1,1,1.6,0.225,-4044.5,49,-929.5,0,1,0,1;
custom,cuboid,lava1,1,2.25,16,0,1,1,1,1.6,0.225,-4044.5,11,-929.5,0,1,0,1;
custom,cuboid,lava1,1,4,1,0,1,1,1,0.1,0.4,-4089.5,30,-1791.5,0,1,0,1;
custom,cuboid,lava1,1,4,1,0,1,1,1,0.1,0.4,-4055.5,30,-1791.5,0,1,0,1;
custom,cuboid,lava1,1,4,1,0,1,1,1,0.1,0.4,-4022.5,30,-1791.5,0,1,0,1;
custom,cuboid,lava1,1,4,1,0,1,1,1,0.1,0.4,-3989.5,30,-1791.5,0,1,0,1;
custom,cuboid,lava1,1,2.5,1,0,1,1,1,0.1,0.25,-4077.5,30,-1361.5,0,1,0,1;
custom,cuboid,lava1,1,2.5,1,0,1,1,1,0.1,0.25,-4039.5,30,-1361.5,0,1,0,1;
custom,cuboid,lava1,1,2.5,1,0,1,1,1,0.1,0.25,-4001.5,30,-1361.5,0,1,0,1;
custom,cuboid,lava1,1,1.5,1,0,1,1,1,0.1,0.15,-4065.5,30,-929.5,0,1,0,1;
custom,cuboid,lava1,1,1.5,1,0,1,1,1,0.1,0.15,-4012.5,30,-929.5,0,1,0,1;
custom,cuboid,lava1,1,2.5,9,0,1,1,1,0.9,0.25,-4431.5,12.5,-556,0,0,0,0;
custom,cuboid,lava1,1,2.5,9,0,1,1,1,0.9,0.25,-4431.5,47.5,-556,0,0,0,0;
custom,cuboid,lava1,1,1,2.5,0,1,1,1,0.25,0.1,-4431.5,30,-541.5,0,0,0,0;
custom,cuboid,lava1,1,1,2.5,0,1,1,1,0.25,0.1,-4431.5,30,-570.5,0,0,0,0;
custom,cuboid,metal1,20,0.5,20,0,1,1,1,0.01,0.01,-4536.5,2.5,-556,0,0,0,0;
custom,cuboid,metal1,2,0.5,5.5,0,1,1,1,0.01,0.01,-4426.5,2.5,-628.5,0,0,0,0;
custom,cuboid,metal1,2,0.5,5.5,0,1,1,1,0.01,0.01,-4426.5,2.5,-483.5,0,0,0,0;
custom,cuboid,default,1,6,1,0,1,1,1,1,1,-4476.5,30,-454,0,1,0,1;
custom,cuboid,default,1,6,1,0,1,1,1,1,1,-4576.5,30,-454,0,1,0,1;
custom,cuboid,brick2,1,6,10,0,1,1,1,0.5,0.5,-4576.5,30,-399,0,0,0,0;
custom,cuboid,brick2,1,6,10,0,1,1,1,0.5,0.5,-4576.5,30,-199,0,0,0,0;
custom,cuboid,brick2,1,6,10,0,1,1,1,0.5,0.5,-4576.5,30,1,0,0,0,0;
custom,cuboid,brick2,1,6,10,0,1,1,1,0.5,0.5,-4576.5,30,201,0,0,0,0;
custom,cuboid,brick2,1,6,10,0,1,1,1,0.5,0.5,-4576.5,30,401,0,0,0,0;
custom,cuboid,brick2,1,6,10,0,1,1,1,0.5,0.5,-4576.5,30,601,0,0,0,0;
custom,cuboid,brick2,1,6,10,0,1,1,1,0.5,0.5,-4476.5,30,-299,0,0,0,0;
custom,cuboid,brick2,1,6,10,0,1,1,1,0.5,0.5,-4476.5,30,-99,0,0,0,0;
custom,cuboid,brick2,1,6,10,0,1,1,1,0.5,0.5,-4476.5,30,101,0,0,0,0;
custom,cuboid,brick2,1,6,10,0,1,1,1,0.5,0.5,-4476.5,30,301,0,0,0,0;
custom,cuboid,brick2,1,6,10,0,1,1,1,0.5,0.5,-4476.5,30,501,0,0,0,0;
custom,cylinder,default,1,10,1,0,1,1,1,1,1,-4576.5,100,651,0,0,0,0;
custom,cylinder,default,1,10,1,0,1,1,1,1,1,-4476.5,100,651,0,0,0,0;
custom,cylinder,default,1,10,1,0,1,1,1,1,1,-4576.5,100,951,0,0,0,0;
custom,cylinder,default,1,10,1,0,1,1,1,1,1,-4476.5,100,951,0,0,0,0;
custom,cylinder,default,2,4.5,2,0,1,1,1,1,1,-4526.5,100,801,0,0,1,1;
custom,cylinder,default,1,5,1,0,1,1,1,1,1,-4526.5,60,651,0,0,1,1;
custom,cylinder,default,1,5,1,0,1,1,1,1,1,-4526.5,60,951,0,0,1,1;
custom,cylinder,default,1,7,1,0,1,1,1,1,1,-4526.5,130,950,0,0,0,1;
misc,barrier,4,0.5,50,-4173.559,2.75,4840.967,0,0,0,0;
racing,killarc180,11.9,12,11.9,-4086.5,28.5,-1789,0,0,0,1;
racing,killarc180,-12.1,12,12.1,-3966.5,28.5,-1572.5,0,0,0,1;
racing,killarc180,11.9,12,11.9,-4086.5,28.5,-1356.5,0,0,0,1;
racing,killarc180,-12.1,12,12.1,-3966.5,28.5,-1140.5,0,0,0,1;
racing,killarc180,11.9,12,11.9,-4086.5,28.5,-924.5,0,0,0,1;
racing,killarc180,-12.1,12,12.1,-3966.5,28.5,-708.5,0,0,0,1;
racing,killarc180,-15.9,12,23.9,-3866.5,28.5,-1572.5,0,0,0,1;
racing,killarc180,-15.9,12,23.9,-3866.5,28.5,-1140.5,0,0,0,1;
racing,killarc180,-15.9,12,23.9,-3866.5,28.5,-708.5,0,0,0,1;
racing,killcylinder,5.1,3,5.1,-3942.5,30,-1793.5,0,0,0,0;
racing,killcylinder,5.1,3,5.1,-3942.5,30,-1361,0,0,0,0;
racing,killcylinder,5.1,3,5.1,-3942.5,30,-929,0,0,0,0;
racing,killCuboid,4.2,6,12.1,-3949,30,-1847.5,0,0.05,0,0.99;
racing,killCuboid,1.1,6,40.1,-4226.484,30,-596,0,1,0,1;
racing,killCuboid,1.1,6,50.1,-4176.5,30,-516,0,1,0,1;
racing,killCuboid,1.1,1.1,16.1,-4044.5,55,-1791.5,0,1,0,1;
racing,killCuboid,1.1,1.1,16.1,-4044.5,5,-1791.5,0,1,0,1;
racing,killCuboid,1.1,1.8,16.1,-4044.5,51.5,-1361.5,0,1,0,1;
racing,killCuboid,1.1,1.8,16.1,-4044.5,8.5,-1361.5,0,1,0,1;
racing,killCuboid,1.1,2.3,16.1,-4044.5,49,-929.5,0,1,0,1;
racing,killCuboid,1.1,2.3,16.1,-4044.5,11,-929.5,0,1,0,1;
racing,killCuboid,1.1,4,1.1,-4089.5,30,-1791.5,0,1,0,1;
racing,killCuboid,1.1,4,1.1,-4055.5,30,-1791.5,0,1,0,1;
racing,killCuboid,1.1,4,1.1,-4022.5,30,-1791.5,0,1,0,1;
racing,killCuboid,1.1,4,1.1,-3989.5,30,-1791.5,0,1,0,1;
racing,killCuboid,1.1,2.5,1.1,-4077.5,30,-1361.5,0,1,0,1;
racing,killCuboid,1.1,2.5,1.1,-4039.5,30,-1361.5,0,1,0,1;
racing,killCuboid,1.1,2.5,1.1,-4001.5,30,-1361.5,0,1,0,1;
racing,killCuboid,1.1,1.5,1.1,-4065.5,30,-929.5,0,1,0,1;
racing,killCuboid,1.1,1.5,1.1,-4012.5,30,-929.5,0,1,0,1;
racing,killCuboid,1.1,2.4,9,-4431.5,12.5,-556,0,0,0,0;
racing,killCuboid,1.1,2.4,9,-4431.5,47.5,-556,0,0,0,0;
racing,killCuboid,1.1,1,2.4,-4431.5,30,-541.5,0,0,0,0;
racing,killCuboid,1.1,1,2.4,-4431.5,30,-570.5,0,0,0,0;
racing,killCuboid,1,6,6,-4611.5,30,-454,0,1,0,1;
racing,killCuboid,1,6,6,-4441.5,30,-454,0,1,0,1;
racing,killCuboid,1,6,23,-4526.5,30,-659,0,1,0,1;
racing,killCuboid,1,6,21,-4641.5,30,-554,0,0,0,0;
racing,killCuboid,5.5,6,1,-4411.5,30,-629,0,1,0,1;
racing,killCuboid,5.5,6,1,-4411.5,30,-484,0,1,0,1;
racing,killCuboid,1,6,10,-4576.5,30,-299,0,0,0,0;
racing,killCuboid,1,6,10,-4576.5,30,-99,0,0,0,0;
racing,killCuboid,1,6,10,-4576.5,30,101,0,0,0,0;
racing,killCuboid,1,6,10,-4576.5,30,301,0,0,0,0;
racing,killCuboid,1,6,10,-4576.5,30,501,0,0,0,0;
racing,killCuboid,1,6,10,-4476.5,30,-399,0,0,0,0;
racing,killCuboid,1,6,10,-4476.5,30,-199,0,0,0,0;
racing,killCuboid,1,6,10,-4476.5,30,1,0,0,0,0;
racing,killCuboid,1,6,10,-4476.5,30,201,0,0,0,0;
racing,killCuboid,1,6,10,-4476.5,30,401,0,0,0,0;
racing,killCuboid,1,6,10,-4476.5,30,601,0,0,0,0;
racing,killCuboid,1.1,6.1,10.1,-4576.5,30,-399,0,0,0,0;
racing,killCuboid,1.1,6.1,10.1,-4576.5,30,-199,0,0,0,0;
racing,killCuboid,1.1,6.1,10.1,-4576.5,30,1,0,0,0,0;
racing,killCuboid,1.1,6.1,10.1,-4576.5,30,201,0,0,0,0;
racing,killCuboid,1.1,6.1,10.1,-4576.5,30,401,0,0,0,0;
racing,killCuboid,1.1,6.1,10.1,-4576.5,30,601,0,0,0,0;
racing,killCuboid,1.1,6.1,10.1,-4476.5,30,-299,0,0,0,0;
racing,killCuboid,1.1,6.1,10.1,-4476.5,30,-99,0,0,0,0;
racing,killCuboid,1.1,6.1,10.1,-4476.5,30,101,0,0,0,0;
racing,killCuboid,1.1,6.1,10.1,-4476.5,30,301,0,0,0,0;
racing,killCuboid,1.1,6.1,10.1,-4476.5,30,501,0,0,0,0;
racing,killCuboid,1,6,8,-4549.5,30,-324,0,0.414,0,1;
racing,killCuboid,1,6,8,-4549.5,30,-124,0,0.414,0,1;
racing,killCuboid,1,6,5,-4506.5,30,-199,0,1,0,1;
racing,killCylinder,1,3,1,-4576.5,30,51,0,0,0,0;
racing,killCylinder,1,3,1,-4564.5,30,63,0,0,0,0;
racing,killCylinder,1,3,1,-4552.5,30,75,0,0,0,0;
racing,killCylinder,1,3,1,-4540.5,30,87,0,0,0,0;
racing,killCylinder,1,3,1,-4528.5,30,99,0,0,0,0;
racing,killCylinder,1,3,1,-4516.5,30,111,0,0,0,0;
racing,killCylinder,1,3,1,-4504.5,30,123,0,0,0,0;
racing,killCylinder,1,3,1,-4492.5,30,135,0,0,0,0;
racing,killCylinder,1,3,1,-4480.5,30,147,0,0,0,0;
racing,killCylinder,0.5,3,0.5,-4576.5,30,51,0,0,0,0;
racing,killCylinder,0.5,3,0.5,-4564.5,30,63,0,0,0,0;
racing,killCylinder,0.5,3,0.5,-4552.5,30,75,0,0,0,0;
racing,killCylinder,0.5,3,0.5,-4540.5,30,87,0,0,0,0;
racing,killCylinder,0.5,3,0.5,-4528.5,30,99,0,0,0,0;
racing,killCylinder,0.5,3,0.5,-4516.5,30,111,0,0,0,0;
racing,killCylinder,0.5,3,0.5,-4504.5,30,123,0,0,0,0;
racing,killCylinder,0.5,3,0.5,-4492.5,30,135,0,0,0,0;
racing,killCylinder,0.5,3,0.5,-4480.5,30,147,0,0,0,0;
racing,killCylinder,1.5,4.5,1.5,-4526.5,52.5,301,0,0,1,1;
racing,killCylinder,1.5,4.5,1.5,-4526.5,37.5,351,0,0,1,1;
racing,killCylinder,1.5,4.5,1.5,-4526.5,22.5,401,0,0,1,1;
racing,killCylinder,1.5,4.5,1.5,-4526.5,7.5,451,0,0,1,1;
racing,killCylinder,0.75,4.5,0.75,-4526.5,52.5,301,0,0,1,1;
racing,killCylinder,0.75,4.5,0.75,-4526.5,37.5,351,0,0,1,1;
racing,killCylinder,0.75,4.5,0.75,-4526.5,22.5,401,0,0,1,1;
racing,killCylinder,0.75,4.5,0.75,-4526.5,7.5,451,0,0,1,1;
racing,killCuboid,1,20,30,-4576.5,100,801,0,0,0,0;
racing,killCuboid,1,20,30,-4476.5,100,801,0,0,0,0;
racing,killCuboid,9,10,1,-4526.5,50,856,0,0,0,0;
racing,killCuboid,9,10,1,-4526.5,50,746,0,0,0,0;
racing,killCylinder,12,4.5,12,-4526.5,100,801,0,0,1,1;
racing,killCuboid,10,14,1,-4526.5,130,651,0,0,0,0;
racing,killCuboid,10,14,1,-4526.5,130,951,0,0,0,0;
racing,killCuboid,11,1,31,-4526.5,205,801,0,0,0,0;
racing,killCuboid,9,0.75,25,-4526.5,205,801,0,0,0,0;
racing,killCuboid,7,0.5,19,-4526.5,205,801,0,0,0,0;
racing,killCuboid,5,0.25,13,-4526.5,205,801,0,0,0,0;
racing,killCuboid,3,0.1,7,-4526.5,205,801,0,0,0,0;
custom,cuboid,brick2,1,6,1,0,1,1,1,0.25,0.5,-4576.5,30,956,0,0,0,0;
custom,cuboid,brick2,1,6,1,0,1,1,1,0.25,0.5,-4476.5,30,956,0,0,0,0;
racing,killCuboid,1.1,6.1,1.1,-4576.5,30,956,0,0,0,0;
racing,killCuboid,1.1,6.1,1.1,-4476.5,30,956,0,0,0,0;
racing,killCuboid,1,6,15,-4576.5,30,1036,0,0,0,0;
racing,killCuboid,1,6,15,-4476.5,30,1036,0,0,0,0;
custom,cuboid,brick2,1,6,15,0,1,1,1,1,0.5,-4576.5,30,1186,0,0,0,0;
custom,cuboid,brick2,1,6,15,0,1,1,1,1,0.5,-4476.5,30,1186,0,0,0,0;
racing,killCuboid,1,6,15,-4576.5,30,1336,0,0,0,0;
racing,killCuboid,1,6,15,-4476.5,30,1336,0,0,0,0;
custom,cuboid,brick2,1,6,15,0,1,1,1,1,0.5,-4576.5,30,1486,0,0,0,0;
custom,cuboid,brick2,1,6,15,0,1,1,1,1,0.5,-4476.5,30,1486,0,0,0,0;

racing,killCuboid,1.1,6.1,15.1,-4576.5,30,1186,0,0,0,0;
racing,killCuboid,1.1,6.1,15.1,-4476.5,30,1186,0,0,0,0;
racing,killCuboid,1.1,6.1,15.1,-4576.5,30,1486,0,0,0,0;
racing,killCuboid,1.1,6.1,15.1,-4476.5,30,1486,0,0,0,0;

racing,killCuboid,1,6,1,-4526.5,30,1326,0,0,0,0;
racing,killCuboid,1,6,1,-4526.5,30,1326,1,0,0.414,0;
racing,killCuboid,1,6,1,-4541.5,30,1306,0,0,0,0;
racing,killCuboid,1,6,1,-4541.5,30,1306,1,0,0.414,0;
racing,killCuboid,1,6,1,-4556.5,30,1286,0,0,0,0;
racing,killCuboid,1,6,1,-4556.5,30,1286,1,0,0.414,0;
racing,killCuboid,1,6,1,-4571.5,30,1266,0,0,0,0;
racing,killCuboid,1,6,1,-4571.5,30,1266,1,0,0.414,0;
racing,killCuboid,1,6,1,-4511.5,30,1306,0,0,0,0;
racing,killCuboid,1,6,1,-4511.5,30,1306,1,0,0.414,0;
racing,killCuboid,1,6,1,-4496.5,30,1286,0,0,0,0;
racing,killCuboid,1,6,1,-4496.5,30,1286,1,0,0.414,0;
racing,killCuboid,1,6,1,-4481.5,30,1266,0,0,0,0;
racing,killCuboid,1,6,1,-4481.5,30,1266,1,0,0.414,0;
racing,killCuboid,1,6,1,-4526.5,30,1346,0,0,0,0;
racing,killCuboid,1,6,1,-4526.5,30,1346,1,0,0.414,0;
racing,killCuboid,1,6,1,-4541.5,30,1366,0,0,0,0;
racing,killCuboid,1,6,1,-4541.5,30,1366,1,0,0.414,0;
racing,killCuboid,1,6,1,-4556.5,30,1386,0,0,0,0;
racing,killCuboid,1,6,1,-4556.5,30,1386,1,0,0.414,0;
racing,killCuboid,1,6,1,-4571.5,30,1406,0,0,0,0;
racing,killCuboid,1,6,1,-4571.5,30,1406,1,0,0.414,0;
racing,killCuboid,1,6,1,-4511.5,30,1366,0,0,0,0;
racing,killCuboid,1,6,1,-4511.5,30,1366,1,0,0.414,0;
racing,killCuboid,1,6,1,-4496.5,30,1386,0,0,0,0;
racing,killCuboid,1,6,1,-4496.5,30,1386,1,0,0.414,0;
racing,killCuboid,1,6,1,-4481.5,30,1406,0,0,0,0;
racing,killCuboid,1,6,1,-4481.5,30,1406,1,0,0.414,0;
racing,killCuboid,1,6,15,-4576.5,30,1636,0,0,0,0;
racing,killCuboid,1,6,15,-4476.5,30,1636,0,0,0,0;
racing,killCuboid,1,50,11,-4576.5,250,1766,0,0,0,0;
racing,killCuboid,1,50,11,-4476.5,250,1766,0,0,0,0;
racing,killCuboid,11,44,1,-4526.5,280,1716,0,0,0,0;
racing,killCuboid,11,44,1,-4526.5,220,1816,0,0,0,0;
custom,cuboid,brick2,1,2.5,1,0,1,1,1,0.25,0.5,-4526.5,25,1766,0,0,0,0;
custom,cuboid,brick2,1,2.5,1,0,1,1,1,0.25,0.5,-4526.5,25.1,1766,1,0,0.414,0;
custom,cuboid,brick2,1,2.5,1,0,1,1,1,0.25,0.5,-4526.5,75,1766,0,0,0,0;
custom,cuboid,brick2,1,2.5,1,0,1,1,1,0.25,0.5,-4526.5,75.1,1766,1,0,0.414,0;
custom,cuboid,brick2,1,2.5,1,0,1,1,1,0.25,0.5,-4526.5,125,1766,0,0,0,0;
custom,cuboid,brick2,1,2.5,1,0,1,1,1,0.25,0.5,-4526.5,125.1,1766,1,0,0.414,0;
custom,cuboid,brick2,1,2.5,1,0,1,1,1,0.25,0.5,-4526.5,175,1766,0,0,0,0;
custom,cuboid,brick2,1,2.5,1,0,1,1,1,0.25,0.5,-4526.5,175.1,1766,1,0,0.414,0;
custom,cuboid,brick2,1,2.5,1,0,1,1,1,0.25,0.5,-4526.5,225,1766,0,0,0,0;
custom,cuboid,brick2,1,2.5,1,0,1,1,1,0.25,0.5,-4526.5,225.1,1766,1,0,0.414,0;
custom,cuboid,brick2,1,2.5,1,0,1,1,1,0.25,0.5,-4526.5,275,1766,0,0,0,0;
custom,cuboid,brick2,1,2.5,1,0,1,1,1,0.25,0.5,-4526.5,275.1,1766,1,0,0.414,0;
custom,cuboid,brick2,1,2.5,1,0,1,1,1,0.25,0.5,-4526.5,325,1766,0,0,0,0;
custom,cuboid,brick2,1,2.5,1,0,1,1,1,0.25,0.5,-4526.5,325.1,1766,1,0,0.414,0;
custom,cuboid,brick2,1,2.5,1,0,1,1,1,0.25,0.5,-4526.5,375,1766,0,0,0,0;
custom,cuboid,brick2,1,2.5,1,0,1,1,1,0.25,0.5,-4526.5,375.1,1766,1,0,0.414,0;
custom,cuboid,brick2,1,2.5,1,0,1,1,1,0.25,0.5,-4526.5,425,1766,0,0,0,0;
custom,cuboid,brick2,1,2.5,1,0,1,1,1,0.25,0.5,-4526.5,425.1,1766,1,0,0.414,0;
custom,cuboid,brick2,1,2.5,1,0,1,1,1,0.25,0.5,-4526.5,475,1766,0,0,0,0;
custom,cuboid,brick2,1,2.5,1,0,1,1,1,0.25,0.5,-4526.5,475.1,1766,1,0,0.414,0;
custom,cuboid,brick2,1,0.15,1,0,1,1,1,0.25,0.5,-4526.5,0,1766,0,0,0,0;
custom,cuboid,brick2,1,0.15,1,0,1,1,1,0.25,0.5,-4526.5,0.1,1766,1,0,0.414,0;
custom,cuboid,brick2,1,0.15,1,0,1,1,1,0.25,0.5,-4526.5,500,1766,0,0,0,0;
custom,cuboid,brick2,1,0.15,1,0,1,1,1,0.25,0.5,-4526.5,500.1,1766,1,0,0.414,0;
racing,killcylinder,1.5,25.1,1.5,-4526.5,250,1766,0,0,0,0;
custom,cylinder,brick2,0.25,25,0.25,0,1,1,1,0.01,4,-4526.5,250,1766,1,0,0.414,0;
racing,killCuboid,9,1,4,-4526.5,65,1741,0,0,0,0;
racing,killCuboid,9,1,5,-4526.5,125,1786,0,0,0,0;
racing,killCuboid,9,1,5,-4526.5,175,1746,0,0,0,0;
racing,killCuboid,9,1,6,-4526.5,225,1781,0,0,0,0;
racing,killCuboid,9,1,6,-4526.5,265,1751,0,0,0,0;
racing,killCuboid,9,1,7,-4526.5,305,1776,0,0,0,0;
racing,killCuboid,9,1,7,-4526.5,335,1756,0,0,0,0;
racing,killCuboid,9,1,7,-4526.5,365,1776,0,0,0,0;
racing,killCuboid,4,12,1,-4526.5,60,1791,0,1,0,1;
racing,killCuboid,4,10,1,-4526.5,120,1741,0,1,0,1;
racing,killCuboid,4,9,1,-4526.5,175,1791,0,1,0,1;
racing,killCuboid,4,8,1,-4526.5,220,1741,0,1,0,1;
racing,killCuboid,4,7,1,-4526.5,265,1791,0,1,0,1;
racing,killCuboid,4,6,1,-4526.5,300,1741,0,1,0,1;
racing,killCuboid,9,5,1,-4526.5,385,1746,0,0,0,0;
racing,killCuboid,9,1,7,-4526.5,405,1776,0,0,0,0;
racing,killCuboid,1,50,50,-4476.5,250,2071,0,0,0,0;
racing,killCuboid,1,50,50,-4576.5,250,2071,0,0,0,0;
custom,cylinder,bark,0.5,1,0.5,0,1,1,1,1,1,-4556.5,10,2026,0,0,0,0;
custom,cylinder,bark,0.5,1,0.5,0,1,1,1,1,1,-4496.5,10,2026,0,0,0,0;
custom,sphere,bark,1,1,1,0,1,1,1,1,1,-4556.5,23,2026,0,0,0,0;
custom,sphere,bark,-1,1,1,0,1,1,1,1,1,-4556.5,23,2026,0,0,0,0;
custom,sphere,bark,1,1,-1,0,1,1,1,1,1,-4556.5,23,2026,0,0,0,0;
custom,sphere,bark,-1,1,-1,0,1,1,1,1,1,-4556.5,23,2026,0,0,0,0;
custom,sphere,bark,1,1,1,0,1,1,1,1,1,-4496.5,23,2026,0,0,0,0;
custom,sphere,bark,-1,1,1,0,1,1,1,1,1,-4496.5,23,2026,0,0,0,0;
custom,sphere,bark,1,1,-1,0,1,1,1,1,1,-4496.5,23,2026,0,0,0,0;
custom,sphere,bark,-1,1,-1,0,1,1,1,1,1,-4496.5,23,2026,0,0,0,0;
custom,cylinder,metal1,0.6,0.1,0.6,0,1,1,1,0.01,0.01,-4556.5,19,2026,0,0,0,0;
custom,cylinder,metal1,0.6,0.1,0.6,0,1,1,1,0.01,0.01,-4496.5,19,2026,0,0,0,0;
racing,killCuboid,15,20,4,-4491.5,100,2396,0,1,0,1;
racing,killCuboid,15,20,4,-4561.5,100,2396,0,1,0,1;
racing,killCuboid,15,6,3,-4526.5,30,2396,0,1,0,1;
racing,killCuboid,15,6,3,-4526.5,170,2396,0,1,0,1;
racing,killCuboid,11,30,1,-4526.5,350,2326,0,0,0,0;
racing,killCuboid,10,2,1,-4526.5,420,1806,0,0,0,0;
racing,killCuboid,9,1,1,-4526.5,415,1796,0,0,0,0;
racing,killCuboid,3,3,50,-4496.5,425,2071,0,0,0,0;
racing,killCuboid,3,3,50,-4556.5,425,2071,0,0,0,0;
racing,killCuboid,3,3,15,-4526.5,425,1896,0,0,0,0;
racing,killCuboid,3,3,25,-4526.5,425,2196,0,0,0,0;
racing,killCuboid,11,1,62,-4526.5,505,2021,0,0,0,0;
racing,killCuboid,5,0.75,42,-4526.5,505,2021,0,0,0,0;
custom,cylinder,bark,2,10,2,0,1,1,1,1,4,-4511.5,100,2636,0,0,0,0;
custom,cylinder,bark,2,10,2,0,1,1,1,1,4,-4541.5,100,2636,0,0,0,0;
racing,killcylinder,2.1,10.1,2.1,-4541.5,100,2636,0,0,0,0;
racing,killcylinder,2.1,10.1,2.1,-4511.5,100,2636,0,0,0,0;
custom,cylinder,bark,5,9.9,5,0,1,1,1,1,4,-4526.5,100,2836,0,0,0,0;
racing,killcylinder,5.1,10,5.1,-4526.5,100,2836,0,0,0,0;
racing,killCuboid,30,20,4,-4491.5,100,3236,0,1,0,1;
racing,killCuboid,30,20,4,-4561.5,100,3236,0,1,0,1;
racing,killCuboid,30,3,3,-4526.5,185,3236,0,1,0,1;
racing,killCuboid,30,3,3,-4526.5,125,3236,0,1,0,1;
racing,killCuboid,30,3,3,-4526.5,65,3236,0,1,0,1;
racing,killCuboid,30,2,3,-4526.5,10,3236,0,1,0,1;
custom,cylinder,bark,3,1.45,3,0,1,1,1,1,1,-4526.5,185,3086,0,0,0,0;
custom,cylinder,bark,3,1.45,3,0,1,1,1,1,1,-4526.5,125,3086,0,0,0,0;
custom,cylinder,bark,3,1.45,3,0,1,1,1,1,1,-4526.5,65,3086,0,0,0,0;
custom,cylinder,bark,3,0.95,3,0,1,1,1,1,1,-4526.5,10,3086,0,0,0,0;
racing,killcylinder,3.1,1.5,3.1,-4526.5,185,3086,0,0,0,0;
racing,killcylinder,3.1,1.5,3.1,-4526.5,125,3086,0,0,0,0;
racing,killcylinder,3.1,1.5,3.1,-4526.5,65,3086,0,0,0,0;
racing,killcylinder,3.1,1,3.1,-4526.5,10,3086,0,0,0,0;
racing,killCuboid,2,20,10,-4631.5,100,3096,0,1,0,1;
racing,killCuboid,2,20,10,-4631.5,100,2461,0,1,0,1;
racing,killCuboid,2,20,10,-4421.5,100,3096,0,1,0,1;
racing,killCuboid,2,20,10,-4421.5,100,2461,0,1,0,1;
racing,killCuboid,2,20,61.5,-4671.5,100,2778.5,0,0,0,0;
racing,killCuboid,2,20,61.5,-4381.5,100,2778.5,0,0,0,0;
racing,killCuboid,2,20.15,12,-4601.5,100,2636,0,1,0,1;
racing,killCuboid,2,20.15,12,-4451.5,100,2636,0,1,0,1;
custom,cylinder,bark,1,10,1,0,1,1,1,1,4,-4526.5,100,3531,0,0,0,0;
racing,killCuboid,1,6,7,-4591.5,30,3646,0,1,0,1;
racing,killCuboid,1,6,7,-4461.5,30,3646,0,1,0,1;
racing,killCuboid,1,20,26,-4476.5,100,3516,0,0,0,0;
racing,killCuboid,1,20,26,-4576.5,100,3516,0,0,0,0;
racing,killCuboid,9,14,1,-4526.5,130,3646,0,0,0,0;
racing,killCuboid,21,6,1,-4528.559,30,3845.967,0,0,0,0;
racing,killCuboid,1,6,21,-4628.559,30,3745.967,0,0,0,0;
racing,killCuboid,3,10,2.1,-4203.559,50,3645.967,0,1,0,0;
racing,killCuboid,3,10,2.1,-4203.559,50,3045.967,0,1,0,0;
racing,killCuboid,3,10,2.1,-4203.559,50,3065.967,0.1045285,0.9945219,0,0;
racing,killCuboid,3,10,2.1,-4203.559,50,3085.967,0.2079117,0.9781476,0,0;
racing,killCuboid,3,10,2.1,-4203.559,50,3105.967,0.309017,0.9510565,0,0;
racing,killCuboid,3,10,2.1,-4203.559,50,3125.967,0.4067366,0.9135455,0,0;
racing,killCuboid,3,10,2.1,-4203.559,50,3145.967,0.5,0.8660254,0,0;
racing,killCuboid,3,10,2.1,-4203.559,50,3165.967,0.5877853,0.809017,0,0;
racing,killCuboid,3,10,2.1,-4203.559,50,3185.967,0.6691306,0.7431448,0,0;
racing,killCuboid,3,10,2.1,-4203.559,50,3205.967,0.7431448,0.6691306,0,0;
racing,killCuboid,3,10,2.1,-4203.559,50,3225.967,0.809017,0.5877853,0,0;
racing,killCuboid,3,10,2.1,-4203.559,50,3245.967,0.8660254,0.5,0,0;
racing,killCuboid,3,10,2.1,-4203.559,50,3265.967,0.9135455,0.4067366,0,0;
racing,killCuboid,3,10,2.1,-4203.559,50,3285.967,0.9510565,0.309017,0,0;
racing,killCuboid,3,10,2.1,-4203.559,50,3305.967,0.9781476,0.2079117,0,0;
racing,killCuboid,3,10,2.1,-4203.559,50,3325.967,0.9945219,0.1045285,0,0;
racing,killCuboid,3,10,2.1,-4203.559,50,3345.967,1,0,0,0;
racing,killCuboid,3,10,2.1,-4203.559,50,3365.967,0.9945219,-0.1045285,0,0;
racing,killCuboid,3,10,2.1,-4203.559,50,3385.967,0.9781476,-0.2079117,0,0;
racing,killCuboid,3,10,2.1,-4203.559,50,3405.967,0.9510565,-0.309017,0,0;
racing,killCuboid,3,10,2.1,-4203.559,50,3425.967,0.9135455,-0.4067366,0,0;
racing,killCuboid,3,10,2.1,-4203.559,50,3445.967,0.8660254,-0.5,0,0;
racing,killCuboid,3,10,2.1,-4203.559,50,3465.967,0.809017,-0.5877853,0,0;
racing,killCuboid,3,10,2.1,-4203.559,50,3485.967,0.7431448,-0.6691306,0,0;
racing,killCuboid,3,10,2.1,-4203.559,50,3505.967,0.6691306,-0.7431448,0,0;
racing,killCuboid,3,10,2.1,-4203.559,50,3525.967,0.5877853,-0.809017,0,0;
racing,killCuboid,3,10,2.1,-4203.559,50,3545.967,0.5,-0.8660254,0,0;
racing,killCuboid,3,10,2.1,-4203.559,50,3565.967,0.4067366,-0.9135455,0,0;
racing,killCuboid,3,10,2.1,-4203.559,50,3585.967,0.309017,-0.9510565,0,0;
racing,killCuboid,3,10,2.1,-4203.559,50,3605.967,0.2079117,-0.9781476,0,0;
racing,killCuboid,3,10,2.1,-4203.559,50,3625.967,0.1045285,-0.9945219,0,0;
racing,killtube,11.25,88,11.25,-4203.559,49,3360.967,0,1,-1,0;
racing,killtube,12.25,88,12.25,-4203.559,49,3360.967,0,1,-1,0;
racing,killCuboid,2,10,100,-4203.559,50,4155.967,0,0,0,0;
racing,killCuboid,2,10,100,-4143.559,50,4155.967,0,0,0,0;
racing,killCuboid,2,10,10,-4263.559,50,3705.967,0,0,0,0;
racing,killCuboid,21,10,1,-4318.559,50,3845.967,0,0,0,0;
racing,killCylinder,10,5,10,-4303.559,50,3755.967,0,0,0,0;
racing,killCuboid,1,10,12.5,-4366.059,50,3800.967,0,1,0,1;
racing,killCuboid,1,6,15,-4423.559,30,3720.967,0,0,0,0;
racing,killCuboid,4.5,4,1,-4423.559,80,3828.467,0,1,0,1;
racing,killCuboid,1,10,30,-4203.559,50,2885.967,0,0,0,0;
racing,killCuboid,2,10,38,-4263.559,50,2845.967,0,0,0,0;
racing,killCuboid,2,10,38,-4143.559,50,2845.967,0,0,0,0;
racing,killCuboid,0.25,10,1,-4192.309,50,3695.967,0,0,0,0;
racing,killCuboid,0.25,10,1,-4154.809,50,3695.967,0,0,0,0;
racing,killCuboid,0.5,10,1,-4191.059,50,3845.967,0,0,0,0;
racing,killCuboid,0.5,10,1,-4156.059,50,3845.967,0,0,0,0;
racing,killCuboid,0.75,10,1,-4189.809,50,3995.967,0,0,0,0;
racing,killCuboid,0.75,10,1,-4157.309,50,3995.967,0,0,0,0;
racing,killCuboid,1,10,1,-4188.559,50,4145.967,0,0,0,0;
racing,killCuboid,1,10,1,-4158.559,50,4145.967,0,0,0,0;
racing,killCuboid,1.25,10,1,-4187.309,50,4295.967,0,0,0,0;
racing,killCuboid,1.25,10,1,-4159.809,50,4295.967,0,0,0,0;
racing,killCuboid,1.5,10,1,-4186.059,50,4445.967,0,0,0,0;
racing,killCuboid,1.5,10,1,-4161.059,50,4445.967,0,0,0,0;
racing,killCuboid,1.75,10,1,-4184.809,50,4595.967,0,0,0,0;
racing,killCuboid,1.75,10,1,-4162.309,50,4595.967,0,0,0,0;
racing,killCuboid,3.5,1,1,-4173.559,95,3695.967,0,0,0,0;
racing,killCuboid,3,2,1,-4173.559,90,3845.967,0,0,0,0;
racing,killCuboid,2.5,3,1,-4173.559,85,3995.967,0,0,0,0;
racing,killCuboid,2,4,1,-4173.559,80,4145.967,0,0,0,0;
racing,killCuboid,1.5,5,1,-4173.559,75,4295.967,0,0,0,0;
racing,killCuboid,1,6,1,-4173.559,70,4445.967,0,0,0,0;
racing,killCuboid,0.5,7,1,-4173.559,65,4595.967,0,0,0,0;
racing,killCylinder,1.1,15,1.1,-4253.559,150,5035.967,0,0,0,0;
racing,killCylinder,1.1,15,1.1,-4093.559,150,5035.967,0,0,0,0;
racing,killCuboid,6,30,1,-4223.559,150,5035.967,0,0,0,0;
racing,killCuboid,6,30,1,-4123.559,150,5035.967,0,0,0,0;
racing,killCuboid,1,30,16,-4253.559,150,5115.967,0,0,0,0;
racing,killCuboid,1,30,16,-4093.559,150,5115.967,0,0,0,0;
racing,killCuboid,16,20,1,-4173.559,100,5195.967,0,0,0,0;
racing,killCuboid,4,10,1,-4173.559,250,5035.967,0,0,0,0;
racing,killCuboid,4,14,1,-4173.559,130,5035.967,0,0,0,0;
racing,killCuboid,10,10,1,-4203.559,50,2650.967,0,0,0,0;
custom,cuboid,metal1,20,0.5,20,0,1,1,1,0.01,0.01,-4528.559,2.5,3745.967,0,0,0,0;
custom,cylinder,metal3,3.5,32,3.5,0,1,1,1,1,1,-4203.559,50,3345.967,-0.5,0.5,-0.5,0.5;
custom,tube,stone8,11.5,89,11.5,0,1,1,1,1,1,-4203.559,49,3360.967,0,1,-1,0;
custom,cylinder,stone8,2,5,2,0,1,1,1,0.25,1,-4303.559,50,3755.967,0,0,0,0;
custom,cylinder,stone8,1.5,0.1,3,0,1,1,1,0.01,0.01,-4203.559,50,2885.967,0,0,-1,1;
custom,cuboid,stone3,4,0.5,50,0,1,1,1,1,8,-4173.559,2.5,4840.967,0,0,0,0;
custom,cylinder,stone3,0.5,2,0.5,0,1,1,1,0.5,1,-4173.559,2.5,4590.967,0,0,1,1;
custom,cylinder,stone3,0.5,2,0.5,0,1,1,1,0.5,1,-4173.559,2.5,5090.967,0,0,1,1;
custom,cylinder,stone8,0.1,0.05,0.1,0,1,1,1,0.01,0.01,-4173.559,90.5,3700.967,-1,0,0,1;
custom,cylinder,stone8,0.2,0.05,0.2,0,1,1,1,0.01,0.01,-4173.559,81,3850.967,-1,0,0,1;
custom,cylinder,stone8,0.3,0.05,0.3,0,1,1,1,0.01,0.01,-4173.559,72,4000.967,-1,0,0,1;
custom,cylinder,stone8,0.4,0.05,0.4,0,1,1,1,0.01,0.01,-4173.559,63,4150.967,-1,0,0,1;
custom,cylinder,stone8,0.5,0.05,0.5,0,1,1,1,0.01,0.01,-4173.559,54,4300.967,-1,0,0,1;
custom,cylinder,stone8,0.6,0.05,0.6,0,1,1,1,0.01,0.01,-4173.559,45,4450.967,-1,0,0,1;
custom,cylinder,stone8,0.7,0.05,0.7,0,1,1,1,0.01,0.01,-4173.559,36,4600.967,-1,0,0,1;
custom,cylinder,stone8,0.1,0.05,0.1,0,1,1,1,0.01,0.01,-4173.559,90.5,3690.967,-1,0,0,1;
custom,cylinder,stone8,0.2,0.05,0.2,0,1,1,1,0.01,0.01,-4173.559,81,3840.967,-1,0,0,1;
custom,cylinder,stone8,0.3,0.05,0.3,0,1,1,1,0.01,0.01,-4173.559,72,3990.967,-1,0,0,1;
custom,cylinder,stone8,0.4,0.05,0.4,0,1,1,1,0.01,0.01,-4173.559,63,4140.967,-1,0,0,1;
custom,cylinder,stone8,0.5,0.05,0.5,0,1,1,1,0.01,0.01,-4173.559,54,4290.967,-1,0,0,1;
custom,cylinder,stone8,0.6,0.05,0.6,0,1,1,1,0.01,0.01,-4173.559,45,4440.967,-1,0,0,1;
custom,cylinder,stone8,0.7,0.05,0.7,0,1,1,1,0.01,0.01,-4173.559,36,4590.967,-1,0,0,1;
racing,killcuboid,1,8,38,-4138.559,40,4840.967,0,0,0,0;
racing,killcuboid,1,8,38,-4208.559,40,4840.967,0,0,0,0;
racing,killcuboid,8,1,38,-4173.559,85,4840.967,0,0,0,0;
racing,killcuboid,4,1,1,-4173.559,95,4650.967,0,0,0,0;
custom,cylinder,stone5,1,15,1,0,1,1,1,1,16,-4193.559,150,5035.967,0,0,0,0;
custom,cylinder,stone5,1,15,1,0,1,1,1,1,16,-4153.559,150,5035.967,0,0,0,0;
custom,cylinder,stone5,1,15,1,0,1,1,1,1,16,-4253.559,150,5035.967,0,0,0,0;
custom,cylinder,stone5,1,15,1,0,1,1,1,1,16,-4093.559,150,5035.967,0,0,0,0;
custom,cylinder,stone5,1,15,1,0,1,1,1,1,16,-4253.559,150,5195.967,0,0,0,0;
custom,cylinder,stone5,1,15,1,0,1,1,1,1,16,-4093.559,150,5195.967,0,0,0,0;
custom,cylinder,stone5,1,2,1,0,1,1,1,1,1,-4173.559,200,5035.967,0,0,-1,1;
custom,cylinder,stone5,1,8,1,0,1,1,1,1,4,-4173.559,200,5195.967,0,0,-1,1;
custom,cylinder,stone5,1,8,1,0,1,1,1,1,4,-4253.559,200,5115.967,1,0,0,1;
custom,cylinder,stone5,1,8,1,0,1,1,1,1,4,-4093.559,200,5115.967,1,0,0,1;
custom,cylinder,stone5,1,3,1,0,1,1,1,1,1,-4223.559,200,5035.967,0,0,-1,1;
custom,cylinder,stone5,1,3,1,0,1,1,1,1,1,-4123.559,200,5035.967,0,0,-1,1;
custom,cylinder,stone5,1,2,1,0,1,1,1,1,1,-4173.559,60,5035.967,0,0,-1,1;
custom,cuboid,stone5,17.1,1,17.1,0,1,1,1,1,1,-4173.559,300,5115.967,0,0,0,0;
custom,cylinder,stone5,1,10,1,0,1,1,1,1,16,-4173.559,100,5195.967,0,0,0,0;
racing,killCuboid,8,2,50,-4174.434,195,5447.85,0,0,0,-1;
racing,killCuboid,1,9,50,-4209.434,250,5447.85,0,0,0,-1;
racing,killCuboid,1,9,50,-4139.434,250,5447.85,0,0,0,-1;
racing,killCuboid,8,21,1,-4174.434,100,5692.85,0,-1,0,0;
racing,killCuboid,8,21,1,-4174.434,190,5792.85,0,-1,0,0;
custom,cylinder,stone5,0.96,10.45,0.96,0,1,1,1,0.5,4,-4174.434,100,5692.85,0,0.7071068,0,-0.7071068;
custom,cylinder,stone5,0.96,10.45,0.96,0,1,1,1,0.5,4,-4174.434,190,5792.85,0,0.7071068,0,-0.7071068;
racing,killCuboid,1,30,11,-4209.434,145,5742.85,0,-1,0,0;
racing,killCuboid,1,30,11,-4139.434,145,5742.85,0,-1,0,0;
racing,killCuboid,1,10,100,-4209.434,45,6287.85,0,0,0,-1;
racing,killCuboid,1,10,100,-4139.434,45,6287.85,0,0,0,-1;
racing,killCuboid,8,2,100,-4174.434,95,6287.85,0,0,0,-1;
racing,killCuboid,16,50,1,-4209.434,245,6857.85,0,0.7071068,0,-0.7071068;
racing,killCuboid,16,50,1,-4139.434,245,6857.85,0,0.7071068,0,-0.7071068;
racing,killCuboid,8,41,2,-4174.434,200,6947.85,0,0,0,-1;
racing,killCuboid,8,41,2,-4174.434,290,6777.85,0,0,0,-1;
custom,cuboid,stone5,2.5,40,1,0,1,1,1,0.25,4,-4174.434,290,6777.85,0,0.7071068,0,-0.7071068;
custom,cuboid,stone5,2.5,40,1,0,1,1,1,0.25,4,-4199.434,290,6777.85,0,0.7071068,0,-0.7071068;
custom,cuboid,stone5,2.5,40,1,0,1,1,1,0.25,4,-4149.434,290,6777.85,0,0.7071068,0,-0.7071068;
custom,cuboid,stone5,2.5,40,1,0,1,1,1,0.25,4,-4174.434,195,6947.85,0,0.7071068,0,-0.7071068;
custom,cuboid,stone5,2.5,40,1,0,1,1,1,0.25,4,-4199.434,195,6947.85,0,0.7071068,0,-0.7071068;
custom,cuboid,stone5,2.5,40,1,0,1,1,1,0.25,4,-4149.434,195,6947.85,0,0.7071068,0,-0.7071068;
racing,killCuboid,2,8,1,-4224.434,35,6687.85,0,0,0,-1;
racing,killCuboid,2,8,1,-4224.434,35,6637.85,0,0,0,-1;
racing,killCuboid,2,8,1,-4224.434,35,6587.85,0,0,0,-1;
racing,killCuboid,2,8,1,-4224.434,35,6537.85,0,0,0,-1;
racing,killCuboid,2,8,1,-4224.434,35,6487.85,0,0,0,-1;
racing,killCuboid,2,8,1,-4224.434,35,6437.85,0,0,0,-1;
racing,killCuboid,2,8,1,-4224.434,35,6387.85,0,0,0,-1;
racing,killCuboid,2,8,1,-4224.434,35,6337.85,0,0,0,-1;
custom,cuboid,stone5,1.9,0.9,0.9,0,1,1,1,0.5,0.5,-4224.434,70,6687.85,0,0,0,-1;
custom,cuboid,stone5,1.9,0.9,0.9,0,1,1,1,0.5,0.5,-4224.434,60,6637.85,0,0,0,-1;
custom,cuboid,stone5,1.9,0.9,0.9,0,1,1,1,0.5,0.5,-4224.434,50,6587.85,0,0,0,-1;
custom,cuboid,stone5,1.9,0.9,0.9,0,1,1,1,0.5,0.5,-4224.434,40,6537.85,0,0,0,-1;
custom,cuboid,stone5,1.9,0.9,0.9,0,1,1,1,0.5,0.5,-4224.434,30,6487.85,0,0,0,-1;
custom,cuboid,stone5,1.9,0.9,0.9,0,1,1,1,0.5,0.5,-4224.434,20,6437.85,0,0,0,-1;
custom,cuboid,stone5,1.9,0.9,0.9,0,1,1,1,0.5,0.5,-4224.434,10,6387.85,0,0,0,-1;
custom,cuboid,stone5,1.9,0.9,0.9,0,1,1,1,0.5,0.5,-4224.434,0,6337.85,0,0,0,-1;
racing,killCuboid,2,8,1,-4124.434,35,6687.85,0,0,0,-1;
racing,killCuboid,2,8,1,-4124.434,35,6637.85,0,0,0,-1;
racing,killCuboid,2,8,1,-4124.434,35,6587.85,0,0,0,-1;
racing,killCuboid,2,8,1,-4124.434,35,6537.85,0,0,0,-1;
racing,killCuboid,2,8,1,-4124.434,35,6487.85,0,0,0,-1;
racing,killCuboid,2,8,1,-4124.434,35,6437.85,0,0,0,-1;
racing,killCuboid,2,8,1,-4124.434,35,6387.85,0,0,0,-1;
racing,killCuboid,2,8,1,-4124.434,35,6337.85,0,0,0,-1;
custom,cuboid,stone5,1.9,0.9,0.9,0,1,1,1,0.5,0.5,-4124.434,70,6687.85,0,0,0,-1;
custom,cuboid,stone5,1.9,0.9,0.9,0,1,1,1,0.5,0.5,-4124.434,60,6637.85,0,0,0,-1;
custom,cuboid,stone5,1.9,0.9,0.9,0,1,1,1,0.5,0.5,-4124.434,50,6587.85,0,0,0,-1;
racing,killCylinder,1,150,1,-4094.434,500,8438.078,1,0,0,1;
racing,killCylinder,1,150,1,-4254.434,500,8438.078,1,0,0,1;
racing,killCylinder,0.5,149.9,0.5,-4094.434,500,8438.078,1,0,0,1;
racing,killCylinder,0.5,149.9,0.5,-4254.434,500,8438.078,1,0,0,1;
racing,killCuboid,1,10,300,-4094.434,450,8438.078,0,0,0,0;
racing,killCuboid,1,10,300,-4254.434,450,8438.078,0,0,0,0;
racing,killCuboid,16,1,300,-4174.434,400,8438.078,0,0,0,0;
racing,killtube,1.9,10.1,1.9,-4236.797,422.2078,7977.698,1,0,0,1;
racing,killtube,1.9,10.1,1.9,-4236.797,442.2078,7977.798,1,0,0,1;
racing,killtube,1.9,10.1,1.9,-4236.797,462.2078,7977.698,1,0,0,1;
racing,killtube,1.9,10.1,1.9,-4236.797,482.2078,7977.798,1,0,0,1;
racing,killtube,1.9,10.1,1.9,-4216.797,422.2078,7977.798,1,0,0,1;
racing,killtube,1.9,10.1,1.9,-4216.797,442.2078,7977.698,1,0,0,1;
racing,killtube,1.9,10.1,1.9,-4216.797,462.2078,7977.798,1,0,0,1;
racing,killtube,1.9,10.1,1.9,-4216.797,482.2078,7977.698,1,0,0,1;
racing,killtube,1.9,10.1,1.9,-4196.797,422.2078,7977.698,1,0,0,1;
racing,killtube,1.9,10.1,1.9,-4196.797,442.2078,7977.798,1,0,0,1;
racing,killtube,1.9,10.1,1.9,-4196.797,462.2078,7977.698,1,0,0,1;
racing,killtube,1.9,10.1,1.9,-4196.797,482.2078,7977.798,1,0,0,1;
racing,killtube,-1.9,10.1,1.9,-4151.797,422.2078,7977.698,1,0,0,1;
racing,killtube,-1.9,10.1,1.9,-4151.797,442.2078,7977.798,1,0,0,1;
racing,killtube,-1.9,10.1,1.9,-4151.797,462.2078,7977.698,1,0,0,1;
racing,killtube,-1.9,10.1,1.9,-4151.797,482.2078,7977.798,1,0,0,1;
racing,killtube,-1.9,10.1,1.9,-4131.797,422.2078,7977.798,1,0,0,1;
racing,killtube,-1.9,10.1,1.9,-4131.797,442.2078,7977.698,1,0,0,1;
racing,killtube,-1.9,10.1,1.9,-4131.797,462.2078,7977.798,1,0,0,1;
racing,killtube,-1.9,10.1,1.9,-4131.797,482.2078,7977.698,1,0,0,1;
racing,killtube,-1.9,10.1,1.9,-4111.797,422.2078,7977.698,1,0,0,1;
racing,killtube,-1.9,10.1,1.9,-4111.797,442.2078,7977.798,1,0,0,1;
racing,killtube,-1.9,10.1,1.9,-4111.797,462.2078,7977.698,1,0,0,1;
racing,killtube,-1.9,10.1,1.9,-4111.797,482.2078,7977.798,1,0,0,1;
racing,killcuboid,16.1,1.6,10.1,-4174.297,499.7078,7977.598,0,0,0,0;
racing,killcuboid,2.6,7.9,10.1,-4174.297,452.2078,7977.598,0,0,0,0;
racing,killcuboid,16.1,1.6,10.1,-4174.297,404.7078,7977.598,0,0,0,0;

racing,killcuboid,1.7,10.2,1.7,-4174.297,457.2078,8707.598,0,-0.414,0,1;
racing,killcuboid,1.7,10.2,1.7,-4104.297,457.2078,8777.598,0,-0.414,0,1;
racing,killcuboid,1.7,10.2,1.7,-4244.297,457.2078,8777.598,0,-0.414,0,1;
racing,killcuboid,1.7,10.2,1.7,-4174.297,457.2078,8847.598,0,-0.414,0,1;
racing,killcuboid,1.55,13,1.55,-4209.297,457.2078,8742.598,0.366,-0.351,0.151,0.848;
racing,killcuboid,1.55,13,1.55,-4139.297,457.2078,8742.598,-0.848,0.151,0.351,0.366;
racing,killcuboid,1.55,13,1.55,-4139.297,457.2078,8812.598,0.366,-0.351,0.151,0.848;
racing,killcuboid,1.55,13,1.55,-4209.297,457.2078,8812.598,-0.848,0.151,0.351,0.366;

custom,cuboid,bombtex,100000,1,100000,0,0,0,0,0,0,0,-10000,0,0,0,1,0;
custom,cuboid,bombtex,100000,1,100000,0,0,0,0,0,0,0,10000,0,0,0,1,0;
custom,cuboid,bombtex,100000,100000,1,0,0,0,0,0,0,0,50,20000,0,0,1,0;
custom,cuboid,bombtex,100000,100000,1,0,0,0,0,0,0,0,50,-20000,0,0,1,0;
custom,cuboid,bombtex,1,100000,100000,0,0,0,0,0,0,20000,50,0,0,0,1,0;
custom,cuboid,bombtex,1,100000,100000,0,0,0,0,0,0,-20000,50,0,0,0,1,0;
custom,cylinder,stone5,1,150,1,0,1,1,1,1,32,-4094.434,400,8438.078,-1,0,0,-1;
custom,cylinder,stone5,1,150,1,0,1,1,1,1,32,-4254.434,400,8438.078,-1,0,0,-1;
custom,tube,stone5,2,10,2,0,1,1,1,1,1,-4236.797,422.2078,7977.698,1,0,0,1;
custom,tube,stone5,2,10,2,0,1,1,1,1,1,-4236.797,442.2078,7977.798,1,0,0,1;
custom,tube,stone5,2,10,2,0,1,1,1,1,1,-4236.797,462.2078,7977.698,1,0,0,1;
custom,tube,stone5,2,10,2,0,1,1,1,1,1,-4236.797,482.2078,7977.798,1,0,0,1;
custom,tube,stone5,2,10,2,0,1,1,1,1,1,-4216.797,422.2078,7977.798,1,0,0,1;
custom,tube,stone5,2,10,2,0,1,1,1,1,1,-4216.797,442.2078,7977.698,1,0,0,1;
custom,tube,stone5,2,10,2,0,1,1,1,1,1,-4216.797,462.2078,7977.798,1,0,0,1;
custom,tube,stone5,2,10,2,0,1,1,1,1,1,-4216.797,482.2078,7977.698,1,0,0,1;
custom,tube,stone5,2,10,2,0,1,1,1,1,1,-4196.797,422.2078,7977.698,1,0,0,1;
custom,tube,stone5,2,10,2,0,1,1,1,1,1,-4196.797,442.2078,7977.798,1,0,0,1;
custom,tube,stone5,2,10,2,0,1,1,1,1,1,-4196.797,462.2078,7977.698,1,0,0,1;
custom,tube,stone5,2,10,2,0,1,1,1,1,1,-4196.797,482.2078,7977.798,1,0,0,1;
custom,tube,stone5,-2,10,2,0,1,1,1,1,1,-4151.797,422.2078,7977.698,1,0,0,1;
custom,tube,stone5,-2,10,2,0,1,1,1,1,1,-4151.797,442.2078,7977.798,1,0,0,1;
custom,tube,stone5,-2,10,2,0,1,1,1,1,1,-4151.797,462.2078,7977.698,1,0,0,1;
custom,tube,stone5,-2,10,2,0,1,1,1,1,1,-4151.797,482.2078,7977.798,1,0,0,1;
custom,tube,stone5,-2,10,2,0,1,1,1,1,1,-4131.797,422.2078,7977.798,1,0,0,1;
custom,tube,stone5,-2,10,2,0,1,1,1,1,1,-4131.797,442.2078,7977.698,1,0,0,1;
custom,tube,stone5,-2,10,2,0,1,1,1,1,1,-4131.797,462.2078,7977.798,1,0,0,1;
custom,tube,stone5,-2,10,2,0,1,1,1,1,1,-4131.797,482.2078,7977.698,1,0,0,1;
custom,tube,stone5,-2,10,2,0,1,1,1,1,1,-4111.797,422.2078,7977.698,1,0,0,1;
custom,tube,stone5,-2,10,2,0,1,1,1,1,1,-4111.797,442.2078,7977.798,1,0,0,1;
custom,tube,stone5,-2,10,2,0,1,1,1,1,1,-4111.797,462.2078,7977.698,1,0,0,1;
custom,tube,stone5,-2,10,2,0,1,1,1,1,1,-4111.797,482.2078,7977.798,1,0,0,1;
custom,cuboid,stone5,16,1.5,10,0,1,1,1,1,0.25,-4174.297,499.7078,7977.598,0,0,0,0;
custom,cuboid,stone5,2.5,8,10,0,1,1,1,0.5,0.5,-4174.297,452.2078,7977.598,0,0,0,0;
custom,cuboid,stone5,16,1.5,10,0,1,1,1,1,0.25,-4174.297,404.7078,7977.598,0,0,0,0;
custom,cuboid,stone5,1.5,10,1.5,0,1,1,1,0.25,1,-4174.297,457.2078,8707.598,0,-0.414,0,1;
custom,cuboid,stone5,1.5,10,1.5,0,1,1,1,0.25,1,-4104.297,457.2078,8777.598,0,-0.414,0,1;
custom,cuboid,stone5,1.5,10,1.5,0,1,1,1,0.25,1,-4244.297,457.2078,8777.598,0,-0.414,0,1;
custom,cuboid,stone5,1.5,10,1.5,0,1,1,1,0.25,1,-4174.297,457.2078,8847.598,0,-0.414,0,1;
custom,cuboid,stone5,1.4,13,1.4,0,1,1,1,0.25,1,-4209.297,457.2078,8742.598,0.366,-0.351,0.151,0.848;
custom,cuboid,stone5,1.4,13,1.4,0,1,1,1,0.25,1,-4139.297,457.2078,8742.598,-0.848,0.151,0.351,0.366;
custom,cuboid,stone5,1.4,13,1.4,0,1,1,1,0.25,1,-4139.297,457.2078,8812.598,0.366,-0.351,0.151,0.848;
custom,cuboid,stone5,1.4,13,1.4,0,1,1,1,0.25,1,-4209.297,457.2078,8812.598,-0.848,0.151,0.351,0.366;
custom,tube,stone5,10,50,10,0,1,1,1,1,1,-4174.434,444,10106.816,-0.7071068,0,0,-0.7071068;
custom,tube,stone5,8,40,8,0,1,1,1,1,1,-4174.434,444,10131.816,-0.7071068,0,0,-0.7071068;
custom,tube,stone5,6,30,6,0,1,1,1,1,1,-4174.434,444,10156.816,-0.7071068,0,0,-0.7071068;
custom,tube,stone5,4,20,4,0,1,1,1,1,1,-4174.434,444,10206.816,-0.7071068,0,0,-0.7071068;
custom,tube,stone5,3,20,3,0,1,1,1,1,1,-4174.434,444,10231.816,-0.7071068,0,0,-0.7071068;
custom,tube,stone5,2,10,2,0,1,1,1,1,1,-4174.434,444,10281.816,-0.7071068,0,0,-0.7071068;
custom,tube,stone5,1.5,1,1.5,0,1,1,1,1,1,-4174.434,444,10316.816,-0.7071068,0,0,-0.7071068;
custom,tube,stone5,1,0.9,1,0,1,1,1,1,1,-4174.434,444,10321.816,-0.7071068,0,0,-0.7071068;
racing,killTube,9.9,50.1,9.9,-4174.434,444,10106.816,-0.7071068,0,0,-0.7071068;
racing,killTube,7.9,40.1,7.9,-4174.434,444,10131.816,-0.7071068,0,0,-0.7071068;
racing,killTube,5.9,30.1,5.9,-4174.434,444,10156.816,-0.7071068,0,0,-0.7071068;
racing,killTube,3.9,20.1,3.9,-4174.434,444,10206.816,-0.7071068,0,0,-0.7071068;
racing,killTube,2.9,20.1,2.9,-4174.434,444,10231.816,-0.7071068,0,0,-0.7071068;
racing,killTube,1.9,10.1,1.9,-4174.434,444,10281.816,-0.7071068,0,0,-0.7071068;
racing,killTube,1.4,1.1,1.4,-4174.434,444,10316.816,-0.7071068,0,0,-0.7071068;
racing,killTube,0.9,1,0.9,-4174.434,444,10321.816,-0.7071068,0,0,-0.7071068;
racing,killTube,10.1,50.1,10.1,-4174.434,444,10106.816,-0.7071068,0,0,-0.7071068;
racing,killTube,8.1,40.1,8.1,-4174.434,444,10131.816,-0.7071068,0,0,-0.7071068;
racing,killTube,6.1,30.1,6.1,-4174.434,444,10156.816,-0.7071068,0,0,-0.7071068;
racing,killTube,4.1,20.1,4.1,-4174.434,444,10206.816,-0.7071068,0,0,-0.7071068;
racing,killTube,3.1,20.1,3.1,-4174.434,444,10231.816,-0.7071068,0,0,-0.7071068;
racing,killTube,2.1,10.1,2.1,-4174.434,444,10281.816,-0.7071068,0,0,-0.7071068;
racing,killTube,1.6,1.1,1.6,-4174.434,444,10316.816,-0.7071068,0,0,-0.7071068;
racing,killTube,1.1,1,1.1,-4174.434,444,10321.816,-0.7071068,0,0,-0.7071068;
custom,cuboid,stone5,1.9,0.9,0.9,0,1,1,1,0.5,0.5,-4124.434,40,6537.85,0,0,0,-1;
custom,cuboid,stone5,1.9,0.9,0.9,0,1,1,1,0.5,0.5,-4124.434,30,6487.85,0,0,0,-1;
custom,cuboid,stone5,1.9,0.9,0.9,0,1,1,1,0.5,0.5,-4124.434,20,6437.85,0,0,0,-1;
custom,cuboid,stone5,1.9,0.9,0.9,0,1,1,1,0.5,0.5,-4124.434,10,6387.85,0,0,0,-1;
custom,cuboid,stone5,1.9,0.9,0.9,0,1,1,1,0.5,0.5,-4124.434,0,6337.85,0,0,0,-1;
racing,killCylinder,0.5,8.5,0.5,-4174.434,500,10300,0,0,-0.7071068,-0.7071068;
racing,killCylinder,1,8.5,1,-4174.434,500,10300,0,0,-0.7071068,-0.7071068;
custom,cuboid,metal1,20,0.5,20,1,0.5,0.5,0.5,0.01,0.01,-4174.434,197.5,10851,0,0,0,0;
custom,cuboid,metal1,0.5,1,8,1,0.5,0.5,0.5,0.5,0.01,-4114.434,200,10953.5,0,1,0,1;
custom,cuboid,metal1,0.5,1,8,1,0.5,0.5,0.5,0.5,0.01,-4114.434,250,10953.5,0,1,0,1;
custom,cuboid,metal1,0.5,1,8,1,0.5,0.5,0.5,0.5,0.01,-4234.434,200,10953.5,0,1,0,1;
custom,cuboid,metal1,0.5,1,8,1,0.5,0.5,0.5,0.5,0.01,-4234.434,250,10953.5,0,1,0,1;
custom,cuboid,metal1,0.5,1,8,1,0.5,0.5,0.5,0.5,0.01,-4114.434,200,10748.5,0,1,0,1;
custom,cuboid,metal1,0.5,1,8,1,0.5,0.5,0.5,0.5,0.01,-4114.434,250,10748.5,0,1,0,1;
custom,cuboid,metal1,0.5,1,8,1,0.5,0.5,0.5,0.5,0.01,-4234.434,200,10748.5,0,1,0,1;
custom,cuboid,metal1,0.5,1,8,1,0.5,0.5,0.5,0.5,0.01,-4234.434,250,10748.5,0,1,0,1;
custom,cuboid,metal1,0.5,1,21,1,0.5,0.5,0.5,0.5,0.01,-4276.934,200,10851,0,0,0,0;
custom,cuboid,metal1,0.5,1,21,1,0.5,0.5,0.5,0.5,0.01,-4276.934,250,10851,0,0,0,0;
custom,cuboid,metal1,0.5,1,21,1,0.5,0.5,0.5,0.5,0.01,-4071.934,200,10851,0,0,0,0;
custom,cuboid,metal1,0.5,1,21,1,0.5,0.5,0.5,0.5,0.01,-4071.934,250,10851,0,0,0,0;
custom,cuboid,metal1,1,4,0.5,1,0.5,0.5,0.5,0.01,0.5,-4199.434,225,10748.5,0,0,0,0;
custom,cuboid,metal1,1,4,0.5,1,0.5,0.5,0.5,0.01,0.5,-4149.434,225,10748.5,0,0,0,0;
custom,cuboid,metal1,3,4,0.5,1,0.5,0.5,0.5,0.01,0.5,-4209.434,225,10953.5,0,0,0,0;
custom,cuboid,metal1,3,4,0.5,1,0.5,0.5,0.5,0.01,0.5,-4139.434,225,10953.5,0,0,0,0;
custom,cuboid,metal1,4,1,0.5,1,0.5,0.5,0.5,0.5,0.01,-4174.434,250,10748.5,0,0,0,0;
custom,cuboid,metal1,4,1,0.5,1,0.5,0.5,0.5,0.5,0.01,-4174.434,250,10953.5,0,0,0,0;
custom,checkpointCuboid,default,4,5,0.5,0,1,1,1,1,1,-4174.434,220,10748.5,0,0,0,0;
custom,prism,default,4.5,1,4.5,0,1,0,0,1,1,-4174.434,271.6,10749,-1,0,0,-1;
custom,prism,default,4,1,4,1,1,0,0,1,1,-4174.434,271,10748.5,-1,0,0,-1;
custom,prism,default,3,1,3,0,1,0,0,1,1,-4174.434,270,10748,-1,0,0,-1;
custom,capsule,default,0.3,0.75,0.25,1,0,0,0,1,1,-4174.184,273,10742.25,0,0,0,0;
custom,sphere,default,0.4,0.4,0.4,1,0,0,0,1,1,-4174.434,260.8,10744,0,0,0,0;
misc,barrier,16,1,300,-4174.434,505,8438.078,0,0,0,0;
racing,killcuboid,16,50,1,-4174.434,400,10522.2,0,0.77,-0.5,0;
racing,killcuboid,8,30,0.5,-4174.434,400,10522.2,0,0.77,-0.5,0;
photon,spawnAbnormal,80,0,-4224.434,201,10891,0,0,0,0,;
photon,spawnAbnormal,81,0,-4124.434,201,10891,0,0,0,0,;
photon,spawnAbnormal,82,0,-4224.434,201,10811,0,0,0,0,;
photon,spawnAbnormal,83,0,-4124.434,201,10811,0,0,0,0,;
racing,killcuboid,16,50,1,-4174.434,293.8,10522.2,0,0.77,-0.5,0;
racing,killcuboid,13,40,0.5,-4174.434,293.8,10522.2,0,0.77,-0.5,0;
racing,killcuboid,1,30,45,-4254.434,345,10521,0,0,0,0;
racing,killcuboid,1,30,45,-4094.434,345,10521,0,0,0,0;
racing,killcuboid,20,0.5,20,-4174.434,197.3,10851,0,0,0,0;
racing,killcuboid,20,1,20,-4174.434,250,10851,0,0,0,0;
racing,killCuboid,0.5,4,5.5,-4251.934,225,10953.5,0,1,0,1;
racing,killCuboid,0.5,4,5.5,-4096.934,225,10953.5,0,1,0,1;
racing,killCuboid,0.5,4,7.5,-4241.934,225,10748.5,0,1,0,1;
racing,killCuboid,0.5,4,7.5,-4106.934,225,10748.5,0,1,0,1;
racing,killCuboid,0.5,4,20,-4276.934,225,10851,0,0,0,0;
racing,killCuboid,0.5,4,20,-4071.934,225,10851,0,0,0,0;
racing,killCuboid,17,24,2,-4174.434,375,10756,0,0,0,0;
racing,killCuboid,17,1,47,-4174.434,500,10531,0,0,0,0;
racing,killCuboid,0.5,8,58.4,-4174.434,97,11223.54,0.6963471,-0.6963471,-0.1228848,-0.1228848;
racing,killCuboid,0.25,8,57.4,-4174.434,154,11223.92,0.6963472,-0.6963472,-0.1228848,-0.1228848;
racing,killCuboid,0.5,6,48.4,-4174.434,97,11223.54,0.6963471,-0.6963471,-0.1228848,-0.1228848;
racing,killCuboid,0.25,6,47.4,-4174.434,154,11223.92,0.6963472,-0.6963472,-0.1228848,-0.1228848;
racing,killCylinder,0.5,4,0.5,-4174.434,58,11493,0,0,-0.7071068,-0.7071068;
racing,killCylinder,1,4,1,-4174.434,58,11493,0,0,-0.7071068,-0.7071068;
racing,killCuboid,8,1,40,-4174.434,57.5,11690,0,0,0,-1;
custom,cuboid,metal1,20,1,20,0,1,1,1,0.01,0.01,-4174.434,5,12080,0,0.7071068,0,-0.7071068;
custom,cuboid,metal1,1,3.5,0.5,0,1,1,1,0.01,0.01,-4179.434,30,11975,0,0.7071068,0,-0.7071068;
custom,cuboid,metal1,1,3.5,0.5,0,1,1,1,0.01,0.01,-4169.434,30,11975,0,0.7071068,0,-0.7071068;
custom,cuboid,metal1,1,3.5,0.5,0,1,1,1,0.01,0.01,-4209.434,30,11975,0,0.7071068,0,-0.7071068;
custom,cuboid,metal1,1,3.5,0.5,0,1,1,1,0.01,0.01,-4139.434,30,11975,0,0.7071068,0,-0.7071068;
custom,cuboid,metal1,1,0.5,2.5,0,1,1,1,0.01,0.01,-4194.434,45,11975,0,0.7071068,0,-0.7071068;
custom,cuboid,metal1,1,0.5,2.5,0,1,1,1,0.01,0.01,-4194.434,15,11975,0,0.7071068,0,-0.7071068;
custom,cuboid,metal1,1,0.5,2.5,0,1,1,1,0.01,0.01,-4154.434,45,11975,0,0.7071068,0,-0.7071068;
custom,cuboid,metal1,1,0.5,2.5,0,1,1,1,0.01,0.01,-4154.434,15,11975,0,0.7071068,0,-0.7071068;
custom,cuboid,stone5,1,3.5,0.5,0,1,1,1,0.05,0.5,-4174.434,30,11975,0,0.7071068,0,-0.7071068;
custom,cuboid,stone5,1,1.25,20,0,1,1,1,1,0.125,-4174.434,6.25,11975,0,0.7071068,0,-0.7071068;
custom,cuboid,stone5,1,1.25,20,0,1,1,1,1,0.125,-4174.434,53.75,11975,0,0.7071068,0,-0.7071068;
custom,cuboid,stone5,1,3.5,6.25,0,1,1,1,0.5,0.125,-4243.184,30,11975,0,0.7071068,0,-0.7071068;
custom,cuboid,stone5,1,3.5,6.25,0,1,1,1,0.5,0.125,-4105.684,30,11975,0,0.7071068,0,-0.7071068;
racing,killCuboid,1.1,3.6,0.6,-4174.434,30,11975,0,0.7071068,0,-0.7071068;
racing,killCuboid,1.1,1.3,20.1,-4174.434,6.25,11975,0,0.7071068,0,-0.7071068;
racing,killCuboid,1.1,1.3,20.1,-4174.434,53.75,11975,0,0.7071068,0,-0.7071068;
racing,killCuboid,1.1,3.6,6.3,-4243.184,30,11975,0,0.7071068,0,-0.7071068;
racing,killCuboid,1.1,3.6,6.3,-4105.684,30,11975,0,0.7071068,0,-0.7071068;
custom,killCuboid,default,2.5,2.5,1,0,1,1,1,1,1,-4194.434,30,11975,0,0,0,-1;
custom,checkpointCuboid,default,2.5,2.5,0.25,0,1,1,1,1,1,-4154.434,30,11971,0,0,0,-1;
racing,killCuboid,2.5,2.5,0.75,-4154.434,30,11976,0,0,0,-1;
custom,cylinder,stone5,1,7,1,0,1,1,1,0.1,1,-4174.434,50,11640,-0.7071068,0,0,-0.7071068;
racing,killCylinder,1.1,7.1,1.1,-4174.434,50,11640,-0.7071068,0,0,-0.7071068;
racing,killCuboid,1,6,20,-4174.434,30,12185,0,0.7071068,0,-0.7071068;
racing,killCuboid,5,6,1,-4099.434,30,11885,0,0,0,-1;
racing,killCuboid,5,6,1,-4249.434,30,11885,0,0,0,-1;
racing,killCuboid,8,6,1,-4079.434,30,11930,0,0.7071068,0,-0.7071068;
racing,killCuboid,8,6,1,-4269.434,30,11930,0,0.7071068,0,-0.7071068;
racing,killCuboid,1,6,7,-4279.434,30,12005,0,0,0,-1;
racing,killCuboid,1,6,8,-4279.434,30,12150,0,0,0,-1;
racing,killCuboid,1,6,22,-4069.434,30,12080,0,0,0,-1;
racing,killCuboid,5.8,1,56.5,-4129.656,122.6,11230.4,0.6963472,-0.6963472,-0.1228848,-0.1228848;
racing,killCuboid,5.8,1,56.5,-4218.966,122.6,11230.4,0.6963472,-0.6963472,-0.1228848,-0.1228848;
racing,killCuboid,1,5.8,0.5,-4129.925,221.2,10959.39,0,0.9970528,0.07671914,0;
racing,killCuboid,1,5.8,0.5,-4130.015,221.6,10957.8,0,0.9997015,0.0244322,0;
racing,killCuboid,1,5.8,0.5,-4129.704,220,10963.41,0,0.9854079,0.1702096,0;
racing,killCuboid,1,5.8,0.5,-4129.823,220.6,10961.41,0,0.9921147,0.1253334,0;
racing,killCuboid,1,5.8,0.5,-4130.253,221.6,10955.21,0,1,0,0;
racing,killCuboid,1,5.8,0.5,-4218.925,221.2,10959.39,0,0.9970528,0.07671914,0;
racing,killCuboid,1,5.8,0.5,-4219.015,221.6,10957.8,0,0.9997015,0.0244322,0;
racing,killCuboid,1,5.8,0.5,-4218.702,220,10963.41,0,0.9854079,0.1702096,0;
racing,killCuboid,1,5.8,0.5,-4218.823,220.6,10961.41,0,0.9921147,0.1253334,0;
racing,killCuboid,1,5.8,0.5,-4219.253,221.6,10955.21,0,1,0,0;
racing,killCuboid,41,7,1,-4129.572,28,11684.92,0,0.7071068,0,-0.7071068;
racing,killCuboid,41,7,1,-4219.489,28,11685.13,0,0.7071068,0,-0.7071068;
racing,killCuboid,1,6,10,-4324.468,30,12105,0,0.7071068,0,-0.7071068;
racing,killCuboid,1,6,10,-4379.468,30,12150,0,1,0,0;
racing,killCuboid,1,6,5,-4399.468,30,12205,0,0.7071068,0,-0.7071068;
racing,killCuboid,1,6,10,-4419.468,30,12150,0,1,0,0;
racing,killCuboid,1,6,10,-4474.468,30,12105,0,0.7071068,0,-0.7071068;
racing,killCuboid,1,6,10,-4529.468,30,12150,0,1,0,0;
racing,killCuboid,1,6,5,-4549.468,30,12205,0,0.7071068,0,-0.7071068;
racing,killCuboid,1,6,10,-4569.468,30,12150,0,1,0,0;
racing,killCuboid,1,6,10,-4624.468,30,12105,0,0.7071068,0,-0.7071068;
racing,killCuboid,1,6,10,-4679.468,30,12150,0,1,0,0;
racing,killCuboid,1,6,5,-4699.468,30,12205,0,0.7071068,0,-0.7071068;
racing,killCuboid,1,6,10,-4719.468,30,12150,0,1,0,0;
racing,killCuboid,1,6,10,-4774.468,30,12105,0,0.7071068,0,-0.7071068;
racing,killCuboid,1,6,10,-4829.468,30,12150,0,1,0,0;
racing,killCuboid,1,6,5,-4849.468,30,12205,0,0.7071068,0,-0.7071068;
racing,killCuboid,1,6,10,-4869.468,30,12150,0,1,0,0;
racing,killCuboid,1,6,10,-4924.468,30,12105,0,0.7071068,0,-0.7071068;
racing,killcuboid,1,6,12,-4399.468,30,12100,0,1,0,0;
racing,killcylinder,1,3,1,-4399.468,30,12160,0,1,0,0;
racing,killcuboid,1,6,12,-4549.468,30,12100,0,1,0,0;
racing,killcylinder,1,3,1,-4549.468,30,12160,0,1,0,0;
racing,killcuboid,1,6,12,-4699.468,30,12100,0,1,0,0;
racing,killcylinder,1,3,1,-4699.468,30,12160,0,1,0,0;
racing,killcuboid,1,6,12,-4849.468,30,12100,0,1,0,0;
racing,killcylinder,1,3,1,-4849.468,30,12160,0,1,0,0;
custom,cuboid,metal3,0.9,5.9,9.9,1,1,0,0,1,1,-4324.468,30,12105,0,0.7071068,0,-0.7071068;
custom,cuboid,metal3,0.9,5.9,9.9,1,1,0,0,1,1,-4379.468,30,12150,0,1,0,0;
custom,cuboid,metal3,0.9,5.9,4.9,1,1,0,0,1,1,-4399.468,30,12205,0,0.7071068,0,-0.7071068;
custom,cuboid,metal3,0.9,5.9,11.9,1,1,0,0,1,1,-4399.468,30,12100,0,1,0,0;
custom,cylinder,metal3,0.9,2.95,0.9,1,1,0,0,1,1,-4399.468,30,12160,0,1,0,0;
custom,cuboid,metal3,0.9,5.9,9.9,1,1,0,0,1,1,-4419.468,30,12150,0,1,0,0;
custom,cuboid,metal3,0.9,5.9,9.9,1,1,0,0,1,1,-4474.468,30,12105,0,0.7071068,0,-0.7071068;
custom,cuboid,metal3,0.9,5.9,11.9,1,1,0,0,1,1,-4549.468,30,12100,0,1,0,0;
custom,cylinder,metal3,0.9,2.95,0.9,1,1,0,0,1,1,-4549.468,30,12160,0,1,0,0;
custom,cylinder,metal3,0.9,2.95,0.9,1,1,0,0,1,1,-4624.468,30,12105,0,0.7071068,0,-0.7071068;
custom,cuboid,metal3,0.9,5.9,0.9,1,1,0,0,1,1,-4679.468,30,12105,0,1,0,0;
custom,cuboid,metal3,0.9,5.9,0.9,1,1,0,0,1,1,-4719.468,30,12105,0,1,0,0;
custom,cuboid,metal3,0.9,5.9,0.9,1,1,0,0,1,1,-4719.468,30,12205,0,1,0,0;
custom,cuboid,metal3,0.9,5.9,0.9,1,1,0,0,1,1,-4679.468,30,12205,0,1,0,0;
custom,cylinder,metal3,0.9,2.95,0.9,1,1,0,0,1,1,-4699.468,30,12160,0,1,0,0;
custom,cuboid,metal3,1.9,0.15,0.1,1,1,0,0,1,1,-4849.468,0,12179.5,0,1,0,0;
custom,cuboid,metal3,0.1,0.15,14,1,1,0,0,1,1,-4839.468,0,12110,0,1,0,0;
custom,cuboid,metal3,0.1,0.15,14,1,1,0,0,1,1,-4859.468,0,12110,0,1,0,0;
racing,killcuboid,1.8,0.2,0.15,-4849.468,0,12179.5,0,1,0,0;
racing,killcuboid,0.15,0.2,14.1,-4839.468,0,12110,0,1,0,0;
racing,killcuboid,0.15,0.2,14.1,-4859.468,0,12110,0,1,0,0;
custom,cylinder,metal3,1.5,3,1.5,1,1,1,0,1,1,-4974.468,30,12105,0,1,0,0;
custom,cylinder,metal3,1.5,3,1.5,1,1,1,0,1,1,-5014.993,30,12041.66,0,1,0,0;
custom,cuboid,metal3,1,6,25,1,1,0,0,1,1,-5064.468,30,12195,0,0.382515,0,-0.9239493;
custom,cuboid,metal3,1,6,34,1,1,0,0,1,1,-5137.128,30,12165.5,0,0.382515,0,-0.9239493;
custom,cuboid,metal3,1,6,25,1,1,0,0,1,1,-5064.468,30,12380,0,-0.382515,0,-0.9239493;
custom,cuboid,metal3,1,6,25,1,1,0,0,1,1,-5164.468,30,12380,0,-0.382515,0,-0.9239493;
custom,cuboid,metal3,1,6,15,1,1,0,0,1,1,-5074.468,30,12547.5,0,1,0,0;
custom,cuboid,metal3,1,6,15,1,1,0,0,1,1,-4974.468,30,12547.5,0,1,0,0;
custom,cuboid,metal3,1,6,25,1,1,0,0,1,1,-5064.468,30,12715,0,0.382515,0,-0.9239493;
custom,cuboid,metal3,1,6,25,1,1,0,0,1,1,-5164.468,30,12715,0,0.382515,0,-0.9239493;
custom,cuboid,metal3,1,6,8,1,1,0,0,1,1,-5148.689,30,12844,0,1,0,0;
custom,cylinder,metal3,2,3,2,1,1,1,0,1,1,-5247.812,30,12286.87,0,-0.7071068,0,-0.7071068;
custom,cylinder,metal3,2,3,2,1,1,1,0,1,1,-5074.468,30,12470,0,0.7071068,0,-0.7071068;
custom,cylinder,metal3,2,3,2,1,1,1,0,1,1,-5154.468,30,12287.5,0,-0.7071068,0,-0.7071068;
custom,cylinder,metal3,2,3,2,1,1,1,0,1,1,-4974.468,30,12470,0,0.7071068,0,-0.7071068;
custom,cylinder,metal3,2,3,2,1,1,1,0,1,1,-4974.468,30,12620,0,0.7071068,0,-0.7071068;
custom,cylinder,metal3,2,3,2,1,1,1,0,1,1,-5074.468,30,12620,0,0.7071068,0,-0.7071068;
custom,cylinder,metal3,2,3,2,1,1,1,0,1,1,-5149.468,30,12805,0,1,0,0;
custom,cylinder,metal3,2,3,2,1,1,1,0,1,1,-5249.468,30,12805,0,1,0,0;
racing,killcylinder,1.6,2.9,1.6,-4974.468,30,12105,0,1,0,0;
racing,killcylinder,1.6,2.9,1.6,-5014.993,30,12041.66,0,1,0,0;
racing,killcuboid,1.1,5.9,25,-5064.468,30,12195,0,0.382515,0,-0.9239493;
racing,killcuboid,1.1,5.9,34,-5137.128,30,12165.5,0,0.382515,0,-0.9239493;
racing,killcuboid,1.1,5.9,25,-5064.468,30,12380,0,-0.382515,0,-0.9239493;
racing,killcuboid,1.1,5.9,25,-5164.468,30,12380,0,-0.382515,0,-0.9239493;
racing,killcuboid,1.1,5.9,15,-5074.468,30,12547.5,0,1,0,0;
racing,killcuboid,1.1,5.9,15,-4974.468,30,12547.5,0,1,0,0;
racing,killcuboid,1.1,5.9,25,-5064.468,30,12715,0,0.382515,0,-0.9239493;
racing,killcuboid,1.1,5.9,25,-5164.468,30,12715,0,0.382515,0,-0.9239493;
racing,killcuboid,1.1,5.9,8,-5148.689,30,12844.98,0,1,0,0;
racing,killcylinder,2.1,2.9,2.1,-5247.812,30,12286.87,0,-0.7071068,0,-0.7071068;
racing,killcylinder,2.1,2.9,2.1,-5074.468,30,12470,0,0.7071068,0,-0.7071068;
racing,killcylinder,2.1,2.9,2.1,-5154.468,30,12287.5,0,-0.7071068,0,-0.7071068;
racing,killcylinder,2.1,2.9,2.1,-4974.468,30,12470,0,0.7071068,0,-0.7071068;
racing,killcylinder,2.1,2.9,2.1,-4974.468,30,12620,0,0.7071068,0,-0.7071068;
racing,killcylinder,2.1,2.9,2.1,-5074.468,30,12620,0,0.7071068,0,-0.7071068;
racing,killcylinder,2.1,2.9,2.1,-5149.468,30,12805,0,1,0,0;
racing,killcylinder,2.1,2.9,2.1,-5249.468,30,12805,0,1,0,0;
racing,killCuboid,8,2,2,-5134.468,10,12215,0,0.382515,0,-0.9239493;
racing,killCuboid,8,2,2,-5134.468,50,12215,0,0.382515,0,-0.9239493;
racing,killCuboid,3,6,3,-5104.468,30,12412.5,0,-0.382515,0,-0.9239493;
racing,killCuboid,9,1,6,-5024.468,5,12545,0,1,0,0;
racing,killCuboid,9,1,6,-5024.468,55,12545,0,1,0,0;
custom,cuboid,stone10,1,6,50,0,1,1,1,8,1,-5497.945,30,12809.73,0,0.7071068,0,-0.7071068;
custom,cylinder,stone10,1,2.99,1,0,1,1,1,0.5,3,-5747.945,30,12809.73,0,0,0,-1;
racing,killCuboid,1,6,20,-5847.945,30,12809.73,0,0.7071068,0,-0.7071068;
racing,killCylinder,4,3,4,-5947.945,30,12794.73,0,0.7071068,0,-0.7071068;
racing,killCylinder,2,3,2,-5947.945,30,12794.73,0,0.7071068,0,-0.7071068;
custom,cylinder,metal3,2,2.95,2,1,1,1,0,1,1,-5847.945,30,12809.73,0,0.7071068,0,-0.7071068;
racing,killCylinder,2.1,3,2.1,-5847.945,30,12809.73,0,0.7071068,0,-0.7071068;
racing,killCuboid,1,6,83.5,-5561.798,30,12879.73,0,0.7071068,0,-0.7071068;
racing,killCuboid,1.5,6,20,-5990.445,30,12784.73,0,-1,0,0;
racing,killCuboid,1,6,11,-5962.945,30,12739.73,0,-1,0,0;
racing,killCuboid,12,1,30,-6017.945,60,12544.73,0,-0.9741527,-0.2258905,0;
racing,killCuboid,12,1,31.5,-6017.945,130,12544.73,0,-0.9741527,-0.2258905,0;
custom,cylinder,metal3,1.5,6.01,1.5,1,1,0,1,0.01,0.01,-6017.945,60.5,12686.73,-0.5,-0.5,0.5,-0.5;
racing,killCylinder,1.55,6.01,1.55,-6017.945,60.5,12686.73,-0.5,-0.5,0.5,-0.5;
racing,killCuboid,1,6,10,-6027.945,30,12879.73,0,0.7071068,0,-0.7071068;
racing,killCuboid,1,6,20,-6072.945,30,12784.73,0,-1,0,0;
racing,killCuboid,1,6,15,-6032.945,30,12759.73,0,-1,0,0;
racing,killCylinder,1,3,1,-6032.945,30,12834.73,0,0.7071068,0,-0.7071068;
racing,killCuboid,1,7,34,-6072.945,95,12544.73,0,-0.9741527,-0.2258905,0;
racing,killCuboid,1,7,34,-5962.945,95,12544.73,0,-0.9741527,-0.2258905,0;
racing,killCuboid,1,7,34,-6032.945,95,12544.73,0,-0.9741527,-0.2258905,0;
racing,killCuboid,1.5,7,20,-5990.445,65,12604.73,0,-0.9741527,-0.2258905,0;
racing,killCuboid,8,7,1,-5997.945,155,12424.73,0,-0.9741527,-0.2258905,0;
racing,killCuboid,1,7,34,-6072.945,95,12274.73,0,-0.9741527,0.2258905,0;
racing,killCuboid,1,7,34,-6032.945,95,12274.73,0,-0.9741527,0.2258905,0;
racing,killCuboid,5,1,30,-6052.945,60,12274.73,0,-0.9741527,0.2258905,0;
racing,killCuboid,5,1,31.5,-6052.945,130,12274.73,0,-0.9741527,0.2258905,0;
racing,killCuboid,2.5,0.75,24,-6052.945,130,12274.73,0,-0.9741527,0.2258905,0;
racing,killCuboid,1,6,20,-6072.945,30,12044.73,0,0,0,-1;
racing,killCuboid,1,6,20,-6032.945,30,12044.73,0,0,0,-1;
racing,killCylinder,10,3.1,10,-6117.945,30,11944.73,0,0.7071068,0,-0.7071068;
racing,killCylinder,10,3.1,10,-5987.945,30,11944.73,0,0.7071068,0,-0.7071068;
racing,killCylinder,10,3.1,10,-6117.945,30,11814.73,0,0.7071068,0,-0.7071068;
racing,killCylinder,10,3.1,10,-5987.945,30,11814.73,0,0.7071068,0,-0.7071068;
racing,killPrism,5,0.1,10,-6032.945,30,12794.73,0,0,0.7071068,0.7071068;
custom,cuboid,metal3,1,6,75,1,1,0,0,0.01,0.01,-6492.945,30,11899.73,0,0.7071068,0,-0.7071068;
custom,cuboid,metal3,1,6,75,1,1,0,0,0.01,0.01,-6492.945,30,11859.73,0,0.7071068,0,-0.7071068;
custom,cuboid,metal3,1,6,75,1,0,0,1,0.01,0.01,-5612.945,30,11899.73,0,0.7071068,0,-0.7071068;
custom,cuboid,metal3,1,6,75,1,0,0,1,0.01,0.01,-5612.945,30,11859.73,0,0.7071068,0,-0.7071068;
custom,cuboid,metal3,1,6,5,1,0,0,1,0.01,0.01,-5232.945,30,11879.73,0,0,0,-1;
custom,cuboid,metal3,1,6,5,1,1,0,0,0.01,0.01,-6872.945,30,11879.73,0,0,0,-1;
custom,cuboid,metal3,3,1,6,1,0,0,1,0.01,0.01,-5267.945,55,11879.73,0,0.7071068,0,-0.7071068;
custom,cuboid,metal3,3,1,6,1,1,0,0,0.01,0.01,-6837.945,55,11879.73,0,0.7071068,0,-0.7071068;
custom,cuboid,metal3,3,1,6,1,0,0,1,0.01,0.01,-5267.945,5,11879.73,0,0.7071068,0,-0.7071068;
custom,cuboid,metal3,3,1,6,1,1,0,0,0.01,0.01,-6837.945,5,11879.73,0,0.7071068,0,-0.7071068;
custom,cylinder,metal3,2,3,2,1,1,0,0,0.01,0.01,-6117.945,30,11944.73,0,0.7071068,0,-0.7071068;
custom,cylinder,metal3,2,3,2,1,0,0,1,0.01,0.01,-5987.945,30,11944,0,0.7071068,0,-0.7071068;
custom,cylinder,metal3,2,3,2,1,1,0,0,0.01,0.01,-6117.945,30,11814,0,0.7071068,0,-0.7071068;
custom,cylinder,metal3,2,3,2,1,0,0,1,0.01,0.01,-5987.945,30,11814,0,0.7071068,0,-0.7071068;
racing,killCuboid,2,2,2,-6052.945,5,11879,0,0.3828518,0,-0.9238098;
racing,killCuboid,2,2,2,-6052.945,15,11879,-0.5052554,0.6102118,0,-0.6102118;
racing,killCuboid,2,2,2,-6052.945,25,11879,0,0.7071068,0,-0.7071068;
racing,killCuboid,2,2,2,-6052.945,35,11879,0,0.6102118,0.5052554,-0.6102118;
racing,killCuboid,2,2,2,-6052.945,45,11879,0,0.3828518,0,-0.9238098;
racing,killCuboid,2,2,2,-6052.945,55,11879,-0.5052554,0.6102118,0,-0.6102118;
racing,killCuboid,1,6,100,-6032.945,30,11314,0,0,0,-1;
racing,killCuboid,1,6,90,-6072.945,30,11364,0,0,0,-1;
racing,killCuboid,1,6,100,-6567.945,30,10919,0,0.7071068,0,-0.7071068;
racing,killCuboid,1,6,104,-6547.945,30,10819,0,0.7071068,0,-0.7071068;
racing,killCuboid,11,1,104,-6547.945,65,10869,0,0.7071068,0,-0.7071068;
custom,cuboid,metal3,0.9,0.9,49.9,1,1,1,0,0.01,0.01,-6317.945,65,10919,0,0.7071068,0,-0.7071068;
custom,cuboid,metal3,0.9,6.9,1.1,1,1,1,0,0.01,0.01,-6572.945,35,10919,0,0.7071068,0,-0.7071068;
racing,killCuboid,5,1,89,-6052.945,65,11369,0,0,0,-1;
custom,cylinder,metal2,1,1.5,1,0,1,1,1,0.01,0.25,-6052.945,65,11809,-0.7071068,-0.7071068,0,0;
custom,cylinder,metal2,1,1.5,1,0,1,1,1,0.01,0.25,-6052.945,65,11799,-0.7071068,-0.7071068,0,0;
custom,cylinder,metal2,1,1.5,1,0,1,1,1,0.01,0.25,-6052.945,65,11779,-0.7071068,-0.7071068,0,0;
custom,cylinder,metal2,1,1.5,1,0,1,1,1,0.01,0.25,-6052.945,65,11739,-0.7071068,-0.7071068,0,0;
custom,cylinder,metal2,1,1.5,1,0,1,1,1,0.01,0.25,-6052.945,65,11659,-0.7071068,-0.7071068,0,0;
custom,cylinder,metal2,1,1.5,1,0,1,1,1,0.01,0.25,-6052.945,65,11499,-0.7071068,-0.7071068,0,0;
racing,killCuboid,9,2,1,-6072.945,10,10869,0,0.7071068,0,-0.7071068;
racing,killCuboid,9,2,1,-6072.945,50,10869,0,0.7071068,0,-0.7071068;
racing,killCuboid,3,2,1,-6072.945,30,10899,0,0.7071068,0,-0.7071068;
racing,killCuboid,3,2,1,-6072.945,30,10839,0,0.7071068,0,-0.7071068;
racing,killCuboid,9,2,1,-6172.945,10,10869,0,0.7071068,0,-0.7071068;
racing,killCuboid,9,2,1,-6172.945,50,10869,0,0.7071068,0,-0.7071068;
racing,killCuboid,3,2,1,-6172.945,30,10899,0,0.7071068,0,-0.7071068;
racing,killCuboid,3,2,1,-6172.945,30,10869,0,0.7071068,0,-0.7071068;
racing,killCuboid,9,2,1,-6272.945,10,10869,0,0.7071068,0,-0.7071068;
racing,killCuboid,9,2,1,-6272.945,50,10869,0,0.7071068,0,-0.7071068;
racing,killCuboid,3,2,1,-6272.945,30,10839,0,0.7071068,0,-0.7071068;
racing,killCuboid,3,2,1,-6272.945,30,10869,0,0.7071068,0,-0.7071068;
racing,killCuboid,3,2,1,-6372.945,10,10899,0,0.7071068,0,-0.7071068;
racing,killCuboid,3,2,1,-6372.945,10,10869,0,0.7071068,0,-0.7071068;
racing,killCuboid,9,2,1,-6372.945,30,10869,0,0.7071068,0,-0.7071068;
racing,killCuboid,9,2,1,-6372.945,50,10869,0,0.7071068,0,-0.7071068;
racing,killCuboid,3,2,1,-6472.945,50,10899,0,0.7071068,0,-0.7071068;
racing,killCuboid,3,2,1,-6472.945,50,10869,0,0.7071068,0,-0.7071068;
racing,killCuboid,9,2,1,-6472.945,30,10869,0,0.7071068,0,-0.7071068;
racing,killCuboid,9,2,1,-6472.945,10,10869,0,0.7071068,0,-0.7071068;
racing,killCuboid,3,2,1,-6572.945,10,10839,0,0.7071068,0,-0.7071068;
racing,killCuboid,3,2,1,-6572.945,10,10869,0,0.7071068,0,-0.7071068;
racing,killCuboid,9,2,1,-6572.945,30,10869,0,0.7071068,0,-0.7071068;
racing,killCuboid,9,2,1,-6572.945,50,10869,0,0.7071068,0,-0.7071068;
racing,killCuboid,9,2,1,-7072.945,10,10869,0,0.7071068,0,-0.7071068;
racing,killCuboid,9,2,1,-7072.945,50,10869,0,0.7071068,0,-0.7071068;
racing,killCuboid,3,2,1,-7072.945,30,10899,0,0.7071068,0,-0.7071068;
racing,killCuboid,3,2,1,-7072.945,30,10839,0,0.7071068,0,-0.7071068;
racing,killCuboid,1,6,14.5,-7120.657,30,10874.1,0,0.3288676,0,-0.9443761;
custom,cylinder,metal3,2,3,2,1,1,1,0,1,1,-7076,30,10818,0,0.7071068,0,-0.7071068;
custom,cylinder,metal3,2,3,2,1,1,1,0,1,1,-7076,30,10818,0,0.7071068,0,-0.7071068;
custom,cylinder,metal3,2,3,2,1,1,1,0,1,1,-7073,30,10918,0,1,0,0;
custom,cylinder,metal3,2,3,2,1,1,1,0,1,1,-7163,30,10928,0,1,0,0;
custom,cylinder,metal3,2,3,2,1,1,1,0,1,1,-7093,30,11103,0,1,0,0;
custom,cylinder,metal3,2,3,2,1,1,1,0,1,1,-6973,30,11285.5,0,1,0,0;
custom,cylinder,metal3,2,3,2,1,1,1,0,1,1,-6973,30,11440.5,0,1,0,0;
custom,cylinder,metal3,2,3,2,1,1,1,0,1,1,-7093,30,11623,0,1,0,0;
racing,killcuboid,1.1,5.9,25,-6983,30,11010.5,0,-0.382515,0,-0.9239493;
racing,killcuboid,1.1,5.9,25,-7083,30,11010.5,0,-0.382515,0,-0.9239493;
racing,killcuboid,1.1,5.9,25,-6983,30,11195.5,0,0.382515,0,-0.9239493;
racing,killcuboid,1.1,5.9,25,-7083,30,11195.5,0,0.382515,0,-0.9239493;
racing,killcuboid,1.1,5.9,15,-7073,30,11363,0,1,0,0;
racing,killcuboid,1.1,5.9,15,-7173,30,11363,0,1,0,0;
racing,killcuboid,1.1,5.9,25,-6983,30,11530.5,0,-0.382515,0,-0.9239493;
racing,killcuboid,1.1,5.9,25,-7083,30,11530.5,0,-0.382515,0,-0.9239493;
racing,killcuboid,1.1,5.9,25,-6983,30,11715.5,0,0.382515,0,-0.9239493;
racing,killcuboid,1.1,5.9,25,-7083,30,11715.5,0,0.382515,0,-0.9239493;
racing,killcylinder,2.1,2.9,2.1,-7073,30,10918,0,1,0,0;
racing,killcylinder,2.1,2.9,2.1,-7163,30,10928,0,1,0,0;
racing,killcylinder,2.1,2.9,2.1,-6993,30,11103,0,1,0,0;
racing,killcylinder,2.1,2.9,2.1,-7173,30,11285.5,0,1,0,0;
racing,killcylinder,2.1,2.9,2.1,-7173,30,11440.5,0,1,0,0;
racing,killcylinder,2.1,2.9,2.1,-6993,30,11623,0,1,0,0;
racing,killcylinder,2.1,2.9,2.1,-6893,30,11103,0,1,0,0;
racing,killcylinder,2.1,2.9,2.1,-7073,30,11285.5,0,1,0,0;
racing,killcylinder,2.1,2.9,2.1,-7073,30,11440.5,0,1,0,0;
racing,killcylinder,2.1,2.9,2.1,-6893,30,11623,0,1,0,0;
racing,killCuboid,8,2,2,-7018,10,11025.5,0,0.9239493,0,-0.382515;
racing,killCuboid,8,2,2,-7018,50,11025.5,0,0.9239493,0,-0.382515;
racing,killCuboid,3,6,3,-7040.5,30,11225.5,0,0.382515,0,-0.9239493;
racing,killCuboid,9,1,6,-7123,5,11360.5,0,1,0,0;
racing,killCuboid,9,1,6,-7123,55,11360.5,0,1,0,0;
racing,killCuboid,9,1.5,6,-7123,30,11360.5,0,1,0,0;
custom,cylinder,metal3,2,3,2,1,1,1,0,1,1,-7073,30,11805.5,0,1,0,0;
racing,killcylinder,2.1,2.9,2.1,-7173,30,11905.5,0,1,0,0;
racing,killcylinder,2.1,2.9,2.1,-7073,30,11805.5,0,1,0,0;
custom,cylinder,metal3,2,3,2,1,1,1,0,1,1,-7173,30,11905.5,0,1,0,0;
custom,cylinder,metal3,2,3,2,1,1,1,0,1,1,-7073,30,11905.5,0,1,0,0;
racing,killcylinder,2.1,2.9,2.1,-7073,30,11905.5,0,1,0,0;
custom,cuboid,metal2,10,6,1,0,1,1,1,1,1,-7123,30,11905.5,0,1,0,0;
custom,cuboid,metal2,10,6,1,0,1,1,1,1,1,-7073,30,11855.5,0,-0.7071068,0,-0.7071068;
racing,killPyramid,1,2.5,1,-7028,20,11535.5,0,0.9239493,0,-0.382515;
racing,killPyramid,1,-2.5,1,-7028,40,11535.5,0,0.9239493,0,-0.382515;
racing,killPyramid,1,2.5,1,-7028,20,11535.5,0,0.7071068,0,0.7071068;
racing,killPyramid,1,-2.5,1,-7028,40,11535.5,0,0.7071068,0,0.7071068;
racing,killCuboid,2,6,20,-7267,30,11825.5,0,0.7071068,0,0.7071068;
racing,killCuboid,2,6,20,-7267,30,11885.5,0,0.7071068,0,0.7071068;
custom,cuboid,metal2,1,6,20,0,1,1,1,2,1,-7467,30,11880.5,0,0.7071068,0,0.7071068;
custom,cuboid,metal2,1,6,200,0,1,1,1,16,1,-7562,30,12875.5,0,0,0,-1;
custom,cuboid,metal2,1,6,200,0,1,1,1,16,1,-7622,30,12875.5,0,0,0,-1;
custom,cuboid,metal2,7,1,199,0,1,1,1,1,16,-7592,65,12880.5,0,0,0,-1;
custom,cuboid,metal2,6,1,199.5,0,1,1,1,1,16,-7592,5,12878,0,0,0,-1;
custom,cuboid,metal2,1,6,26,0,1,1,1,2,1,-7497,30,11830.5,0,0.7071068,0,0.7071068;
custom,cuboid,metal2,4,6,1,0,1,1,1,1,1,-7622,30,11855.5,0,0.7071068,0,0.7071068;
custom,cuboid,metal2,6,1,26,0,1,1,1,0.5,2,-7497,65,11855.5,0,0.7071068,0,0.7071068;
custom,cuboid,metal2,5,1,25,0,1,1,1,0.5,2,-7492,5,11855.5,0,0.7071068,0,0.7071068;
racing,killCuboid,1,6,20,-7467,30,11880.5,0,0.7071068,0,0.7071068;
racing,killCuboid,1,6,200,-7561.8,30,12875.5,0,0,0,-1;
racing,killCuboid,1,6,200,-7622.2,30,12875.5,0,0,0,-1;
racing,killCuboid,7,1,199,-7592,65.2,12880.5,0,0,0,-1;
racing,killCuboid,6,1,199.5,-7592,4.8,12878,0,0,0,-1;
racing,killCuboid,1,6,26,-7497,30,11830.5,0,0.7071068,0,0.7071068;
racing,killCuboid,4,6,1,-7622,30,11855.5,0,0.7071068,0,0.7071068;
racing,killCuboid,6,1,26,-7497,65,11855.5,0,0.7071068,0,0.7071068;
racing,killCuboid,5,1,25,-7492,5,11855.5,0,0.7071068,0,0.7071068;
custom,cuboid,metal2,1,1,1,0,1,1,1,1,1,-7592,35,12145.5,0,0.7071068,0,0.7071068;
custom,cuboid,metal2,1,1,1,0,1,1,1,1,1,-7607,50,12445.5,0,0.7071068,0,0.7071068;
custom,cuboid,metal2,1,1,1,0,1,1,1,1,1,-7577,20,12445.5,0,0.7071068,0,0.7071068;
custom,cuboid,metal2,1,1,1,0,1,1,1,1,1,-7577,50,12445.5,0,0.7071068,0,0.7071068;
custom,cuboid,metal2,1,1,1,0,1,1,1,1,1,-7607,20,12445.5,0,0.7071068,0,0.7071068;
custom,cuboid,metal2,1,1,1,0,1,1,1,1,1,-7607,50,12745.5,0,0.7071068,0,0.7071068;
custom,cuboid,metal2,1,1,1,0,1,1,1,1,1,-7577,20,12745.5,0,0.7071068,0,0.7071068;
custom,cuboid,metal2,1,1,1,0,1,1,1,1,1,-7577,50,12745.5,0,0.7071068,0,0.7071068;
custom,cuboid,metal2,1,1,1,0,1,1,1,1,1,-7607,20,12745.5,0,0.7071068,0,0.7071068;
custom,cuboid,metal2,1,1,1,0,1,1,1,1,1,-7592,55,12745.5,0,0.7071068,0,0.7071068;
custom,cuboid,metal2,1,1,1,0,1,1,1,1,1,-7592,15,12745.5,0,0.7071068,0,0.7071068;
custom,cuboid,metal2,1,1,1,0,1,1,1,1,1,-7577,35,12745.5,0,0.7071068,0,0.7071068;
custom,cuboid,metal2,1,1,1,0,1,1,1,1,1,-7607,35,12745.5,0,0.7071068,0,0.7071068;
custom,cuboid,metal2,3,3,3,0,1,1,1,1,1,-7592,35,13045.5,0,0.7071068,0,0.7071068;
racing,killCuboid,5,2,10,-7592,20,13800.5,0,1,0,0;
racing,killCuboid,5,2,10,-7592,50,13800.5,0,1,0,0;
racing,killCuboid,2,1,10,-7577,35,13800.5,0,1,0,0;
racing,killCuboid,2,1,10,-7607,35,13800.5,0,1,0,0;
custom,cuboid,metal2,5,2,3,0,1,1,1,1,1,-7592,20,13860.5,0,1,0,0;
custom,cuboid,metal2,5,2,3,0,1,1,1,1,1,-7592,50,13860.5,0,1,0,0;
custom,cuboid,metal2,2,1,3,0,1,1,1,1,1,-7577,35,13860.5,0,1,0,0;
custom,cuboid,metal2,2,1,3,0,1,1,1,1,1,-7607,35,13860.5,0,1,0,0;
custom,cuboid,metal2,1.5,8,1.5,0,1,1,1,1,1,-7592,35,13445.5,0.270479,0.6533308,-0.270479,0.6533308;
custom,cuboid,metal2,1.5,8,1.5,0,1,1,1,1,1,-7592,35,13445.5,-0.270479,0.6533308,0.270479,0.6533308;
racing,killCuboid,0.98,0.98,0.99,-7592,35,12145.5,0,0.7071068,0,0.7071068;
racing,killCuboid,0.98,0.98,0.99,-7607,50,12445.5,0,0.7071068,0,0.7071068;
racing,killCuboid,0.98,0.98,0.99,-7577,20,12445.5,0,0.7071068,0,0.7071068;
racing,killCuboid,0.98,0.98,0.99,-7577,50,12445.5,0,0.7071068,0,0.7071068;
racing,killCuboid,0.98,0.98,0.99,-7607,20,12445.5,0,0.7071068,0,0.7071068;
racing,killCuboid,0.98,0.98,0.99,-7607,50,12745.5,0,0.7071068,0,0.7071068;
racing,killCuboid,0.98,0.98,0.99,-7577,20,12745.5,0,0.7071068,0,0.7071068;
racing,killCuboid,0.98,0.98,0.99,-7577,50,12745.5,0,0.7071068,0,0.7071068;
racing,killCuboid,0.98,0.98,0.99,-7607,20,12745.5,0,0.7071068,0,0.7071068;
racing,killCuboid,0.98,0.98,0.99,-7592,55,12745.5,0,0.7071068,0,0.7071068;
racing,killCuboid,0.98,0.98,0.99,-7592,15,12745.5,0,0.7071068,0,0.7071068;
racing,killCuboid,0.98,0.98,0.99,-7577,35,12745.5,0,0.7071068,0,0.7071068;
racing,killCuboid,0.98,0.98,0.99,-7607,35,12745.5,0,0.7071068,0,0.7071068;
racing,killCuboid,2.98,2.98,2.99,-7592,35,13045.5,0,0.7071068,0,0.7071068;
racing,killCuboid,1.48,7.98,1.49,-7592,35,13445.5,0.270479,0.6533308,-0.270479,0.6533308;
racing,killCuboid,1.48,7.98,1.49,-7592,35,13445.5,-0.270479,0.6533308,0.270479,0.6533308;
custom,cuboid,brick2,5,20,50,0,1,1,1,4,2,-7392,90,14030.5,0,-0.3828518,0,-0.9238098;
custom,cuboid,brick2,5,20,50,0,1,1,1,4,2,-7792,90,14030.5,0,-0.9238098,0,-0.3828518;
custom,cuboid,brick2,5,20,50,0,1,1,1,4,2,-7392,90,14430.5,0,-0.9238098,0,-0.3828518;
custom,cuboid,brick2,5,20,50,0,1,1,1,4,2,-7792,90,14430.5,0,-0.3828518,0,-0.9238098;
custom,cuboid,grass,54,3.9,54,1,0,0.5,1,8,8,-7592,10,14230.5,0,0.9238098,0,-0.3828518;
custom,cuboid,brick2,10,20,4,1,1,1,1,1,2,-7942,90,14230.5,0,0.7071068,0,0.7071068;
custom,cuboid,brick2,10,20,4,1,1,1,1,1,2,-7242,90,14230.5,0,0.7071068,0,0.7071068;
custom,cuboid,brick2,30,20,4,0,1,1,1,2,2,-7592,90,14475.5,0,1,0,0;
custom,cuboid,brick2,5,12,4,0,1,1,1,0.5,1,-7592,130,13855.5,0,1,0,0;
custom,cuboid,metal1,0.55,8.01,1,0,1,1,1,0.01,0.01,-7584.5,65,13871,0,1,0,0;
custom,cuboid,metal1,0.55,8.01,1,0,1,1,1,0.01,0.01,-7599.5,65,13871,0,1,0,0;
custom,cuboid,metal1,0.95,6.51,1,0,1,1,1,0.01,0.01,-7592,72.5,13871,0,1,0,0;
custom,cylinder,metal1,2,0.5,2,0,1,1,1,0.01,0.01,-7592,105,13870.9,0,0.7071068,-0.7071068,0;
custom,cuboid,stone4,0.5,2.5,19,0,1,1,1,1,1,-7632,42.5,14215.5,0,0,0,-1;
custom,cuboid,stone4,0.5,2.5,19,0,1,1,1,1,1,-7552,42.5,14215.5,0,0,0,-1;
custom,cuboid,stone4,7.5,2,10,0,1,1,1,2,2,-7592,40,14215.5,0,0,0,-1;
custom,cuboid,stone4,7.5,1.5,1,0,1,1,1,1,1,-7592,37.5,14160.5,0,0,0,-1;
custom,cuboid,stone4,7.5,1,1,0,1,1,1,1,1,-7592,35,14150.5,0,0,0,-1;
custom,cuboid,stone4,7.5,0.5,1,0,1,1,1,1,1,-7592,32.5,14140.5,0,0,0,-1;
custom,cuboid,stone4,7.5,0.05,1,0,1,1,1,1,1,-7592,30,14130.5,0,0,0,-1;
custom,cuboid,stone4,7.5,1.5,1,0,1,1,1,1,1,-7592,37.5,14270.5,0,0,0,-1;
custom,cuboid,stone4,7.5,1,1,0,1,1,1,1,1,-7592,35,14280.5,0,0,0,-1;
custom,cuboid,stone4,7.5,0.5,1,0,1,1,1,1,1,-7592,32.5,14290.5,0,0,0,-1;
custom,cuboid,stone4,7.5,0.05,1,0,1,1,1,1,1,-7592,30,14300.5,0,0,0,-1;
custom,cuboid,stone4,0.5,5,0.5,0,1,1,1,0.1,0.5,-7632,80,14185.5,0,0,0,-1;
custom,cuboid,stone4,0.5,5,0.5,0,1,1,1,0.1,0.5,-7552,80,14185.5,0,0,0,-1;
custom,cuboid,stone4,0.5,5,0.5,0,1,1,1,0.1,0.5,-7632,80,14245.5,0,0,0,-1;
custom,cuboid,stone4,0.5,5,0.5,0,1,1,1,0.1,0.5,-7552,80,14245.5,0,0,0,-1;
custom,cylinder,stone4,14,0.25,14,0,1,1,1,1,0.1,-7592,105,14215.5,0,0.7071068,0,0.7071068;
custom,cylinder,metal1,14.1,0.24,14.1,0,1,1,1,0.01,0.01,-7592,105,14215.5,0,0.7071068,0,0.7071068;
custom,cylinder,stone4,13,0.25,13,0,1,1,1,2,2,-7592,100,14215.5,0,0.7071068,0,0.7071068;
custom,cylinder,stone4,13,0.25,13,0,1,1,1,2,2,-7592,110,14215.5,0,0.7071068,0,0.7071068;
custom,cylinder,stone4,12,0.25,12,0,1,1,1,2,2,-7592,115,14215.5,0,0.7071068,0,0.7071068;
custom,cylinder,stone4,8,0.25,8,0,1,1,1,2,2,-7592,120,14215.5,0,0.7071068,0,0.7071068;
custom,cylinder,stone4,6,0.25,6,0,1,1,1,2,2,-7592,125,14215.5,0,0.7071068,0,0.7071068;
custom,cylinder,metal1,3.1,0.26,3.1,0,1,1,1,0.01,0.01,-7592,130,14215.5,0,0.7071068,0,0.7071068;
custom,cylinder,stone4,0.5,0.75,0.5,0,1,1,1,1,0.5,-7552,37.5,14310.5,0,0.7071068,0,0.7071068;
custom,cylinder,stone4,0.5,0.75,0.5,0,1,1,1,1,0.5,-7632,37.5,14310.5,0,0.7071068,0,0.7071068;
custom,cylinder,stone4,0.5,0.75,0.5,0,1,1,1,1,0.5,-7552,37.5,14120.5,0,0.7071068,0,0.7071068;
custom,cylinder,stone4,0.5,0.75,0.5,0,1,1,1,1,0.5,-7632,37.5,14120.5,0,0.7071068,0,0.7071068;
custom,cuboid,grass,8.5,1,25,1,0.35,0,0,2,8,-7592,25,14000.5,0,0,0,-1;
custom,torus,metal1,4,6,5,0,1,1,1,0.01,1,-7592,65,14215.5,0.7071068,0,0,-0.7071068;
custom,cylinder,metal1,3,0.25,3,0,1,1,1,0.01,1,-7614.5,52.5,14215.5,0,0,0,-1;
custom,cylinder,metal1,3,0.25,3,0,1,1,1,0.01,1,-7569.5,52.5,14215.5,0,0,0,-1;
racing,endCuboid,1,4,3.25,-7591.5,65,14215.5,0,0.7071068,0,0.7071068;
spawnpoint,titan,-7592,31,14045.5,0,1,0,0;
spawnpoint,titan,-7692,31,14045.5,0,1,0,0;
spawnpoint,titan,-7492,31,14045.5,0,1,0,0;
misc,barrier,100,2,100,-7592,180,14245.5,0,0,0,-1;
custom,sphere,stone4,10,10,10,0,1,1,1,2,4,-7772,10,14225.5,0,0.7071068,0,0.7071068;
custom,sphere,stone4,10,10,-10,0,1,1,1,2,4,-7412,10,14225.5,0,0.7071068,0,0.7071068;
custom,torus,stone4,30,20,20,0,1,1,1,4,4,-7592,45,14360.5,0.7071068,0,0,-0.7071068;
custom,cylinder,stone4,1.5,5,1.5,0,1,1,1,1,4,-7492,77.5,14095.5,0,1,0,0;
custom,cylinder,stone4,1.5,5,1.5,0,1,1,1,1,4,-7692,77.5,14095.5,0,1,0,0;
custom,cylinder,stone4,2,0.25,2,0,1,1,1,1,0.5,-7692,125,14095.5,0,1,0,0;
custom,cylinder,stone4,2.5,0.25,2.5,0,1,1,1,1,0.5,-7692,130,14095.5,0,1,0,0;
custom,cylinder,stone4,3.5,0.25,3.5,0,1,1,1,1,0.5,-7692,135,14095.5,0,1,0,0;
custom,cylinder,stone4,2,0.5,2,0,1,1,1,1,0.5,-7692,142,14095.5,0,1,0,0;
custom,cylinder,stone4,2,0.25,2,0,1,1,1,1,0.5,-7492,125,14095.5,0,1,0,0;
custom,cylinder,stone4,2.5,0.25,2.5,0,1,1,1,1,0.5,-7492,130,14095.5,0,1,0,0;
custom,cylinder,stone4,3.5,0.25,3.5,0,1,1,1,1,0.5,-7492,135,14095.5,0,1,0,0;
custom,cylinder,stone4,2,0.5,2,0,1,1,1,1,0.5,-7492,142,14095.5,0,1,0,0;
custom,cylinder,metal1,3.51,0.24,3.51,0,1,1,1,0.01,0.01,-7492,135,14095.5,0,1,0,0;
custom,cylinder,metal1,3.51,0.24,3.51,0,1,1,1,0.01,0.01,-7692,135,14095.5,0,1,0,0;
base,aot_supply,metal1,1,1,1,0,1,1,1,2,0.01,-7592,132.5,14215.5,0,0,0,1;
racing,checkpointCylinder,0.05,0.01,0.05,-7592,132.75,14213,0,0.7071068,0,0.7071068;
misc,barrier,150,1,280,-4000.083,195,-3220,0,0,0,1;
custom,cylinder,lava1,3,3,3,0,1,1,1,0.5,0.5,-3871.5,30,-1574,0,0,0,0;
custom,cylinder,lava1,2,3,2,0,1,1,1,0.5,0.5,-3871.5,30,-1144,0,0,0,0;
custom,cylinder,lava1,1,3,1,0,1,1,1,0.5,0.5,-3871.5,30,-709,0,0,0,0;
custom,cylinder,lava1,3,5.5,3,0,1,1,1,0.5,0.5,-3871.5,30,-1574,1,-1,1,1;
custom,cylinder,lava1,2,5.5,2,0,1,1,1,0.5,0.5,-3871.5,30,-1144,1,-1,1,1;
custom,cylinder,lava1,1,5.5,1,0,1,1,1,0.5,0.5,-3871.5,30,-709,1,-1,1,1;
racing,killcylinder,3.1,3.1,3.1,-3871.5,30,-1574,0,0,0,0;
racing,killcylinder,2.1,3.1,2.1,-3871.5,30,-1144,0,0,0,0;
racing,killcylinder,1.1,3.1,1.1,-3871.5,30,-709,0,0,0,0;
racing,killcylinder,3.1,5.5,3.1,-3871.5,30,-1574,1,-1,1,1;
racing,killcylinder,2.1,5.5,2.1,-3871.5,30,-1144,1,-1,1,1;
racing,killcylinder,1.1,5.5,1.1,-3871.5,30,-709,1,-1,1,1;
custom,prism,brick2,8.5,6,5,0,1,1,1,2,0.5,-4431.5,30,-474,0,1,0,-0.414;
custom,arc180,metal1,10,4,10,0,1,1,1,0.01,0.01,-4506.5,62,-536.5,-0.4,0.2,-0.6,0.7;
racing,checkpointCuboid,13.5,1.1,17.5,-4498.161,32.29999,-532.3162,0.235,0.355,0.6707,0.607;
custom,prism,metal1,8.5,1,5,0,1,1,1,0.01,0.01,-4448.916,101.5995,-489.3183,0.422143,0.7031605,-0.5709361,0.03731962;
custom,prism,metal1,8.5,1,5,0,1,1,1,0.01,0.01,-4562.924,73.39999,-586.5264,-0.09087984,0.4723665,-0.6989424,0.5292357;
misc,barrier,86,2,256,-4215.114,70,-631.275,0,0,0,1;
misc,barrier,12,2,76,-4526,70,1332,0,0,0,1;
misc,barrier,30,2,120,-4524,210,3047,0,0,0,1;
racing,killcylinder,0.8,3,0.8,-4560,30,3646,0,0,0,1;
racing,killcylinder,0.8,3,0.8,-4568,30,3646,0,0,0,1;
racing,killcylinder,0.8,3,0.8,-4576,30,3646,0,0,0,1;
racing,killcylinder,0.8,3,0.8,-4476,30,3646,0,0,0,1;
racing,killcylinder,0.8,3,0.8,-4484,30,3646,0,0,0,1;
racing,killcylinder,0.8,3,0.8,-4492,30,3646,0,0,0,1;
racing,killcylinder,1,5.4,1,-4526.5,65,3646,1,1,0,0;
racing,killcylinder,0.3,3,0.3,-4560,30,3646,0,0,0,1;
racing,killcylinder,0.3,3,0.3,-4568,30,3646,0,0,0,1;
racing,killcylinder,0.3,3,0.3,-4576,30,3646,0,0,0,1;
racing,killcylinder,0.3,3,0.3,-4476,30,3646,0,0,0,1;
racing,killcylinder,0.3,3,0.3,-4484,30,3646,0,0,0,1;
racing,killcylinder,0.3,3,0.3,-4492,30,3646,0,0,0,1;
custom,cylinder,brick4,0.8,5.4,0.8,1,0.8,0,0,1,1,-4526.5,65,3646,1,1,0,0;
misc,barrier,20.5,2,21,-4527.5,70,3746,0,0,0,0;
misc,barrier,30,2,100,-4277,110,4155,0,0,0,0;
misc,barrier,20,2,110,-4204,110,3136,0,0,0,0;
custom,torus,metal1,8,10,8,0,1,1,1,0.01,0.01,-4526.5,20,3785.967,-0.5,0.5,-0.5,0.5;
racing,checkpointCuboid,6,1,6.5,-4531,21,3786,-1,0,0,1;
custom,prism,metal1,4.5,1,3,0,1,1,1,0.01,0.01,-4496.628,63.40007,3785.296,0.2092455,0.6595166,-0.6859735,-0.2251547;
custom,prism,metal1,4.5,1,3,0,1,1,1,0.01,0.01,-4573.871,56.4001,3786.881,-0.3160651,0.6415003,-0.6318108,0.2989905;
custom,cylinder,stone5,1,4.8,1,0,1,1,1,1,4.8,-4139.5,250,5196,0,0,0,1;
custom,cylinder,stone5,1,4.8,1,0,1,1,1,1,4.8,-4210,250,5196,0,0,0,1;
racing,killCuboid,4,9,1,-4117,250,5196,0,0.9999791,0,-0.006474613;
racing,killCuboid,4,9,1,-4231,250,5196,0,0.004204771,0,0.9999912;
misc,barrier,16,2,60,-4176,304.9,5497,0,0,0,0;
misc,barrier,16,2,20,-4176,499,6839,0,0,0,0;
racing,killCuboid,1,9.5,5.5,-4231.687,447.5259,6942.5,0,0.7097681,0,-0.7044354;
racing,killCuboid,1,9.5,5.5,-4116.975,447.5259,6943,0,0.7097681,0,-0.7044354;
racing,killCuboid,3.7,10.9,36,-4242,450,10115,0,0.002392986,0,0.9999971;
racing,killCuboid,3.7,10.9,36,-4110,450,10115,0,0.002392986,0,0.9999971;
racing,killCuboid,16,1.4,36,-4176.329,497,10115,0,0.003434087,0,-0.9999941;
racing,killCuboid,16,1.4,36,-4176.329,397,10115,0,0.003434087,0,-0.9999941;
custom,killcuboid,stone5,3.8,11,37,0,1,1,1,0.4,0.4,-4242,450,10115,0,1,0,0;
custom,killcuboid,stone5,3.8,11,37,0,1,1,1,0.4,0.4,-4110,450,10115,0,1,0,0;
custom,killcuboid,stone5,17,2,37.1,0,1,1,1,1,0.15,-4176.329,499,10115,0,1,0,0;
custom,killcuboid,stone5,17,2,37.1,0,1,1,1,1,0.15,-4176.329,394,10115,0,1,0,0;
misc,barrier,105,2,190,-4985.186,70,12371.11,0,0.7073377,0,-0.7068758;
misc,barrier,17,2,20,-6001.333,70,12793.22,0,1,0,-0.0001563271;
misc,barrier,40,2,100,-6379,70,11936,0,0.7109386,0,0.7032541;
misc,barrier,60,2,115,-7096,69.8,11358,0,0.0220838,0,0.9997562;
custom,prism,default,1,0.1,1,1,1,1,0,1,1,-4194.434,0.5,11920,-1,0,0,0;
custom,cuboid,default,0.5,0.1,2,1,1,1,0,1,1,-4194.434,0.5,11906,0,0,0,-1;
custom,cuboid,stone5,1.1,17,1.1,0,1,1,1,0.2,1.7,-4174.4,400,6943,0,0,1,1;
custom,torus,metal1,15,10,15,0,1,1,1,0.01,0.01,-4189.647,16.20029,12066.56,0.2654677,-0.2758645,0.640571,-0.6656534;
racing,checkpointCuboid,1.5,12,12,-4195.44,13.39993,12063.39,0,-0.3828518,0,-0.9238098;
custom,prism,metal1,8.5,1,5,0,1,1,1,0.01,0.01,-4241.889,96.39944,12015.73,0.05928933,0.5163383,-0.7168581,0.4647517;
custom,prism,metal1,8.5,1,5,0,1,1,1,0.01,0.01,-4151.428,95.60027,12108.14,0.4549541,0.7192187,-0.5234966,0.04114118;
racing,checkpointprism,7,1.2,4,-4241.889,96,12015.73,0.05928933,0.5163383,-0.7168581,0.4647517;
racing,checkpointprism,7,1.2,4,-4151.428,95.60027,12108.14,0.4549541,0.7192187,-0.5234966,0.04114118;
custom,prism,default,1,0.1,1,1,1,1,0,1,1,-4231.434,37,12167,0.5,0.5,0.5,0.5;
custom,cuboid,default,0.5,0.1,2,1,1,1,0,1,1,-4217.434,37,12167,-0.5,-0.5,0.5,0.5;
custom,prism,default,1,0.1,1,1,1,1,0,1,1,-5244,37,12879.73,0.5,0.5,0.5,0.5;
custom,cuboid,default,0.5,0.1,2,1,1,1,0,1,1,-5230,37,12879.73,-0.5,-0.5,0.5,0.5;
racing,killCuboid,9,1.5,6,-5024.468,30,12545,0,1,0,0;
racing,killPyramid,1,2.5,1,-5124.468,20,12725,0,0.9239493,0,-0.382515;
racing,killPyramid,1,-2.5,1,-5124.468,40,12725,0,0.9239493,0,-0.382515;
racing,killPyramid,1,2.5,1,-5124.468,20,12725,0,0.7071068,0,0.7071068;
racing,killPyramid,1,-2.5,1,-5124.468,40,12725,0,0.7071068,0,0.7071068;
custom,cuboid,metal3,1,10,1,1,1,1,0,1,1,-6822.945,30,10869,0,0,0,-1;
custom,cuboid,metal3,0.99,10,1.01,1,1,0,1,1,1,-6822.945,30,10869,0,0,0.382515,-0.9239493;
custom,cuboid,metal3,0.98,10,1.02,1,0,1,1,1,1,-6822.945,30,10869,0,0,-0.382515,-0.9239493;
custom,cuboid,metal3,0.97,10,1.03,1,0,1,0,1,1,-6822.945,30,10869,-0.382515,0,0,-0.9239493;
custom,cuboid,metal3,0.96,10,1.04,1,1,0,0,1,1,-6822.945,30,10869,0.382515,0,0,-0.9239493;
custom,cuboid,metal3,0.95,10,1.05,1,0,0,1,1,1,-6822.945,30,10869,0,0,0.7071068,-0.7071068;
custom,cuboid,metal3,0.94,10,1.06,1,1,0.5,0.5,1,1,-6822.945,30,10869,0.7071068,0,0,-0.7071068;
racing,killCuboid,1.1,10.1,1.1,-6822.945,30,10869,0,0,0,-1;
racing,killCuboid,1.1,10.1,1.1,-6822.945,30,10869,0,0,0.382515,-0.9239493;
racing,killCuboid,1.1,10.1,1.1,-6822.945,30,10869,0,0,-0.382515,-0.9239493;
racing,killCuboid,1.1,10.1,1.1,-6822.945,30,10869,-0.382515,0,0,-0.9239493;
racing,killCuboid,1.1,10.1,1.1,-6822.945,30,10869,0.382515,0,0,-0.9239493;
racing,killCuboid,1.1,10.1,1.1,-6822.945,30,10869,0,0,0.7071068,-0.7071068;
racing,killCuboid,1.1,10.1,1.1,-6822.945,30,10869,0.7071068,0,0,-0.7071068;
custom,cylinder,metal2,4,3,4,1,0,0,0,1,1,-7170,30,11816,0,1,0,0;
custom,cylinder,metal2,4,3,4,1,0,0,1,1,1,-7170,25,11816,0,1,0,0;
custom,cylinder,metal2,4,3,4,1,0,1,1,1,1,-7170,20,11816,0,1,0,0;
custom,cylinder,metal2,4,3,4,1,1,1,1,1,1,-7170,15,11816,0,1,0,0;
custom,cylinder,metal2,4,3,4,1,1,1,0,1,1,-7170,10,11816,0,1,0,0;
custom,cylinder,metal2,4,3,4,1,1,0,0,1,1,-7170,5,11816,0,1,0,0;
custom,cylinder,metal2,4,3,4,1,0,0,0,1,1,-7170,0,11816,0,1,0,0;
custom,cylinder,metal2,4,3,4,1,0,0,0.5,1,1,-7170,-5,11816,0,1,0,0;
custom,cylinder,metal2,4,3,4,1,0,0.5,0.5,1,1,-7170,-10,11816,0,1,0,0;
custom,cylinder,metal2,4,3,4,1,0.5,0.5,0.5,1,1,-7170,-15,11816,0,1,0,0;
custom,cylinder,metal2,4,3,4,1,0.5,0.5,0,1,1,-7170,-20,11816,0,1,0,0;
custom,cylinder,metal2,4,3,4,1,0.5,0,0,1,1,-7170,-25,11816,0,1,0,0;
racing,checkpointCuboid,1.3,4,1.3,-5267.945,30,11879,0,0.7071068,0,-0.7071068;
custom,cuboid,metal1,2,0.5,2,0,0,1,1,0.01,0.01,-5267.945,12.5,11879,0,0.7071068,0,-0.7071068;
custom,cuboid,metal1,2,0.5,2,0,0,1,1,0.01,0.01,-5267.945,47.5,11879,0,0.7071068,0,-0.7071068;
custom,prism,metal1,1.5,0.5,1.5,0,1,1,1,0.01,1,-7608.758,90,14216.65,-0.2504161,0.6606831,-0.6720381,0.2217081;
custom,prism,metal1,1.5,0.5,1.5,0,1,1,1,0.01,1,-7574.393,90,14214.64,0.2377874,0.6495101,-0.676609,-0.252575;
racing,killprism,1,0.6,1,-7608.758,90,14216.65,-0.2504161,0.6606831,-0.6720381,0.2217081;
racing,killprism,1,0.6,1,-7574.393,90,14214.64,0.2377874,0.6495101,-0.676609,-0.252575;
custom,checkpointprism,default,3.5,1.1,2.5,0,1,1,1,1,1,-4497.024,63.00006,3785.346,0.2092455,0.6595166,-0.6859735,-0.2251547;
custom,checkpointprism,default,3.5,1.1,2.5,0,1,1,1,1,1,-4571.869,55.0001,3786.903,-0.3160651,0.6415004,-0.6318108,0.2989905;
custom,cuboid,stone8,1,10,2,0,1,1,1,0.5,2,-4263,50,2650.7,0,0.7067623,0,0.7074512;
custom,cuboid,stone8,1,10,2,0,1,1,1,0.5,2,-4144,50,2650.7,0,0.7067623,0,0.7074512;
custom,cuboid,lava1,2.9,5.9,0.9,0,1,1,1,0.2,0.2,-4041,30.1,-1907,0,0,0,1;
custom,cuboid,lava1,3,5.9,0.9,0,1,1,1,0.2,0.2,-3960.5,31,-1907,0,0,0,1;
racing,killCuboid,3,6,1,-4041,30,-1907,0,0,0,1;
racing,killCuboid,3.1,6.05,1,-3960.102,31,-1907.035,0,0,0,1;
custom,cuboid,ice1,6,1,1,0,1,1,1,0.01,0.01,-30,300,0,0,0,0,0;
custom,cuboid,ice1,6,1,1,0,1,1,1,0.01,0.01,-30,240,0,0,0,0,0;
custom,cuboid,ice1,1,5,1,0,1,1,1,0.01,0.01,-30,270,0,0,0,0,0;
custom,cuboid,ice1,1,5,1,0,1,1,1,0.01,0.01,-20,170,0,0,0,0,0;
custom,cuboid,ice1,1,5,1,0,1,1,1,0.01,0.01,-40,170,0,0,0,0,0;
custom,cuboid,ice1,6,1,1,0,1,1,1,0.01,0.01,-30,200,0,0,0,0,0;
custom,cuboid,ice1,6,1,1,0,1,1,1,0.01,0.01,-30,140,0,0,0,0,0;
custom,cuboid,crystal2,10,1,1,1,0,0,0.3,0.01,0.01,-30,220,0,0,0,0,1;
custom,cuboid,lava1,1,8,75,0,1,1,1,0.01,0.01,-4649.146,19.99989,12035.5,0,0.7071068,0,0.7071068;
custom,cuboid,lava1,1,10,2105,0,1,1,1,0.01,0.01,-9995,50,4100,0,0,0,0;
custom,cuboid,lava1,1000,10,1,0,1,1,1,0.01,0.01,-5000,50,14620,0,0,0,0;
racing,killCuboid,5000,1,5000,0,-3.5,0,0,0,0,0;
racing,killCuboid,5000,1,2105,2500,-3.5,4100,0,0,0,0;
custom,cuboid,lava1,5000,1,2105,1,1,1,0,500.0,210.5,2500,-4,4100,0,0,0,0;




custom,cuboid,bark4,20,1,20,0,1,1,1,0.05,0.05,-4000,5,-6320,0,0,0,0;
custom,house8,stone1,2.1,2.1,0.35,0,0,0.5,1,1,1,-4000,45,-6425,0,1,0,0;
custom,cuboid,bombexplosiontex,20,1,20,0,0,0.5,1,1000,1000,-4000,6,-6320,0,0,0,0;
custom,cuboid,bombexplosiontex,20,1,20,1,0,0.05,0,1000,1000,-4000,6,-6320,0,0,0,0;
custom,house8,stone1,2.1,2.1,0.35,0,0,0.5,1,1,1,-3933,45,-6425,0,1,0,0;
custom,house8,stone1,2.05,2.1,0.35,0,0,0.5,1,1,1,-4067,45,-6425,0,1,0,0;
custom,prism,tower5mat,1.3,7,1.9,0,0,0.5,1,0.1,0.1,-4000,96,-6425.25,0.5,0.5,-0.5,0.5;
custom,prism,tower5mat,1.3,7,1.9,0,0,0.5,1,0.1,0.1,-3933,96,-6425.25,0.5,0.5,-0.5,0.5;
custom,prism,tower5mat,1.3,6.5,1.9,0,0,0.5,1,0.1,0.1,-4067,96,-6425.25,0.5,0.5,-0.5,0.5;
racing,killCuboid,1,6,21,-4105,30,-6315,0,0,0,0;
racing,killCuboid,1,6,21,-3895,30,-6315,0,0,0,0;
racing,killCuboid,1,6,100,-4030,30,-5720,0,0,0,0;
racing,killCuboid,1,6,100,-3970,30,-5720,0,0,0,0;
racing,killCuboid,6.5,6,1,-4067.5,30,-6215,0,0,0,0;
racing,killCuboid,6.5,6,1,-3932.5,30,-6215,0,0,0,0;
custom,killCuboid,bombtex,1,6,21,0,0,0,0,0.4,0.4,-4105,30,-6315,0,0,0,0;
custom,killCuboid,bombtex,1,6,21,0,0,0,0,0.4,0.4,-3895,30,-6315,0,0,0,0;
custom,killCuboid,bombtex,1,6,100,0,0,0,0,0.4,0.4,-4030,30,-5720,0,0,0,0;
custom,killCuboid,bombtex,1,6,100,0,0,0,0,0.4,0.4,-3970,30,-5720,0,0,0,0;
custom,killCuboid,bombtex,6,6.5,1,0,0,0,0,0.4,0.4,-4067.5,30,-6215,1,-1,0,0;
custom,killCuboid,bombtex,6,6.5,1,0,0,0,0,0.4,0.4,-3932.5,30,-6215,1,-1,0,0;

custom,cylinder,ice1,0.5,0.2,0.5,0,1,1,1,1,1,-4000,2,-6220,0,0,0,0;
custom,sphere,default,1,1,1,1,1,1,0,1,1,-4000.25,42.5,-6219.25,0,0,0,0;
custom,cuboid,ice1,5,0.5,40,1,0,0.5,1,10000,10000,-4000,2.5,-5420,0,0,0,0;
custom,endsphere,default,1.1,1.1,1.1,0,1,1,1,0.01,1,-4000.25,42.5,-6219.25,0,0,0,0;
custom,cylinder,empty,0.5,0.2,0.5,1,0.65,0,0,1,1,-4000,6,-6220,0,0,0,0;
custom,cylinder,ice1,0.5,0.2,0.5,1,1,1,1,1,1,-4000,10,-6220,0,0,0,0;
custom,cylinder,empty,0.5,0.2,0.5,1,0.65,0,0,1,1,-4000,14,-6220,0,0,0,0;
custom,cylinder,ice1,0.5,0.2,0.5,1,1,1,1,1,1,-4000,18,-6220,0,0,0,0;
custom,cylinder,empty,0.5,0.2,0.5,1,0.65,0,0,1,1,-4000,22,-6220,0,0,0,0;
custom,cylinder,ice1,0.5,0.2,0.5,1,1,1,1,1,1,-4000,26,-6220,0,0,0,0;
custom,cylinder,empty,0.5,0.2,0.5,1,0.65,0,0,1,1,-4000,30,-6220,0,0,0,0;
custom,cylinder,ice1,0.5,0.2,0.5,1,1,1,1,1,1,-4000,34,-6220,0,0,0,0;
custom,cylinder,empty,0.5,0.2,0.5,1,0.65,0,0,1,1,-4000,38,-6220,0,0,0,0;

