racing,killCuboid,1000,1,1000,0,-4,-425,0,0,0,1;
racing,killCuboid,1.1,10.1,1000.1,0,50,-5425,0,1,0,1;
racing,killCuboid,1.1,10.1,1000.1,4900,50,-425,0,0,0,0;
racing,killCuboid,100.1,25.1,50.1,0,125,-300,0,0,0,1;
racing,killCuboid,99.6,1.1,49.6,0,246,-300,0,0,0,0;
racing,killCuboid,100.1,20.1,50.1,0,400,-300,0,0,0,0;
racing,killCuboid,50.1,5.1,50.1,-250,275,-300,0,0,0,0;
racing,killCuboid,10.1,5.1,50.1,450,275,-300,0,0,0,0;
racing,killCuboid,10.1,5.1,40.1,200,275,-500,0,1,0,1;
racing,killCuboid,10.1,5.1,30.1,250,275,-100,0,1,0,1;
racing,killCuboid,10.1,5.1,20.1,150,275,-250,0,0,0,0;
racing,killCuboid,5.1,5.1,10.1,250,275,-325,0,1,0,1;
racing,killCuboid,5.1,5.1,5.1,275,275,-275,0,1,0,1;
racing,killCuboid,1.1,5.1,1.1,395,275,-300,0,0,0,0;
racing,killCuboid,1.1,5.1,1.1,305,275,-300,0,0,0,0;
racing,killCuboid,8.1,1.1,1.1,350,255,-300,0,0,0,0;
racing,killCuboid,8.1,1.1,1.1,350,295,-300,0,0,0,0;
racing,killCylinder,1.1,2.1,1.1,225,280,-170,0,0,0,0;
racing,killCylinder,1.6,0.35,1.6,225,297.5,-170,0,0,0,0;
racing,killCylinder,1.6,0.35,1.6,225,262.5,-170,0,0,0,0;
racing,killCuboid,15.1,2.1,2.1,240,257.5,-400,0.075,1,-0.075,-1;
racing,killCuboid,15.1,2.1,2.1,240,292.5,-400,0.075,-1,-0.075,1;
racing,killCuboid,1.1,5.1,1.1,50,275,-55,0,0,0,0;
racing,killCuboid,1.1,5.1,1.1,75,275,-55,0,0,0,0;
racing,killCuboid,1.1,5.1,1.1,25,275,-55,0,0,0,0;
racing,killCuboid,10.1,1.1,1.2,50,275,-55,0,0,0,0;
map,disablebounds;
custom,cuboid,metal1,1,10,1000,0,1,1,1,0.01,0.01,0,50,-5425,0,1,0,1;
custom,cuboid,metal1,1,10,1000,0,1,1,1,0.01,0.01,4900,50,-425,0,0,0,0;
custom,cuboid,lava1,1000,1,1000,0,1,1,1,64,64,0,-4.5,-425,0,0,0,0;
racing,startCuboid,8,3,1,350,275,-300,0,0,0,0;
racing,startCuboid,10,0.25,14.5,350,251.125,-222.5,0,0,0,0;
spawnpoint,playerC,50,260,-355,0,0,0,0;
spawnpoint,playerM,50,260,-355,0,0,0,0;
custom,cuboid,rock3,100,25,50,0,1,1,1,8,8,0,125,-300,0,0,0,0;
custom,cuboid,lava1,99.5,1,49.5,0,1,1,1,8,8,0,246,-300,0,0,0,0;
custom,cuboid,rock3,100,20,50,0,1,1,1,8,8,0,400,-300,0,0,0,0;
custom,cuboid,rock3,50,5,50,0,1,1,1,8,2,-250,275,-300,0,0,0,0;
custom,cuboid,rock3,10,5,50,0,1,1,1,4,1,450,275,-300,0,0,0,0;
custom,cuboid,rock3,10,5,40,0,1,1,1,2,1,200,275,-500,0,1,0,1;
custom,cuboid,rock3,10,5,30,0,1,1,1,2,2,250,275,-100,0,1,0,1;
custom,cuboid,rock3,10,5,20,0,1,1,1,2,2,150,275,-250,0,0,0,0;
custom,cuboid,rock3,5,5,10,0,1,1,1,1,1,250,275,-325,0,1,0,1;
custom,cuboid,rock3,5,5,5,0,1,1,1,1,1,275,275,-275,0,1,0,1;
custom,cuboid,rock3,11,1,15,0,1,1,1,2.0,4.0,255,255,-225,0,0,0,0;
custom,cuboid,rock3,1,5,1,0,1,1,1,0.5,1.0,395,275,-300,0,0,0,0;
custom,cuboid,rock3,1,5,1,0,1,1,1,0.5,1.0,305,275,-300,0,0,0,0;
custom,cuboid,rock3,8,1,1,0,1,1,1,1.0,0.5,350,255,-300,0,0,0,0;
custom,cuboid,rock3,8,1,1,0,1,1,1,1.0,0.5,350,295,-300,0,0,0,0;
custom,cylinder,lava1,1.0,2.0,1.0,0,1,1,1,1.0,1.0,225,280,-170,0,0,0,0;
custom,cylinder,rock3,1.5,0.25,1.5,0,1,1,1,0.25,0.25,225,297.5,-170,0,0,0,0;
custom,cylinder,rock3,1.5,0.25,1.5,0,1,1,1,0.25,0.25,225,262.5,-170,0,0,0,0;
custom,cuboid,rock3,15,2,2,0,1,1,1,1.0,1.0,240,257.5,-400,0.075,1,-0.075,-1;
custom,cuboid,rock3,15,2,2,0,1,1,1,1.0,1.0,240,292.5,-400,0.075,-1,-0.075,1;
custom,cuboid,rock3,1,5,1,0,1,1,1,0.5,1.0,50,275,-55,0,0,0,0;
custom,cuboid,rock3,1,5,1,0,1,1,1,0.5,1.0,75,275,-55,0,0,0,0;
custom,cuboid,rock3,1,5,1,0,1,1,1,0.5,1.0,25,275,-55,0,0,0,0;
custom,cuboid,rock3,10,1,1.1,0,1,1,1,1.0,0.25,50,275,-55,0,0,0,0;
custom,cuboid,rock3,20,8,40,0,1,1,1,2,2,160,40,860,0,0,0,0;
custom,cuboid,rock3,40,8,40,0,1,1,1,4,2,-240,40,860,0,0,0,0;
custom,cuboid,rock3,5,8,40,0,1,1,1,4,1,235,40,1260,0,0,0,0;
custom,cuboid,rock3,10,8,50,0,1,1,1,4,2,-190,40,1260,0,1,0,1;
custom,cylinder,rock3,10,4,10,0,1,1,1,2,2,60,40,1260,0,0,0,0;
racing,killCuboid,13,8,40,-240,40,1125,0,1,0,1;
custom,cuboid,rock3,4,3,80,0,1,1,1,4,0.5,-1045,15,1060,0,0,0,0;
custom,cuboid,rock3,4,3,80,0,1,1,1,4,0.5,-1045,65,1060,0,0,0,0;
custom,cuboid,rock3,4,2,32,0,1,1,1,2,0.25,-1045,40,820,0,0,0,0;
custom,cuboid,rock3,1,8,123.5,0,1,1,1,8,1,-407.5,40,1450,0,1,0,1;
custom,cuboid,rock3,1,1,13.5,0,1,1,1,1,0.5,-435,60,1377.5,0,0,0,0;
custom,cuboid,rock3,0.5,1,6,0,1,1,1,1,0.5,-435,40,1327.5,1,0,0,0.414;
custom,cuboid,rock3,0.5,1,6,0,1,1,1,1,0.5,-435,40,1427.5,1,0,0,-0.414;
custom,cuboid,rock3,2,0.5,40,0,1,1,1,1,0.1,-240,27.5,1377.5,0.085,1,-0.085,1;
custom,cuboid,rock3,1,1,39,0,1,1,1,4,0.25,160,40,1255,0,0,0,0;
custom,cuboid,rock3,1,8,1,0,1,1,1,0.5,1,160,40,1255,0,0,0,0;
custom,cuboid,rock3,11,1,1,0,1,1,1,1,0.5,160,40,1255,0,0,0,0;
racing,killCuboid,8,8,1,0,40,665,0,0,0,0;
racing,killCuboid,8,8,1,20,40,695,0,0,0,0;
racing,killCuboid,1,8,30,-15,40,840,0,0,0,0;
racing,killCuboid,1,8,32,25,40,900,0,0,0,0;
racing,killCuboid,7,8,1,-5,40,1055,0,0,0,0;
racing,killCuboid,2,3,0.5,-30,15,692.5,0,0,0,0;
racing,killCuboid,2,3,0.5,-30,65,692.5,0,0,0,0;
racing,killCuboid,2,3,0.5,-30,40,742.5,0,0,0,0;
racing,killCuboid,2,1,0.5,-30,5,792.5,0,0,0,0;
racing,killCuboid,2,1,0.5,-30,75,792.5,0,0,0,0;
racing,killCuboid,2,2,0.5,-30,10,842.5,0,0,0,0;
racing,killCuboid,2,2,0.5,-30,70,842.5,0,0,0,0;
racing,killCuboid,2,3,0.5,-30,15,892.5,0,0,0,0;
racing,killCuboid,2,3,0.5,-30,65,892.5,0,0,0,0;
racing,killCuboid,2,3.5,0.5,-30,17.5,942.5,0,0,0,0;
racing,killCuboid,2,3.5,0.5,-30,62.5,942.5,0,0,0,0;
racing,killCuboid,2,1,0.5,-30,75,987.5,0,0,0,0;
racing,killCuboid,2,6,0.5,-30,30,987.5,0,0,0,0;
racing,killCuboid,6,6.5,1,-15,47.5,1020,0,1,0,1;
racing,killCuboid,3,1,30,5,20,900,0,0,0,0;
racing,killCuboid,3,1.5,29,5,50,845,0,0,0,0;
racing,killCylinder,1,1.5,1,5,20,750,0,0,1,1;
racing,killCylinder,1.5,1.5,1.5,5,50,990,1,1,0,0;
racing,killCuboid,4,6,1,25,30,720,0,1,0,1;
racing,killCylinder,1,2,1,25,60,720,1,0,0,1;
racing,killCuboid,3.5,1,4,42.5,60,720,0,0,0,0;
racing,killCuboid,3,1,16,45,26,810,-0.225,0,0,-1;
racing,killCuboid,3,1,16,45,26,960,0.225,0,0,-1;
racing,killCuboid,3,1,3,45,60,1045,0,0,0,0;
racing,killPrism,28,3,8,44.5,48,888,-0.5,0.5,0.5,0.5;
racing,killCuboid,3,8,3,-455,40,1225,0,0,0,0;
racing,killCuboid,3,8,3,-505,40,1255,0,0,0,0;
racing,killCuboid,3,8,3,-555,40,1285,0,0,0,0;
racing,killCuboid,3,8,3,-605,40,1312,0,0,0,0;
racing,killCuboid,3,8,3,-655,40,1345,0,0,0,0;
racing,killCuboid,3,8,3,-705,40,1375,0,0,0,0;
racing,killCuboid,3,8,3,-755,40,1405,0,0,0,0;
racing,killCuboid,6,3.5,58.5,-732.5,62.5,930,0,1,0,1;
racing,killCuboid,6,3.5,58.5,-732.5,17.5,930,0,1,0,1;
racing,killCuboid,6,1,15,-515,40,930,0,1,0,1;
racing,killCuboid,6,1,38,-835,40,930,0,1,0,1;
racing,killCuboid,69,1,77.5,-95,85,1057.5,0,0,0,0;
racing,killCuboid,61.5,1,52,-747.5,85,1185,0,0,0,0;
racing,killCuboid,12,8,15,-515,40,840,0,1,0,1;
racing,killCuboid,12,8,38,-835,40,840,0,1,0,1;
racing,killCuboid,2,4,1,50,60,665,0,0,0,0;
racing,killCuboid,20.1,8.1,40.1,160,40,860,0,0,0,0;
racing,killCuboid,40.1,8.1,40.1,-240,40,860,0,0,0,0;
racing,killCuboid,5.1,8.1,40.1,235,40,1260,0,0,0,0;
racing,killCuboid,10.1,8.1,50.1,-190,40,1260,0,1,0,1;
racing,killCylinder,10.1,4.1,10.1,60,40,1260,0,0,0,0;
racing,killCuboid,4.1,3.1,80.1,-1045,15,1060,0,0,0,0;
racing,killCuboid,4.1,3.1,80.1,-1045,65,1060,0,0,0,0;
racing,killCuboid,4.1,2.1,32.1,-1045,40,820,0,0,0,0;
racing,killCuboid,1.1,8.1,123.6,-407.5,40,1450,0,1,0,1;
racing,killCuboid,1.1,1.1,13.6,-435,60,1377.5,0,0,0,0;
racing,killCuboid,0.6,1.1,6.1,-435,40,1327.5,1,0,0,0.414;
racing,killCuboid,0.6,1.1,6.1,-435,40,1427.5,1,0,0,-0.414;
racing,killCuboid,2.1,0.6,40.1,-240,27.5,1377.5,0.085,1,-0.085,1;
racing,killCuboid,1.1,1.1,39.1,160,40,1255,0,0,0,0;
racing,killCuboid,1.1,8.1,1.1,160,40,1255,0,0,0,0;
racing,killCuboid,11.1,1.1,1.1,160,40,1255,0,0,0,0;
custom,cuboid,rock3,-20,8,-40,0,1,1,1,2,2,-1400,40,460,0,0,0,0;
custom,cuboid,rock3,-40,8,-40,0,1,1,1,4,2,-1000,40,460,0,0,0,0;
custom,cuboid,rock3,-5,8,-40,0,1,1,1,4,1,-1475,40,60,0,0,0,0;
custom,cuboid,rock3,-10,8,-50,0,1,1,1,4,2,-1050,40,60,0,1,0,1;
custom,cylinder,rock3,-10,4,-10,0,1,1,1,2,2,-1300,40,60,0,0,0,0;
racing,killCuboid,-13,8,-40,-1000,40,195,0,1,0,1;
custom,cuboid,rock3,-4,3,-80,0,1,1,1,4,0.5,-195,15,260,0,0,0,0;
custom,cuboid,rock3,-4,3,-80,0,1,1,1,4,0.5,-195,65,260,0,0,0,0;
custom,cuboid,rock3,-4,2,-32,0,1,1,1,2,0.25,-195,40,500,0,0,0,0;
custom,cuboid,rock3,-1,8,-123.5,0,1,1,1,8,1,-832.5,40,-130,0,1,0,1;
custom,cuboid,rock3,-1,1,-13.5,0,1,1,1,1,0.5,-805,60,-57.5,0,0,0,0;
custom,cuboid,rock3,-0.5,1,-6,0,1,1,1,1,0.5,-805,40,-7.5,1,0,0,0.414;
custom,cuboid,rock3,-0.5,1,-6,0,1,1,1,1,0.5,-805,40,-107.5,1,0,0,-0.414;
custom,cuboid,rock3,-2,0.5,-40,0,1,1,1,1,0.1,-1000,27.5,-57.5,0.085,1,-0.085,1;
custom,cuboid,rock3,-1,1,-39,0,1,1,1,4,0.25,-1400,40,65,0,0,0,0;
custom,cuboid,rock3,-1,8,-1,0,1,1,1,0.5,1,-1400,40,65,0,0,0,0;
custom,cuboid,rock3,-11,1,-1,0,1,1,1,1,0.5,-1400,40,65,0,0,0,0;
racing,killCuboid,-8,4,-1,-1240,60,655,0,0,0,0;
racing,killCuboid,-8,8,-1,-1260,40,625,0,0,0,0;
racing,killCuboid,-1,8,-30,-1225,40,480,0,0,0,0;
racing,killCuboid,-1,8,-32,-1265,40,420,0,0,0,0;
racing,killCuboid,-7,8,-1,-1235,40,265,0,0,0,0;
racing,killCuboid,-2,3,-0.5,-1210,65,627.5,0,0,0,0;
racing,killCuboid,-2,1,-0.5,-1210,5,527.5,0,0,0,0;
racing,killCuboid,-2,1,-0.5,-1210,75,527.5,0,0,0,0;
racing,killCuboid,-2,2,-0.5,-1210,10,477.5,0,0,0,0;
racing,killCuboid,-2,2,-0.5,-1210,70,477.5,0,0,0,0;
racing,killCuboid,-2,3,-0.5,-1210,15,427.5,0,0,0,0;
racing,killCuboid,-2,3,-0.5,-1210,65,427.5,0,0,0,0;
racing,killCuboid,-2,3.5,-0.5,-1210,17.5,377.5,0,0,0,0;
racing,killCuboid,-2,3.5,-0.5,-1210,62.5,377.5,0,0,0,0;
racing,killCuboid,-2,1,-0.5,-1210,75,332.5,0,0,0,0;
racing,killCuboid,-2,6,-0.5,-1210,30,332.5,0,0,0,0;
racing,killCuboid,-6,6.5,-1,-1225,47.5,300,0,1,0,1;
racing,killCuboid,-3,1,-30,-1245,20,420,0,0,0,0;
racing,killCuboid,-3,1.5,-29,-1245,50,475,0,0,0,0;
racing,killCylinder,-1,1.5,-1,-1245,20,570,0,0,1,1;
racing,killCylinder,-1.5,1.5,-1.5,-1245,50,330,1,1,0,0;
racing,killCuboid,-4,6,-1,-1265,30,600,0,1,0,1;
racing,killCylinder,-1,2,-1,-1265,60,600,1,0,0,1;
racing,killCuboid,-3.5,1,-4,-1282.5,60,600,0,0,0,0;
racing,killCuboid,-3,1,-16,-1285,26,510,0.225,0,0,-1;
racing,killCuboid,-3,1,-16,-1285,26,360,-0.225,0,0,-1;
racing,killCuboid,-3,1,-3,-1285,60,275,0,0,0,0;
racing,killPrism,-28,3,8,-1284.5,48,432,-0.5,0.5,0.5,0.5;
racing,killCuboid,-3,8,-3,-785,40,95,0,0,0,0;
racing,killCuboid,-3,8,-3,-735,40,65,0,0,0,0;
racing,killCuboid,-3,8,-3,-685,40,35,0,0,0,0;
racing,killCuboid,-3,8,-3,-635,40,8,0,0,0,0;
racing,killCuboid,-3,8,-3,-585,40,-25,0,0,0,0;
racing,killCuboid,-3,8,-3,-535,40,-55,0,0,0,0;
racing,killCuboid,-3,8,-3,-485,40,-85,0,0,0,0;
racing,killCuboid,-69,1,-77.5,-1145,85,262.5,0,0,0,0;
racing,killCuboid,-61.5,1,-52,-492.5,85,135,0,0,0,0;
racing,killCuboid,-12,8,-15,-725,40,480,0,1,0,1;
racing,killCuboid,-12,8,-38,-405,40,480,0,1,0,1;
racing,killCuboid,-2,4,-1,-1290,60,655,0,0,0,0;
racing,killCuboid,-20.1,8.1,-40.1,-1400,40,460,0,0,0,0;
racing,killCuboid,-40.1,8.1,-40.1,-1000,40,460,0,0,0,0;
racing,killCuboid,-5.1,8.1,-40.1,-1475,40,60,0,0,0,0;
racing,killCuboid,-10.1,8.1,-50.1,-1050,40,60,0,1,0,1;
racing,killCylinder,-10.1,4.1,-10.1,-1300,40,60,0,0,0,0;
racing,killCuboid,-4.1,3.1,-80.1,-195,15,260,0,0,0,0;
racing,killCuboid,-4.1,3.1,-80.1,-195,65,260,0,0,0,0;
racing,killCuboid,-4.1,2.1,-32.1,-195,40,500,0,0,0,0;
racing,killCuboid,-1.1,8.1,-123.6,-832.5,40,-130,0,1,0,1;
racing,killCuboid,-1.1,1.1,-13.6,-805,60,-57.5,0,0,0,0;
racing,killCuboid,-0.6,1.1,-6.1,-805,40,-7.5,1,0,0,0.414;
racing,killCuboid,-0.6,1.1,-6.1,-805,40,-107.5,1,0,0,-0.414;
racing,killCuboid,-2.1,0.6,-40.1,-1000,27.5,-57.5,0.085,1,-0.085,1;
racing,killCuboid,-1.1,1.1,-39.1,-1400,40,65,0,0,0,0;
racing,killCuboid,-1.1,8.1,-1.1,-1400,40,65,0,0,0,0;
racing,killCuboid,-11.1,1.1,-1.1,-1400,40,65,0,0,0,0;
racing,killCuboid,12,8,15,-725,40,600,0,1,0,1;
racing,killCuboid,12,8,15,-515,40,720,0,1,0,1;
racing,killCuboid,12,8,38,-405,40,600,0,1,0,1;
racing,killCuboid,12,8,38,-835,40,720,0,1,0,1;
racing,killCuboid,1,4,16,-1650,20,1065,0,1,0,-1;
custom,cuboid,rock3,1,4,30,0,1,1,1,4,1,-1565,20,920,0,0,0,0;
custom,cuboid,rock3,1,4,27.5,0,1,1,1,2,1,-1525,20,1012.5,0,0,0,0;
custom,cuboid,rock3,1,4,24,0,1,1,1,4,1,-1440,20,775,0,1,0,1;
custom,cylinder,rock3,10,2,10,0,1,1,1,4,1,-1480,20,875,0,1,0,1;
custom,cuboid,rock3,1,4,24,0,1,1,1,4,1,-1360,20,830,0,1,0,1;
custom,cylinder,rock3,4,2,4,0,1,1,1,1,1,-1320,20,760,0,0,0,0;
custom,cuboid,rock3,1,4,10,0,1,1,1,1,1,-1305,20,710,0,0,0,0;
racing,killCuboid,1,4,20,-1630,20,1145,0,1,0,-1;
racing,killCuboid,1,4,20,-1800,20,1075,0,1,0,-0.414;
racing,killCuboid,1,4,20,-1800,20,995,0,1,0,-0.414;
racing,killCuboid,1,4,20,-1970,20,1005,0,1,0,-1;
racing,killCuboid,1,4,20,-1970,20,925,0,1,0,-1;
racing,killCuboid,1,4,20,-2140,20,935,0,1,0,-0.414;
racing,killCuboid,1,4,20,-2140,20,855,0,1,0,-0.414;
custom,cylinder,rock3,1,2,1,0,1,1,1,1,1,-1730,20,1145,0,0,0,0;
custom,cylinder,rock3,1,2,1,0,1,1,1,1,1,-1730,20,1065,0,0,0,0;
custom,cylinder,rock3,1,2,1,0,1,1,1,1,1,-1870,20,1005,0,0,0,0;
custom,cylinder,rock3,1,2,1,0,1,1,1,1,1,-1870,20,925,0,0,0,0;
custom,cylinder,rock3,1,2,1,0,1,1,1,1,1,-2070,20,1005,0,0,0,0;
custom,cylinder,rock3,1,2,1,0,1,1,1,1,1,-2070,20,925,0,0,0,0;
custom,cylinder,rock3,1,2,1,0,1,1,1,1,1,-2210,20,865,0,0,0,0;
custom,cylinder,rock3,1,2,1,0,1,1,1,1,1,-2210,20,785,0,0,0,0;
custom,cylinder,rock3,1,2,1,0,1,1,1,1,1,-2310,20,785,0,0,0,0;
racing,killCuboid,1,4,100,-2210,20,1365,0,0,0,0;
racing,killCuboid,1,4,100,-2310,20,1285,0,0,0,0;
racing,killCuboid,1,4,10,-2260,20,785,0,1,0,-1;
racing,killCuboid,7,1.25,8,-1970,6.25,965,0,1,0,1;
racing,killCuboid,7,1.25,8,-1970,33.75,965,0,1,0,1;
racing,killCuboid,2,4,6,-1790,20,1025,0,1,0,-0.414;
racing,killCuboid,2,4,6,-1810,20,1045,0,1,0,-0.414;
racing,killCuboid,2,1.5,4,-2135,7.5,880,0,1,0,-0.414;
racing,killCuboid,2,1.5,4,-2155,7.5,900,0,1,0,-0.414;
racing,killCuboid,2,1.5,4,-2135,32.5,880,0,1,0,-0.414;
racing,killCuboid,2,1.5,4,-2155,32.5,900,0,1,0,-0.414;
custom,cylinder,rock3,1,1,1,0,1,1,1,1,1,-2260,10,1305,0,0,0,0;
custom,cylinder,rock3,0.5,0.5,0.5,0,1,1,1,1,1,-2260,25,1305,0,0,0,0;
custom,cylinder,rock3,0.25,0.5,0.25,0,1,1,1,1,1,-2260,35,1305,0,0,0,0;
custom,cylinder,rock3,0.1,0.5,0.1,0,1,1,1,1,1,-2260,45,1305,0,0,0,0;
custom,cylinder,rock3,1,1.5,1,0,1,1,1,1,1,-2260,15,1330,0,0,0,0;
custom,cylinder,rock3,1,1.5,1,0,1,1,1,1,1,-2300,15,1355,0,0,0,0;
custom,cylinder,rock3,1,1.5,1,0,1,1,1,1,1,-2220,15,1355,0,0,0,0;
custom,cylinder,rock3,1,1.5,1,0,1,1,1,1,1,-2260,15,1405,0,0,0,0;
custom,cylinder,rock3,1,1.5,1,0,1,1,1,1,1,-2280,15,1430,0,0,0,0;
custom,cylinder,rock3,1,1.5,1,0,1,1,1,1,1,-2240,15,1430,0,0,0,0;
custom,cylinder,rock3,1,1.5,1,0,1,1,1,1,1,-2270,15,1480,0,0,0,0;
custom,cylinder,rock3,1,1.5,1,0,1,1,1,1,1,-2250,15,1480,0,0,0,0;
custom,cylinder,rock3,1,1.5,1,0,1,1,1,1,1,-2290,15,1505,0,0,0,0;
custom,cylinder,rock3,1,1.5,1,0,1,1,1,1,1,-2230,15,1505,0,0,0,0;
custom,cylinder,rock3,1,1.5,1,0,1,1,1,1,1,-2260,15,1530,0,0,0,0;
custom,cylinder,rock3,1,1.5,1,0,1,1,1,1,1,-2270,15,1580,0,0,0,0;
custom,cylinder,rock3,1,1.5,1,0,1,1,1,1,1,-2250,15,1580,0,0,0,0;
custom,cylinder,rock3,1,1.5,1,0,1,1,1,1,1,-2280,15,1555,0,0,0,0;
custom,cylinder,rock3,1,1.5,1,0,1,1,1,1,1,-2240,15,1555,0,0,0,0;
custom,cylinder,rock3,1,1.5,1,0,1,1,1,1,1,-2290,15,1580,0,0,0,0;
custom,cylinder,rock3,1,1.5,1,0,1,1,1,1,1,-2230,15,1580,0,0,0,0;
racing,killCuboid,9,1.5,2,-2260,7.5,1235,0,0,0,0;
racing,killCuboid,9,1.5,2,-2260,32.5,1705,0,0,0,0;
racing,killCuboid,9,1,1,-2260,35,1780,0,0,0,0;
racing,killCuboid,9,2,1,-2260,10,1780,0,0,0,0;
racing,killCylinder,1.1,1.1,1.1,-2260,10,1305,0,0,0,0;
racing,killCylinder,0.6,0.6,0.6,-2260,25,1305,0,0,0,0;
racing,killCylinder,0.35,0.6,0.35,-2260,35,1305,0,0,0,0;
racing,killCylinder,0.2,0.6,0.2,-2260,45,1305,0,0,0,0;
racing,killCylinder,1.25,1.6,1.25,-2260,15,1330,0,0,0,0;
racing,killCylinder,1.25,1.6,1.25,-2300,15,1355,0,0,0,0;
racing,killCylinder,1.25,1.6,1.25,-2220,15,1355,0,0,0,0;
racing,killCylinder,1.25,1.6,1.25,-2260,15,1405,0,0,0,0;
racing,killCylinder,1.25,1.6,1.25,-2280,15,1430,0,0,0,0;
racing,killCylinder,1.25,1.6,1.25,-2240,15,1430,0,0,0,0;
racing,killCylinder,1.25,1.6,1.25,-2270,15,1480,0,0,0,0;
racing,killCylinder,1.25,1.6,1.25,-2250,15,1480,0,0,0,0;
racing,killCylinder,1.25,1.6,1.25,-2290,15,1505,0,0,0,0;
racing,killCylinder,1.25,1.6,1.25,-2230,15,1505,0,0,0,0;
racing,killCylinder,1.25,1.6,1.25,-2260,15,1530,0,0,0,0;
racing,killCylinder,1.25,1.6,1.25,-2270,15,1580,0,0,0,0;
racing,killCylinder,1.25,1.6,1.25,-2250,15,1580,0,0,0,0;
racing,killCylinder,1.25,1.6,1.25,-2280,15,1555,0,0,0,0;
racing,killCylinder,1.25,1.6,1.25,-2240,15,1555,0,0,0,0;
racing,killCylinder,1.25,1.6,1.25,-2290,15,1580,0,0,0,0;
racing,killCylinder,1.25,1.6,1.25,-2230,15,1580,0,0,0,0;
racing,killCuboid,9,1.5,2,-2260,7.5,1235,0,0,0,0;
racing,killCuboid,0.5,2.5,2,-2260,27.5,1235,0,0,0,0;
racing,killCuboid,0.4,2,2,-2250,25,1235,0,0,0,0;
racing,killCuboid,0.4,2,2,-2270,25,1235,0,0,0,0;
racing,killCuboid,0.3,1.5,2,-2240,22.5,1235,0,0,0,0;
racing,killCuboid,0.3,1.5,2,-2280,22.5,1235,0,0,0,0;
racing,killCuboid,0.2,1,2,-2230,20,1235,0,0,0,0;
racing,killCuboid,0.2,1,2,-2290,20,1235,0,0,0,0;
racing,killCuboid,0.1,0.5,2,-2220,17.5,1235,0,0,0,0;
racing,killCuboid,0.1,0.5,2,-2300,17.5,1235,0,0,0,0;
racing,killCuboid,9,1,1,-2260,35,1780,0,0,0,0;
racing,killCuboid,9,2,1,-2260,10,1780,0,0,0,0;
racing,killCuboid,3.5,1,1,-2287.5,25,1780,0,0,0,0;
racing,killCuboid,3.5,1,1,-2232.5,25,1780,0,0,0,0;
custom,cuboid,rock3,1,4,25,0,1,1,1,2,1,-1155,20,742.5,0,1,0,0.414;
racing,killCylinder,8,2,8,-2215,20,1825,0,0,0,0;
racing,killCylinder,8,2,8,-2305,20,1825,0,0,0,0;
custom,cylinder,rock3,8,0.5,8,0,1,1,1,1.0,1.0,-2260,35,1890,0,0,0,0;
custom,cylinder,rock3,8,0.5,8,0,1,1,1,1.0,1.0,-2260,5,1890,0,0,0,0;
custom,cylinder,rock3,8.5,0.5,8.5,0,1,1,1,1.0,1.0,-2260,4,1890,0,0,0,0;
custom,cylinder,rock3,9.0,0.5,9.0,0,1,1,1,1.0,1.0,-2260,3,1890,0,0,0,0;
custom,cylinder,rock3,9.5,0.5,9.5,0,1,1,1,1.0,1.0,-2260,2,1890,0,0,0,0;
custom,cylinder,rock3,10.0,0.5,10.0,0,1,1,1,1.0,1.0,-2260,1,1890,0,0,0,0;
custom,cylinder,rock3,10.5,0.5,10.5,0,1,1,1,1.0,1.0,-2260,0,1890,0,0,0,0;
custom,cylinder,rock3,11.0,0.5,11.0,0,1,1,1,1.0,1.0,-2260,-1,1890,0,0,0,0;
custom,cylinder,rock3,11.5,0.5,11.5,0,1,1,1,1.0,1.0,-2260,-2,1890,0,0,0,0;
custom,cylinder,rock3,12,0.5,12,0,1,1,1,1.0,1.0,-2260,-3,1890,0,0,0,0;
custom,cylinder,rock3,0.5,1,0.5,0,1,1,1,1.0,1.0,-2297.5,20,1890,0,0,0,0;
custom,cylinder,rock3,0.5,1,0.5,0,1,1,1,1.0,1.0,-2222.5,20,1890,0,0,0,0;
custom,cylinder,rock3,0.5,1,0.5,0,1,1,1,1.0,1.0,-2260,20,1927.5,0,0,0,0;
custom,sphere,lava1,0.75,0.9,0.75,0,1,1,1,1.0,1.0,-2260,14.0,1890,0,0,0,0;
racing,endCone,25,-40,25,-2200.4,1121,1873.9,0,0,0,0;
racing,checkpointCuboid,0.25,0.25,0.25,-2260,11,1920,0,0,0,0;
racing,startCuboid,10,5,0.75,50,275,-55,0,0,0,0;
custom,cylinder,empty,0.79,0.25,0.79,1,1,1,0,0.01,0.01,-2259.8,32.4,1889.65,0,0,0,0;
custom,cylinder,empty,1.4,0.25,1.4,1,1,1,0,0.01,0.01,-2260,37.6,1889.5,0,0,0,0;
custom,cylinder,rock3,2.5,0.5,2.5,0,1,1,1,1.0,1.0,50,254,-355,0,0,0,0;
custom,cylinder,rock3,3.0,0.5,3.0,0,1,1,1,1.0,1.0,50,253,-355,0,0,0,0;
custom,cylinder,rock3,3.5,0.5,3.5,0,1,1,1,1.0,1.0,50,252,-355,0,0,0,0;
custom,cylinder,rock3,4.0,0.5,4.0,0,1,1,1,1.0,1.0,50,251,-355,0,0,0,0;
custom,cylinder,rock3,4.5,0.5,4.5,0,1,1,1,1.0,1.0,50,250,-355,0,0,0,0;
custom,cylinder,rock3,5.0,0.5,5.0,0,1,1,1,1.0,1.0,50,249,-355,0,0,0,0;
custom,cylinder,rock3,5.5,0.5,5.5,0,1,1,1,1.0,1.0,50,248,-355,0,0,0,0;
custom,cylinder,rock3,6.0,0.5,6.0,0,1,1,1,1.0,1.0,50,247,-355,0,0,0,0;
racing,startArc180,0.25,0.1,0.25,50,260.25,-355,0,0,1,1;
custom,arc180,lava1,0.25,0.1,0.25,0,1,1,1,1,1,50,260.25,-355,0.5,0.5,0.5,0.5;
custom,arc180,lava1,0.25,0.1,0.25,0,1,1,1,1,1,50,260.25,-355,0.2705981,0.2705981,0.6532815,0.6532815;
custom,arc180,lava1,0.25,0.1,0.25,0,1,1,1,1,1,50,260.25,-355,0.6532815,0.6532815,0.2705981,0.2705981;
custom,arc180,lava1,0.25,0.1,0.25,0,1,1,1,1,1,50,260.25,-355,0.1379497,0.1379497,0.6935199,0.6935199;
custom,arc180,lava1,0.25,0.1,0.25,0,1,1,1,1,1,50,260.25,-355,0.5879378,0.5879378,0.3928475,0.3928475;
custom,arc180,lava1,0.25,0.1,0.25,0,1,1,1,1,1,50,260.25,-355,0.3928475,0.3928475,0.5879378,0.5879378;
custom,arc180,lava1,0.25,0.1,0.25,0,1,1,1,1,1,50,260.25,-355,0.6935199,0.6935199,0.1379497,0.1379497;
custom,arc180,lava1,0.25,0.1,0.25,0,1,1,1,1,1,50,260.25,-355,0.0693086,0.0693086,0.7037019,0.7037019;
custom,arc180,lava1,0.25,0.1,0.25,0,1,1,1,1,1,50,260.25,-355,0.5466009,0.5466009,0.4485838,0.4485838;
custom,arc180,lava1,0.25,0.1,0.25,0,1,1,1,1,1,50,260.25,-355,0.3333279,0.3333279,0.6236125,0.6236125;
custom,arc180,lava1,0.25,0.1,0.25,0,1,1,1,1,1,50,260.25,-355,0.676659,0.676659,0.2052623,0.2052623;
custom,arc180,lava1,0.25,0.1,0.25,0,1,1,1,1,1,50,260.25,-355,0.2052623,0.2052623,0.676659,0.676659;
custom,arc180,lava1,0.25,0.1,0.25,0,1,1,1,1,1,50,260.25,-355,0.6236125,0.6236125,0.3333278,0.3333278;
custom,arc180,lava1,0.25,0.1,0.25,0,1,1,1,1,1,50,260.25,-355,0.4485838,0.4485838,0.5466009,0.5466009;
custom,arc180,lava1,0.25,0.1,0.25,0,1,1,1,1,1,50,260.25,-355,0.7037019,0.7037019,0.0693086,0.0693086;
racing,startArc180,0.45,0.1,0.25,50,263.75,-355,0,0,-1,1;
racing,startArc180,0.45,0.1,0.25,50,263.75,-355,-0.5,0.5,-0.5,0.5;
racing,startArc180,0.45,0.1,0.25,50,263.75,-355,-0.2705981,0.2705981,-0.6532815,0.6532815;
racing,startArc180,0.45,0.1,0.25,50,263.75,-355,-0.6532815,0.6532815,-0.2705981,0.2705981;
racing,startArc180,0.45,0.1,0.25,50,263.75,-355,-0.1379497,0.1379497,-0.6935199,0.6935199;
racing,startArc180,0.45,0.1,0.25,50,263.75,-355,-0.5879378,0.5879378,-0.3928475,0.3928475;
racing,startArc180,0.45,0.1,0.25,50,263.75,-355,-0.3928475,0.3928475,-0.5879378,0.5879378;
racing,startArc180,0.45,0.1,0.25,50,263.75,-355,-0.6935199,0.6935199,-0.1379497,0.1379497;
racing,startArc180,0.45,0.1,0.25,50,263.75,-355,-0.0693086,0.0693086,-0.7037019,0.7037019;
racing,startArc180,0.45,0.1,0.25,50,263.75,-355,-0.5466009,0.5466009,-0.4485838,0.4485838;
racing,startArc180,0.45,0.1,0.25,50,263.75,-355,-0.3333279,0.3333279,-0.6236125,0.6236125;
racing,startArc180,0.45,0.1,0.25,50,263.75,-355,-0.676659,0.676659,-0.2052623,0.2052623;
racing,startArc180,0.45,0.1,0.25,50,263.75,-355,-0.2052623,0.2052623,-0.676659,0.676659;
racing,startArc180,0.45,0.1,0.25,50,263.75,-355,-0.6236125,0.6236125,-0.3333278,0.3333278;
racing,startArc180,0.45,0.1,0.25,50,263.75,-355,-0.4485838,0.4485838,-0.5466009,0.5466009;
racing,startArc180,0.45,0.1,0.25,50,263.75,-355,-0.7037019,0.7037019,-0.0693086,0.0693086;
custom,sphere,rock3,12,12,12,0,1,1,1,4,4,145,265,-390,0,0,0,0;
custom,sphere,rock3,70,70,70,0,1,1,1,16,16,-190,-328,156,0,1,0,1;
custom,sphere,rock3,70,70,70,0,1,1,1,16,16,-1150,-250,1237,0,1,0,1;
custom,sphere,rock3,16,16,16,0,1,1,1,4,4,167,30,1279,0,0,0,0;
custom,sphere,rock3,16,16,16,0,1,1,1,4,4,-1419,20,60,0,0,0,0;
misc,barrier,115,1,125,-1690,45,1235,0,1,0,1;
custom,sphere,rock3,20,20,20,0,1,1,1,4,4,-800,-20,400,0,1,0,1;
custom,sphere,rock3,20,20,20,0,1,1,1,4,4,-440,-20,665,0,1,0,1;
custom,sphere,rock3,34,34,34,0,1,1,1,4,4,-825,-90,-20,0,0,0,0;
custom,sphere,rock3,34,34,34,0,1,1,1,4,4,-379,-40,1448,0,1,0,1;
racing,killCuboid,-6,4.5,-2,-605,22.5,390,0,1,0,1;
racing,killCuboid,-6,4.5,-2,-640,22.5,390,0,1,0,1;
racing,killCuboid,-6,3.5,-58.5,-507.5,62.5,390,0,1,0,1;
racing,killCuboid,-6,4.5,-15,-725,22.5,390,0,1,0,1;
racing,killCuboid,-6,4.5,-38,-405,22.5,390,0,1,0,1;
misc,barrier,1,50,71,250,250,305,0,0,0,0;
misc,barrier,1,50,71,-250,250,305,0,0,0,0;
misc,barrier,51,1,71,0,505,305,0,0,0,0;
misc,barrier,51,42,1,0,290,665,0,0,0,0;
custom,sphere,rock3,3,3,3,0,1,1,1,1.0,1.0,88,1,622.5,0,0,0,0;
racing,killCuboid,3,7,1,-1285,30.5,265,0,0,0,0;
misc,barrier,6,1,53,-620,85,660,0,0,0,0;
