custom,cuboid,stone2,5,1,30,0,1,1,1,1,1,-12.76387,25.62315,147.7535,0.1021791,0.01055665,0.001084407,-0.9947094;
custom,cuboid,stone2,5,1,30,0,1,1,1,1,1,-18.92103,81.46149,423.069,0.09792244,0.0126239,0.001242234,-0.9951133;
custom,cuboid,stone2,5,1,3,0,1,1,1,1,1,-21.50698,110.5912,584.1961,0,0.01551645,0,-0.9998796;
custom,cuboid,stone2,3,1,30,0,1,1,1,1,1,115.3281,110.6781,500.3303,0,0.8866592,0,0.4624236;
custom,cuboid,stone2,3,1,30,0,1,1,1,1,1,-160.4208,110.5643,471.4474,0,0.9254128,0,-0.3789608;
custom,cuboid,stone2,3,1,30,0,1,1,1,1,1,-305.8477,110.7785,245.0275,0,0.9813346,0,-0.1923081;
custom,cuboid,stone2,3,1,30,0,1,1,1,1,1,294.9569,110.7304,284.2213,0,0.9774218,0,0.2112973;
custom,cuboid,stone2,3,1,20,0,1,1,1,1,1,353.317,128.001,56.26229,0.0008855622,0.9959916,0.08888992,-0.009922539;
custom,cuboid,stone2,3,1,20,0,1,1,1,1,1,-357.3947,130.8109,16.62762,-0.001397661,0.9948201,0.1006993,0.01380765;
custom,cuboid,stone2,40,1,40,0,1,1,1,1,1,354.5449,145.7083,-239.7535,0,0.9999987,0,-0.001580997;
custom,cuboid,stone2,40,1,40,0,1,1,1,1,1,-342.7397,150.5793,-278.5677,0,0.9997017,0,0.02442423;
custom,cuboid,stone6,4,.4,30,1,0,0.6022727,1,1,1,177.068,67.99138,40.61044,-0.01002586,0.8974341,0.4407657,0.01539925;
custom,cuboid,stone2,3,1,20,0,1,1,1,1,1,-108.579,185.7599,-0.05086708,0.009571142,0.2982989,-0.003220232,0.9544191;
custom,cuboid,stone2,18,1,10,0,1,1,1,1,1,-6.819583,183.8887,123.909,0,0.001965911,0,-0.9999981;
custom,cuboid,stone2,3,1,30,0,1,1,1,1,1,-7.138923,225.3284,318.2946,0.139,0.001730319,0.0002428725,-0.9902909;
custom,cuboid,stone2,5,7,1,0,1,1,1,1,1,-8.467625,304.8603,463.817,0,0.9999796,0,0.006398161;
custom,cuboid,stone2,50,1,50,0,1,1,1,1,1,-272.806,266.6789,222.4263,0,0.0005447399,0,0.9999999;
custom,cuboid,stone2,50,1,50,0,1,1,1,1,1,254.9921,266.8402,221.0356,0,-0.002429249,0,-0.9999971;
custom,cuboid,stone2,3,1,38,0,1,1,1,1,1,-8.761984,265.6072,162.3142,0,-0.002366732,0,-0.9999972;
custom,cuboid,stone2,1,30,100,0,1,1,1,1,1,-506.069,414.4271,-19.48308,0,0.003615139,0,-0.9999935;
custom,cuboid,stone2,1,30,100,0,1,1,1,1,1,484.9042,414.1831,-15.1339,0,0.002709291,0,-0.9999964;
custom,cuboid,stone2,1,30,100,0,1,1,1,1,1,-5.740991,413.2824,-511.9036,0,0.7089546,0,-0.7052542;
custom,cuboid,stone2,1,30,100,0,1,1,1,1,1,-14.27021,414.7812,474.1516,0,0.7067076,0,0.7075057;
custom,cuboid,grass,100,.3,25,0,1,1,1,1,1,4.057015,270.5624,-391.5498,0,0.9999986,0,0.001692967;
custom,cuboid,grass,100,.3,25,0,1,1,1,1,1,362.9228,270.4279,43.94986,0,0.7029532,0,0.7112361;
custom,cuboid,grass,100,.3,25,0,1,1,1,1,1,-380.8466,270.5702,47.05787,0,0.7094896,0,-0.7047159;
custom,cuboid,stone4,100,.3,25,0,1,1,1,1,1,32.08339,270.5111,-250.8753,0,0.9999961,0,-0.0027946;
custom,cuboid,stone6,45,.8,10,1,0,0.1931818,1,1,1,-26.14661,265.0891,-76.40059,0,0.9999965,0,-0.00264206;
custom,cuboid,bark,5,.1,4,0,0,0,1,1,1,-9.685444,271.572,-35.29242,0,1,0,7.465617E-05;
custom,tower1,bark,.3,.3,.3,0,0,0,1,1,1,-33.55245,267.9106,-53.70293,0,0.9996777,0,-0.02538866;
custom,tower1,bark,.3,.3,.3,0,0,0,1,1,1,14.38091,268.0075,-55.27563,0,0.02239738,0,-0.9997492;
custom,village1,default,2,2,2,0,0,0,1,1,1,-32.7503,269.0596,206.6948,0,0.7056435,0,0.7085671;
custom,village1,default,2,2,2,0,0,0,1,1,1,9.727991,268.6833,307.6116,0,0.7039812,0,-0.7102186;
custom,house3,default,2,2,2,0,0,0,1,1,1,137.7201,271.1841,33.43427,0,0.7073383,0,0.7068752;
custom,house3,default,2,2,2,0,0,0,1,1,1,-169.5331,269.7663,30.97281,0,0.7079011,0,-0.7063116;
customb,tree0,default,1,1,1,0,0,0,1,1,1,320.9953,345.6416,303.0702,0,0.02223004,0,0.9997529;
customb,tree0,default,1,1,1,0,0,0,1,1,1,419.4807,343.6562,169,0,0.04319126,0,-0.9990668;
customb,tree0,default,1,1,1,0,0,0,1,1,1,307.5493,343.8075,61.26759,0,0.001736076,0,-0.9999985;
customb,tree0,default,1,1,1,0,0,0,1,1,1,405.2514,346.2416,-47.74283,0,0.02354706,0,-0.9997228;
customb,tree0,default,1,1,1,0,0,0,1,1,1,309.1023,343.2453,-208.2844,0,0.006087655,0,-0.9999815;
customb,tree0,default,1,1,1,0,0,0,1,1,1,412.9323,344.472,-308.7788,0,0.01791157,0,0.9998396;
customb,tree0,default,1,1,1,0,0,0,1,1,1,286.4127,345.7918,-402.2074,0,0.1006526,0,0.9949216;
customb,tree0,default,1,1,1,0,0,0,1,1,1,88.07413,345.0695,-347.3041,0,0.6965743,0,0.7174847;
customb,tree0,default,1,1,1,0,0,0,1,1,1,-152.6223,345.0256,-339.6222,0,0.4022446,0,0.9155322;
customb,tree0,default,1,1,1,0,0,0,1,1,1,-290.8802,343.2839,-399.2419,0,0.944262,0,0.3291949;
customb,tree0,default,1,1,1,0,0,0,1,1,1,-457.0846,344.5968,-295.8329,0,0.9990229,0,-0.0441956;
customb,tree0,default,1,1,1,0,0,0,1,1,1,-324.4595,341.931,-188.9263,0,0.9990742,0,0.04302004;
customb,tree0,default,1,1,1,0,0,0,1,1,1,-429.4889,346.0504,-25.20556,0,0.9622838,0,-0.2720474;
customb,tree0,default,1,1,1,0,0,0,1,1,1,-334.2045,344.4712,83.109,0,0.6741365,0,0.7386068;
customb,tree0,default,1,1,1,0,0,0,1,1,1,-422.0009,342.9897,233.7334,0,0.9389662,0,0.3440098;
customb,tree0,default,1,1,1,0,0,0,1,1,1,-320.7305,343.3079,352.7026,0,0.7288567,0,0.6846663;
custom,castle1,default,2,2,2,0,0,0,1,1,1,-22.37649,307.436,-474.1736,0,0.7153953,0,-0.69872;
custom,capsule,stone3,.8,.5,.4,0,0,0,1,1,1,20.3477,272.2249,-350.7839,0,0.9998992,0,0.01419874;
custom,capsule,stone3,.8,.5,.4,0,0,0,1,1,1,4.714867,272.153,-350.3788,0,0.9998992,0,0.01419874;
custom,capsule,stone3,.8,.5,.4,0,0,0,1,1,1,-74.43571,272.1779,-351.1534,0,0.9999744,0,-0.007157255;
custom,capsule,stone3,.8,.5,.4,0,0,0,1,1,1,-59.09145,271.8911,-351.0332,0,0.9995258,0,0.03079475;
photon,spawnAnnie,0,0,-26.35363,277.7445,-360.6996,0,0.9999555,0,0.009435705;
custom,cuboid,stone4,6,.5,10,0,0,0,1,1,1,-225.8057,269.4489,-77.39367,0,1,0,-0.0001401725;
custom,cuboid,stone4,6,.5,10,0,0,0,1,1,1,209.3848,269.4899,-78.04716,0,0.9999999,0,-0.0004406907;
custom,tower1,default,.5,.5,.5,0,1,0,0,1,1,-27.05793,297.6729,330.3342,0,0.009469728,0,-0.9999552;
custom,tower1,default,.5,.5,.5,0,1,0,0,1,1,-27.78173,297.2967,231.7549,0,0.004501655,0,0.9999899;
custom,tower1,default,2,2,2,0,0,0,1,1,1,-19.80732,379.2106,-185.5312,0,0.7044211,0,0.7097824;
custom,cuboid,stone2,1,10,40,0,0,0,1,1,1,-331.6949,204.8903,-476.1362,0,0.729508,0,-0.6839723;
custom,cuboid,stone2,1,10,40,0,0,0,1,1,1,-537.0282,204.8998,-288.054,0,0.9996699,0,0.02569423;
custom,cuboid,stone2,1,10,40,0,0,0,1,1,1,-141.5025,204.1685,-289.1231,0,0.9996811,0,0.02525598;
custom,cuboid,stone2,1,10,20,0,0,0,1,1,1,-470.2623,203.3727,-88.58725,0,0.7217808,0,-0.6921217;
custom,cuboid,stone2,1,10,17,0,0,0,1,1,1,-256.2068,203.7031,-79.2679,0,0.6900937,0,0.7237201;
racing,killCuboid,1,10,30,-173.6082,132.3592,481.1271,0,0.9205333,0,-0.3906642;
custom,cuboid,stone2,1,10,40,0,0,0,1,1,1,159.4139,200.0139,-263.713,0,-0.001688633,0,-0.9999986;
custom,cuboid,stone2,1,10,40,0,0,0,1,1,1,359.1039,198.9549,-435.0869,0,0.7086282,0,0.7055822;
custom,cuboid,stone2,1,10,40,0,0,0,1,1,1,538.7321,190.4963,-240.7507,0,0.9999979,0,-0.002071185;
custom,cuboid,stone2,17,10,1,0,0,0,1,1,1,450.4541,190.5465,-45.72153,0,0.9999999,0,-0.0004518909;
custom,cuboid,stone2,17,10,1,0,0,0,1,1,1,255.4317,193.2671,-45.40515,0,0.9999844,0,0.00559564;
photon,spawnCrawler,0,0,186.487,158.9327,-141.2984,0,0.02247541,0,-0.9997474;
racing,killCuboid,1,10,30,-146.4413,137.853,460.1669,0,0.9276536,0,-0.373442;
photon,spawnPunk,0,0,-320.237,159.0317,-275.1536,0,0.8622659,0,0.5064558;
photon,spawnPunk,0,0,-337.0003,160.8775,-325.1157,0,0.9999988,0,-0.001575078;
photon,spawnCrawler,0,0,420.5797,155.5162,-315.9115,0,0.9335895,0,0.3583445;
photon,spawnCrawler,0,0,234.9572,152.9065,-176.6617,0,0.6723361,0,-0.740246;
photon,spawnTitan,0,0,-121.3624,116.453,508.6278,0,0.3743399,0,0.9272916;
photon,spawnJumper,0,0,168.9623,117.5557,462.632,0,0.8869365,0,0.4618913;
photon,spawnJumper,0,0,319.6227,118.5792,231.2509,0,0.9748187,0,0.222999;
racing,checkpointCuboid,2.5,8,0.5,-4.765678,227.3153,173.0565,0,-0.003251748,0,0.9999948;
custom,plane,stone2,7,1,20,0,1,1,1,1,1,-15.88528,270.8405,337.7003,0,0.01157387,0,-0.9999331;
racing,killTube,6,10,3,-14.46749,263.0778,-151.3259,0,0.9999919,0,0.004028385;
custom,cuboid,stone2,1,20,30,0,1,1,1,1,1,-160.25,156.8494,494.6321,0,0.9203999,0,-0.3909784;
custom,cuboid,stone2,1,20,30,0,1,1,1,1,1,-321.8607,163.6708,256.6603,0,0.1888266,0,0.9820105;
custom,cuboid,stone2,1,20,30,0,1,1,1,1,1,-376.4063,158.8665,64.42409,0,-0.002886672,0,0.9999958;
custom,cuboid,stone2,1,20,30,0,1,1,1,1,1,-147.469,149.1136,458.4206,0,0.3725697,0,0.9280043;
custom,cuboid,stone2,1,20,20,0,1,1,1,1,1,-282.1308,148.2487,257.5114,0,0.1637975,0,0.9864941;
custom,cuboid,stone2,1,20,20,0,1,1,1,1,1,-339.9481,158.5877,13.26542,0.002048417,0.9998723,0.006979946,-0.01423495;
custom,cuboid,stone2,1,20,10,0,1,1,1,1,1,-326.3721,161.5753,142.0178,0,0.9814414,0,-0.1917622;
custom,cuboid,stone2,1,10,30,0,1,1,1,1,1,-42.299,57.93249,134.1312,-0.1345042,-0.007805615,-0.0006038925,0.9908821;
custom,cuboid,stone2,1,10,30,0,1,1,1,1,1,-45.837,127.2156,408.2899,-0.1110167,-0.001876975,0.00203818,0.9938147;
custom,cuboid,stone2,1,10,30,0,1,1,1,1,1,14.76599,50.04268,134.0704,-0.1377674,-0.01160297,0.001747935,0.9903952;
custom,cuboid,stone2,1,10,30,0,1,1,1,1,1,9.978519,123.4603,403.923,-0.1116084,-0.007595711,0.008546567,0.9936866;
custom,cuboid,stone2,1,10,30,0,1,1,1,1,1,125.9451,155.4478,513.978,0,0.4601393,0,-0.8878468;
custom,cuboid,stone2,1,10,30,0,1,1,1,1,1,310.3375,157.8835,291.2631,0,0.2175153,0,-0.9760569;
custom,cuboid,stone2,1,10,28,0,1,1,1,1,1,369.7845,174.3197,96.85417,-0.07323802,0.002802668,-0.000205815,-0.9973106;
custom,cuboid,stone2,1,10,25,0,1,1,1,1,1,112.4713,148.1763,478.6497,0,0.4606291,0,-0.8875927;
custom,cuboid,stone2,1,10,25,0,1,1,1,1,1,267.7913,162.9051,296.2347,0,0.9772965,0,0.2118765;
custom,cuboid,stone2,1,10,18,0,1,1,1,1,1,337.839,161.8493,49.46003,0.002527932,0.9917629,0.12652,-0.01981592;
custom,cuboid,stone2,1,10,7,0,1,1,1,1,1,331.769,139.8044,157.8,0.004431683,0.9868512,0.000975828,0.1615674;
custom,cuboid,stone2,5,4,1,0,1,1,1,1,1,166.6764,167.8427,-65.22679,0,0.3680102,0,-0.9298217;
custom,cuboid,stone2,5,4,1,0,1,1,1,1,1,-164.9645,173.508,-89.52122,0,0.3064999,0,0.9518707;
custom,cuboid,stone2,5,1,50,0,1,1,1,1,1,-13.48439,119.6623,220.5317,0.1371848,0.005683901,-0.0003620858,-0.9905291;
custom,cuboid,stone2,5,1,50,0,1,1,1,1,1,-221.415,164.7556,417.0781,0,0.9217811,0,-0.3877107;
custom,cuboid,stone2,5,1,50,0,1,1,1,1,1,197.242,195.3928,430.5805,0,0.8991534,0,0.4376337;
custom,cuboid,stone2,5,1,30,0,1,1,1,1,1,309.794,194.9518,225.9476,0,0.9783548,0,0.206935;
custom,cuboid,stone2,5,1,30,0,1,1,1,1,1,-115.3674,195.2136,549.9733,0,0.8112059,0,-0.5847608;
custom,cuboid,stone2,5,1,30,0,1,1,1,1,1,-328.4254,165.2455,217.6182,0,0.9844326,0,-0.1757626;
custom,cuboid,stone2,5,1,10,0,1,1,1,1,1,-360.0765,166.9144,47.06534,0,0.9999143,0,0.01309815;
custom,cuboid,stone2,5,1,10,0,1,1,1,1,1,-355.0625,167.118,-34.72792,0,0.9998982,0,0.01427014;
custom,cuboid,stone2,5,1,10,0,1,1,1,1,1,360.7181,194.8934,42.21453,0,0.9999515,0,0.009843266;
custom,cuboid,stone2,5,1,10,0,1,1,1,1,1,352.9464,194.7888,9.543473,0,0.9999709,0,-0.007631987;
custom,cuboid,stone2,5,1,10,0,1,1,1,1,1,-19.31701,191.8829,509.7135,0,0.01191841,0,-0.999929;
custom,cuboid,stone2,5,8,1,0,1,1,1,1,1,-24.14255,150.4588,600.7845,0,0.9999257,0,0.0121956;
photon,spawnJumper,0,0,-351.6433,116.4611,129.1523,0,0.194848,0,0.9808335;
custom,cuboid,stone2,50,.5,50,0,1,1,1,1,1,291.7581,230.4659,-299.0435,0,0.7132604,0,-0.7008992;
custom,cuboid,stone2,50,.5,50,0,1,1,1,1,1,-385.545,243.4176,-338.4485,0,0.7197861,0,-0.6941959;
custom,cuboid,stone2,50,.5,50,1,1,0,0,1,1,8.637476,-2.409829,-249.0133,0,0.9999233,0,0.01239243;
custom,cuboid,default,10,.5,10,1,1,1,1,1,1,-9.906055,-2.225731,-48.48405,0,0.009235691,0,-0.9999574;
custom,cuboid,stone2,4,4,1,0,1,1,1,1,1,-355.9192,251.1403,-83.29504,0,0.04448986,0,-0.9990098;
custom,cuboid,stone2,1,10,50,1,0.7386364,0,0,1,1,-234.6395,36.13665,-242.9594,0,0.9998749,0,0.01582399;
custom,cuboid,stone2,1,10,50,1,0.7386364,0,0,1,1,8.818672,36.66325,-494.2457,0,0.6982324,0,0.7158712;
custom,cuboid,stone2,1,10,50,1,0.7386364,0,0,1,1,251.3227,36.69836,-216.0309,0,0.01472638,0,-0.9998916;
custom,cuboid,stone2,1,10,25,1,0.7386364,0,0,1,1,-164.2074,35.88169,-11.66539,0,0.7142944,0,-0.6998454;
custom,cuboid,stone2,1,10,25,1,0.7386364,0,0,1,1,143.0159,37.35823,-3.264049,0,0.6890721,0,0.7246928;
custom,cuboid,stone6,50,1,50,1,0.5795454,0.4318182,0.2727273,1,1,20.66597,81.99126,-255.6541,0,0.7162336,0,-0.6978608;
custom,cuboid,stone6,8,3,4,1,0.5795454,0.4318182,0.2727273,1,1,-14.15566,71.41918,-4.299225,-0.01640536,0.000757683,1.243173E-05,0.9998652;
custom,cuboid,stone2,1,3,1,0,0.5795454,0.4318182,0.2727273,1,1,-50.2144,174.1721,551.5271,0,0.8885665,0,-0.4587479;
custom,cuboid,stone2,1,3,1,0,0.5795454,0.4318182,0.2727273,1,1,11.64183,179.6625,543.929,-0.04446263,0.9194797,0.1089903,0.3751017;
custom,cuboid,stone2,1,8,10,0,0.5795454,0.4318182,0.2727273,1,1,335.8449,190.1455,-99.54907,0,0.003180888,0,-0.9999949;
custom,cuboid,stone2,1,8,10,0,0.5795454,0.4318182,0.2727273,1,1,409.7681,190.0233,-103.6196,0,0.7062272,0,-0.7079853;
custom,cuboid,stone2,1,8,10,0,0.5795454,0.4318182,0.2727273,1,1,424.3551,190.1683,-158.0415,0,0.009884686,0,-0.9999512;
custom,cuboid,stone2,1,4,5,0,0.5795454,0.4318182,0.2727273,1,1,444.0765,169.0457,-137.0288,0,0.6967871,0,-0.7172781;
custom,cuboid,stone2,1,4,5,0,0.5795454,0.4318182,0.2727273,1,1,485.4943,169.3263,-107.881,0,0.9999812,0,0.006133239;
custom,cuboid,stone2,1,4,5,0,0.5795454,0.4318182,0.2727273,1,1,465.1529,169.3014,-79.14307,0,0.7020312,0,0.7121462;
custom,cuboid,stone2,1,4,5,0,0.5795454,0.4318182,0.2727273,1,1,509.3521,169.2062,-166.0256,0,0.7084634,0,0.7057477;
custom,cuboid,stone2,1,4,5,0,0.5795454,0.4318182,0.2727273,1,1,463.8445,168.9231,-164.8155,0,0.002539537,0,0.9999968;
custom,cuboid,stone2,1,4,5,0,0.5795454,0.4318182,0.2727273,1,1,483.744,169.0112,-194.0231,0,0.7119598,0,-0.7022203;
photon,spawnJumper,0,0,-18.18932,105.3504,483.0711,0,0.01977449,0,-0.9998045;
photon,spawnJumper,0,0,-12.05097,74.94921,342.9397,0,0.01101511,0,-0.9999393;
custom,cuboid,stone2,1,6,1,0,0.5795454,0.4318182,0.2727273,1,1,531.1793,165.5606,-207.2825,-0.2953201,0.6571608,-0.2808381,0.6340787;
custom,cuboid,stone2,10,.5,20,0,0.5795454,0.4318182,0.2727273,1,1,476.4242,186.9125,-150.7805,0,-0.003104674,0,-0.9999952;
custom,cuboid,stone2,10,.5,20,0,0.5795454,0.4318182,0.2727273,1,1,383.6414,186.6093,-150.6456,0,0.002131373,0,-0.9999977;
custom,cuboid,stone2,2,.5,2.5,0,0.5795454,0.4318182,0.2727273,1,1,528.769,186.7693,-238.6381,0,0.9999219,0,-0.01250251;
custom,cuboid,stone2,2,6,1,0,0.5795454,0.4318182,0.2727273,1,1,536.942,165.6964,-109.9362,-0.4144523,0.003512343,-0.001599559,-0.9100628;
custom,cuboid,stone2,1,.4,4,0,0.5795454,0.4318182,0.2727273,1,1,531.4038,187.3343,-70.6445,0,0.005107742,0,0.9999869;
custom,cuboid,stone2,1,.4,4,0,0.5795454,0.4318182,0.2727273,1,1,530.8765,187.2037,-188.3862,0,0.004825062,0,-0.9999884;
custom,cuboid,stone2,1,.4,4,0,0.5795454,0.4318182,0.2727273,1,1,530.4045,187.1015,-141.5795,0,0.9999933,0,0.003673025;
custom,cuboid,stone2,4,.4,4,0,0.5795454,0.4318182,0.2727273,1,1,354.0442,187.0902,-32.80477,0,-0.001465945,0,-0.9999989;
custom,cuboid,stone2,1,8,20,0,0.5795454,0.4318182,0.2727273,1,1,434.0451,189.7749,-251.3118,0,0.696974,0,0.7170964;
custom,cuboid,stone2,1,8,8,0,0.5795454,0.4318182,0.2727273,1,1,336.9717,190.7684,-219.3306,0,2.963075E-05,0,1;
custom,cuboid,stone2,1,4,4,0,0.5795454,0.4318182,0.2727273,1,1,336.5658,165.9725,-164.4724,0,0.01254564,0,-0.9999213;
custom,cuboid,stone2,4,.5,4,0,0.5795454,0.4318182,0.2727273,1,1,318.113,186.5497,-164.312,0,0.6955914,0,0.7184376;
custom,cuboid,stone2,.3,8,20,0,0.5795454,0.4318182,0.2727273,1,1,201.841,189.0397,-141.4362,0,-0.001586958,0,-0.9999988;
custom,cuboid,stone2,.3,8,20,0,0.5795454,0.4318182,0.2727273,1,1,201.4404,187.4008,-279.6251,0,0.0008753974,0,0.9999996;
photon,spawnCrawler,0,0,179.378,154.1588,-263.2018,0,0.1808378,0,-0.9835129;
custom,plane,stone2,19,1,50,0,0.5795454,0.4318182,0.2727273,1,1,163.1371,152.5404,-372.6625,0,0.7058223,0,-0.7083889;
racing,killCapsule,3,0.5,0.5,-361.7137,36.70238,-395.6544,0,0.008684678,0,-0.9999623;
custom,plane,stone6,19,1,50,1,1,0.3181818,0,1,1,243.8525,152.6571,-275.924,-0.0006981324,-0.0007596891,5.303655E-07,-0.9999995;
custom,plane,stone6,19,1,20,1,1,0.3181818,0,1,1,435.9029,152.6761,-350.6241,0,0.6983333,0,0.7157727;
custom,cuboid,stone2,1,3.7,5,0,0.6363636,0,0,1,1,415.5963,207.9733,-232.6691,0,0.7008526,0,0.7133062;
custom,cuboid,stone2,1,4,5,0,1,0.3181818,0,1,1,486.2007,160.625,-165.8914,0,0.7090566,0,0.7051516;
custom,cuboid,stone2,1,4,5,0,1,0.3181818,0,1,1,365.0901,165.2939,-80.05705,0,0.7106792,0,-0.7035162;
custom,cuboid,stone2,1,4,5,0,1,0.3181818,0,1,1,414.9114,164.3796,-59.24376,0,0.005105232,0,0.999987;
custom,cuboid,stone2,1,4,5,0,1,0.3181818,0,1,1,531.3528,164.461,-64.82946,0,0.9999246,0,0.01228035;
custom,cuboid,stone2,1,4,5,0,1,0.3181818,0,1,1,524.3947,167.0918,-85.05239,0,0.7066928,0,-0.7075205;
custom,cuboid,stone2,1,4,3,0,1,0.3181818,0,1,1,502.3149,165.6991,-229.6521,0,0.0009943563,0,-0.9999995;
custom,cuboid,stone2,1,4,6,0,1,0.3181818,0,1,1,470.5493,166.7489,-224.0259,0,0.7058882,0,0.7083232;
custom,cuboid,stone2,1,4,5,0,1,0.3181818,0,1,1,417.4735,165.6059,-224.0681,0,0.7080068,0,0.7062057;
custom,cuboid,stone2,1,4,3,0,1,0.3181818,0,1,1,398.1472,168.6063,-204.2287,0,0.9999524,0,-0.009762058;
custom,cuboid,stone2,1,4,5,0,1,0.3181818,0,1,1,380.1264,168.69,-169.6777,0,0.7034256,0,0.7107689;
custom,cuboid,stone2,1,4,3,0,1,0.3181818,0,1,1,388.3169,168.5766,-193.3734,0,0.7157409,0,0.6983659;
custom,cuboid,stone2,1,4,5,0,1,0.3181818,0,1,1,360.4692,168.6102,-189.9133,0,0.007445935,0,-0.9999723;
custom,cuboid,stone2,1,4,3,0,1,0.3181818,0,1,1,378.735,168.8145,-209.8046,0,0.7068552,0,0.7073583;
custom,cuboid,stone2,1,4,2,0,1,0.3181818,0,1,1,375.9134,168.8778,-240.6239,0,0.9999631,0,0.008592994;
custom,cuboid,stone2,1,4,5,0,1,0.3181818,0,1,1,401.371,165.3697,-143.9317,0,0.7061605,0,0.7080519;
custom,cuboid,stone2,1,4,5,0,1,0.3181818,0,1,1,360.0202,169.0606,-151.7662,0,0.9999764,0,0.006877733;
custom,cuboid,stone2,.5,4,5,0,1,0.3181818,0,1,1,379.7162,169.0559,-125.755,0,0.705016,0,0.7091914;
custom,cuboid,stone2,1,4,5,0,1,0.3181818,0,1,1,521.6193,209.0597,-114.0281,0,0.00437645,0,0.9999905;
custom,cuboid,stone2,1,4,8,0,1,0.3181818,0,1,1,493.7906,209.3796,-133.6201,0,0.7147821,0,0.6993473;
custom,cuboid,stone2,1,4,5,0,1,0.3181818,0,1,1,491.3085,208.4877,-75.58515,0,-0.002045988,0,-0.999998;
custom,cuboid,stone2,1,4,5,0,1,0.3181818,0,1,1,457.9671,208.1512,-183.5402,0,-0.006306368,0,-0.9999802;
custom,cuboid,stone2,1,4,7,0,1,0.3181818,0,1,1,511.5579,210.1248,-190.4957,0,0.7041206,0,0.7100805;
custom,cuboid,stone2,1,4,14,0,1,0.3181818,0,1,1,424.3788,208.7928,-69.91143,0,0.7076138,0,0.7065995;
custom,cuboid,stone2,1,4,5,0,1,0.3181818,0,1,1,445.4591,208.6329,-103.8727,0,0.7053872,0,-0.7088223;
custom,cuboid,stone2,1,4,4,0,1,0.3181818,0,1,1,482.6685,208.2104,-163.8539,0,0.7117271,0,0.7024561;
base,aot_supply,352.7631,188.9081,-46.05994,0,-0.0002934909,0,-1;
custom,cuboid,stone2,1,4,4,0,1,0.3181818,0,1,1,441.3934,208.0005,-203.3496,0,0.7122228,0,0.7019536;
custom,cuboid,stone2,1,4,4,0,1,0.3181818,0,1,1,507.9165,208.7048,-224.3796,0,0.9999982,0,-0.001924752;
custom,cuboid,stone2,1,4,4,0,1,0.3181818,0,1,1,483.555,208.0829,-225.9423,0,0.005727444,0,-0.9999837;
custom,cuboid,stone2,1,4,3,0,1,0.3181818,0,1,1,457.6024,208.1503,-223.4779,0,0.9999995,0,-0.001007958;
custom,cuboid,stone2,1,4,3,0,1,0.3181818,0,1,1,425.7539,207.9234,-222.3931,0,0.01423517,0,-0.9998987;
racing,checkpointCuboid,3,4,0.5,337.7233,207.8804,-164.4776,0,0.6988036,0,0.7153136;
custom,cuboid,stone2,.3,8,25,0,1,0.3181818,0,1,1,326.4627,192.6156,-375.6666,0,0.7135894,0,-0.7005642;
photon,spawnCrawler,0,0,293.3268,153.1403,-141.9342,0,0.02523603,0,0.9996815;
custom,tower1,stone2,.3,.8,.3,0,1,0.3181818,0,1,1,280.415,186.7227,-107.274,0,0.8925599,0,0.4509288;
custom,tower1,stone2,.3,.8,.3,0,1,0.3181818,0,1,1,240.2447,196.2893,-238.5979,0,0.04671986,0,-0.998908;
custom,tower1,stone2,.3,.8,.3,0,1,0.3181818,0,1,1,303.6466,191.631,-281.5906,0,0.07102184,0,0.9974748;
custom,tower1,stone2,.3,.8,.3,0,1,0.3181818,0,1,1,286.0414,192.0846,-234.4384,0,0.221946,0,0.975059;
custom,tower1,stone2,.3,.8,.3,0,1,0.3181818,0,1,1,245.6518,193.4321,-327.4322,0,0.6129215,0,-0.7901438;
custom,tower1,stone2,.3,.8,.3,0,1,0.3181818,0,1,1,344.0231,195.4978,-332.5728,0,0.698425,0,-0.7156832;
custom,tower1,stone2,.3,.8,.3,0,1,0.3181818,0,1,1,407.2802,197.113,-300.2976,0,0.7015389,0,-0.7126312;
custom,tower1,stone2,.3,.8,.3,0,1,0.3181818,0,1,1,456.4454,196.8533,-343.5988,0,0.6778404,0,-0.7352091;
custom,tower1,stone2,.3,.8,.3,0,1,0.3181818,0,1,1,480.4875,195.5523,-300.5223,0,0.2321685,0,-0.9726756;
custom,tower1,stone2,.3,.8,.3,0,1,0.3181818,0,1,1,482.9775,195.5251,-374.8638,0,0.4376089,0,0.8991655;
photon,spawnCrawler,0,0,244.4197,155.636,-401.6961,0,0.7333792,0,-0.6798198;
customb,arch1,stone2,.3,.8,1,0,1,0.3181818,0,1,1,404.7052,192.4405,-410.6494,0,0.01341499,0,-0.99991;
customb,arch1,stone2,.3,.8,1,0,1,0.3181818,0,1,1,296.0109,214.328,-414.2028,0,0.0129205,0,-0.9999166;
customb,arch1,stone2,.3,.8,1,0,1,0.3181818,0,1,1,254.7606,195.9837,-414.5597,0,0.01360485,0,-0.9999075;
custom,cuboid,stone2,4,.8,5,0,1,0.3181818,0,1,1,183.1974,183.9243,-74.59101,0,0.009064464,0,-0.9999589;
custom,tower1,stone2,.2,.5,.2,1,1,0,0,1,1,196.5213,213.2563,-97.711,0,0.1172196,0,0.9931061;
custom,tower1,stone2,.2,.5,.2,1,1,0,0,1,1,169.33,212.5047,-98.70676,0,0.01558709,0,-0.9998785;
custom,tower1,stone2,1,1,1,0,1,0,0,1,1,186.9166,199.9431,-390.3423,0,0.7225327,0,-0.6913368;
custom,tower1,stone2,1,1,1,0,1,0,0,1,1,182.412,197.3634,-293.286,0,0.9999381,0,0.01112791;
custom,tower1,stone2,1,1,1,0,1,0,0,1,1,182.4932,191.9279,-175.3979,0,0.9998801,0,0.01548832;
customb,arch1,stone2,1,1,1,0,1,0,0,1,1,162.5386,206.0078,-227.1401,0,0.7100491,0,0.7041522;
customb,arch1,stone2,1,1,1,0,1,0,0,1,1,163.5318,180.8673,-130.6692,0,0.7146458,0,0.6994865;
customb,arch1,stone2,1,1,1,0,1,0,0,1,1,163.9879,181.758,-326.1381,0,0.6858802,0,0.7277144;
custom,cuboid,empty,100,1,100,0,1,0,0,1,1,-9.637467,558.0731,-27.00062,0,0.7050832,0,0.7091246;
custom,tower1,default,.5,.5,.5,0,1,0,0,1,1,-27.40782,296.257,119.2591,0,0.00639211,0,-0.9999796;
custom,tower1,default,.5,.5,.5,0,1,0,0,1,1,-27.53058,297.0977,5.664648,0,0.008536625,0,-0.9999636;
custom,tower1,default,.5,.5,.5,0,1,0,0,1,1,9.353542,296.0928,329.6022,0,0.002397993,0,0.9999971;
custom,tower1,default,.5,.5,.5,0,1,0,0,1,1,11.03376,297.0162,232.9648,0,0.7115456,0,-0.7026399;
custom,tower1,default,.5,.5,.5,0,1,0,0,1,1,9.971266,296.2081,119.2102,0,0.7115456,0,-0.7026399;
custom,tower1,default,.5,.5,.5,0,1,0,0,1,1,9.039184,297.9259,6.647928,0,0.7120224,0,-0.7021568;
custom,plane,stone2,55,1,8,1,0.7500001,0,0,1,1,41.05474,36.81511,-411.8318,0.7090512,0.01026073,0.007896415,-0.7050382;
custom,cuboid,stone2,55,8,1,1,0.7500001,0,0,1,1,6.258522,38.36025,-281.0254,0,0.9999804,0,0.006256503;
custom,plane,stone2,55,1,9,1,0.7500001,0,0,1,1,34.64662,39.80125,-153.8887,-0.009260687,0.7077214,0.7063345,0.01167391;
photon,spawnTitan,0,1,214.1926,1.465563,-382.8455,0,0.9999883,0,-0.004848386;
base,aot_supply,-22.75355,115.4223,594.1046,-1.391173E-05,0.00362309,0.003839689,-0.9999861;
custom,cuboid,stone2,1,3.7,1,0,0.6363636,0,0,1,1,395.7666,203.3884,-242.7238,0,0.7002094,0,0.7139376;
photon,spawnTitan,0,1,152.9464,1.501389,-377.2678,0,0.9964266,0,0.08446331;
photon,spawnTitan,0,1,80.24079,1.161326,-389.8474,0,0.9268953,0,0.37532;
photon,spawnTitan,0,1,41.87157,2.161472,-389.1453,0,0.9981681,0,0.06050282;
custom,cuboid,stone2,4,7,.3,1,0.6363636,0,0,1,1,255.4762,46.90168,-472.0847,0,0.696738,0,0.7173257;
photon,spawnJumper,0,1,147.9444,1.037835,-354.727,0,0.9958555,0,0.09095012;
custom,cuboid,stone2,4,4,1,0,0.6363636,0,0,1,1,351.347,208.6228,-103.7419,0,0.9999962,0,0.002765847;
photon,spawnJumper,0,1,50.3363,1.033332,-361.8364,0,0.9945801,0,0.1039736;
photon,spawnTitan,0,1,11.32074,0.2348522,-390.9836,0,0.9670994,0,0.2543992;
photon,spawnTitan,0,1,-38.70309,2.786602,-391.0601,0,0.9519014,0,0.3064045;
photon,spawnTitan,0,1,-15.85376,0.844611,-392.7305,0,0.9920805,0,0.1256035;
photon,spawnJumper,0,1,-92.30515,3.648706,-374.565,0,0.9076735,0,0.419677;
custom,cuboid,stone6,4,.4,30,1,0,0.6022727,1,1,1,178.7204,-1.956715,235.7103,0,0.01281244,0,0.9999179;
custom,cuboid,stone6,4,.4,30,1,0,0.6022727,1,1,1,350.9226,-1.964889,356.2696,0,0.7281976,0,0.6853673;
custom,cuboid,stone6,4,.4,30,1,0,0.6022727,1,1,1,471.8853,-1.902859,180.1635,0,0.9996615,0,-0.02601823;
custom,cuboid,stone6,4,.4,30,1,0,0.6022727,1,1,1,379.8867,-1.79165,-23.98078,0,0.9378148,0,-0.3471359;
custom,cuboid,stone6,4,.4,30,1,0,0.6022727,1,1,1,340.125,-1.739654,-164.2207,0,0.999229,0,0.03926193;
custom,cuboid,stone6,4,.4,3,1,0,0.6022727,1,1,1,175.4209,2.154919,95.16307,-0.007344867,0.9762627,0.216316,0.008038017;
custom,cuboid,stone6,4,.4,20,1,0,0.6022727,1,1,1,369.1245,-1.845373,-377.2154,0,0.9915854,0,0.1294543;
custom,cuboid,stone6,4,.4,20,1,0,0.6022727,1,1,1,380.8745,-1.870787,-448.7751,0,0.7762812,0,-0.6303868;
custom,cuboid,stone6,3,.4,6,1,0,0,0,1,1,261.0841,-1.990497,-477.4028,0,0.7735056,0,-0.6337895;
custom,cuboid,stone3,.5,10,20,1,0.4545455,0.5,0.5,1,1,163.798,169.0073,27.16116,0,0.9999796,0,-0.006384257;
custom,cuboid,stone3,.5,15,20,1,0.4545455,0.5,0.5,1,1,164.6286,59.3928,101.5439,0,0.99998,0,-0.006320276;
custom,cuboid,stone3,.5,15,20,1,0.4545455,0.5,0.5,1,1,195.702,157.7225,59.99373,0,0.9999976,0,-0.002208519;
custom,cuboid,stone3,.5,15,20,1,0.4545455,0.5,0.5,1,1,196.3341,50.57571,122.5874,0,0.9999967,0,0.002573086;
custom,cuboid,stone3,.5,15,20,1,0.4545455,0.5,0.5,1,1,197.6299,23.99346,245.4703,0,0.9999273,0,-0.01206056;
custom,cuboid,stone3,.5,15,20,1,0.4545455,0.5,0.5,1,1,166.6883,20.93473,300.266,0,0.9999928,0,-0.003788506;
custom,cuboid,stone3,.5,15,25,1,0.4545455,0.5,0.5,1,1,293.4715,27.18986,379.5632,0,0.6905764,0,-0.7232594;
custom,cuboid,stone3,.5,10,20,1,0.4659091,0.4886363,0.5227273,1,1,455.0613,46.28037,370.8266,0,0.6797037,0,-0.7334868;
custom,cuboid,stone3,.5,10,25,1,0.4659091,0.4886363,0.5227273,1,1,322.6961,39.23952,337.0144,0,0.6901399,0,-0.723676;
custom,cuboid,stone3,.5,10,25,1,0.4659091,0.4886363,0.5227273,1,1,452.575,41.15261,205.2594,0,0.9997741,0,-0.02125359;
custom,cuboid,stone3,.5,10,25,1,0.4659091,0.4886363,0.5227273,1,1,335.5403,40.76289,335.5237,0,0.6925954,0,-0.7213263;
custom,cuboid,stone3,.5,10,25,1,0.4659091,0.4886363,0.5227273,1,1,495.9472,42.77554,249.2741,0,0.03269138,0,0.9994655;
custom,cuboid,stone3,.5,10,25,1,0.4659091,0.4886363,0.5227273,1,1,435.0048,43.58924,6.38548,0,0.3470463,0,0.937848;
custom,cuboid,stone3,.5,10,25,1,0.4659091,0.4886363,0.5227273,1,1,488.5413,42.33997,132.5356,0,0.03765019,0,0.9992911;
custom,cuboid,stone3,.5,10,25,1,0.4659091,0.4886363,0.5227273,1,1,365.0124,43.16901,-11.87663,0,0.9352479,0,-0.3539936;
custom,cuboid,stone3,.5,10,25,1,0.4659091,0.4886363,0.5227273,1,1,323.5391,48.67392,-191.8116,0,0.0471602,0,-0.9988874;
custom,cuboid,stone3,.5,10,25,1,0.4659091,0.4886363,0.5227273,1,1,365.7085,43.26699,-210.49,0,0.04007956,0,-0.9991965;
custom,cuboid,stone3,.5,10,25,1,0.4659091,0.4886363,0.5227273,1,1,406.0646,40.40534,-455.469,0,0.120608,0,-0.9927002;
custom,cuboid,stone3,.5,10,15,1,0.4659091,0.4886363,0.5227273,1,1,331.8244,44.112,-474.1378,0,0.6465302,0,0.7628884;
custom,cuboid,stone3,.5,10,10,1,0.4659091,0.4886363,0.5227273,1,1,344.6869,46.8777,-364.1769,0,0.109143,0,-0.9940261;
custom,cuboid,stone3,.5,10,10,1,0.4659091,0.4886363,0.5227273,1,1,350.5654,46.31462,-384.9124,0,0.1018796,0,-0.9947968;
custom,cuboid,stone3,.5,10,10,1,0.4659091,0.4886363,0.5227273,1,1,310.5339,45.7034,-447.7429,0,0.5857556,0,0.8104878;
custom,cuboid,stone6,6,1,20,0,1,1,1,1,1,178.8788,159.4665,82.91799,-0.007508449,0.8986619,0.4383074,0.01539462;
custom,cuboid,stone6,6,1,20,0,1,1,1,1,1,178.2138,81.08163,236.0196,0,0.006194703,0,-0.9999808;
custom,cuboid,stone6,6,1,20,0,1,1,1,1,1,176.5801,81.86317,370.5275,0,0.02797826,0,-0.9996085;
custom,cuboid,stone6,6,1,28,0,1,1,1,1,1,343.8996,81.8507,367.6155,0,0.7233083,0,0.6905252;
custom,cuboid,stone6,6,1,28,0,1,1,1,1,1,476.8156,82.67896,228.0418,0,0.9998744,0,-0.01585016;
custom,cuboid,stone6,6,1,28,0,1,1,1,1,1,391.5078,83.16116,-17.32344,0,0.9431081,0,-0.3324861;
custom,cuboid,stone6,6,1,28,0,1,1,1,1,1,356.8481,83.2282,-235.6988,0,0.9990767,0,0.04296174;
custom,cuboid,stone6,6,1,28,0,1,1,1,1,1,387.1176,83.21482,-460.2761,0,0.9946135,0,0.1036531;
custom,cuboid,stone6,6,1,28,0,1,1,1,1,1,380.2403,82.11628,-451.8951,0,0.7627992,0,-0.6466354;
photon,spawnCrawler,0,0,423.6199,1.73896,353.9141,0,0.7063273,0,-0.7078854;
photon,spawnCrawler,0,0,362.8092,1.583127,-353.1199,0,0.05470919,0,-0.9985023;
photon,spawnTitan,0,0,434.3024,3.076521,36.66176,0,0.3184512,0,0.9479393;
photon,spawnTitan,0,0,182.0093,1.054489,256.8054,0,0.9999297,0,0.01185719;
custom,cuboid,stone6,6,1,10,0,1,1,1,1,1,190.2161,213.9109,4.266156,0,0.9999873,0,0.00504334;
custom,cuboid,stone6,5,3,1,0,1,1,1,1,1,163.2955,219.1069,-56.93075,0,0.6021585,0,-0.7983766;
racing,killCapsule,3,0.5,0.5,-364.1918,66.9948,-358.3839,0,0.004248996,0,-0.999991;
custom,cuboid,stone4,.2,1,3,0,1,1,1,1,1,247.4726,-0.9598979,-465.129,0,0.7030256,0,0.7111646;
custom,cuboid,stone4,.2,1,3,0,1,1,1,1,1,232.7969,-1.110031,-479.2562,0,0.9999653,0,0.008331462;
racing,killCuboid,5,10,1,-45.53728,114.5451,577.5928,0,0.6749645,0,0.7378502;
photon,spawnPunk,0,0,-158.4234,1.401806,-468.9308,0,0.6898463,0,0.7239559;
custom,tower1,stone4,.5,1,1,1,0.6818182,0,0,1,1,-223.1937,58.55181,-493.4379,0,0.7254391,0,-0.6882864;
base,aot_supply,-221.2336,0.2604414,-447.7161,0,0.7194788,0,-0.6945145;
photon,spawnTitan,0,0,-15.47548,2.002212,-172.497,0,0.004237314,0,-0.9999911;
custom,tower1,stone4,.5,1,1,0,0.6818182,0,0,1,1,10.41012,55.86967,-423.6194,0,0.6970031,0,0.7170682;
custom,tower1,stone4,.5,1,1,0,0.6818182,0,0,1,1,10.55205,36.56195,-441.5986,0,0.6979477,0,0.7161487;
custom,tower1,stone4,.5,1,1,0,0.6818182,0,0,1,1,11.08491,28.77738,-460.2244,0,0.6996998,0,0.7144371;
custom,tower1,stone4,.5,1,1,0,0.6818182,0,0,1,1,12.1004,25.90759,-478.4494,0,0.6916791,0,0.722205;
custom,cuboid,stone2,5,15,1,0,0.6818182,0,0,1,1,-44.95321,125.2201,580.2721,0,0.6958953,0,0.7181433;
custom,cuboid,stone2,5,1,30,0,0.6818182,0,0,1,1,-179.1924,60.57531,459.9413,0,0.3679077,0,0.9298623;
custom,cuboid,stone2,5,1,30,0,0.6818182,0,0,1,1,-319.2859,60.54465,203.5374,0,0.9818264,0,-0.1897813;
custom,cuboid,stone2,5,1,30,0,0.6818182,0,0,1,1,-358.9722,55.84553,-74.85912,-0.000493243,0.9998434,-0.0157057,-0.008145315;
custom,cuboid,stone2,5,1,30,0,0.6818182,0,0,1,1,-364.202,21.0182,-370.5486,-0.002055011,0.99484,-0.1009713,-0.009693713;
custom,cuboid,stone2,5,1,8,0,0.6818182,0,0,1,1,-308.0254,-4.90816,-506.0547,0,0.7032011,0,0.710991;
custom,cuboid,stone2,5,1,8,0,0.6818182,0,0,1,1,-249.8637,-4.941143,-505.7118,0,0.7047585,0,0.7094473;
custom,cuboid,stone2,5,1,8,0,0.6818182,0,0,1,1,-351.2274,-4.918347,-506.9438,0,0.7047808,0,0.7094252;
custom,cuboid,stone2,1,8,40,0,0.6818182,0,0,1,1,-346.2173,44.87254,-281.2759,0,-0.007854068,0,-0.9999692;
custom,cuboid,stone2,1,8,8,0,0.6818182,0,0,1,1,-304.5256,38.27869,-476.156,0,0.706172,0,0.7080404;
custom,cuboid,stone2,1,8,8,0,0.6818182,0,0,1,1,-263.6464,24.39556,-476.1186,0,0.7091401,0,0.7050678;
custom,cuboid,stone2,1,8,45,0,0.6818182,0,0,1,1,-377.6276,44.11308,-257.6584,0,-0.004876419,0,-0.9999881;
custom,cuboid,stone2,1,8,45,0,0.6818182,0,0,1,1,-387.4101,35.43412,-345.8424,0,-0.02250283,0,0.9997468;
custom,cuboid,stone2,1,8,15,0,0.6818182,0,0,1,1,-313.9182,37.02104,-512.8013,0,0.6466107,0,0.7628202;
custom,cuboid,stone2,5,1,48,0,0.6818182,0,0,1,1,-363.3112,78.63611,-312.4201,0,-0.003539552,0,-0.9999938;
custom,cuboid,stone2,5,6,1,0,0.6818182,0,0,1,1,-361.4634,113.3154,-77.43755,0,0.9997906,0,-0.02046286;
photon,spawnTitan,0,0,-245.778,66.76869,384.5897,0,0.9550972,0,-0.2962927;
photon,spawnCrawler,0,0,357.1957,153.367,-400.4942,0,0.7235953,0,-0.6902245;
racing,checkpointCuboid,5,10,1,-348.1327,33.21308,-497.3661,0,0.7173023,0,-0.6967621;
custom,cuboid,stone2,5,.5,4,0,0.6818182,0,0,1,1,-61.01902,63.15506,577.9731,0,0.3688441,0,0.9294913;
custom,cuboid,stone2,1,6,20,0,0,0.1931818,1,1,1,-95.36909,216.6366,-12.27164,0,0.3065371,0,0.9518588;
custom,cuboid,stone2,1,6,20,0,0,0.1931818,1,1,1,-125.6565,218.3977,-0.7891607,0,0.9522133,0,-0.3054339;
custom,cuboid,stone2,1,10,10,0,0,0.1931818,1,1,1,-70.68935,213.0207,127.6248,0,0.999741,0,0.02275862;
custom,cuboid,stone2,1,10,10,0,0,0.1931818,1,1,1,-71.54419,212.3219,174.4528,0,0.7064986,0,-0.7077144;
custom,cuboid,stone2,1,10,11,0,0,0.1931818,1,1,1,78.58889,211.75,125.9781,0,0.002472606,0,-0.999997;
custom,cuboid,stone2,1,10,11,0,0,0.1931818,1,1,1,62.92675,211.3268,175.4178,0,0.7069681,0,-0.7072455;
custom,cuboid,stone2,1,10,12,0,0,0.1931818,1,1,1,18.88954,211.1396,68.95399,0,0.7074874,0,0.706726;
custom,cuboid,stone2,4,1.7,20,0,0,0.1931818,1,1,1,-109.7942,254.3064,-1.07566,0,0.9620425,0,-0.2728997;
custom,cuboid,stone2,1,10,30,0,0,0.1931818,1,1,1,11.45967,212.8493,328.8682,0,0.9999877,0,0.004962794;
custom,cuboid,stone2,1,8,30,0,0,0.1931818,1,1,1,-24.74511,222.6361,319.6903,0,0.9999515,0,0.00984932;
customb,house1,default,2,1,7,0,0,0.1931818,1,1,1,-538.6888,169.6502,-288.9081,0,0.9996208,0,0.02753872;
customb,house1,default,2,1,7,0,0,0.1931818,1,1,1,-358.597,169.6019,-466.8199,0,0.7304781,0,-0.6829361;
customb,house1,default,2,1,7,0,0,0.1931818,1,1,1,-150.442,169.0819,-313.607,0,0.9996292,0,0.02723079;
customb,house1,default,2,1,4,0,0,0.1931818,1,1,1,-212.409,168.5838,-88.00634,0,0.6897064,0,0.7240892;
customb,house1,default,2,1,4,0,0,0.1931818,1,1,1,-497.8954,169.5546,-88.77055,0,0.7222828,0,-0.6915978;
custom,cuboid,grass,50,1,50,0,0,0.1931818,1,1,1,-359.312,151.1523,-336.0485,0,0.01420278,0,-0.9998991;
custom,tower1,default,5,.5,1,0,0,0.1931818,1,1,1,-376.9427,174.6745,-129.9737,0,0.6916935,0,0.7221912;
custom,tower1,default,5,.5,1,0,0,0.1931818,1,1,1,-333.8577,174.8395,-128.1977,0,0.686648,0,0.72699;
custom,tower1,default,5.5,.5,3,0,0,0.1931818,1,1,1,-351.9324,174.6341,-141.5112,0,0.02785518,0,-0.999612;
racing,checkpointCuboid,2.5,5,0.5,-54.79034,139.6822,574.3116,0,0.3778588,0,0.9258632;
custom,cannon1,default,.5,.5,.5,0,0,0.1931818,1,1,1,-373.7543,202.1637,-136.6622,0,0.999646,0,0.02660691;
custom,cannon1,default,.5,.5,.5,0,0,0.1931818,1,1,1,-330.5633,202.0038,-134.3436,0,0.9994427,0,0.03338356;
custom,tower2,default,.5,.5,.5,0,0,0.1931818,1,1,1,-422.0725,138.0079,-239.4717,0,0.03073317,0,-0.9995276;
customb,house1,default,.5,.5,.5,0,0,0.1931818,1,1,1,-415.6201,163.3663,-296.6881,0,0.03281323,0,-0.9994615;
custom,tower2,default,.5,.5,.5,0,0,0.1931818,1,1,1,-418.3965,137.7336,-373.2006,0,0.01494296,0,-0.9998884;
custom,tower2,default,.5,.5,.5,0,0,0.1931818,1,1,1,-219.0279,137.1006,-352.4335,0,0.7369764,0,-0.6759185;
custom,tower2,default,.5,.5,.5,0,0,0.1931818,1,1,1,-224.8101,135.764,-215.6326,0,0.731922,0,-0.6813884;
customb,house1,default,.5,.5,.5,0,0,0.1931818,1,1,1,-325.2897,163.5476,-361.1146,0,0.7127956,0,-0.7013718;
customb,house1,default,.5,.5,.5,0,0,0.1931818,1,1,1,-333.2892,164.49,-219.2322,0,0.7333761,0,-0.6798231;
customb,house1,default,.5,.5,.5,0,0,0.1931818,1,1,1,-233.3671,162.7607,-286.4282,0,1,0,-0.0001603795;
custom,tower1,default,.5,.5,.5,0,0,0.1931818,1,1,1,-330.4189,182.7698,-290.8325,0,0.9996866,0,0.02503308;
custom,cuboid,stone2,4,6,1,0,1,1,1,1,1,-357.079,201.6345,-79.96531,0,0.9997171,0,0.0237873;
racing,startCuboid,5,10,1,-10.43955,45.46849,6.378317,0,0.002031652,0,0.999998;
racing,killCuboid,5,10,1,-353.7586,154.7339,-129.6151,0,0.9995722,0,0.02924903;
racing,killCuboid,5,10,1,-374.3658,193.7473,-107.156,0,0.7188463,0,-0.6951692;
racing,killCuboid,5,10,1,-335.2744,193.9175,-99.06296,0,0.6828065,0,0.7305993;
racing,endSphere,1,1,1,-13.61545,272.3036,-152.065,0,0.9999589,0,-0.009062091;
racing,killSphere,1,1,1,-29.59358,279.2048,-152.6036,0,0.9999589,0,-0.009062092;
racing,killSphere,1,1,1,2.415572,275.9608,-154.538,0,0.9999589,0,-0.009062092;
racing,killSphere,1,1,1,-3.523161,284.6163,-146.2673,0,0.9960293,0,0.08902581;
racing,killSphere,1,1,1,-20.77245,288.1421,-159.0814,0,0.7165088,0,0.6975781;
racing,killSphere,1,1,1,-17.52746,288.981,-146.7776,0,0.7165088,0,0.6975781;
racing,killSphere,1,1,1,-7.121671,290.9239,-159.6348,0,0.945452,0,-0.3257616;
photon,spawnPunk,0,0,384.3951,192.0195,-185.5192,0,0.2240092,0,-0.974587;
racing,killCapsule,3,0.5,0.5,-361.3255,49.42463,-426.1017,0,0.02614787,0,-0.9996581;
racing,killCapsule,3,0.5,0.5,-362.0096,60.80353,-257.4,-0.01113443,-0.01326809,-0.276512,-0.9608544;
racing,killCapsule,3,0.5,0.5,-361.8126,66.94551,-93.61504,-0.002112674,0.006502137,0.3090101,-0.9510342;
racing,killCuboid,7,0.5,0.5,-341.8394,74.98609,162.797,0.1169143,0.2814953,-0.5259189,0.7940408;
racing,killCuboid,7,0.5,0.5,-339.6413,81.58599,159.1252,0.4841336,-0.05618306,0.3104842,0.8161235;
racing,killCuboid,7,0.5,0.5,-310.9572,78.61169,204.153,-0.5264762,0.1403603,-0.1644779,0.822234;
racing,killCone,1,1,1,-187.3475,88.41207,423.2576,0.7874164,-0.1482252,0.2307178,0.5520634;
racing,killCuboid,7,0.5,0.5,-328.016,98.83551,149.3138,0.1970482,0.4404781,-0.01551315,0.8757343;
racing,killCuboid,7,0.5,0.5,-301.1404,96.26753,262.2284,0.09512896,0.5308632,0.03559883,0.8413486;
racing,killCuboid,7,0.5,0.5,-317.1335,91.29443,236.0405,0.1895919,-0.1592138,-0.3711992,0.8949397;
racing,killCuboid,7,0.5,0.5,-312.7776,66.67486,175.0786,0,0.1731842,0,0.9848894;
racing,killCuboid,7,0.5,0.5,-325.9974,77.42884,246.8502,0,0.9825422,0,-0.1860401;
racing,killCuboid,7,0.5,0.5,-287.8709,70.44417,284.0276,-0.01165708,0.6278451,0.01946332,-0.7780076;
racing,killCone,1,1,1,-236.192,64.09228,394.716,0,0.3920009,0,0.9199648;
racing,killCuboid,7,0.5,0.5,-295.9197,99.88766,300.4034,0.1296854,0.8754306,0.02081195,-0.4651558;
racing,killCuboid,7,0.5,0.5,-336.3233,70.2135,208.7453,0,-0.1900221,0,0.9817798;
racing,killCuboid,7,0.5,0.5,-288.0237,72.89214,292.3387,0.06114543,-0.4821905,-0.06282326,0.8716691;
racing,killCuboid,7,0.5,0.5,-294.4196,84.40237,277.3694,0.6404244,0.3815466,-0.3593393,0.5613859;
racing,killCuboid,7,0.5,0.5,-310.5378,70.34753,265.5294,0,0.1795387,0,0.9837509;
racing,killSphere,1,1,1,-216.5836,89.34474,417.0132,0,0.3677818,0,0.9299121;
racing,killSphere,1,1,1,-113.5988,70.95654,513.5504,0,0.3779021,0,0.9258456;
racing,killCone,1,1,1,-135.5226,93.13525,495.7822,0.9249869,-0.03780494,-0.3658319,-0.09558802;
racing,killCuboid,1,10,20,-305.4221,151.9951,296.0002,0,0.9824269,0,-0.1866477;
racing,killCuboid,1,10,20,-282.7472,140.1241,256.5838,0,0.9864405,0,-0.1641192;
racing,killCuboid,1,10,20,-375.3054,141.4792,16.79078,0,0.9999765,0,0.006854284;
racing,killCuboid,1,10,20,-340.2697,149.8284,12.67542,0,0.9999163,0,-0.01294073;
racing,killCuboid,1,10,10,-361.7723,142.3782,155.3224,0,0.9822758,0,-0.1874415;
racing,killCuboid,1,10,10,-327.3573,139.8745,143.0749,0,0.9811133,0,-0.1934338;
photon,spawnPunk,0,0,-50.48861,2.391024,-439.3563,0,0.7042946,0,-0.7099079;
custom,cuboid,stone2,10,1,20,0,1,1,1,1.0,1.0,-324.1713,68.98277,-491.9219,0,0.7298114,0,-0.6836486;
photon,spawnJumper,0,0,-257.4349,117.0698,371.7979,0,0.2183278,0,0.9758755;
photon,spawnTitan,0,0,-293.3416,116.407,277.2502,0,0.9864183,0,-0.1642526;
custom,cuboid,stone2,5,5,1,0,1,1,1,1.0,1.0,348.8735,210.1966,-36.52914,0,-0.001361519,0,0.9999991;
custom,cuboid,stone2,3,1,1,0,1,1,1,1.0,1.0,352.7698,233.0321,-43.52085,0,0.003418212,0,0.9999942;
photon,spawnAnnie,0,0,-26.42575,277.24,-332.09,0,1,0,-0.0003109241;
