custom,cuboid,metal4,100,1,100,0,1,1,1,1.0,1.0,2142.836,-55.99072,-1197.354,0,0.3198915,0,0.9474542;
custom,cuboid,metal4,0.5,30,0.5,0,1,1,1,1.0,1.0,1512.054,96.4506,-1282.747,0,0.9029245,0,0.4297992;
custom,cuboid,metal4,0.5,30,0.5,0,1,1,1,1.0,1.0,1551.929,97.62474,-1312.745,0,0.3218447,0,0.9467925;
custom,cuboid,metal4,0.5,30,0.5,0,1,1,1,1.0,1.0,1591.849,97.54445,-1343.176,0,0.329436,0,0.9441779;
custom,cuboid,metal4,0.5,30,0.5,0,1,1,1,1.0,1.0,1631.63,96.34521,-1372.734,0,0.3148958,0,0.9491262;
custom,cuboid,metal4,0.5,30,0.5,0,1,1,1,1.0,1.0,1671.136,96.42441,-1403.988,0,0.3205226,0,0.9472409;
custom,cuboid,metal4,0.5,30,0.5,0,1,1,1,1.0,1.0,1710.777,97.30408,-1434.163,0,0.3105855,0,0.9505455;
custom,cuboid,metal4,0.5,30,0.5,0,1,1,1,1.0,1.0,1751.866,92.46447,-1462.618,0,0.3244874,0,0.94589;
custom,cuboid,metal4,0.5,30,0.5,0,1,1,1,1.0,1.0,1790.202,96.98427,-1495.193,0,0.3241575,0,0.9460031;
custom,cuboid,metal4,0.5,30,0.5,0,1,1,1,1.0,1.0,1830.504,95.50759,-1524.69,0,0.3177107,0,0.9481878;
custom,cuboid,metal4,0.5,30,0.5,0,1,1,1,1.0,1.0,1870.021,96.66793,-1554.888,0,0.3167999,0,0.9484924;
custom,cuboid,metal4,0.5,30,0.5,0,1,1,1,1.0,1.0,1909.652,96.23052,-1586.188,0,0.3167999,0,0.9484924;
custom,cuboid,metal4,0.5,30,0.5,0,1,1,1,1.0,1.0,1949.506,99.13583,-1616.087,0,0.4447256,0,-0.8956669;
custom,cuboid,metal4,0.5,30,0.5,0,1,1,1,1.0,1.0,1988.857,96.86477,-1645.752,0,0.4450636,0,-0.895499;
custom,cuboid,metal4,0.5,30,0.5,0,1,1,1,1.0,1.0,2028.629,96.61028,-1675.874,0,0.4452197,0,-0.8954214;
custom,cuboid,metal4,0.5,30,0.5,0,1,1,1,1.0,1.0,2068.474,95.89851,-1706.456,0,0.452473,0,-0.8917782;
custom,cuboid,metal4,0.5,30,0.5,0,1,1,1,1.0,1.0,2108.278,98.30953,-1736.856,0,0.4487335,0,-0.8936656;
custom,cuboid,metal4,0.5,30,0.5,0,1,1,1,1.0,1.0,2147.846,97.50122,-1767.394,0,0.4487335,0,-0.8936656;
custom,cuboid,metal4,0.5,30,0.5,0,1,1,1,1.0,1.0,2187.996,95.85739,-1797.417,0,0.4487335,0,-0.8936656;
custom,cuboid,metal4,0.5,30,0.5,0,1,1,1,1.0,1.0,2227.559,96.24024,-1828.116,0,0.4487335,0,-0.8936656;
custom,cuboid,metal4,1,5,5,0,1,1,1,1.0,1.0,1523.608,-30.72726,-1258.926,0,0.3218658,0,0.9467853;
custom,cuboid,metal4,1,5,5,0,1,1,1,1.0,1.0,1561.504,-35.74043,-1256.736,0,0.443598,0,-0.8962259;
custom,cuboid,metal4,10,0.5,100,0,1,1,1,1.0,1.0,1869.735,-9.861742,-1556.532,0,0.8967696,0,0.4424977;
racing,killCuboid,10,0.5,100,1870.424,-8.582125,-1555.768,0,0.8961513,0,0.4437487;
custom,cuboid,metal4,1,5,100,0,1,1,1,1.0,1.0,1837.395,-32.18185,-1598.827,0,0.4439918,0,-0.8960308;
racing,killCuboid,1,5,100,1836.997,18.22238,-1598.563,0,0.4437887,0,-0.8961315;
custom,cuboid,metal4,5,10,1,0,1,1,1,1.0,1.0,1493.351,-2.320964,-1299.447,0,0.890991,0,0.4540209;
custom,cuboid,metal4,5,10,1,0,1,1,1,1.0,1.0,1571.728,-56.57299,-1327.757,0,0.3185623,0,0.947902;
custom,cuboid,metal4,5,10,1,0,1,1,1,1.0,1.0,1616.707,-55.92841,-1393.838,0,0.8921005,0,0.4518373;
custom,cuboid,metal4,5,10,1,0,1,1,1,1.0,1.0,1608.157,-55.75665,-1324.611,0,0.8967196,0,0.442599;
custom,cuboid,metal4,1,10,85,0,1,1,1,1.0,1.0,1959.917,-57.07896,-1560.425,0,0.8976807,0,0.4406466;
custom,cuboid,metal4,5,10,1,0,1,1,1,1.0,1.0,1685.793,-56.2456,-1383.595,0,0.8909667,0,0.4540688;
custom,cuboid,metal4,5,10,1,0,1,1,1,1.0,1.0,1696.016,-56.58144,-1454.674,0,0.8925056,0,0.4510364;
custom,cuboid,metal4,5,10,1,0,1,1,1,1.0,1.0,1765.094,-56.61026,-1443.822,0,0.8954379,0,0.4451864;
custom,cuboid,metal4,5,10,1,0,1,1,1,1.0,1.0,1775.997,-56.33309,-1514.971,0,0.8954379,0,0.4451864;
custom,cuboid,metal4,5,10,1,0,1,1,1,1.0,1.0,1844.861,-57.023,-1505.818,0,0.8895335,0,0.4568699;
custom,cuboid,metal4,5,10,1,0,1,1,1,1.0,1.0,1855.713,-57.20055,-1575.938,0,0.8895335,0,0.4568699;
custom,cuboid,metal4,5,10,1,0,1,1,1,1.0,1.0,1924.254,-56.43896,-1565.857,0,0.8895335,0,0.4568699;
custom,cuboid,metal4,5,10,1,0,1,1,1,1.0,1.0,1935.208,-56.82977,-1636.351,0,0.8937215,0,0.4486223;
custom,cuboid,metal4,5,10,1,0,1,1,1,1.0,1.0,2003.75,-56.61499,-1626.063,0,0.8875315,0,0.4607471;
custom,cuboid,metal4,5,10,1,0,1,1,1,1.0,1.0,2012.773,-56.92748,-1695.784,0,0.8935649,0,0.4489342;
custom,cuboid,metal4,5,10,1,0,1,1,1,1.0,1.0,2084.165,-56.11237,-1686.924,0,0.8930942,0,0.4498696;
custom,cuboid,metal4,5,10,1,0,1,1,1,1.0,1.0,2095.024,-56.7155,-1758.071,0,0.8865242,0,0.4626822;
custom,cuboid,metal4,5,10,1,0,1,1,1,1.0,1.0,2163.783,-56.61404,-1746.838,0,0.8865242,0,0.4626822;
custom,cuboid,metal4,5,10,1,0,1,1,1,1.0,1.0,2174.28,-56.22366,-1818.098,0,0.8865242,0,0.4626822;
custom,cuboid,metal4,5,10,1,0,1,1,1,1.0,1.0,2242.286,-56.82062,-1808.54,0,0.8865242,0,0.4626822;
custom,cuboid,metal4,5,10,1,0,1,1,1,1.0,1.0,1593.167,-56.33043,-1249.67,0,0.8961216,0,0.4438088;
racing,killCuboid,10,0.5,5,1632.148,-7.984559,-1248.402,0,0.4433865,0,-0.8963305;
racing,killCuboid,20,0.5,5,1720.373,-30.08714,-1131.967,-0.04954828,0.440345,0.1002385,-0.8908387;
racing,killCuboid,20,0.5,5,1723.523,-53.10395,-1129.515,0,0.4399327,0,-0.8980308;
custom,cuboid,metal4,20,5,1,0,1,1,1,1.0,1.0,1693.323,-31.98754,-1289.737,0,0.9479024,0,-0.318561;
racing,killCuboid,25,10,1,1730.563,-2.008318,-1165.829,0,0.4408078,0,-0.8976015;
racing,killCuboid,25,10,1,1685.194,-1.299313,-1131.285,0,0.4415898,0,-0.8972172;
racing,killCuboid,5,5,1,1637.773,18.60241,-1283.656,0,0.4428883,0,-0.8965768;
custom,cuboid,metal4,5,1,5,0,1,1,1,1.0,1.0,2271.962,-55.82558,-1892.533,0,0.4457221,0,-0.8951714;
custom,cuboid,metal4,5,10,0.5,0,1,1,1,1.0,1.0,2287.526,-2.356334,-1873.105,0,0.9484203,0,-0.3170159;
custom,cuboid,metal4,5,10,0.5,0,1,1,1,1.0,1.0,2256.145,-2.705056,-1914.607,0,0.9474363,0,-0.3199445;
custom,cuboid,metal4,5,10,0.5,0,1,1,1,1.0,1.0,2289.571,-1.869058,-1906.872,0,0.4456399,0,-0.8952124;
custom,cuboid,metal4,5,10,0.5,0,1,1,1,1.0,1.0,2283.101,-59.92451,-1840.774,0,0.8895226,0,0.4568914;
custom,cuboid,metal1,1,0.3,0.3,0,1,1,1,1.0,1.0,2291.104,-21.94684,-1902.865,0.4408444,0.7735095,0.2254668,0.3956058;
custom,cuboid,metal1,1,0.3,0.3,0,1,1,1,1.0,1.0,2287.866,-21.78684,-1907.329,-0.4405746,0.7736633,-0.2253286,0.3956845;
custom,cuboid,metal1,0.3,1.5,0.3,0,1,1,1,1.0,1.0,2289.277,-24.3069,-1905.396,0,0.8883196,0,0.4592259;
custom,torus,crystal2,1,1,1,0,1,1,1,1.0,1.0,2262.785,-50.41211,-1828.765,0,0.3282475,0,0.9445918;
racing,checkpointCuboid,1,1,1,2263.156,-40.69189,-1830.188,-0.4671632,0.4313421,-0.1734713,0.7520707;
custom,cylinder,metal4,1,5,1,0,1,1,1,1.0,1.0,1552.111,-58.07899,-1312.777,0,0.9007465,0,0.4343453;
custom,cylinder,metal4,1,5,1,0,1,1,1,1.0,1.0,1630.964,-57.80119,-1374.218,0,0.9476292,0,-0.3193727;
custom,cuboid,metal4,1,5,1,0,1,1,1,1.0,1.0,1593.41,-35.92278,-1343.788,0,0.3272494,0,0.9449381;
custom,cylinder,metal4,1,5,1,0,1,1,1,1.0,1.0,1670.767,-61.68168,-1404.164,0,0.3376201,0,0.9412825;
custom,cylinder,metal4,1,5,1,0,1,1,1,1.0,1.0,1711.239,-57.66846,-1433.658,0,0.9390716,0,-0.3437217;
custom,cylinder,metal4,1,5,1,0,1,1,1,1.0,1.0,1749.952,-62.11052,-1463.903,0,0.3250834,0,0.9456853;
custom,cylinder,metal4,1,5,1,0,1,1,1,1.0,1.0,1791.005,-61.42529,-1495.425,0,0.9520112,0,-0.3060633;
custom,cylinder,metal4,1,5,1,0,1,1,1,1.0,1.0,1830.337,-61.85313,-1526.235,0,0.3431643,0,0.9392754;
custom,cylinder,metal4,1,5,1,0,1,1,1,1.0,1.0,1871.034,-62.21606,-1554.472,0,0.9458787,0,-0.3245206;
custom,cylinder,metal4,1,5,1,0,1,1,1,1.0,1.0,1909.338,-62.33189,-1587.058,0,0.3200121,0,0.9474134;
custom,cylinder,metal4,1,5,1,0,1,1,1,1.0,1.0,1950.955,-62.56097,-1615.297,0,0.8932381,0,0.4495838;
custom,cylinder,metal4,1,5,1,0,1,1,1,1.0,1.0,1989.021,-57.94578,-1646.774,0,0.3095495,0,0.9508833;
custom,cylinder,metal4,1,5,1,0,1,1,1,1.0,1.0,2028.462,-61.72162,-1674.684,0,0.8921965,0,0.4516475;
custom,cylinder,metal4,1,5,1,0,1,1,1,1.0,1.0,2068.905,-57.84772,-1707.132,0,0.8851946,0,0.465221;
custom,cylinder,metal4,1,5,1,0,1,1,1,1.0,1.0,2109.234,-58.17095,-1737.605,0,0.9433022,0,-0.3319353;
custom,cylinder,metal4,1,5,1,0,1,1,1,1.0,1.0,2149.046,-57.68803,-1768.126,0,0.3339566,0,0.9425884;
custom,cylinder,metal4,1,5,1,0,1,1,1,1.0,1.0,2188.646,-61.91228,-1797.231,0,0.9482865,0,-0.3174157;
custom,cylinder,metal4,1,5,1,0,1,1,1,1.0,1.0,2228.074,-58.12461,-1828.638,0,0.3318259,0,0.9433407;
custom,cylinder,metal4,1,5,1,0,1,1,1,1.0,1.0,2266.429,-9.882821,-1860.51,-0.3154359,0.3150439,0.6322767,-0.6336197;
racing,killCuboid,5,5,1,2242.012,18.95078,-1808.082,0,0.4443403,0,-0.8958582;
racing,killCuboid,5,5,1,2164.653,18.18952,-1747.719,0,0.4570936,0,-0.8894186;
racing,killCuboid,5,5,1,2084.325,19.2129,-1687.252,0,0.4473681,0,-0.8943499;
racing,killCuboid,5,5,1,2003.82,18.18139,-1626.4,0,0.4610511,0,-0.8873737;
racing,killCuboid,5,5,1,1924.81,18.29504,-1566.594,0,0.4473681,0,-0.8943499;
racing,killCuboid,5,5,1,1845.155,17.74864,-1505.854,0,0.4613608,0,-0.8872126;
racing,killCuboid,5,5,1,1766.471,19.06911,-1445.328,0,0.4473681,0,-0.8943499;
racing,killCuboid,5,5,1,1685.882,18.40438,-1384.039,0,0.457564,0,-0.8891768;
racing,killCuboid,5,5,1,1608.494,18.88887,-1324.905,0,0.4426025,0,-0.896718;
racing,killCuboid,5,5,1,1626.108,18.41759,-1302.149,0,0.4517087,0,-0.8921655;
racing,killCuboid,5,5,1,1607.994,18.08467,-1321.788,0,0.8963507,0,0.4433458;
racing,killCuboid,5,5,1,1494.71,17.84468,-1300.592,0,0.4349905,0,-0.900435;
racing,killCuboid,5,5,1,1524.482,17.56467,-1261.539,0,0.4549962,0,-0.8904934;
racing,killCuboid,5,5,1,1565.528,16.62722,-1254.635,0,0.3181169,0,0.9480516;
racing,killCuboid,5,5,1,1596.34,17.93061,-1249.428,0,0.4468434,0,-0.8946123;
racing,killCuboid,5,5,1,1571.271,17.71373,-1328.333,0,0.3167537,0,0.9485079;
racing,killCuboid,1,5,1,1593.261,18.87026,-1344.069,0,0.3105011,0,0.950573;
racing,killArc180,1,1,1,2092.03,-2.840044,-1767.128,0.2193285,-0.2155122,0.67234,-0.6733562;
racing,killCuboid,5,1,1,2174.923,-2.103839,-1818.181,0,0.4508883,0,-0.8925804;
racing,killCuboid,5,3,1,2174.851,27.0564,-1818.229,0,0.4508883,0,-0.8925804;
racing,killCuboid,3.2,5,1,2180.616,18.77459,-1811.788,0,0.4608365,0,-0.8874851;
racing,killCuboid,1,5,1,2163.043,12.73669,-1835.324,0,0.4707758,0,-0.8822529;
racing,killTube,1,2,1,2168.158,7.716008,-1827.4,0.6437165,0.3068827,0.3172083,-0.6251649;
racing,killCuboid,5,4.5,1,2095.421,23.40011,-1758.443,0,0.4594648,0,-0.8881961;
racing,killCuboid,2.5,1,1,2102.212,-2.960044,-1748.086,0,0.4619433,0,-0.8869095;
racing,killCuboid,0.6,1,1,2082.483,-3.240044,-1776.236,0,0.4668895,0,-0.8843157;
racing,killCuboid,0.6,1,1,2094.658,0.2323655,-1759.332,0.1953121,0.4199958,-0.3737088,-0.8036159;
racing,killCuboid,0.6,1,1,2085.3,-0.5056478,-1772.701,-0.1705111,0.4306613,0.3262547,-0.8240235;
racing,killCuboid,1,5,1,2080.325,15.49337,-1779.575,0,0.464588,0,-0.885527;
racing,killCuboid,1,5,1,2079.951,16.81339,-1779.265,0,0.457774,0,-0.8890687;
racing,killCuboid,1,5,1,2001.733,17.67567,-1712.445,0,0.4423006,0,-0.8968669;
racing,killCuboid,1,5,1,2025.155,17.75568,-1680.132,0,0.4423006,0,-0.8968669;
racing,killCuboid,5,1,1,2013.106,-1.924348,-1696.07,0,0.4501103,0,-0.892973;
racing,killCuboid,5,1,1,2013.69,37.75613,-1696.113,0,0.4473026,0,-0.8943827;
racing,killArc180,1,1,1,2012.316,11.80034,-1702.715,-0.04908168,-0.4704215,0.705883,-0.5272796;
racing,killArc180,1,1,1,2019.632,12.32034,-1692.333,0.4853498,0.087294,0.5141588,-0.7017522;
racing,killArc180,1,1,1,2012.023,23.48051,-1702.682,-0.1129462,0.5073354,0.6980538,0.4925188;
racing,killArc180,1,1,1,2019.104,23.60051,-1692.47,0.5008601,-0.09991721,0.4931736,0.7042269;
racing,killCuboid,5,5,1,1936.784,18.54909,-1637.517,0,0.4581521,0,-0.8888739;
racing,killCuboid,5,5,1,1857.249,18.55627,-1576.48,0,0.452328,0,-0.8918517;
racing,killPyramid,2,2,0.1,1778.631,8.887375,-1518.498,0,0.4474295,0,-0.8943192;
racing,killPyramid,2,2,0.1,1778.698,24.56754,-1518.324,-0.4452408,-0.0009325945,0.8954085,0.001875487;
racing,killCuboid,1,5,1,1788.504,17.81839,-1499.386,0,0.4602304,0,-0.8877995;
racing,killCuboid,1,5,1,1765.42,18.01839,-1531.582,0,0.4602304,0,-0.8877995;
racing,killCuboid,3,3,0.5,1933.854,18.77929,-1637.326,0,0.4564482,0,-0.8897501;
racing,killCuboid,3,3,0.5,1855.767,18.26282,-1577.649,0,0.4573797,0,-0.8892716;
racing,killCuboid,3,3,0.5,2240.171,18.68172,-1807.604,0,0.4469508,0,-0.8945585;
racing,killCuboid,3,3,0.5,2163.621,14.03857,-1747.338,0,0.4528909,0,-0.891566;
racing,killCuboid,3,3,0.5,2084.422,19.1678,-1688.718,0,0.437565,0,-0.8991868;
racing,killCuboid,3,3,0.5,2003.568,18.25744,-1627.172,0,0.455624,0,-0.8901724;
racing,killCuboid,3,3,0.5,1924.522,17.61,-1566.825,0,0.458108,0,-0.8888966;
racing,killCuboid,3,3,0.5,1845.764,16.2581,-1505.683,0,0.4616116,0,-0.8870822;
racing,killCuboid,3,3,0.5,1766.11,17.86326,-1443.238,0,0.4454354,0,-0.8953141;
racing,killCuboid,3,3,0.5,1686.008,16.35136,-1383.102,0,0.4507405,0,-0.8926551;
racing,killCuboid,3,3,0.5,1608.786,19.00975,-1323.356,0,0.4358082,0,-0.9000396;
racing,killCuboid,3,3,0.5,1571.845,20.06421,-1328.996,0,0.3157667,0,0.9488369;
racing,killCuboid,3,3,1,1702.104,6.259958,-1447.198,0,0.4502667,0,-0.8928941;
racing,killCuboid,3,3,1,1690.978,28.46023,-1462.477,0,0.4399517,0,-0.8980215;
racing,killCuboid,5,1,1,1696.385,-2.780035,-1454.97,0,0.4540029,0,-0.8910003;
racing,killCuboid,5,1,1,1696.211,38.62046,-1455.188,0,0.4533809,0,-0.8913169;
racing,killCuboid,1,5,1,1708.181,18.58001,-1439.145,0,0.4399517,0,-0.8980215;
racing,killCuboid,1,5,1,1684.567,17.81999,-1470.771,0,0.4533808,0,-0.891317;
racing,killCuboid,1,5,1,1628.789,17.8827,-1378.048,0,0.4527629,0,-0.891631;
racing,killCuboid,1,5,1,1605.848,17.9227,-1410.403,0,0.4321029,0,-0.9018244;
racing,killCuboid,5,1,1,1617.106,-2.400947,-1393.688,0,0.4537855,0,-0.891111;
racing,killCuboid,5,1,1,1617.095,37.99954,-1394.117,0,0.4509838,0,-0.8925322;
racing,killCuboid,0.5,5,1,1610.344,17.90835,-1404.828,0,0.4478037,0,-0.8941319;
racing,killCuboid,0.5,5,1,1616.372,17.46834,-1396.816,0,0.4478037,0,-0.8941319;
racing,killCuboid,0.5,5,1,1621.934,17.98835,-1388.011,0,0.4478037,0,-0.8941319;
racing,killCuboid,5,0.5,1,1617.635,24.74851,-1394.821,0,0.4478037,0,-0.8941319;
racing,killCuboid,5,0.5,1,1616.959,14.62831,-1394.465,0,0.4478037,0,-0.8941319;
racing,killCuboid,5,0.5,1,1617.233,4.908319,-1394.22,0,0.4478037,0,-0.8941319;
racing,killCuboid,5,5,1,2249.888,16.77459,-1841.475,0,0.9479297,0,-0.3184797;
racing,killCylinder,1,5,1,2227.574,38.44654,-1826.879,0,0.3153588,0,0.9489725;
racing,killCylinder,1,5,1,2190.106,39.1245,-1797.858,0,0.9503912,0,-0.3110572;
racing,killCylinder,1,5,1,2148.401,39.5488,-1769.964,0,0.325445,0,0.945561;
racing,killCylinder,1,5,1,2109.423,39.32661,-1737.714,0,0.9544607,0,-0.2983365;
racing,killCylinder,1,5,1,2069.165,38.22626,-1707.478,0,0.3086388,0,0.9511793;
racing,killCylinder,1,5,1,2029.076,38.86727,-1674.658,0,0.9519197,0,-0.3063478;
racing,killCylinder,1,5,1,1989.372,38.80364,-1647.306,0,0.2980021,0,0.9545652;
racing,killCylinder,1,5,1,1951.551,38.18359,-1615.761,0,0.9478816,0,-0.318623;
racing,killCylinder,1,5,1,1908.644,38.06177,-1588.244,0,0.3371062,0,0.9414667;
racing,killCylinder,1,5,1,1872.066,38.48299,-1555.616,0,0.952008,0,-0.3060732;
racing,killCylinder,1,5,1,1828.956,38.39084,-1528.617,0,0.3060464,0,0.9520166;
racing,killCylinder,1,5,1,1792.518,39.29517,-1494.076,0,0.9520546,0,-0.3059283;
racing,killCylinder,1,5,1,1751.68,39.15496,-1464.51,0,0.3183059,0,0.9479881;
racing,killCylinder,1,5,1,1712.135,39.24601,-1434.311,0,0.950069,0,-0.3120399;
racing,killCylinder,1,5,1,1671.657,39.69948,-1403.236,0,0.3693849,0,0.9292765;
racing,killCylinder,1,5,1,1633.386,38.01719,-1372.213,0,0.9480611,0,-0.3180883;
racing,killCylinder,1,5,1,1549.805,37.93303,-1311.61,0,0.9047953,0,0.4258468;
racing,killCuboid,3,3,0.5,2250.841,18.15514,-1842.955,0,0.3214441,0,0.9469286;
racing,killCuboid,5,3,0.5,2196.028,20.5571,-1871.359,0,0.3188816,0,0.9477946;
racing,killCuboid,5,5,1,1787.431,23.93987,-1045.744,0,0.3298608,0,0.9440296;
racing,killCuboid,1,5,85,1953.097,18.58334,-1557.031,0,0.8976738,0,0.4406607;
racing,killCuboid,10,0.5,100,1868.529,41.20265,-1559.042,0,0.8975087,0,0.4409968;
racing,killCuboid,30,0.5,5,1691.604,40.60638,-1168.856,0,0.4406818,0,-0.8976635;
racing,killCuboid,3,3,0.5,1786.379,20.38663,-1045.847,0,0.3215264,0,0.9469006;
custom,sphere,metal1,2,2,0.1,0,1,1,1,1.0,1.0,1784.6,19.61503,-1047.787,0,0.3212759,0,0.9469857;
racing,killCuboid,30,30,1,1852.102,86.43447,-913.0548,0,0.4432576,0,-0.8963944;
racing,killCuboid,5,13,1,1962.45,10.27553,-814.0598,0,0.9505932,0,-0.3104395;
racing,killCuboid,30,30,1,1896.712,87.77905,-946.5193,0,0.4490368,0,-0.8935133;
racing,killCuboid,30,1,5,1863.888,10.80311,-943.4011,0.1030286,0.435163,-0.2060691,-0.8703758;
racing,killCuboid,5,1,5,1959.335,77.67758,-818.6053,0,0.4435045,0,-0.8962721;
racing,killCuboid,5,1,5,1959.728,77.43739,-818.0026,0,0.4435045,0,-0.8962721;
racing,killCuboid,5,1,5,1957.156,124.4296,-821.0133,0,0.3241904,0,0.9459919;
racing,killCuboid,5,1,5,1958.79,124.9896,-819.5092,0,0.3241904,0,0.9459919;
racing,killCuboid,5,13,1,1952.485,185.1708,-827.5073,0,0.3259417,0,0.9453899;
custom,cuboid,metal4,10,5,1,0,1,1,1,1.0,1.0,1797.956,-31.21368,-1311.545,0,0.4452715,0,-0.8953956;
racing,killCuboid,5,20,1,1785.655,135.2663,-1046.99,0,0.327691,0,0.9447849;
racing,killCuboid,5,1,30,1875.888,230.2528,-928.5811,0,0.3150993,0,0.9490587;
custom,cuboid,metal4,10,5,1,0,1,1,1,1.0,1.0,1815.871,-31.48622,-1387.377,0,0.4445764,0,-0.895741;
custom,cuboid,metal4,50,5,1,0,1,1,1,1.0,1.0,2032.306,-30.74089,-1423.337,0,0.3206934,0,0.9471831;
custom,cuboid,metal4,45,5,1,0,1,1,1,1.0,1.0,2018.657,-31.26144,-1485.624,0,0.3203637,0,0.9472947;
custom,cuboid,metal4,5,5,1,0,1,1,1,1.0,1.0,2181.193,-30.87837,-1635.172,0,0.4393181,0,-0.8983316;
custom,cuboid,metal4,10,5,1,0,1,1,1,1.0,1.0,2133.595,-31.20665,-1623.57,0,0.3184007,0,0.9479562;
custom,cuboid,metal4,5,10,1,0,1,1,1,1.0,1.0,2109.092,-56.6454,-1580.556,0,0.4472497,0,-0.8944092;
custom,cuboid,metal4,10,10,1,0,1,1,1,1.0,1.0,2048.08,-56.5528,-1566.273,0,0.4421559,0,-0.8969382;
custom,cuboid,metal4,5,0.5,5,0,1,1,1,1.0,1.0,2115.711,-7.930319,-1522.01,0,0.9456096,0,-0.3253039;
racing,killCuboid,25,5,1,2093.321,17.69343,-1501.295,0,0.4436556,0,-0.8961974;
racing,killCuboid,15,5,1,2137.636,18.69515,-1538.413,0,0.4474142,0,-0.8943269;
custom,cuboid,metal4,5,0.5,10,0,1,1,1,1.0,1.0,2070.535,-8.791824,-1581.803,0,0.9478029,0,-0.3188569;
custom,cuboid,metal4,5,0.5,10,0,1,1,1,1.0,1.0,2112.342,-30.91856,-1640.205,0.2059626,0.4263417,0.09784054,-0.8753511;
custom,torus,metal4,5,0.5,5,0,1,1,1,1.0,1.0,2070.086,-7.608722,-1490.909,0,0.458372,0,-0.8887604;
custom,torus,metal4,5,0.5,5,0,1,1,1,1.0,1.0,2194.942,-7.003908,-1586.841,0,0.947825,0,-0.3187911;
custom,torus,metal4,5,0.5,5,0,1,1,1,1.0,1.0,2234.955,-6.946739,-1611.621,0,0.4700525,0,-0.8826385;
custom,cuboid,metal4,5,5,1,0,1,1,1,1.0,1.0,2197.724,-31.52107,-1710.245,0,0.4434004,0,-0.8963237;
custom,cuboid,metal4,5,5,1,0,1,1,1,1.0,1.0,2258.438,-30.46858,-1630.989,0,0.4405886,0,-0.8977092;
custom,cuboid,metal4,5.5,5,1,0,1,1,1,1.0,1.0,2249.91,-31.08807,-1590.32,0,0.9450285,0,-0.3269881;
custom,cuboid,metal4,10,5,1,0,1,1,1,1.0,1.0,2246.88,-30.1203,-1720.994,0,0.9482633,0,-0.317485;
custom,cuboid,metal4,10,5,1,0,1,1,1,1.0,1.0,2281.807,-30.36071,-1674.419,0,0.9471493,0,-0.3207932;
custom,torus,crystal2,1,1,1,0,1,1,1,1.0,1.0,2323.835,-51.18662,-1743.485,0,0.4684627,0,-0.8834833;
racing,checkpointCuboid,1,1,1,2324.2,-40.3341,-1742.913,-0.4733186,0.5336206,0.08261661,-0.6959835;
custom,cuboid,metal4,5,5,1,0,1,1,1,1.0,1.0,2344.584,-30.33441,-1760.236,0,0.8973401,0,0.4413399;
custom,cuboid,metal4,5,5,1,0,1,1,1,1.0,1.0,2340.913,-29.96333,-1719.428,0,0.3234236,0,0.9462543;
custom,cuboid,metal4,5,5,1,0,1,1,1,1.0,1.0,2303.832,-30.96865,-1765.819,0,0.3141598,0,0.9493701;
custom,cuboid,metal4,5,0.5,15,0,1,1,1,1.0,1.0,2284.312,-6.773007,-1713.495,0,0.4408176,0,-0.8975968;
custom,cuboid,metal4,10,0.5,5,0,1,1,1,1.0,1.0,2191.277,-8.476409,-1669.358,0,0.4415972,0,-0.8972135;
custom,cuboid,metal4,5,5,0.5,0,1,1,1,1.0,1.0,2212.694,-31.33919,-1597.797,0,0.4471807,0,-0.8944438;
racing,killCuboid,1,5,10,2135.178,18.54888,-1624.328,0,0.4404543,0,-0.8977751;
racing,killCuboid,5,5,1,2176.002,18.2874,-1569.336,0,0.4518346,0,-0.8921018;
racing,killCuboid,3,3,0.5,2176.61,17.24737,-1569.783,0,0.4421548,0,-0.8969388;
racing,killCuboid,5,5,1,2258.121,18.66963,-1631.511,0,0.8959426,0,0.4441699;
racing,killCuboid,3,3,0.5,2256.955,17.38923,-1631.328,0,0.8959426,0,0.4441699;
racing,killCuboid,10,5,1,2200.855,18.29422,-1618.936,0,0.946215,0,-0.3235385;
racing,killCuboid,10,5,1,2234.517,17.97234,-1578.356,0,0.946215,0,-0.3235385;
racing,killCuboid,6,3,0.5,2232.108,18.61246,-1576.348,0,0.946215,0,-0.3235385;
racing,killCuboid,6,3,0.5,2199.449,20.93677,-1618.797,0,0.946215,0,-0.3235385;
racing,killCuboid,5,0.5,10,2218.017,44.69248,-1598.616,0,0.4384241,0,-0.8987682;
racing,killCuboid,5,5,1,2159.648,17.05165,-1678.266,0,0.4434293,0,-0.8963094;
custom,cuboid,metal4,5,1,1,0,1,1,1,1.0,1.0,2214.295,-10.86753,-1597.766,0,0.4471075,0,-0.8944802;
racing,killCuboid,5,0.5,25,2116.365,40.46749,-1519.965,0,0.9476166,0,-0.3194101;
custom,cuboid,metal4,5,0.3,1,0,1,1,1,1.0,1.0,2175.952,-6.944904,-1569.737,0,0.4432098,0,-0.8964179;
racing,killCuboid,5,0.5,10,2114.585,40.48254,-1644.057,0,0.8973713,0,0.4412764;
custom,cuboid,metal4,5,0.5,5,0,1,1,1,1.0,1.0,2154.727,-7.856305,-1551.691,0,0.94876,0,-0.3159978;
custom,cuboid,metal4,5,5,1,0,1,1,1,1.0,1.0,2054.462,-31.81002,-1475.458,0,0.8982162,0,0.439554;
custom,torus,metal4,5,1,5,0,1,1,1,1.0,1.0,2036.246,-8.532449,-1464.991,0,0.8913594,0,0.4532972;
custom,torus,metal4,5,1,5,0,1,1,1,1.0,1.0,1996.077,-8.124528,-1430.678,0,0.8903684,0,0.4552408;
custom,torus,metal4,5,1,5,0,1,1,1,1.0,1.0,1955.938,-8.530158,-1401.44,0,0.8923461,0,0.4513517;
custom,torus,metal4,5,1,5,0,1,1,1,1.0,1.0,1916.814,-8.144883,-1368.22,0,0.3406952,0,0.9401738;
custom,cuboid,metal4,5,5,1,0,1,1,1,1.0,1.0,1974.56,-30.0177,-1415.369,0,0.4400317,0,-0.8979823;
custom,cuboid,metal4,5,5,1,0,1,1,1,1.0,1.0,1895.399,-31.05884,-1354.349,0,0.4352063,0,-0.9003308;
racing,killCuboid,5,1,5,2154.766,-55.19126,-1552.837,0,0.4380602,0,-0.8989457;
racing,killCuboid,5,1,5,2154.618,-5.590959,-1553.019,0,0.4380602,0,-0.8989457;
racing,killCuboid,1,5,5,2171.207,-27.92144,-1530.88,0,0.4479461,0,-0.8940606;
racing,killCuboid,1,5,5,2136.712,-31.44152,-1574.708,0,0.4479461,0,-0.8940606;
custom,torus,metal4,1,1,1,0,1,1,1,1.0,1.0,2152.816,-31.68352,-1562.262,0.6292159,0.3159171,0.3110636,-0.6383755;
custom,cuboid,metal1,1,0.3,1,0,1,1,1,1.0,1.0,2248.649,-26.16912,-1589.491,0.1667139,0.2818981,0.4809678,0.8132712;
racing,killCuboid,5,5,1,2157.238,-61.20087,-1552.381,0,0.4392169,0,-0.8983812;
racing,killCuboid,5,4,1,2157.337,-7.719893,-1552.457,0,0.4367064,0,-0.8996041;
racing,killCuboid,5,4,1,2168.917,-30.36021,-1537.286,0,0.4473521,0,-0.894358;
racing,killCuboid,5,4,1,2134.159,-30.36021,-1584.649,0,0.4345069,0,-0.9006685;
custom,cuboid,metal1,1,0.3,1,0,1,1,1,1.0,1.0,2253.02,-26.24912,-1593.085,-0.1618508,0.2884194,-0.4829515,0.8107876;
custom,cuboid,metal1,0.3,1.5,1,0,1,1,1,1.0,1.0,2250.297,-29.48919,-1591.733,0,0.3275043,0,0.9448497;
racing,killCuboid,3,3,0.5,2015.601,17.19296,-1447.675,0,0.4512172,0,-0.8924142;
racing,killCuboid,10,5,1,2035.874,18.06545,-1498.958,0,0.9469545,0,-0.3213679;
racing,killCuboid,10,5,1,2071.673,16.63711,-1454.117,0,0.9479594,0,-0.3183912;
racing,killCuboid,5,5,1,2015.12,15.68463,-1447.051,0,0.8962895,0,0.4434696;
custom,cuboid,metal4,5,0.3,1,0,1,1,1,1.0,1.0,2013.548,-8.486203,-1446.753,0,0.4409393,0,-0.897537;
racing,killCuboid,5,0.5,10,2052.977,40.59166,-1475.339,0,0.8959599,0,0.4441351;
custom,cuboid,metal4,5,0.3,1,0,1,1,1,1.0,1.0,1934,-7.827102,-1386.548,0,0.4421522,0,-0.8969401;
racing,killCuboid,5,15,1,1895.697,66.10096,-1391.822,0,0.9470952,0,-0.3209528;
racing,killCuboid,5,10,1,1896.626,40.98012,-1354.811,0,0.4446241,0,-0.8957173;
racing,killCuboid,5,15,1,1930.804,67.72405,-1345.882,0,0.9470953,0,-0.3209524;
racing,killCuboid,5,15,1,1934.79,66.25074,-1385.155,0,0.4425433,0,-0.8967472;
racing,killCuboid,5,15,1,1892.361,67.44675,-1316.573,0,0.945071,0,-0.326865;
racing,killCuboid,5,15,1,1859.622,67.63886,-1364.129,0,0.324858,0,0.9457629;
racing,killCuboid,5,15,1,1860.649,68.67974,-1328.324,0,0.8974997,0,0.4410151;
custom,cuboid,metal4,5,0.5,15,0,1,1,1,1.0,1.0,1808.419,-8.469066,-1347.738,0,0.316671,0,0.9485354;
racing,killCuboid,5,1,0.8,1894.607,81.48697,-1354.102,0,0.4390583,0,-0.8984587;
racing,killCuboid,5,1,0.8,1894.523,81.24697,-1354.03,0,0.4387446,0,-0.8986118;
racing,killCuboid,5,1,0.8,1894.799,81.68697,-1354.196,0,0.4365476,0,-0.8996812;
racing,killCuboid,5,0.5,10,1896.38,139.5385,-1356.872,0,0.4435447,0,-0.8962523;
custom,cuboid,metal4,5,0.5,15,0,1,1,1,1.0,1.0,1703.483,-8.273752,-1325.364,0,0.8946552,0,0.4467573;
racing,killCuboid,10,5,1,1955.512,16.62765,-1437.235,0,0.947379,0,-0.3201141;
racing,killCuboid,10,5,1,1990.072,17.04815,-1392.046,0,0.948877,0,-0.3156462;
racing,killCuboid,5,0.5,10,1975.373,41.54689,-1417.386,0,0.4411456,0,-0.8974356;
map,disablebounds;
custom,cuboid,metal4,5,0.5,15,0,1,1,1,1.0,1.0,2176.098,-29.50253,-1441.332,0.1400265,0.3230717,-0.04839867,0.9347057;
custom,cuboid,metal4,15,5,1,0,1,1,1,1.0,1.0,2199.603,-30.58753,-1455.051,0,0.4408181,0,-0.8975965;
racing,killCuboid,5,5,1,2197.299,18.30332,-1459.757,0,0.4297162,0,-0.902964;
racing,killCuboid,5,5,1,2186.653,17.1743,-1425.293,0,0.9438145,0,-0.3304757;
custom,cuboid,metal4,15,5,1,0,1,1,1,1.0,1.0,2159.173,-30.50295,-1424.523,0,0.8962204,0,0.4436091;
custom,cuboid,metal4,0.5,15,0.5,0,1,1,1,1.0,1.0,2113.03,21.00027,-1236.441,0,0.3198889,0,0.947455;
custom,cuboid,metal4,0.5,15,0.5,0,1,1,1,1.0,1.0,2073.2,20.75985,-1206.904,0,0.322203,0,0.9466707;
custom,cuboid,metal4,0.5,15,0.5,0,1,1,1,1.0,1.0,2083.107,21.27813,-1276.717,0,0.3330861,0,0.9428964;
custom,cuboid,metal4,0.5,15,0.5,0,1,1,1,1.0,1.0,2042.086,21.53868,-1247.108,0,0.3323453,0,0.9431579;
custom,cuboid,metal4,5,5,0.5,0,1,1,1,1.0,1.0,2062.806,71.38918,-1261.783,0,0.3030545,0,0.9529732;
custom,cuboid,metal4,5,5,0.5,0,1,1,1,1.0,1.0,2098.859,71.27322,-1256.52,0,0.4381701,0,-0.8988921;
custom,cuboid,metal4,5,5,0.5,0,1,1,1,1.0,1.0,2057.662,71.40636,-1227.142,0,0.8940129,0,0.4480412;
misc,barrier,5,0.5,5,2078.153,48.85327,-1239.679,0,0.9523875,0,-0.3048902;
custom,cuboid,metal4,5,0.5,1,0,1,1,1,1.0,1.0,2077.665,49.24585,-1248.438,0,0.9984663,0,0.05536378;
custom,cuboid,metal4,5,0.5,1,0,1,1,1,1.0,1.0,2078.038,49.00639,-1234.328,0,0.9980987,0,0.0616367;
custom,cuboid,metal4,5,0.5,0.5,0,1,1,1,1.0,1.0,2091.932,48.65596,-1221.801,0,0.9522039,0,-0.3054633;
custom,cuboid,metal4,5,0.5,0.5,0,1,1,1,1.0,1.0,2069.171,49.24857,-1241.756,0,0.743965,0,-0.6682186;
custom,cuboid,metal4,5,0.5,0.5,0,1,1,1,1.0,1.0,2085.907,49.40718,-1239.416,0,0.7444316,0,-0.6676988;
spawnpoint,playerC,2074.178,55.22693,-1243.315,0,0.9488953,0,-0.315591;
racing,startCuboid,5,5,0.5,2092.034,71.05051,-1221.929,0,0.950249,0,-0.3114913;
custom,cuboid,metal4,5,5,0.5,0,1,1,1,1.0,1.0,2094.458,21.7827,-1222.253,0,0.9481902,0,-0.3177036;
custom,cuboid,metal4,5,5,0.5,0,1,1,1,1.0,1.0,2063.208,26.40981,-1262.133,0,0.3118751,0,0.9501232;
custom,cuboid,metal4,5,0.5,5,0,1,1,1,1.0,1.0,2077.735,-1.31595,-1240.68,0,0.89845,0,0.4390761;
custom,cuboid,metal4,5,0.5,5,0,1,1,1,1.0,1.0,2037.419,-0.199326,-1214.096,0,0.3197672,0,0.9474961;
custom,cuboid,metal4,5,0.5,5,0,1,1,1,1.0,1.0,2108.482,48.6692,-1200.51,0,0.8939038,0,0.4482589;
custom,cuboid,metal4,5,0.5,5,0,1,1,1,1.0,1.0,2067.953,25.69685,-1174.673,0,0.8975504,0,0.4409119;
custom,cuboid,metal4,5,0.5,5,0,1,1,1,1.0,1.0,2117.501,-20.08631,-1270.171,0,0.4498897,0,-0.8930842;
custom,cuboid,metal4,5,5,0.5,0,1,1,1,1.0,1.0,2121.52,72.44492,-1182.418,0,0.9492629,0,-0.3144837;
custom,cuboid,metal4,5,5,0.5,0,1,1,1,1.0,1.0,2129.496,71.09444,-1215.538,0,0.89766,0,0.4406888;
custom,cuboid,metal4,5,5,0.5,0,1,1,1,1.0,1.0,2090.45,22.69477,-1187.92,0,0.8927898,0,0.4504735;
custom,cuboid,metal4,5,5,0.5,0,1,1,1,1.0,1.0,2098.402,-25.69631,-1257.167,0,0.8955045,0,0.4450526;
custom,cuboid,metal4,5,10,0.5,0,1,1,1,1.0,1.0,2024.222,48.72158,-1233.167,0,0.3171355,0,0.9483802;
custom,cuboid,metal4,5,10,0.5,0,1,1,1,1.0,1.0,2019.247,49.22229,-1198.827,0,0.89486,0,0.4463469;
custom,cuboid,metal4,5,10,0.5,0,1,1,1,1.0,1.0,2048.579,46.73179,-1160.343,0,0.8954332,0,0.4451958;
custom,cuboid,metal4,5,10,0.5,0,1,1,1,1.0,1.0,2082.216,47.58862,-1154.63,0,0.9576063,0,-0.2880802;
custom,cuboid,metal4,5,10,0.5,0,1,1,1,1.0,1.0,2102.627,-3.173481,-1290.853,0,0.3118932,0,0.9501172;
custom,cuboid,metal4,5,10,0.5,0,1,1,1,1.0,1.0,2136.571,-5.812591,-1285.699,0,0.4415754,0,-0.8972242;
custom,cuboid,metal4,5,10,0.5,0,1,1,1,1.0,1.0,2167.046,-6.070956,-1246.827,0,0.4363552,0,-0.8997745;
custom,cuboid,metal4,10,10,0.5,0,1,1,1,1.0,1.0,2142.493,-2.236699,-1199.522,0,0.9465322,0,-0.3226096;
custom,cuboid,metal4,5,5,0.5,0,1,1,1,1.0,1.0,2088.508,-25.95642,-1189.705,0,0.9000106,0,0.4358681;
custom,cuboid,metal4,5,5,0.5,0,1,1,1,1.0,1.0,2068.099,-25.71758,-1297.046,0,0.4398617,0,-0.8980655;
custom,cuboid,metal4,10,5,0.5,0,1,1,1,1.0,1.0,2013.698,-27.33177,-1284.533,0,0.3156591,0,0.9488727;
custom,cuboid,metal4,20,5,0.5,0,1,1,1,1.0,1.0,2034.335,-27.79259,-1177.792,0,0.8949137,0,0.4462392;
custom,cuboid,metal4,10,0.5,10,0,1,1,1,1.0,1.0,2102.428,94.58514,-1169.636,0,0.9509787,0,-0.3092565;
custom,cuboid,metal4,5,5,5,0,1,1,1,1.0,1.0,2038.518,73.77541,-1211.431,0,0.9474538,0,-0.3198928;
custom,cuboid,metal4,5,5,5,0,1,1,1,1.0,1.0,2150.312,22.22859,-1232.897,0,0.3284588,0,0.9445183;
custom,cuboid,metal4,5,5,5,0,1,1,1,1.0,1.0,2118.145,66.24992,-1271.423,0,0.4366077,0,-0.8996521;
custom,cuboid,metal4,5,3,1,0,1,1,1,1.0,1.0,2056.182,13.18091,-1191.755,0,0.3187329,0,0.9478446;
custom,cuboid,metal4,5,5,1,0,1,1,1,1.0,1.0,2130.898,-44.535,-1251.428,0,0.9479237,0,-0.3184978;
custom,cuboid,metal4,5,0.5,5,0,1,1,1,1.0,1.0,2066.467,-0.4403059,-1174.61,0,0.3101289,0,0.9506946;
custom,cuboid,metal4,5,0.5,5,0,1,1,1,1.0,1.0,2110.666,-1.451362,-1203.603,0,0.4292975,0,-0.9031631;
custom,cuboid,metal4,5,5,0.5,0,1,1,1,1.0,1.0,2057.865,-62.72513,-1228.367,0,0.4347527,0,-0.9005498;
custom,cuboid,metal4,5,2,0.5,0,1,1,1,1.0,1.0,2058.453,-11.95813,-1226.949,0,0.4309004,0,-0.9023995;
custom,cuboid,metal4,1,2,0.5,0,1,1,1,1.0,1.0,2044.415,-31.12999,-1244.731,0,0.4320681,0,-0.901841;
racing,killCuboid,5,0.5,10,2099.238,-7.681805,-1541.631,0,0.9461601,0,-0.3236989;
racing,killCuboid,5,0.5,10,2042.736,-7.913123,-1616.869,0,0.9447392,0,-0.327823;
custom,cuboid,metal4,5,0.5,10,0,1,1,1,1.0,1.0,2030.984,82.79167,-674.6447,0,0.3210849,0,0.9470505;
racing,killCuboid,5,0.5,10,1995.045,81.95099,-768.9442,0,0.3210849,0,0.9470505;
racing,killCuboid,5,0.5,10,1997.096,122.1519,-770.016,0,0.3210849,0,0.9470505;
racing,killCuboid,5,0.5,10,1990.013,81.17496,-732.8449,0,0.4393573,0,-0.8983125;
racing,killCuboid,10,5,1,1933.444,107.9067,-721.252,0,0.8924019,0,0.4512416;
racing,killCuboid,5,5,1,2041.621,101.1629,-740.6958,0,0.3084041,0,0.9512554;
custom,cuboid,metal4,5,0.5,15,0,1,1,1,1.0,1.0,1464.829,43.71775,-1215.257,0,0.4462237,0,-0.8949215;
racing,killCuboid,5,5,1,1961.787,107.9041,-682.778,0,0.3109589,0,0.9504234;
custom,torus,crystal2,1,1,1,0,1,1,1,1.0,1.0,2045.689,84.8343,-655.7661,0,0.3306572,0,0.9437509;
racing,killCuboid,5.5,5,1,1958.147,99.47801,-772.7962,0,0.895592,0,0.4448763;
racing,killCuboid,10,5,1,2015.076,106.3739,-785.8046,0,0.8886604,0,0.4585661;
racing,checkpointCuboid,1,1,1,2046.481,94.1569,-656.6913,0.2168967,0.1275202,-0.4262093,0.8689305;
custom,cuboid,metal4,1,5,10,0,1,1,1,1.0,1.0,2009.526,105.1106,-656.4669,0,0.3242574,0,0.9459689;
custom,cuboid,metal4,1,5,10,0,1,1,1,1.0,1.0,2053.477,106.5121,-690.929,0,0.3180493,0,0.9480742;
custom,cuboid,metal4,5,5,1,0,1,1,1,1.0,1.0,2058.13,104.7323,-635.9682,0,0.9459872,0,-0.3242041;
custom,cuboid,metal4,5,1,10,0,1,1,1,1.0,1.0,2030.962,126.0868,-672.9403,0,0.3138358,0,0.9494773;
custom,cylinder,metal4,1,20,1,0,1,1,1,1.0,1.0,2078.452,-117.4173,-655.5838,0,0.627161,0,-0.7788897;
custom,cylinder,metal4,1,20,1,0,1,1,1,1.0,1.0,2037.967,-117.1043,-622.1031,0,0.943197,0,-0.332234;
custom,cylinder,metal4,1,20,1,0,1,1,1,1.0,1.0,1984.634,-117.4048,-694.2307,0,0.8990079,0,0.4379323;
custom,cylinder,metal4,1,20,1,0,1,1,1,1.0,1.0,2023.697,-116.7868,-724.5461,0,0.4202885,0,-0.9073906;
racing,killCuboid,5,0.5,15,1951.24,121.9657,-749.1198,0,0.3232512,0,0.9463132;
racing,killCuboid,5,1,10,1932.562,79.02826,-767.5553,0,0.3312817,0,0.9435319;
racing,killCuboid,5,1,10,1932.84,78.79006,-766.3343,0,0.3233657,0,0.9462741;
racing,killCuboid,1,13,5,1906.894,14.55873,-801.1241,0,0.8937819,0,0.4485019;
racing,killCuboid,1,13,5,1907.727,184.7511,-806.0435,0,0.8947754,0,0.4465165;
racing,killCuboid,1,30,60,1723.29,99.06168,-1001.891,0,0.9460869,0,-0.3239132;
custom,cuboid,metal4,5,0.5,5,0,1,1,1,1.0,1.0,1544.166,43.65516,-1274.716,0,0.9492351,0,-0.3145674;
racing,killCuboid,5,13,1,1561.12,-19.19811,-1250.786,0,0.9480541,0,-0.3181091;
racing,killCuboid,1,17,40,1668.181,128.2043,-1156.626,0,0.3182028,0,0.9480227;
racing,killCuboid,5,13,1,1560.431,157.4052,-1253.202,0,0.3160712,0,0.9487355;
racing,killCuboid,5,13,1,1561.701,156.9652,-1252.224,0,0.3160712,0,0.9487355;
racing,killCuboid,5,13,1,1561.605,156.5653,-1252.384,0,0.3160712,0,0.9487355;
racing,killCuboid,5,1,60,1739.29,-54.21437,-1020.56,0,0.9476373,0,-0.3193487;
racing,killCuboid,5,5,1,1595.191,-29.44603,-1243.18,0,0.8893908,0,0.4571477;
custom,sphere,metal1,1,1,0.1,0,1,1,1,1.0,1.0,1908.407,134.8197,-802.4957,0,0.9494503,0,-0.3139176;
racing,killCuboid,5,0.5,60,1739.597,215.6118,-1021.082,0,0.3150065,0,0.9490895;
racing,killCuboid,5,0.5,60,1740.096,215.4144,-1026.813,0,0.3212944,0,0.9469794;
custom,cuboid,metal4,1,5,15,0,1,1,1,1.0,1.0,1483.648,69.88042,-1193.397,0,0.4518327,0,-0.8921027;
custom,cuboid,metal4,1,5,15,0,1,1,1,1.0,1.0,1448.596,69.92043,-1238.999,0,0.4518327,0,-0.8921027;
custom,torus,crystal2,1,1,1,0,1,1,1,1.0,1.0,1422.552,45.42327,-1184.378,0,0.8840518,0,0.467389;
racing,checkpointCuboid,1,1,1,1422.873,55.03446,-1184.87,-0.05966675,0.676017,-0.5231506,0.5155137;
custom,cuboid,metal4,5,5,1,0,1,1,1,1.0,1.0,1403.3,69.86177,-1170.981,0,0.8901638,0,0.4556408;
custom,cuboid,metal4,5,0.5,15,0,1,1,1,1.0,1.0,1464.335,92.37728,-1215.404,0,0.8919809,0,0.4520731;
misc,barrier,15,0.5,100,1841.065,90.10872,-1562.08,0,0.8961502,0,0.4437509;
racing,killCuboid,15,0.5,100,1843.733,90.64064,-1561.289,0,0.8946753,0,0.4467171;
racing,killCuboid,5,5,1,1489.387,69.12132,-1305.672,0,0.8905842,0,0.4548184;
racing,killCuboid,1,05,100,1978.781,68.56606,-1575.917,0,0.4409044,0,-0.8975542;
racing,killCuboid,1,05,100,1871.996,69.05087,-1619.88,0,0.8954718,0,0.4451183;
racing,killCuboid,3,3,0.5,1564.581,65.94942,-1290.28,0,0.8903715,0,0.4552348;
racing,killCuboid,3,3,0.5,1564.808,65.8287,-1290.444,0,0.8903715,0,0.4552348;
custom,cuboid,metal4,1,5,20,0,1,1,1,1.0,1.0,2300.247,-26.12088,-1065.681,0,0.9485472,0,-0.3166359;
racing,killCuboid,5,5,1,1570.702,68.49792,-1329.411,0,0.9475354,0,-0.3196509;
racing,killCuboid,5,5,1,1608.728,69.30988,-1327.313,0,0.4557752,0,-0.8900949;
racing,killCuboid,5,5,1,1617.168,68.38901,-1392.578,0,0.8929819,0,0.4500925;
racing,killCuboid,5,5,1,1617.311,66.97437,-1392.234,0,0.8910092,0,0.4539854;
racing,killArc180,13,10,13,2354.845,-27.58699,-919.8898,0,0.8865067,0,0.462716;
racing,killArc180,5,10,5,2334.328,-27.3325,-945.3172,0,0.8934696,0,0.4491238;
custom,cuboid,metal4,30,5,1,0,1,1,1,1.0,1.0,2150.499,-26.91475,-1017.31,0,0.4501454,0,-0.8929554;
custom,cuboid,metal4,30,5,1,0,1,1,1,1.0,1.0,2194.926,-26.04469,-1055.186,0,0.8943367,0,0.4473947;
racing,killCuboid,5,0.5,5,2268.568,44.97239,-1891.271,0,0.4398821,0,-0.8980556;
racing,killCuboid,5,0.5,5,2269.277,44.93182,-1891.036,0,0.4398821,0,-0.8980556;
racing,killCuboid,5,5,1,1924.031,68.41532,-1570.06,0,0.4526628,0,-0.8916818;
racing,killCuboid,5,5,1,1939.653,66.56781,-1636.329,0,0.4570346,0,-0.8894489;
racing,killCuboid,5,5,1,2004.515,67.99537,-1629.112,0,0.4456614,0,-0.8952017;
racing,killCuboid,5,5,1,2016.248,68.12667,-1696.103,0,0.4622054,0,-0.8867729;
racing,killCuboid,5,5,1,2084.474,67.87003,-1687.569,0,0.9040679,0,0.4273887;
racing,killCuboid,5,5,1,2095.203,67.26205,-1758.475,0,0.4445752,0,-0.8957415;
racing,killCuboid,5,5,1,2162.28,67.75855,-1750.532,0,0.8918744,0,0.4522831;
racing,killCuboid,5,5,1,2176.542,66.72958,-1816.784,0,0.4348596,0,-0.9004983;
racing,killCuboid,5,5,1,2241.536,67.96001,-1810.153,0,0.8980513,0,0.4398909;
racing,killCuboid,5,5,1,2241.848,67.64001,-1809.634,0,0.8997337,0,0.4364393;
racing,killCuboid,5,5,1,2176.634,66.04957,-1816.832,0,0.4361165,0,-0.8998902;
racing,killCuboid,5,5,1,2162.939,67.27854,-1750.943,0,0.8918744,0,0.4522831;
racing,killCuboid,5,5,1,2094.839,66.78204,-1759.297,0,0.4445752,0,-0.8957415;
racing,killCuboid,5,5,1,2084.114,67.47002,-1688.736,0,0.9024953,0,0.4306999;
racing,killCuboid,5,5,1,2015.038,67.72666,-1696.965,0,0.4500909,0,-0.8929828;
racing,killCuboid,5,5,1,2006.494,67.73421,-1626.097,0,0.4512773,0,-0.8923839;
racing,killCuboid,5,5,1,1939.517,66.56781,-1635.981,0,0.4467588,0,-0.8946545;
racing,killCuboid,5,5,1,1924.482,67.85531,-1570.39,0,0.4526628,0,-0.8916818;
racing,killCuboid,5,5,1,1860.77,69.28185,-1575.867,0,0.4526628,0,-0.8916818;
racing,killCuboid,5,5,1,1860.599,69.28185,-1574.948,0,0.4526628,0,-0.8916818;
racing,killCuboid,5,5,1,1845.24,65.48882,-1508.05,0,0.454608,0,-0.8906916;
racing,killCuboid,5,5,1,1846.504,68.08888,-1507.834,0,0.454608,0,-0.8906916;
racing,killCuboid,5,5,1,1777.703,67.35931,-1515.399,0,0.4565956,0,-0.8896744;
racing,killCuboid,5,5,1,1778.434,67.15931,-1516.711,0,0.4565956,0,-0.8896744;
racing,killCuboid,5,5,1,1767.177,65.28014,-1443.661,0,0.4565956,0,-0.8896744;
racing,killCuboid,5,5,1,1767.735,68.23623,-1442.617,0,0.4585363,0,-0.8886757;
racing,killCuboid,5,5,1,1698.819,66.57446,-1454.949,0,0.4533384,0,-0.8913385;
racing,killCuboid,5,5,1,1699.892,67.61449,-1454.661,0,0.45955,0,-0.8881519;
racing,killCuboid,5,5,1,1687.361,67.326,-1384.851,0,0.4449177,0,-0.8955715;
racing,killCuboid,5,5,1,1686.893,67.88601,-1384.131,0,0.4604799,0,-0.8876702;
custom,cuboid,metal4,1,5,15,0,1,1,1,1.0,1.0,2363.287,-26.28166,-1082.016,0,0.9485472,0,-0.3166359;
custom,cuboid,metal4,1,5,15,0,1,1,1,1.0,1.0,2300.078,-26.07455,-1197.278,0,0.8955811,0,0.4448983;
custom,cuboid,metal4,5,5,1,0,1,1,1,1.0,1.0,2336.351,-27.25666,-1149.828,0,0.3168871,0,0.9484633;
custom,cuboid,metal4,5,5,1,0,1,1,1,1.0,1.0,2406.482,-28.29087,-1140.369,0,0.3297693,0,0.9440616;
custom,cuboid,metal4,5,5,1,0,1,1,1,1.0,1.0,2397.434,-27.17944,-1070.419,0,0.323749,0,0.946143;
custom,cuboid,metal4,5,5,1,0,1,1,1,1.0,1.0,2425.414,-26.62467,-1066.045,0,0.4364945,0,-0.8997069;
custom,cuboid,metal4,5,5,1,0,1,1,1,1.0,1.0,2434.941,-27.60283,-1136.826,0,0.4483125,0,-0.8938769;
custom,cuboid,metal4,5,5,1,0,1,1,1,1.0,1.0,2467.152,-26.72669,-1060.695,0,0.3245383,0,0.9458725;
custom,cuboid,metal4,5,5,1,0,1,1,1,1.0,1.0,2470.594,-27.74908,-1139.347,0,0.9456363,0,-0.3252259;
custom,cuboid,metal4,5,5,1,0,1,1,1,1.0,1.0,2512.026,-28.00554,-1132.979,0,0.4383898,0,-0.898785;
custom,cuboid,metal4,5,5,1,0,1,1,1,1.0,1.0,2495.748,-27.02907,-1057.033,0,0.439061,0,-0.8984573;
custom,cuboid,metal4,5,5,1,0,1,1,1,1.0,1.0,2564.865,-28.22846,-1015.675,0,0.3215523,0,0.9468919;
custom,cuboid,metal4,10,5,1,0,1,1,1,1.0,1.0,2557.098,-28.10779,-1074.112,0,0.4397461,0,-0.8981221;
custom,cuboid,metal4,10,5,1,0,1,1,1,1.0,1.0,2500.795,-28.34438,-966.2712,0,0.4413266,0,-0.8973466;
custom,cuboid,metal4,5,5,1,0,1,1,1,1.0,1.0,2488.119,-27.91949,-1026.584,0,0.9454076,0,-0.3258903;
custom,cuboid,metal4,5,5,1,0,1,1,1,1.0,1.0,2604.49,-28.54589,-1045.879,0,0.948164,0,-0.3177816;
custom,cuboid,metal4,10,5,1,0,1,1,1,1.0,1.0,2388.824,-28.52987,-1195.656,0,0.445614,0,-0.8952252;
custom,cuboid,metal4,20,5,1,0,1,1,1,1.0,1.0,2616.722,-27.46475,-987.1514,0,0.9471369,0,-0.3208298;
custom,cuboid,metal4,10,5,1,0,1,1,1,1.0,1.0,2667.05,-27.61002,-1093.156,0,0.8959965,0,0.4440613;
custom,cuboid,metal4,5,5,1,0,1,1,1,1.0,1.0,2610.882,-28.54663,-1119.283,0,0.3058055,0,0.9520941;
custom,cuboid,metal4,5,5,1,0,1,1,1,1.0,1.0,2540.07,-29.94376,-1129.076,0,0.9452997,0,-0.3262034;
custom,cuboid,metal4,10,5,1,0,1,1,1,1.0,1.0,2606.556,-28.21513,-1174.456,0,0.8929997,0,0.4500573;
custom,cuboid,metal4,10,5,1,0,1,1,1,1.0,1.0,2504.897,-27.34465,-1221.208,0,0.8959044,0,0.4442469;
custom,cuboid,metal4,10,5,1,0,1,1,1,1.0,1.0,2467.755,-28.64879,-1189.754,0,0.4388754,0,-0.8985479;
custom,cuboid,metal4,20,5,1,0,1,1,1,1.0,1.0,2517.007,-27.4698,-1292.465,0,0.8969972,0,0.4420365;
racing,killCuboid,5,5,1,2500.128,-60.69086,-1272.271,0,0.9476914,0,-0.3191881;
racing,killCuboid,5,5,1,2498.746,11.26911,-1272.067,0,0.9476914,0,-0.3191881;
racing,killCuboid,1,5,1,2512.81,-27.3246,-1281.695,0,0.9419783,0,-0.3356737;
racing,killCuboid,1,5,1,2486.077,-28.12481,-1262.111,0,0.9419783,0,-0.3356737;
racing,killCuboid,1,5,1,2500.45,-24.08847,-1271.657,-0.3047297,0.8951361,0.1048584,-0.3080196;
custom,cuboid,metal4,10,5,1,0,1,1,1,1.0,1.0,2273.144,-30.03547,-1360.252,0,0.8995664,0,0.4367842;
custom,cuboid,metal4,10,5,1,0,1,1,1,1.0,1.0,2234.115,-29.66713,-1325.755,0,0.4450459,0,-0.8955078;
custom,cuboid,metal4,10,5,1,0,1,1,1,1.0,1.0,2289.079,-30.30715,-1253.154,0,0.4407445,0,-0.8976326;
custom,cuboid,metal4,10,5,1,0,1,1,1,1.0,1.0,2399.469,-27.56444,-1272.27,0,0.3209849,0,0.9470843;
custom,cuboid,metal4,10,5,1,0,1,1,1,1.0,1.0,2436.255,-28.2531,-1230.931,0,0.4466901,0,-0.8946887;
custom,cuboid,metal4,10,5,1,0,1,1,1,1.0,1.0,2410.307,-29.44735,-1343.439,0,0.9487795,0,-0.3159392;
custom,cuboid,metal4,10,5,1,0,1,1,1,1.0,1.0,2368.933,-28.88762,-1312.339,0,0.9480047,0,-0.3182565;
custom,cuboid,metal4,10,5,1,0,1,1,1,1.0,1.0,2304.798,-29.90677,-1320.809,0,0.8971894,0,0.441646;
custom,cuboid,metal4,20,0.5,40,0,1,1,1,1.0,1.0,2497.971,-5.056137,-1144.68,0,0.9485786,0,-0.3165417;
custom,cuboid,metal4,20,0.5,40,0,1,1,1,1.0,1.0,2372.402,-5.323711,-1309.752,0,0.9445031,0,-0.3285024;
custom,cuboid,metal4,20,0.5,40,0,1,1,1,1.0,1.0,2330.065,-3.570491,-1043.437,0,0.3248694,0,0.9457589;
custom,cuboid,metal4,20,0.5,40,0,1,1,1,1.0,1.0,2185.252,-3.638393,-983.4493,0,0.3123748,0,0.9499589;
custom,cuboid,metal4,5,0.5,10,0,1,1,1,1.0,1.0,2029.16,-1.470425,-1267.898,0,0.4480677,0,-0.8939997;
custom,cylinder,metal4,1,5,1,0,1,1,1,1.0,1.0,2307.669,44.95762,-1886.492,-0.2243424,0.2241863,-0.6708351,0.6703665;
racing,killCuboid,5,5,1,2248.479,69.81797,-1842.313,0,0.3125161,0,0.9499125;
racing,killCuboid,5,5,1,2248.182,70.45798,-1841.577,0,0.3480962,0,0.9374589;
custom,cuboid,metal4,10,5,1,0,1,1,1,1.0,1.0,2299.849,71.29904,-1888.983,0,0.4405226,0,-0.8977416;
racing,killCuboid,10,5,1,2299.693,71.77841,-1887.315,0,0.4405226,0,-0.8977416;
custom,plane,metal4,5,1,5,0,1,1,1,1.0,1.0,2076.968,94.84221,-1244.541,0.8990856,-0.005193789,0.4376121,0.01067104;
racing,killCuboid,15,1,15,2241.563,91.32596,-1842.987,0,0.4326754,0,-0.9015498;
custom,cylinder,metal4,0.5,0.5,0.5,0,1,1,1,1.0,1.0,2083.483,100.1428,-1276.705,0,0.8970442,0,0.4419408;
custom,cylinder,metal4,0.5,0.5,0.5,0,1,1,1,1.0,1.0,2043.17,103.4664,-1246.906,0,0.8931532,0,0.4497526;
custom,cylinder,metal4,0.5,0.5,0.5,0,1,1,1,1.0,1.0,2109.939,102.2365,-1239.41,0,0.6279175,0,0.77828;
custom,cylinder,metal4,0.5,0.5,0.5,0,1,1,1,1.0,1.0,2071.601,100.396,-1208.745,0,0.186891,0,0.9823807;
misc,barrier,5,0.5,5,2076.92,104.7461,-1243.571,0,0.8961426,0,0.4437662;
racing,endCuboid,1,1,1,2077.114,117.068,-1242.526,-0.4425935,0.5366834,0.1170958,-0.7087811;
custom,cuboid,metal4,5,5,1,0,1,1,1,1.0,1.0,2053.518,130.2418,-1225.277,0,0.8949065,0,0.4462538;
custom,cuboid,metal4,5,5,1,0,1,1,1,1.0,1.0,2060.473,129.3992,-1265.727,0,0.3111063,0,0.9503751;
custom,cuboid,metal4,5,5,1,0,1,1,1,1.0,1.0,2093.874,129.8495,-1220.156,0,0.9431798,0,-0.3322828;
custom,cuboid,metal4,5,1,1,0,1,1,1,1.0,1.0,2098.271,100.0038,-1259.314,0,0.4426538,0,-0.8966926;
custom,cuboid,metal4,5,1,1,0,1,1,1,1.0,1.0,2102.767,95.24099,-1262.082,0,0.4467677,0,-0.89465;
custom,cuboid,metal4,20,5,1,0,1,1,1,1.0,1.0,2358.277,-29.93441,-1742.979,0,0.4471097,0,-0.8944792;
custom,cuboid,metal4,25,5,1,0,1,1,1,1.0,1.0,2378.698,-31.59795,-1785.153,0,0.4470372,0,-0.8945155;
custom,cuboid,metal4,5,10,1,0,1,1,1,1.0,1.0,2319.799,-2.635063,-1863.474,0,0.4409273,0,-0.8975428;
custom,cuboid,metal4,5,5,1,0,1,1,1,1.0,1.0,2316.555,20.21772,-1831.751,0,0.9409088,0,-0.3386602;
custom,cuboid,metal4,5,5,1,0,1,1,1,1.0,1.0,2279.15,18.27759,-1838.041,0,0.8903609,0,0.4552554;
custom,cuboid,metal4,5,10,1,0,1,1,1,1.0,1.0,2099.6,104.2563,-1293.864,0,0.3092157,0,0.9509919;
custom,cuboid,metal4,5,10,1,0,1,1,1,1.0,1.0,2140.653,108.7441,-1287.662,0,0.4499676,0,-0.8930449;
custom,cuboid,metal4,5,10,1,0,1,1,1,1.0,1.0,2170.481,89.40767,-1248.048,0,0.4444416,0,-0.8958079;
custom,cuboid,metal4,5,10,1,0,1,1,1,1.0,1.0,2127.593,144.9546,-1214.052,0,0.4433549,0,-0.8963462;
custom,cuboid,metal4,1,1,1,0,1,1,1,1.0,1.0,2110.847,101.6831,-1232.659,0,0.4463872,0,-0.8948399;
custom,cuboid,metal4,5,1,5,0,1,1,1,1.0,1.0,2148.993,136.7157,-1232.007,0,0.4347325,0,-0.9005597;
custom,cuboid,metal4,5,1,10,0,1,1,1,1.0,1.0,2097.287,151.9955,-1255.508,0,0.4486277,0,-0.8937188;
custom,cuboid,metal4,5,1,5,0,1,1,1,1.0,1.0,2145.513,143.6672,-1236.725,0,0.9491966,0,-0.3146837;
custom,cuboid,metal4,5,5,1,0,1,1,1,1.0,1.0,2163.591,120.4777,-1210.778,0,0.9577763,0,-0.2875147;
custom,cuboid,metal4,5,1,40,0,1,1,1,1.0,1.0,2319.903,43.21153,-1299.742,0,0.8953771,0,0.4453088;
custom,cuboid,metal4,5,1,40,0,1,1,1,1.0,1.0,2409.153,-58.52317,-1710.448,0,0.9458862,0,-0.3244984;
custom,cuboid,metal4,5,1,40,0,1,1,1,1.0,1.0,2473.542,-40.69739,-1539.596,0.195413,0.4197637,0.09305955,-0.8814489;
custom,cuboid,metal4,5,1,40,0,1,1,1,1.0,1.0,2422.282,42.74881,-1276.959,0,0.3301343,0,0.943934;
custom,cuboid,metal4,5,1,40,0,1,1,1,1.0,1.0,2439.638,-3.110055,-1671.871,0,0.946831,0,-0.3217314;
custom,cuboid,metal4,1,30,25,0,1,1,1,1.0,1.0,2383.816,-58.08517,-1499.329,0,0.9016189,0,0.4325315;
custom,cuboid,metal4,1,30,25,0,1,1,1,1.0,1.0,2452.086,-57.54543,-1486.334,0,0.4348054,0,-0.9005245;
custom,cuboid,metal4,10,5,1,0,1,1,1,1.0,1.0,2310.026,68.15108,-1384.877,0,0.8980843,0,0.4398234;
custom,cuboid,metal4,10,5,1,0,1,1,1,1.0,1.0,2381.991,67.67068,-1372.658,0,0.9036831,0,0.4282019;
custom,cuboid,metal4,10,5,1,0,1,1,1,1.0,1.0,2375.924,68.42615,-1306.322,0,0.9505399,0,-0.3106024;
custom,cuboid,metal4,20,5,1,0,1,1,1,1.0,1.0,2257.74,71.42564,-1289.211,0,0.9473335,0,-0.3202488;
custom,cuboid,metal4,20,5,1,0,1,1,1,1.0,1.0,2259.032,71.95839,-1219.164,0,0.9471388,0,-0.3208243;
custom,cuboid,metal4,5,5,1,0,1,1,1,1.0,1.0,2158.417,72.57101,-1177.165,0,0.4369567,0,-0.8994825;
custom,cuboid,metal4,10,5,1,0,1,1,1,1.0,1.0,2450.958,-30.93718,-1623.501,0,0.4370669,0,-0.899429;
custom,cuboid,metal4,15,5,1,0,1,1,1,1.0,1.0,2499.144,-31.04416,-1624.589,0,0.4475291,0,-0.8942695;
custom,cuboid,metal4,5,10,1,0,1,1,1,1.0,1.0,2495.568,41.31379,-1553.552,0,0.4432455,0,-0.8964003;
custom,cuboid,metal4,5,0.5,30,0,1,1,1,1.0,1.0,2379.839,90.16756,-1462.16,0,0.4393322,0,-0.8983247;
custom,cuboid,metal4,5,0.5,30,0,1,1,1,1.0,1.0,2430.696,91.78101,-1281.769,0,0.3553034,0,0.934751;
custom,cuboid,metal4,5,0.5,30,0,1,1,1,1.0,1.0,2250.399,92.65232,-1247.86,0,0.4453585,0,-0.8953524;
custom,cylinder,metal1,0.7,5,0.7,0,1,1,1,1.0,1.0,2072.575,-52.71184,-1209.242,0,0.1945169,0,0.9808992;
custom,cylinder,metal1,0.7,5,0.7,0,1,1,1,1.0,1.0,2046.993,-51.36904,-1240.936,0,0.46039,0,-0.8877168;
custom,cylinder,metal1,0.7,5,0.7,0,1,1,1,1.0,1.0,2041.249,-52.32666,-1248.123,0,0.393353,0,-0.9193875;
custom,cylinder,metal1,0.7,5,0.7,0,1,1,1,1.0,1.0,2281.06,-55.55647,-933.8448,0,0.8925867,0,0.4508759;
custom,cylinder,metal1,0.7,5,0.7,0,1,1,1,1.0,1.0,2363.672,-54.50906,-984.4937,0,0.8864263,0,-0.4628698;
custom,cylinder,metal1,0.7,5,0.7,0,1,1,1,1.0,1.0,2385.978,-30.64481,-1128.673,0,0.7291807,0,0.6843212;
custom,cylinder,metal1,0.7,5,0.7,0,1,1,1,1.0,1.0,2353.059,-22.2352,-1166.057,0,0.06438596,0,0.9979251;
custom,cylinder,metal1,0.7,5,0.7,0,1,1,1,1.0,1.0,2485.749,-25.95995,-1078.185,0,0.6699892,0,0.7423708;
custom,cylinder,metal1,0.7,5,0.7,0,1,1,1,1.0,1.0,2543.528,-28.64077,-1001.803,0,0.209036,0,0.977908;
custom,cylinder,metal1,0.7,5,0.7,0,1,1,1,1.0,1.0,2625.471,-34.23394,-1058.762,0,0.6617989,0,-0.7496815;
custom,cylinder,metal1,0.7,5,0.7,0,1,1,1,1.0,1.0,2590.667,-31.5041,-1101.417,0,0.8532131,0,-0.5215625;
custom,cylinder,metal1,0.7,5,0.7,0,1,1,1,1.0,1.0,2560.453,-30.05824,-1142.121,0,0.9615656,0,-0.2745753;
custom,cylinder,metal1,0.7,5,0.7,0,1,1,1,1.0,1.0,2530.293,-31.31307,-1180.274,0,0.920085,0,-0.3917187;
custom,cylinder,metal1,0.7,5,0.7,0,1,1,1,1.0,1.0,2536.318,-31.31307,-1185.762,0,0.920085,0,-0.3917187;
custom,cylinder,metal1,0.7,5,0.7,0,1,1,1,1.0,1.0,2434.472,-27.07409,-1305.636,0,0.6939083,0,-0.7200634;
custom,cylinder,metal1,0.7,5,0.7,0,1,1,1,1.0,1.0,2331.03,-26.65392,-1281.282,0,0.9183922,0,-0.3956714;
custom,cylinder,metal1,0.7,5,0.7,0,1,1,1,1.0,1.0,2169.478,-56.54896,-1656.143,0,0.5490965,0,0.835759;
custom,cylinder,metal1,0.7,5,0.7,0,1,1,1,1.0,1.0,1541.421,96.20338,-1240.454,0,0.07347766,0,-0.9972969;
custom,cylinder,metal1,0.7,5,0.7,0,1,1,1,1.0,1.0,2489.258,-36.94349,-1580.027,0,0.2774795,0,-0.9607316;
custom,cylinder,metal1,0.7,5,0.7,0,1,1,1,1.0,1.0,2347.89,54.00106,-1408.758,0,0.7071669,0,0.7070466;
custom,cylinder,metal1,0.7,5,0.7,0,1,1,1,1.0,1.0,2341.482,62.55053,-1347.998,0,0.4481108,0,-0.893978;
custom,cylinder,metal1,0.7,5,0.7,0,1,1,1,1.0,1.0,2179.13,67.59525,-1226.806,0,0.9007083,0,-0.4344245;
custom,cuboid,metal1,1,0.3,1,0,1,1,1,1.0,1.0,2132.483,77.65672,-1257.039,0.4766859,0.8157498,-0.1652839,-0.2828498;
custom,cuboid,metal1,1,0.3,1,0,1,1,1,1.0,1.0,2127.257,77.49697,-1253.136,-0.4803827,0.8135784,0.1665657,-0.2820967;
custom,cuboid,metal1,0.3,1.5,1,0,1,1,1,1.0,1.0,2130.177,73.49662,-1255.295,0,0.9448164,0,-0.3276005;
custom,cuboid,metal4,5,5,1,0,1,1,1,1.0,1.0,2060.635,93.85947,-1265.258,0,0.315094,0,0.9490605;
custom,cuboid,metal4,5,5,1,0,1,1,1,1.0,1.0,2051.776,122.9357,-1224.079,0,0.8958334,0,0.4443902;
custom,cuboid,metal4,5,5,1,0,1,1,1,1.0,1.0,2092.709,121.201,-1217.978,0,0.9524533,0,-0.3046848;
custom,cuboid,metal4,5,5,1,0,1,1,1,1.0,1.0,2125.47,166.1185,-1220.462,0,0.442517,0,-0.8967602;