custom,cuboid,stone4,1,10,13,0,1,1,1,1.3,1.0,-413.5243,31.68768,-57.24463,0,0.8269107,0,0.5623333;
custom,cuboid,stone4,1,10,15,0,1,1,1,1.5,1.0,-485.852,32.45232,-249.9262,0,0.6423927,0,-0.7663757;
custom,cuboid,stone4,1,10,20,0,1,1,1,2.0,1.0,-382.6093,31.7981,-171.8642,0,0.9845616,0,-0.1750382;
custom,cuboid,stone4,1,10,5,0,1,1,1,0.5,1.0,-552.349,32.93529,-218.3276,0,0.08415388,0,0.9964528;
custom,cuboid,stone4,13,10,13,0,1,1,1,1.3,1.3,-420.2287,-36.99205,-111.6254,0,0.145385,0,0.9893752;
custom,cuboid,stone4,2,2,2,0,1,1,1,0.2,0.2,-71.22345,23.71659,12.13762,0,0.8794336,0,0.4760217;
custom,cuboid,stone4,2,2,2,0,1,1,1,0.2,0.2,18.98496,31.19037,19.36014,0,0.8702736,0,0.4925685;
custom,cuboid,stone4,2,2,2,0,1,1,1,0.2,0.2,41.38576,19.77224,19.78354,0,0.9525524,0,-0.3043748;
custom,cuboid,stone5,6,3,6,0,1,1,1,0.6,0.6,-601.3435,7.702487,-163.2261,0,0.9999912,0,-0.004207433;
custom,cuboid,stone6,1,10,10,0,1,1,1,1.0,1.0,-606.3154,32.64484,330.0469,0,0.9570843,0,-0.2898099;
custom,cuboid,stone6,1,10,10,0,1,1,1,1.0,1.0,-607.4995,32.32911,-197.7987,0,0.7015607,0,-0.7126097;
custom,cuboid,stone6,1,10,29,0,1,1,1,2.9,1.0,-476.0581,33.63459,-62.2721,0,0.1083423,0,0.9941137;
custom,cuboid,stone6,1,10,35,0,1,1,1,3.5,1.0,-281.4242,32.1917,35.43224,0,-0.6172572,0,0.7867615;
custom,cuboid,stone6,1,10,35,0,1,1,1,3.5,1.0,-312.135,33.06842,100.0669,0,0.7884077,0,0.6151531;
custom,cuboid,stone6,1,10,35,0,1,1,1,3.5,1.0,-512.0346,33.45226,-25.49949,0,0.1051907,0,0.9944521;
custom,cuboid,stone6,1,10,4,0,1,1,1,0.4,1.0,-528.6603,-13.65719,-194.012,0,0.769159,0,0.6390575;
custom,cuboid,stone6,1,10,40,0,1,1,1,4.0,1.0,-126.3804,32.71383,279.6518,0,-0.1927129,0,0.9812552;
custom,cuboid,stone6,1,10,40,0,1,1,1,4.0,1.0,-133.2699,32.52484,184.9425,0,0.1965287,0,-0.9804981;
custom,cuboid,stone6,1,10,40,0,1,1,1,4.0,1.0,-212.5111,33.14455,240.1572,0,0.9824256,0,0.1866549;
custom,cuboid,stone6,1,10,40,0,1,1,1,4.0,1.0,-39.63235,32.14576,191.3504,0,0.9819136,0,0.1893295;
custom,cuboid,stone6,1,10,50,0,1,1,1,5.0,1.0,-14.28284,32.59272,277.8677,0,0.9818052,0,0.1898909;
custom,cuboid,stone6,1,10,50,0,1,1,1,5.0,1.0,-328.6666,32.72945,404.2905,0,0.8411192,0,-0.5408498;
custom,cuboid,stone6,1,10,50,0,1,1,1,5.0,1.0,-348.0467,32.15737,446.6867,0,0.5781627,0,0.8159215;
custom,cuboid,stone6,1,10,50,0,1,1,1,5.0,1.0,-564.7713,32.9159,46.50359,0,0.01450883,0,0.9998947;
custom,cuboid,stone6,1,10,50,0,1,1,1,5.0,1.0,-632.3122,32.68953,48.1746,0,-0.006184452,0,-0.9999809;
custom,cuboid,stone6,1,10,50,0,1,1,1,5.0,1.0,113.8273,32.19561,14.52921,0,-0.6836493,0,-0.7298107;
custom,cuboid,stone6,1,3,4,0,1,1,1,0.4,0.3,-527.2975,68.48779,-194.4632,0,0.7658031,0,0.6430752;
custom,cylinder,stone4,4,7,4,1,0.2045454,0.1136364,0,0.4,1.4,-376.7352,-37.77662,-81.48925,0,0.1690934,0,0.9856001;
custom,cylinder,stone4,4,7,4,1,0.2159091,0.2613636,0.2954545,0.4,1.4,-440.192,-32.13371,-59.58089,0,0.1690931,0,0.9856001;
custom,cylinder,stone4,4,7,4,1,1,0.5795454,0,0.4,1.4,-408.646,-20.45482,-66.78075,0,0.1367536,0,0.9906051;
custom,cylinder,stone4,3.9,7.1,3.9,1,0.2045454,0.1136364,0,0.4,0.4,-376.7352,-37.77662,-81.48925,0,0.1690934,0,0.9856001;
custom,cylinder,stone4,3.9,7.1,3.9,1,0.2159091,0.2613636,0.2954545,0.4,0.4,-440.192,-32.13371,-59.58089,0,0.1690931,0,0.9856001;
custom,cylinder,stone4,3.9,7.1,3.9,1,1,0.5795454,0,0.4,0.4,-408.646,-20.45482,-66.78075,0,0.1367536,0,0.9906051;
custom,cylinder,stone6,3,10,3,0,1,1,1,0.3,2.0,-548.6911,-16.64903,293.5948,0,0.943444,0,0.331532;
custom,cylinder,stone6,3,10,3,0,1,1,1,0.3,2.0,182.1034,-17.39503,276.3602,0,0.670092,0,-0.742278;
custom,cylinder,stone6,3,10,3,0,1,1,1,0.3,2.0,74.83465,-17.19213,57.41063,0,0.7430539,0,-0.6692317;
custom,plane,stone6,100,3,100,0,1,1,1,10.0,10.0,-144.3203,2.595325,23.42075,0,0.9999878,0,-0.004942846;
custom,plane,stone6,50,10,50,0,1,1,1,5.0,5.0,133.8865,-165.4796,511.9434,0.7058538,-0.01481705,-0.01743714,-0.707988;
custom,plane,stone6,50,10,50,0,1,1,1,5.0,5.0,354.2862,-164.0419,274.6325,-0.4941741,0.5071606,0.5004373,0.4981393;
misc,barrier,140,2,140,-105.7434,89.5583,-112.4756,0,0.9995848,0,-0.02881611;
racing,checkpointCuboid,1,1,1,-73.17355,37.4781,13.82375,0,0.8915952,0,0.4528332;
racing,checkpointCuboid,1,1,1,16.09222,45.8837,20.15497,0,0.8836896,0,0.4680733;
racing,checkpointCuboid,1,1,1,42.72325,34.77225,22.0068,0,0.9525537,0,-0.3043707;
racing,endCuboid,4,3,1,-526.9322,50.85468,-194.8539,0,0.09099749,0,0.9958512;
racing,killArc90,4,25,4,-137.2295,5.587235,100.348,0,0.9784552,0,0.2064594;
racing,killArc90,4,25,4,-146.2283,4.988336,162.9957,0,0.5505861,0,0.8347784;
racing,killArc90,4,25,4,-182.5598,6.219723,217.3656,0,0.9802944,0,0.1975421;
racing,killArc90,4,25,4,-197.571,4.494514,288.666,0,0.5428853,0,0.8398069;
racing,killArc90,4,25,4,-233.6413,4.952959,342.4253,0,0.9752659,0,0.2210351;
racing,killCone,6,4,1.5,-583.0262,-64.41679,81.05103,0,0.003395225,0,-0.9999943;
racing,killCone,6,4,1.5,-610.3336,-40.32247,175.6858,0,0.9999697,0,0.007780072;
racing,killCuboid,1,10,10,186.865,32.02317,65.18537,0,0.9938955,0,0.1103257;
racing,killCuboid,1,10,10,87.67941,32.3919,145.3894,0,0.6386523,0,0.7694954;
racing,killCuboid,1,10,18.3,78.43415,32.44566,271.2198,0,0.6883805,0,0.7253498;
racing,killCuboid,1,10,2.6,-36.66222,32.61809,121.8264,0,0.8338375,0,-0.5520101;
racing,killCuboid,1,10,2.6,-43.71818,32.02385,171.7144,0,0.7098978,0,0.7043048;
racing,killCuboid,1,10,2.6,-46.23953,33.02986,83.6828,0,0.1958161,0,-0.9806406;
racing,killCuboid,1,10,2.6,-79.28888,32.66092,201.3533,-0.007592979,0.7250497,-0.007211444,0.6886171;
racing,killCuboid,1,10,35,104.4669,12.1986,434.6273,0,0.9768607,0,0.2138767;
racing,killCuboid,1,10,35,214.4436,21.1715,443.2342,0,0.9957259,0,-0.09235746;
racing,killCuboid,1,10,50,138.5525,32.25776,518.846,0,0.7227064,0,0.6911551;
racing,killCuboid,1,10,50,364.7622,32.59241,272.5352,0,0.999945,0,-0.01049148;
racing,killCuboid,1,3,3,76.83723,67.40216,31.25914,0,-0.09726415,0,0.9952586;
racing,killCuboid,1,3,3,78.31129,12.61172,30.5785,0,0.9961453,0,0.08771896;
racing,killCuboid,1,5,18.3,282.7263,57.24006,292.5135,0,-0.6509064,0,-0.7591581;
racing,killCuboid,1,8,30,268.0237,62.77729,154.9632,0,-0.3075106,0,0.9515447;
racing,killCuboid,100,3,100,-140.5812,-12.16716,38.32971,0,0.7124114,0,0.7017621;
racing,killCuboid,2.6,10,2.6,-103.7237,31.15347,321.7447,0,0.9832414,0,0.1823082;
racing,killCuboid,2.6,10,2.6,-114.1815,31.92331,276.7401,0,0.8307692,0,-0.5566171;
racing,killCuboid,2.6,10,2.6,-142.5626,32.60112,349.435,0,0.9822724,0,0.1874592;
racing,killCuboid,2.6,10,2.6,-74.83832,30.83112,250.3388,0,0.5609781,0,0.8278307;
racing,killCuboid,3.3,3,1,-85.2611,67.88623,124.8193,0,0.9817578,0,0.1901357;
racing,killCuboid,3.3,4,1,-104.9868,62.5374,172.5321,0,0.9795415,0,0.2012423;
racing,killCuboid,3.5,10,1,-216.2696,32.56544,383.5773,0,0.5536971,0,0.8327181;
racing,killCuboid,3.5,5,1,-126.9897,57.6239,224.6519,0,0.19264,0,-0.9812695;
racing,killCuboid,3.5,6,1,-147.2643,27.59101,276.5207,0,0.9786664,0,0.205456;
racing,killCuboid,3.5,7,1,-172.8056,33.89703,333.9003,0,0.9791148,0,0.2033085;
racing,killCuboid,4,4,1.5,-525.9358,16.98837,-195.2261,0,0.9959732,0,-0.08965189;
racing,killCuboid,4,4,1.5,-526.5374,73.21751,-195.6352,0,0.9962789,0,-0.08618863;
racing,killCylinder,3.5,10,3.5,75.25258,-17.28531,56.77091,0,0.7452934,0,-0.6667367;
racing,killCylinder,4,10,4,180.9237,-16.8736,276.1487,0,0.9995672,0,0.02942038;
racing,killCylinder,6,4,1.5,-355.9305,23.23394,418.2133,0,0.8370239,0,-0.5471664;
racing,killCylinder,6,4,1.5,-457.2051,10.2119,377.9734,0,0.5380152,0,0.8429351;
racing,killPrism,5,25,5,-192.0778,-71.84723,43.00616,0,0.6236978,0,-0.7816656;
racing,killPrism,5,25,5,-282.4769,-87.94631,64.105,0,0.6236836,0,-0.7816769;
racing,killPrism,5,25,5,-374.7538,-48.86618,87.4908,0,0.620261,0,-0.7843955;
racing,killPyramid,2.6,3,2.6,-32.4921,26.20632,247.887,0,0.9816883,0,0.1904943;
racing,killPyramid,2.6,3,2.6,-76.66541,55.80623,357.7571,-0.9811004,-0.001722258,-0.1934918,-0.0002837425;
racing,killTube,5,5,5,14.75091,46.87754,128.6726,-0.6758264,0.1162818,-0.1424982,-0.7137448;
racing,startCuboid,6,6,1,-602.3645,50.47606,-138.3334,0,0.01078179,0,0.9999419;
spawnpoint,playerC,-603.1854,26.86242,-173.3205,0,0.9999894,0,0.004611909;
spawnpoint,playerM,-601.8957,28.71407,-170.5841,0,0.9980147,0,-0.06298214;
custom,cuboid,brick1,.2,1.5,.5,0,1,1,1,1.0,1.0,-585.7382,56.18605,-192.6426,0,0.9998059,0,-0.01970502;
custom,cuboid,brick1,.2,1,.75,0,1,1,1,1.0,1.0,-590.1883,59.58606,-193.7551,0.4399129,0.8978168,-0.005548739,-0.01925921;
custom,cuboid,brick1,.2,1,.75,0,1,1,1,1.0,1.0,-589.2056,55.18604,-194.1896,-0.4801044,0.8765002,0.007081134,-0.03459792;
custom,cuboid,brick1,.2,1,.75,0,1,1,1,1.0,1.0,-589.9975,51.58603,-193.9609,0.4770657,0.8786457,-0.009422784,-0.01735461;
custom,cuboid,brick1,.2,1.5,.75,0,1,1,1,1.0,1.0,-596.6631,56.46641,-195.4632,-0.1477752,0.9887865,-0.00318336,0.02130036;
custom,cuboid,brick1,.2,1.5,.75,0,1,1,1,1.0,1.0,-601.3165,56.10324,-195.9048,0.1684482,0.9854623,-0.003727112,-0.0218045;
custom,cuboid,brick1,.2,.75,.75,0,1,1,1,1.0,1.0,-598.6965,55.42653,-196.2301,-0.7225729,0.6906119,-0.02026459,0.02308497;
custom,cuboid,brick1,.2,.75,.75,0,1,1,1,1.0,1.0,-606.723,57.81287,-194.3691,0.2655532,0.9640848,-0.001244276,-0.004517315;
custom,cuboid,brick1,.2,1.5,.75,0,1,1,1,1.0,1.0,-607.8816,54.41551,-194.8067,-0.3090146,0.9510488,-0.001242593,0.003824308;
custom,cuboid,brick1,.2,.75,.75,0,1,1,1,1.0,1.0,-614.8193,55.38415,-192.6328,-0.7144672,0.6996576,-0.002863099,0.002803751;
custom,cuboid,brick1,.2,1.5,.75,0,1,1,1,1.0,1.0,-613.3578,49.79118,-192.8206,0.9493394,0.3139639,-0.01278146,-0.004227064;
custom,cuboid,brick1,.2,.75,.75,0,1,1,1,1.0,1.0,-612.9339,44.45045,-192.844,0.6933172,0.7204624,-0.01085723,-0.01128232;
custom,arc180,brick1,1.2,.1,.5,0,1,1,1,1.0,1.0,-623.6038,52.47962,-192.6196,0.5006084,0.5105851,0.4997566,0.4888123;
