map,disablebounds;
custom,cuboid,stone4,200,1,200,0,1,1,1,20.0,20.0,0,-4.5,0,0,0,0,0;

custom,cuboid,stone4,10,6,1,1,0.75,0.75,0.75,1.0,0.6,0,30,1000,0,0,0,0;
racing,killcuboid,10,6,1,100,30,1000,0,0,0,0;
custom,cuboid,stone4,10,6,1,1,0.75,0.75,0.75,1.0,0.6,200,30,1000,0,0,0,0;
racing,killcuboid,10,6,1,300,30,1000,0,0,0,0;
custom,cuboid,stone4,10,6,1,1,0.75,0.75,0.75,1.0,0.6,400,30,1000,0,0,0,0;
racing,killcuboid,10,6,1,500,30,1000,0,0,0,0;
custom,cuboid,stone4,10,6,1,1,0.75,0.75,0.75,1.0,0.6,600,30,1000,0,0,0,0;
racing,killcuboid,10,6,1,700,30,1000,0,0,0,0;
custom,cuboid,stone4,10,6,1,1,0.75,0.75,0.75,1.0,0.6,800,30,1000,0,0,0,0;
racing,killcuboid,10,6,1,900,30,1000,0,0,0,0;
custom,cuboid,stone4,10,6,1,1,0.75,0.75,0.75,1.0,0.6,1000,30,1000,0,0,0,0;
racing,killcuboid,10,6,1,-100,30,1000,0,0,0,0;
custom,cuboid,stone4,10,6,1,1,0.75,0.75,0.75,1.0,0.6,-200,30,1000,0,0,0,0;
racing,killcuboid,10,6,1,-300,30,1000,0,0,0,0;
custom,cuboid,stone4,10,6,1,1,0.75,0.75,0.75,1.0,0.6,-400,30,1000,0,0,0,0;
racing,killcuboid,10,6,1,-500,30,1000,0,0,0,0;
custom,cuboid,stone4,10,6,1,1,0.75,0.75,0.75,1.0,0.6,-600,30,1000,0,0,0,0;
racing,killcuboid,10,6,1,-700,30,1000,0,0,0,0;
custom,cuboid,stone4,10,6,1,1,0.75,0.75,0.75,1.0,0.6,-800,30,1000,0,0,0,0;
racing,killcuboid,10,6,1,-900,30,1000,0,0,0,0;
custom,cuboid,stone4,10,6,1,1,0.75,0.75,0.75,1.0,0.6,-1000,30,1000,0,0,0,0;

custom,cuboid,stone4,10,6,1,1,0.75,0.75,0.75,1.0,0.6,0,30,-1000,0,0,0,0;
racing,killcuboid,10,6,1,100,30,-1000,0,0,0,0;
custom,cuboid,stone4,10,6,1,1,0.75,0.75,0.75,1.0,0.6,200,30,-1000,0,0,0,0;
racing,killcuboid,10,6,1,300,30,-1000,0,0,0,0;
custom,cuboid,stone4,10,6,1,1,0.75,0.75,0.75,1.0,0.6,400,30,-1000,0,0,0,0;
racing,killcuboid,10,6,1,500,30,-1000,0,0,0,0;
custom,cuboid,stone4,10,6,1,1,0.75,0.75,0.75,1.0,0.6,600,30,-1000,0,0,0,0;
racing,killcuboid,10,6,1,700,30,-1000,0,0,0,0;
custom,cuboid,stone4,10,6,1,1,0.75,0.75,0.75,1.0,0.6,800,30,-1000,0,0,0,0;
racing,killcuboid,10,6,1,900,30,-1000,0,0,0,0;
custom,cuboid,stone4,10,6,1,1,0.75,0.75,0.75,1.0,0.6,1000,30,-1000,0,0,0,0;
racing,killcuboid,10,6,1,-100,30,-1000,0,0,0,0;
custom,cuboid,stone4,10,6,1,1,0.75,0.75,0.75,1.0,0.6,-200,30,-1000,0,0,0,0;
racing,killcuboid,10,6,1,-300,30,-1000,0,0,0,0;
custom,cuboid,stone4,10,6,1,1,0.75,0.75,0.75,1.0,0.6,-400,30,-1000,0,0,0,0;
racing,killcuboid,10,6,1,-500,30,-1000,0,0,0,0;
custom,cuboid,stone4,10,6,1,1,0.75,0.75,0.75,1.0,0.6,-600,30,-1000,0,0,0,0;
racing,killcuboid,10,6,1,-700,30,-1000,0,0,0,0;
custom,cuboid,stone4,10,6,1,1,0.75,0.75,0.75,1.0,0.6,-800,30,-1000,0,0,0,0;
racing,killcuboid,10,6,1,-900,30,-1000,0,0,0,0;
custom,cuboid,stone4,10,6,1,1,0.75,0.75,0.75,1.0,0.6,-1000,30,-1000,0,0,0,0;

custom,cuboid,stone4,10,6,1,1,0.75,0.75,0.75,1,0.6,1000,30,0,0,0.7071068,0,0.7071068;
racing,killcuboid,10,6,1,1000,30,-100,0,0.7071068,0,0.7071068;
custom,cuboid,stone4,10,6,1,1,0.75,0.75,0.75,1,0.6,1000,30,-200,0,0.7071068,0,0.7071068;
racing,killcuboid,10,6,1,1000,30,-300,0,0.7071068,0,0.7071068;
custom,cuboid,stone4,10,6,1,1,0.75,0.75,0.75,1,0.6,1000,30,-400,0,0.7071068,0,0.7071068;
racing,killcuboid,10,6,1,1000,30,-500,0,0.7071068,0,0.7071068;
custom,cuboid,stone4,10,6,1,1,0.75,0.75,0.75,1,0.6,1000,30,-600,0,0.7071068,0,0.7071068;
racing,killcuboid,10,6,1,1000,30,-700,0,0.7071068,0,0.7071068;
custom,cuboid,stone4,10,6,1,1,0.75,0.75,0.75,1,0.6,1000,30,-800,0,0.7071068,0,0.7071068;
racing,killcuboid,10,6,1,1000,30,-900,0,0.7071068,0,0.7071068;
custom,cuboid,stone4,10,6,1,1,0.75,0.75,0.75,1,0.6,1000,30,-1000,0,0.7071068,0,0.7071068;
racing,killcuboid,10,6,1,1000,30,100,0,0.7071068,0,0.7071068;
custom,cuboid,stone4,10,6,1,1,0.75,0.75,0.75,1,0.6,1000,30,200,0,0.7071068,0,0.7071068;
racing,killcuboid,10,6,1,1000,30,300,0,0.7071068,0,0.7071068;
custom,cuboid,stone4,10,6,1,1,0.75,0.75,0.75,1,0.6,1000,30,400,0,0.7071068,0,0.7071068;
racing,killcuboid,10,6,1,1000,30,500,0,0.7071068,0,0.7071068;
custom,cuboid,stone4,10,6,1,1,0.75,0.75,0.75,1,0.6,1000,30,600,0,0.7071068,0,0.7071068;
racing,killcuboid,10,6,1,1000,30,700,0,0.7071068,0,0.7071068;
custom,cuboid,stone4,10,6,1,1,0.75,0.75,0.75,1,0.6,1000,30,800,0,0.7071068,0,0.7071068;
racing,killcuboid,10,6,1,1000,30,900,0,0.7071068,0,0.7071068;
custom,cuboid,stone4,10,6,1,1,0.75,0.75,0.75,1,0.6,1000,30,1000,0,0.7071068,0,0.7071068;

custom,cuboid,stone4,10,6,1,1,0.75,0.75,0.75,1,0.6,-1000,30,0,0,0.7071068,0,0.7071068;
racing,killcuboid,10,6,1,-1000,30,-100,0,0.7071068,0,0.7071068;
custom,cuboid,stone4,10,6,1,1,0.75,0.75,0.75,1,0.6,-1000,30,-200,0,0.7071068,0,0.7071068;
racing,killcuboid,10,6,1,-1000,30,-300,0,0.7071068,0,0.7071068;
custom,cuboid,stone4,10,6,1,1,0.75,0.75,0.75,1,0.6,-1000,30,-400,0,0.7071068,0,0.7071068;
racing,killcuboid,10,6,1,-1000,30,-500,0,0.7071068,0,0.7071068;
custom,cuboid,stone4,10,6,1,1,0.75,0.75,0.75,1,0.6,-1000,30,-600,0,0.7071068,0,0.7071068;
racing,killcuboid,10,6,1,-1000,30,-700,0,0.7071068,0,0.7071068;
custom,cuboid,stone4,10,6,1,1,0.75,0.75,0.75,1,0.6,-1000,30,-800,0,0.7071068,0,0.7071068;
racing,killcuboid,10,6,1,-1000,30,-900,0,0.7071068,0,0.7071068;
custom,cuboid,stone4,10,6,1,1,0.75,0.75,0.75,1,0.6,-1000,30,-1000,0,0.7071068,0,0.7071068;
racing,killcuboid,10,6,1,-1000,30,100,0,0.7071068,0,0.7071068;
custom,cuboid,stone4,10,6,1,1,0.75,0.75,0.75,1,0.6,-1000,30,200,0,0.7071068,0,0.7071068;
racing,killcuboid,10,6,1,-1000,30,300,0,0.7071068,0,0.7071068;
custom,cuboid,stone4,10,6,1,1,0.75,0.75,0.75,1,0.6,-1000,30,400,0,0.7071068,0,0.7071068;
racing,killcuboid,10,6,1,-1000,30,500,0,0.7071068,0,0.7071068;
custom,cuboid,stone4,10,6,1,1,0.75,0.75,0.75,1,0.6,-1000,30,600,0,0.7071068,0,0.7071068;
racing,killcuboid,10,6,1,-1000,30,700,0,0.7071068,0,0.7071068;
custom,cuboid,stone4,10,6,1,1,0.75,0.75,0.75,1,0.6,-1000,30,800,0,0.7071068,0,0.7071068;
racing,killcuboid,10,6,1,-1000,30,900,0,0.7071068,0,0.7071068;
custom,cuboid,stone4,10,6,1,1,0.75,0.75,0.75,1,0.6,-1000,30,1000,0,0.7071068,0,0.7071068;

custom,cuboid,stone4,7.5,6,1,1,0.75,0.75,0.75,0.75,0.6,594.0634789,30,907.9121293,0,-0.2332681,0,0.9724125;
racing,killcuboid,7.5,6,1,492.0878707,30,594.0634789,0,0.5223431,0,0.8527354;
racing,killcuboid,7.5,6,1,469.5276293,30,736.5032375,0,0.7602875,0,0.6495867;
custom,cuboid,stone4,7.5,6,1,1,0.75,0.75,0.75,0.75,0.6,663.4967625,30,469.5276293,0,0.0786408,0,0.996903;
custom,cuboid,stone4,7.5,6,1,1,0.75,0.75,0.75,0.75,0.6,805.9365211,30,492.0878707,0,-0.2332681,0,0.9724125;
racing,killcuboid,7.5,6,1,907.9121293,30,805.9365211,0,0.5223431,0,0.8527354;
racing,killcuboid,7.5,6,1,930.4723707,30,663.4967625,0,0.7602875,0,0.6495867;
custom,cuboid,stone4,7.5,6,1,1,0.75,0.75,0.75,0.75,0.6,736.5032375,30,930.4723707,0,0.0786408,0,0.996903;
racing,killcuboid,7.5,6,1,594.0634788,30,492.0878708,0,0.2336226,0,0.9723274;
custom,cuboid,stone4,7.5,6,1,1,0.75,0.75,0.75,0.75,0.6,535,30,535,0,0.414,0,1;
racing,killcuboid,7.5,6,1,535,30,865,0,-0.414,0,1;
custom,cuboid,stone4,7.5,6,1,1,0.75,0.75,0.75,0.75,0.6,492.0878708,30,805.9365212,0,0.8525449,0,0.5226541;
custom,cuboid,stone4,7.5,6,1,1,0.75,0.75,0.75,0.75,0.6,469.5276293,30,663.4967626,0,0.6493094,0,0.7605244;
racing,killcuboid,7.5,6,1,663.4967626,30,930.4723707,0,-0.0782774,0,0.9969316;
racing,killcuboid,7.5,6,1,805.9365212,30,907.9121292,0,0.2336226,0,0.9723274;
racing,killcuboid,7.5,6,1,865,30,535,0,-0.414,0,1;
custom,cuboid,stone4,7.5,6,1,1,0.75,0.75,0.75,0.75,0.6,865,30,865,0,0.414,0,1;
custom,cuboid,stone4,7.5,6,1,1,0.75,0.75,0.75,0.75,0.6,907.9121292,30,594.0634788,0,0.8525449,0,0.5226541;
custom,cuboid,stone4,7.5,6,1,1,0.75,0.75,0.75,0.75,0.6,930.4723707,30,736.5032374,0,0.6493094,0,0.7605244;
racing,killcuboid,7.5,6,1,736.5032374,30,469.5276293,0,-0.0782774,0,0.9969316;

custom,cuboid,stone4,7.5,6,1,1,0.75,0.75,0.75,0.75,0.6,-805.9365211,30,907.9121293,0,-0.2332681,0,0.9724125;
racing,killcuboid,7.5,6,1,-907.9121293,30,594.0634789,0,0.5223431,0,0.8527354;
racing,killcuboid,7.5,6,1,-930.4723707,30,736.5032375,0,0.7602875,0,0.6495867;
custom,cuboid,stone4,7.5,6,1,1,0.75,0.75,0.75,0.75,0.6,-736.5032375,30,469.5276293,0,0.0786408,0,0.996903;
custom,cuboid,stone4,7.5,6,1,1,0.75,0.75,0.75,0.75,0.6,-594.0634789,30,492.0878707,0,-0.2332681,0,0.9724125;
racing,killcuboid,7.5,6,1,-492.0878707,30,805.9365211,0,0.5223431,0,0.8527354;
racing,killcuboid,7.5,6,1,-469.5276293,30,663.4967625,0,0.7602875,0,0.6495867;
custom,cuboid,stone4,7.5,6,1,1,0.75,0.75,0.75,0.75,0.6,-663.4967625,30,930.4723707,0,0.0786408,0,0.996903;
racing,killcuboid,7.5,6,1,-805.9365212,30,492.0878708,0,0.2336226,0,0.9723274;
custom,cuboid,stone4,7.5,6,1,1,0.75,0.75,0.75,0.75,0.6,-865,30,535,0,0.414,0,1;
racing,killcuboid,7.5,6,1,-865,30,865,0,-0.414,0,1;
custom,cuboid,stone4,7.5,6,1,1,0.75,0.75,0.75,0.75,0.6,-907.9121292,30,805.9365212,0,0.8525449,0,0.5226541;
custom,cuboid,stone4,7.5,6,1,1,0.75,0.75,0.75,0.75,0.6,-930.4723707,30,663.4967626,0,0.6493094,0,0.7605244;
racing,killcuboid,7.5,6,1,-736.5032374,30,930.4723707,0,-0.0782774,0,0.9969316;
racing,killcuboid,7.5,6,1,-594.0634788,30,907.9121292,0,0.2336226,0,0.9723274;
racing,killcuboid,7.5,6,1,-535,30,535,0,-0.414,0,1;
custom,cuboid,stone4,7.5,6,1,1,0.75,0.75,0.75,0.75,0.6,-535,30,865,0,0.414,0,1;
custom,cuboid,stone4,7.5,6,1,1,0.75,0.75,0.75,0.75,0.6,-492.0878708,30,594.0634788,0,0.8525449,0,0.5226541;
custom,cuboid,stone4,7.5,6,1,1,0.75,0.75,0.75,0.75,0.6,-469.5276293,30,736.5032374,0,0.6493094,0,0.7605244;
racing,killcuboid,7.5,6,1,-663.4967626,30,469.5276293,0,-0.0782774,0,0.9969316;

custom,cuboid,stone4,7.5,6,1,1,0.75,0.75,0.75,0.75,0.6,594.0634789,30,-492.0878707,0,-0.2332681,0,0.9724125;
racing,killcuboid,7.5,6,1,492.0878707,30,-805.9365211,0,0.5223431,0,0.8527354;
racing,killcuboid,7.5,6,1,469.5276293,30,-663.4967625,0,0.7602875,0,0.6495867;
custom,cuboid,stone4,7.5,6,1,1,0.75,0.75,0.75,0.75,0.6,663.4967625,30,-930.4723707,0,0.0786408,0,0.996903;
custom,cuboid,stone4,7.5,6,1,1,0.75,0.75,0.75,0.75,0.6,805.9365211,30,-907.9121293,0,-0.2332681,0,0.9724125;
racing,killcuboid,7.5,6,1,907.9121293,30,-594.0634789,0,0.5223431,0,0.8527354;
racing,killcuboid,7.5,6,1,930.4723707,30,-736.5032375,0,0.7602875,0,0.6495867;
custom,cuboid,stone4,7.5,6,1,1,0.75,0.75,0.75,0.75,0.6,736.5032375,30,-469.5276293,0,0.0786408,0,0.996903;
racing,killcuboid,7.5,6,1,594.0634788,30,-907.9121292,0,0.2336226,0,0.9723274;
custom,cuboid,stone4,7.5,6,1,1,0.75,0.75,0.75,0.75,0.6,535,30,-865,0,0.414,0,1;
racing,killcuboid,7.5,6,1,535,30,-535,0,-0.414,0,1;
custom,cuboid,stone4,7.5,6,1,1,0.75,0.75,0.75,0.75,0.6,492.0878708,30,-594.0634788,0,0.8525449,0,0.5226541;
custom,cuboid,stone4,7.5,6,1,1,0.75,0.75,0.75,0.75,0.6,469.5276293,30,-736.5032374,0,0.6493094,0,0.7605244;
racing,killcuboid,7.5,6,1,663.4967626,30,-469.5276293,0,-0.0782774,0,0.9969316;
racing,killcuboid,7.5,6,1,805.9365212,30,-492.0878708,0,0.2336226,0,0.9723274;
racing,killcuboid,7.5,6,1,865,30,-865,0,-0.414,0,1;
custom,cuboid,stone4,7.5,6,1,1,0.75,0.75,0.75,0.75,0.6,865,30,-535,0,0.414,0,1;
custom,cuboid,stone4,7.5,6,1,1,0.75,0.75,0.75,0.75,0.6,907.9121292,30,-805.9365212,0,0.8525449,0,0.5226541;
custom,cuboid,stone4,7.5,6,1,1,0.75,0.75,0.75,0.75,0.6,930.4723707,30,-663.4967626,0,0.6493094,0,0.7605244;
racing,killcuboid,7.5,6,1,736.5032374,30,-930.4723707,0,-0.0782774,0,0.9969316;

custom,cuboid,stone4,7.5,6,1,1,0.75,0.75,0.75,0.75,0.6,-805.9365211,30,-492.0878707,0,-0.2332681,0,0.9724125;
racing,killcuboid,7.5,6,1,-907.9121293,30,-805.9365211,0,0.5223431,0,0.8527354;
racing,killcuboid,7.5,6,1,-930.4723707,30,-663.4967625,0,0.7602875,0,0.6495867;
custom,cuboid,stone4,7.5,6,1,1,0.75,0.75,0.75,0.75,0.6,-736.5032375,30,-930.4723707,0,0.0786408,0,0.996903;
custom,cuboid,stone4,7.5,6,1,1,0.75,0.75,0.75,0.75,0.6,-594.0634789,30,-907.9121293,0,-0.2332681,0,0.9724125;
racing,killcuboid,7.5,6,1,-492.0878707,30,-594.0634789,0,0.5223431,0,0.8527354;
racing,killcuboid,7.5,6,1,-469.5276293,30,-736.5032375,0,0.7602875,0,0.6495867;
custom,cuboid,stone4,7.5,6,1,1,0.75,0.75,0.75,0.75,0.6,-663.4967625,30,-469.5276293,0,0.0786408,0,0.996903;
racing,killcuboid,7.5,6,1,-805.9365212,30,-907.9121292,0,0.2336226,0,0.9723274;
custom,cuboid,stone4,7.5,6,1,1,0.75,0.75,0.75,0.75,0.6,-865,30,-865,0,0.414,0,1;
racing,killcuboid,7.5,6,1,-865,30,-535,0,-0.414,0,1;
custom,cuboid,stone4,7.5,6,1,1,0.75,0.75,0.75,0.75,0.6,-907.9121292,30,-594.0634788,0,0.8525449,0,0.5226541;
custom,cuboid,stone4,7.5,6,1,1,0.75,0.75,0.75,0.75,0.6,-930.4723707,30,-736.5032374,0,0.6493094,0,0.7605244;
racing,killcuboid,7.5,6,1,-736.5032374,30,-469.5276293,0,-0.0782774,0,0.9969316;
racing,killcuboid,7.5,6,1,-594.0634788,30,-492.0878708,0,0.2336226,0,0.9723274;
racing,killcuboid,7.5,6,1,-535,30,-865,0,-0.414,0,1;
custom,cuboid,stone4,7.5,6,1,1,0.75,0.75,0.75,0.75,0.6,-535,30,-535,0,0.414,0,1;
custom,cuboid,stone4,7.5,6,1,1,0.75,0.75,0.75,0.75,0.6,-492.0878708,30,-805.9365212,0,0.8525449,0,0.5226541;
custom,cuboid,stone4,7.5,6,1,1,0.75,0.75,0.75,0.75,0.6,-469.5276293,30,-663.4967626,0,0.6493094,0,0.7605244;
racing,killcuboid,7.5,6,1,-663.4967626,30,-930.4723707,0,-0.0782774,0,0.9969316;

custom,cylinder,stone4,10,0.25,10,0,1,1,1,1,0.1,700,5.5,700,0,0,0,0;
custom,cylinder,stone4,11,0.25,11,0,1,1,1,1,0.1,700,3.5,700,0,1,0,0;
custom,cylinder,stone4,12,0.25,12,0,1,1,1,1,0.1,700,1.5,700,0,0,0,0;
custom,cylinder,stone4,13,0.25,13,0,1,1,1,1,0.1,700,0,700,0,1,0,0;
custom,cylinder,crystal2,9.9,0.25,9.9,0,1,1,1,0.01,0.01,700,5.6,700,0,0,0,0;
custom,torus,stone4,2,5,2,0,1,1,1,1,1.1,700,7,701,0,0,0,0;
custom,cylinder,stone4,2,0.5,2,0,1,1,1,1,0.5,700,15,700,0,0,0,0;
custom,cylinder,stone4,5,0.25,5,0,1,1,1,1,0.1,700,20,700,0,0,0,0;
custom,cylinder,crystal2,4.9,0.25,4.9,0,1,1,1,0.01,0.01,700,20.1,700,0,0,0,0;
custom,torus,stone4,1,3,1,0,1,1,1,1,1.1,700,22,700.5,0,0,0,0;
custom,cylinder,stone4,0.9,0.4,0.9,0,1,1,1,1,0.5,700,27,700,0,0,0,0;
custom,cylinder,stone4,2,0.12,2,0,1,1,1,1,0.1,700,30,700,0,0,0,0;
custom,cylinder,crystal2,1.9,0.12,1.9,0,1,1,1,0.01,0.01,700,30.1,700,0,0,0,0;
custom,cylinder,stone4,0.1,1,0.1,0,1,1,1,0.1,1,700,30,700,0,0,0,0;

custom,cylinder,stone4,10,0.25,10,0,1,1,1,1,0.1,-700,5.5,700,0,0,0,0;
custom,cylinder,stone4,11,0.25,11,0,1,1,1,1,0.1,-700,3.5,700,0,1,0,0;
custom,cylinder,stone4,12,0.25,12,0,1,1,1,1,0.1,-700,1.5,700,0,0,0,0;
custom,cylinder,stone4,13,0.25,13,0,1,1,1,1,0.1,-700,0,700,0,1,0,0;
custom,cylinder,crystal2,9.9,0.25,9.9,0,1,1,1,0.01,0.01,-700,5.6,700,0,0,0,0;
custom,torus,stone4,2,5,2,0,1,1,1,1,1.1,-700,7,701,0,0,0,0;
custom,cylinder,stone4,2,0.5,2,0,1,1,1,1,0.5,-700,15,700,0,0,0,0;
custom,cylinder,stone4,5,0.25,5,0,1,1,1,1,0.1,-700,20,700,0,0,0,0;
custom,cylinder,crystal2,4.9,0.25,4.9,0,1,1,1,0.01,0.01,-700,20.1,700,0,0,0,0;
custom,torus,stone4,1,3,1,0,1,1,1,1,1.1,-700,22,700.5,0,0,0,0;
custom,cylinder,stone4,0.9,0.4,0.9,0,1,1,1,1,0.5,-700,27,700,0,0,0,0;
custom,cylinder,stone4,2,0.12,2,0,1,1,1,1,0.1,-700,30,700,0,0,0,0;
custom,cylinder,crystal2,1.9,0.12,1.9,0,1,1,1,0.01,0.01,-700,30.1,700,0,0,0,0;
custom,cylinder,stone4,0.1,1,0.1,0,1,1,1,0.1,1,-700,30,700,0,0,0,0;

custom,cylinder,stone4,10,0.25,10,0,1,1,1,1,0.1,700,5.5,-700,0,0,0,0;
custom,cylinder,stone4,11,0.25,11,0,1,1,1,1,0.1,700,3.5,-700,0,1,0,0;
custom,cylinder,stone4,12,0.25,12,0,1,1,1,1,0.1,700,1.5,-700,0,0,0,0;
custom,cylinder,stone4,13,0.25,13,0,1,1,1,1,0.1,700,0,-700,0,1,0,0;
custom,cylinder,crystal2,9.9,0.25,9.9,0,1,1,1,0.01,0.01,700,5.6,-700,0,0,0,0;
custom,torus,stone4,2,5,2,0,1,1,1,1,1.1,700,7,-699,0,0,0,0;
custom,cylinder,stone4,2,0.5,2,0,1,1,1,1,0.5,700,15,-700,0,0,0,0;
custom,cylinder,stone4,5,0.25,5,0,1,1,1,1,0.1,700,20,-700,0,0,0,0;
custom,cylinder,crystal2,4.9,0.25,4.9,0,1,1,1,0.01,0.01,700,20.1,-700,0,0,0,0;
custom,torus,stone4,1,3,1,0,1,1,1,1,1.1,700,22,-699.5,0,0,0,0;
custom,cylinder,stone4,0.9,0.4,0.9,0,1,1,1,1,0.5,700,27,-700,0,0,0,0;
custom,cylinder,stone4,2,0.12,2,0,1,1,1,1,0.1,700,30,-700,0,0,0,0;
custom,cylinder,crystal2,1.9,0.12,1.9,0,1,1,1,0.01,0.01,700,30.1,-700,0,0,0,0;
custom,cylinder,stone4,0.1,1,0.1,0,1,1,1,0.1,1,700,30,-700,0,0,0,0;

custom,cylinder,stone4,10,0.25,10,0,1,1,1,1,0.1,-700,5.5,-700,0,0,0,0;
custom,cylinder,stone4,11,0.25,11,0,1,1,1,1,0.1,-700,3.5,-700,0,1,0,0;
custom,cylinder,stone4,12,0.25,12,0,1,1,1,1,0.1,-700,1.5,-700,0,0,0,0;
custom,cylinder,stone4,13,0.25,13,0,1,1,1,1,0.1,-700,0,-700,0,1,0,0;
custom,cylinder,crystal2,9.9,0.25,9.9,0,1,1,1,0.01,0.01,-700,5.6,-700,0,0,0,0;
custom,torus,stone4,2,5,2,0,1,1,1,1,1.1,-700,7,-699,0,0,0,0;
custom,cylinder,stone4,2,0.5,2,0,1,1,1,1,0.5,-700,15,-700,0,0,0,0;
custom,cylinder,stone4,5,0.25,5,0,1,1,1,1,0.1,-700,20,-700,0,0,0,0;
custom,cylinder,crystal2,4.9,0.25,4.9,0,1,1,1,0.01,0.01,-700,20.1,-700,0,0,0,0;
custom,torus,stone4,1,3,1,0,1,1,1,1,1.1,-700,22,-699.5,0,0,0,0;
custom,cylinder,stone4,0.9,0.4,0.9,0,1,1,1,1,0.5,-700,27,-700,0,0,0,0;
custom,cylinder,stone4,2,0.12,2,0,1,1,1,1,0.1,-700,30,-700,0,0,0,0;
custom,cylinder,crystal2,1.9,0.12,1.9,0,1,1,1,0.01,0.01,-700,30.1,-700,0,0,0,0;
custom,cylinder,stone4,0.1,1,0.1,0,1,1,1,0.1,1,-700,30,-700,0,0,0,0;








custom,cuboid,stone4,1,6,17.5,1,0.75,0.75,0.75,1.75,0.6,50,30,-562.5,0,0,0,0;
custom,cuboid,stone4,1,6,17.5,1,0.75,0.75,0.75,1.75,0.6,-50,30,-562.5,0,0,0,0;
custom,cuboid,stone4,0.9,6,10,1,0.75,0.75,0.75,1,0.6,50,48.9339828,-467.3160172,-0.3826834,0,0,0.9238795;
custom,cuboid,stone4,0.9,6,10,1,0.75,0.75,0.75,1,0.6,-50,48.9339828,-467.3160172,-0.3826834,0,0,0.9238795;
racing,killcuboid,1,6,20,50,155,-361.25,-0.3826834,0,0,0.9238795;
racing,killcuboid,1,6,20,-50,155,-361.25,-0.3826834,0,0,0.9238795;
custom,cuboid,stone4,0.9,6,10,1,0.75,0.75,0.75,1,0.6,50,261.0660172,-255.1839828,-0.3826834,0,0,0.9238795;
custom,cuboid,stone4,0.9,6,10,1,0.75,0.75,0.75,1,0.6,-50,261.0660172,-255.1839828,-0.3826834,0,0,0.9238795;
custom,cuboid,stone4,1,6,10,1,0.75,0.75,0.75,1,0.6,50,261.0660172,-224.8160172,0.3826834,0,0,0.9238795;
custom,cuboid,stone4,1,6,10,1,0.75,0.75,0.75,1,0.6,-50,261.0660172,-224.8160172,0.3826834,0,0,0.9238795;
racing,killcuboid,1,6,20,50,155,-118.75,0.3826834,0,0,0.9238795;
racing,killcuboid,1,6,20,-50,155,-118.75,0.3826834,0,0,0.9238795;
custom,cuboid,stone4,1,6,10,1,0.75,0.75,0.75,1,0.6,50,48.9339828,-12.6839828,0.3826834,0,0,0.9238795;
custom,cuboid,stone4,1,6,10,1,0.75,0.75,0.75,1,0.6,-50,48.9339828,-12.6839828,0.3826834,0,0,0.9238795;
custom,cuboid,stone4,10,35,35,1,0.75,0.75,0.75,3.5,3.5,0,-10,-240,0.414,0,0,1;
custom,cuboid,stone4,9.9,35.1,35.1,0,1,1,1,1,3.5,0,-10,-240,0.414,0,0,1;
custom,cuboid,stone4,0.9,6,10,1,0.75,0.75,0.75,1,0.6,50,48.9339828,12.6839828,-0.3826834,0,0,0.9238795;
custom,cuboid,stone4,0.9,6,10,1,0.75,0.75,0.75,1,0.6,-50,48.9339828,12.6839828,-0.3826834,0,0,0.9238795;
racing,killcuboid,1,6,20,50,155,118.75,-0.3826834,0,0,0.9238795;
racing,killcuboid,1,6,20,-50,155,118.75,-0.3826834,0,0,0.9238795;
custom,cuboid,stone4,0.9,6,10,1,0.75,0.75,0.75,1,0.6,50,261.0660172,224.8160172,-0.3826834,0,0,0.9238795;
custom,cuboid,stone4,0.9,6,10,1,0.75,0.75,0.75,1,0.6,-50,261.0660172,224.8160172,-0.3826834,0,0,0.9238795;
custom,cuboid,stone4,1,6,10,1,0.75,0.75,0.75,1,0.6,50,261.0660172,255.1839828,0.3826834,0,0,0.9238795;
custom,cuboid,stone4,1,6,10,1,0.75,0.75,0.75,1,0.6,-50,261.0660172,255.1839828,0.3826834,0,0,0.9238795;
racing,killcuboid,1,6,20,50,155,361.25,0.3826834,0,0,0.9238795;
racing,killcuboid,1,6,20,-50,155,361.25,0.3826834,0,0,0.9238795;
custom,cuboid,stone4,0.9,6,10,1,0.75,0.75,0.75,1,0.6,50,48.9339828,467.3160172,0.3826834,0,0,0.9238795;
custom,cuboid,stone4,0.9,6,10,1,0.75,0.75,0.75,1,0.6,-50,48.9339828,467.3160172,0.3826834,0,0,0.9238795;
custom,cuboid,stone4,10,35,35,1,0.75,0.75,0.75,3.5,3.5,0,-10,240,0.414,0,0,1;
custom,cuboid,stone4,9.9,35.1,35.1,0,1,1,1,1,3.5,0,-10,240,0.414,0,0,1;
custom,cuboid,stone4,1,6,10,1,0.75,0.75,0.75,1,0.6,50,30,525,0,0,0,0;
custom,cuboid,stone4,1,6,10,1,0.75,0.75,0.75,1,0.6,-50,30,525,0,0,0,0;

custom,cuboid,stone4,1,6,10,1,0.75,0.75,0.75,1,0.6,50,30,950,0,0,0,0;
custom,cuboid,stone4,1,6,10,1,0.75,0.75,0.75,1,0.6,-50,30,950,0,0,0,0;

racing,killcuboid,1,6,32.5,50,30,737.5,0,0,0,0;
racing,killcuboid,1,6,32.5,-50,30,737.5,0,0,0,0;

racing,endcuboid,10,6,1,0,30,995,0,0,0,0;


custom,cuboid,stone4,10,35,35,1,0.75,0.75,0.75,3.5,3.5,0,325,0,0.414,0,0,1;
custom,cuboid,stone4,10,35,35,1,0.75,0.75,0.75,3.5,3.5,0,325,480,0.414,0,0,1;
custom,cuboid,stone4,10,35,35,1,0.75,0.75,0.75,3.5,3.5,0,325,-480,0.414,0,0,1;

custom,cuboid,stone4,9.9,35.1,35.1,1,0.75,0.75,0.75,1,3.5,0,325,0,0.414,0,0,1;
custom,cuboid,stone4,9.9,35.1,35.1,1,0.75,0.75,0.75,1,3.5,0,325,480,0.414,0,0,1;
custom,cuboid,stone4,9.9,35.1,35.1,1,0.75,0.75,0.75,1,3.5,0,325,-480,0.414,0,0,1;

custom,cuboid,stone4,10,1,60,0,1,1,1,1.0,6.0,0,575,-250,0,0,0,0;
custom,cuboid,stone4,10.1,0.9,60,0,1,1,1,6.0,0.1,0,575,-250,0,0,0,0;
custom,cuboid,stone4,10,0.9,60.1,0,1,1,1,1.0,0.1,0,575,-250,0,0,0,0;
racing,startcuboid,10,6,1,0,610,-50,0,0,0,0;

custom,cuboid,stone4,10,6,1,1,0.75,0.75,0.75,1.0,0.6,0,610,50,0,0,0,0;
custom,cuboid,stone4,10,6,1,1,0.75,0.75,0.75,1.0,0.6,0,610,-550,0,0,0,0;


custom,cuboid,stone4,1,6,10,1,0.75,0.75,0.75,1.0,0.6,50,610,-100,0,0,0,0;
racing,killcuboid,1,6,10,50,610,-200,0,0,0,0;
custom,cuboid,stone4,1,6,10,1,0.75,0.75,0.75,1.0,0.6,50,610,-300,0,0,0,0;
racing,killcuboid,1,6,10,50,610,-400,0,0,0,0;
custom,cuboid,stone4,1,6,10,1,0.75,0.75,0.75,1.0,0.6,50,610,-500,0,0,0,0;



custom,cuboid,stone4,2,58,10,0,1,1,1,0.2,1,60,290,0,0,0,0,0;
custom,cuboid,stone4,2,53,10,0,1,1,1,0.2,1,80,290,0,0,0,0,0;
custom,cuboid,stone4,2,48,10,0,1,1,1,0.2,1,100,290,0,0,0,0,0;
custom,cuboid,stone4,2,43,10,0,1,1,1,0.2,1,120,290,0,0,0,0,0;
custom,cuboid,stone4,2,38,10,0,1,1,1,0.2,1,140,290,0,0,0,0,0;
custom,cuboid,stone4,2,33,10,0,1,1,1,0.2,1,160,290,0,0,0,0,0;
custom,cuboid,stone4,2,28,10,0,1,1,1,0.2,1,180,290,0,0,0,0,0;
custom,cuboid,stone4,2,23,10,0,1,1,1,0.2,1,200,290,0,0,0,0,0;
custom,cuboid,stone4,2,18,10,0,1,1,1,0.2,1,220,290,0,0,0,0,0;
custom,cuboid,stone4,2,13,10,0,1,1,1,0.2,1,240,290,0,0,0,0,0;
custom,cuboid,stone4,2,8,10,0,1,1,1,0.2,1,260,290,0,0,0,0,0;
custom,cuboid,stone4,2,3,10,0,1,1,1,0.2,1,280,290,0,0,0,0,0;
custom,cuboid,stone4,2,57.9,10.1,1,0.75,0.75,0.75,0.2,5.8,60,290,0,0,0,0,0;
custom,cuboid,stone4,2,52.9,10.1,1,0.75,0.75,0.75,0.2,5.3,80,290,0,0,0,0,0;
custom,cuboid,stone4,2,47.9,10.1,1,0.75,0.75,0.75,0.2,4.8,100,290,0,0,0,0,0;
custom,cuboid,stone4,2,42.9,10.1,1,0.75,0.75,0.75,0.2,4.3,120,290,0,0,0,0,0;
custom,cuboid,stone4,2,37.9,10.1,1,0.75,0.75,0.75,0.2,3.8,140,290,0,0,0,0,0;
custom,cuboid,stone4,2,32.9,10.1,1,0.75,0.75,0.75,0.2,3.3,160,290,0,0,0,0,0;
custom,cuboid,stone4,2,27.9,10.1,1,0.75,0.75,0.75,0.2,2.8,180,290,0,0,0,0,0;
custom,cuboid,stone4,2,22.9,10.1,1,0.75,0.75,0.75,0.2,2.3,200,290,0,0,0,0,0;
custom,cuboid,stone4,2,17.9,10.1,1,0.75,0.75,0.75,0.2,1.8,220,290,0,0,0,0,0;
custom,cuboid,stone4,2,12.9,10.1,1,0.75,0.75,0.75,0.2,1.3,240,290,0,0,0,0,0;
custom,cuboid,stone4,2,7.9,10.1,1,0.75,0.75,0.75,0.2,0.8,260,290,0,0,0,0,0;
custom,cuboid,stone4,2,2.9,10.1,1,0.75,0.75,0.75,0.2,0.3,280,290,0,0,0,0,0;
custom,cuboid,stone4,2.1,57.9,10,0,1,1,1,1,5.8,60,290,0,0,0,0,0;
custom,cuboid,stone4,2.1,52.9,10,0,1,1,1,1,5.3,80,290,0,0,0,0,0;
custom,cuboid,stone4,2.1,47.9,10,0,1,1,1,1,4.8,100,290,0,0,0,0,0;
custom,cuboid,stone4,2.1,42.9,10,0,1,1,1,1,4.3,120,290,0,0,0,0,0;
custom,cuboid,stone4,2.1,37.9,10,0,1,1,1,1,3.8,140,290,0,0,0,0,0;
custom,cuboid,stone4,2.1,32.9,10,0,1,1,1,1,3.3,160,290,0,0,0,0,0;
custom,cuboid,stone4,2.1,27.9,10,0,1,1,1,1,2.8,180,290,0,0,0,0,0;
custom,cuboid,stone4,2.1,22.9,10,0,1,1,1,1,2.3,200,290,0,0,0,0,0;
custom,cuboid,stone4,2.1,17.9,10,0,1,1,1,1,1.8,220,290,0,0,0,0,0;
custom,cuboid,stone4,2.1,12.9,10,0,1,1,1,1,1.3,240,290,0,0,0,0,0;
custom,cuboid,stone4,2.1,7.9,10,0,1,1,1,1,0.8,260,290,0,0,0,0,0;
custom,cuboid,stone4,2.1,2.9,10,0,1,1,1,1,0.3,280,290,0,0,0,0,0;


custom,cuboid,stone4,2,58,10,0,1,1,1,1,5.8,250,445,0,0,0,0.313,1;
custom,cuboid,stone4,2,58,10,0,1,1,1,1,5.8,250,130,0,0,0,-0.313,1;

racing,killcuboid,39,58,1,245,350,50,0,0,0,0;
racing,killcuboid,29,6,1,295,30,50,0,0,0,0;
racing,killcuboid,39,64,1,245,320,-50,0,0,0,0;


custom,cuboid,stone4,1,6,10,1,0.75,0.75,0.75,1.0,0.6,940,30,650,0,0,0,0;
custom,cuboid,stone4,1,6,10,1,0.75,0.75,0.75,1.0,0.6,940,30,450,0,0,0,0;
custom,cuboid,stone4,1,6,10,1,0.75,0.75,0.75,1.0,0.6,940,30,250,0,0,0,0;
custom,cuboid,stone4,1,6,10,1,0.75,0.75,0.75,1.0,0.6,940,30,50,0,0,0,0;
custom,cuboid,stone4,1,6,10,1,0.75,0.75,0.75,1.0,0.6,940,30,-150,0,0,0,0;
custom,cuboid,stone4,1,6,10,1,0.75,0.75,0.75,1.0,0.6,940,30,-350,0,0,0,0;
custom,cuboid,stone4,1,6,10,1,0.75,0.75,0.75,1.0,0.6,940,30,-550,0,0,0,0;

racing,killcuboid,1,6,10,940,30,550,0,0,0,0;
racing,killcuboid,1,6,10,940,30,350,0,0,0,0;
racing,killcuboid,1,6,10,940,30,150,0,0,0,0;
racing,killcuboid,1,6,10,940,30,-50,0,0,0,0;
racing,killcuboid,1,6,10,940,30,-250,0,0,0,0;
racing,killcuboid,1,6,10,940,30,-450,0,0,0,0;
racing,killcuboid,1,6,10,940,30,-650,0,0,0,0;

custom,cuboid,stone4,1,6,10,1,0.75,0.75,0.75,1.0,0.6,460,30,650,0,0,0,0;



custom,cuboid,stone4,1,6,10,1,0.75,0.75,0.75,1.0,0.6,440,30,0,0,0,0,0;
racing,killcuboid,1,6,10,490,30,0,0,1,0,1;
custom,cuboid,stone4,1,6,10,1,0.75,0.75,0.75,1.0,0.6,590,30,0,0,1,0,1;
racing,killcuboid,1,6,10,690,30,0,0,1,0,1;
custom,cuboid,stone4,1,6,10,1,0.75,0.75,0.75,1.0,0.6,790,30,0,0,1,0,1;
racing,killcuboid,1,6,10,890,30,0,0,1,0,1;


racing,killcuboid,1,6,10,460,30,550,0,0,0,0;
custom,cuboid,stone4,3,6,10,1,0.75,0.75,0.75,1.0,0.6,460,30,450,0,0,0,0;
racing,killcuboid,2,6,10,460,30,350,0,0,0,0;

custom,cuboid,stone4,3,6,10,1,0.75,0.75,0.75,1.0,0.6,510,30,300,0,1,0,1;
racing,killcuboid,2,6,10,610,30,300,0,1,0,1;
custom,cuboid,stone4,3,6,10,1,0.75,0.75,0.75,1.0,0.6,710,30,300,0,1,0,1;
racing,killcuboid,2,6,10,810,30,300,0,1,0,1;
custom,cuboid,stone4,3,6,10,1,0.75,0.75,0.75,1.0,0.6,510,30,200,0,1,0,1;
racing,killcuboid,2,6,10,610,30,200,0,1,0,1;
custom,cuboid,stone4,3,6,10,1,0.75,0.75,0.75,1.0,0.6,710,30,200,0,1,0,1;
racing,killcuboid,2,6,10,810,30,200,0,1,0,1;
custom,cuboid,stone4,3,6,10,1,0.75,0.75,0.75,1.0,0.6,860,30,250,0,0,0,1;

custom,cuboid,stone4,1,6,10,1,0.75,0.75,0.75,1.0,0.6,750,30,250,0,1,0,1;
racing,killcuboid,1,6,10,650,30,250,0,1,0,1;
custom,cuboid,stone4,1,6,10,1,0.75,0.75,0.75,1.0,0.6,550,30,250,0,1,0,1;
racing,killcuboid,1,6,10,450,30,250,0,1,0,1;


racing,killcuboid,2,6,10,460,30,150,0,0,0,0;
custom,cuboid,stone4,3,6,10,1,0.75,0.75,0.75,1.0,0.6,460,30,50,0,0,0,0;


custom,cuboid,stone4,1,6,10,1,0.75,0.75,0.75,1.0,0.6,400,30,250,0,0,0,1;
racing,killcuboid,1,6,10,400,30,150,0,0,0,1;
racing,killcuboid,1,6,10,400,30,350,0,0,0,1;
custom,cuboid,stone4,1,6,10,1,0.75,0.75,0.75,1.0,0.6,400,30,450,0,0,0,1;
racing,killcuboid,1,6,10,400,30,550,0,0,0,1;
custom,cuboid,stone4,1,6,10,1,0.75,0.75,0.75,1.0,0.6,400,30,650,0,0,0,1;
racing,killcuboid,1,6,10,400,30,750,0,0,0,1;
custom,cuboid,stone4,1,6,10,1,0.75,0.75,0.75,1.0,0.6,400,30,850,0,0,0,1;
racing,killcuboid,1,6,10,400,30,950,0,0,0,1;


custom,cuboid,stone4,1,6,10,1,0.75,0.75,0.75,1.0,0.6,150,30,100,0,0,0,1;
racing,killcuboid,1,6,10,150,30,200,0,0,0,1;
custom,cuboid,stone4,1,6,10,1,0.75,0.75,0.75,1.0,0.6,200,30,250,0,1,0,1;
racing,killcuboid,1,6,20,250,30,350,0,0,0,1;
custom,cuboid,stone4,1,6,10,1,0.75,0.75,0.75,1.0,0.6,200,30,450,0,1,0,1;
racing,killcuboid,1,6,10,150,30,500,0,0,0,1;
custom,cuboid,stone4,1,6,10,1,0.75,0.75,0.75,1.0,0.6,150,30,600,0,0,0,1;

racing,killcuboid,1,6,10,250,30,600,0,0,0,1;
custom,cuboid,stone4,1,6,10,1,0.75,0.75,0.75,1.0,0.6,250,30,500,0,0,0,1;
racing,killcuboid,1,6,10,250,30,800,0,0,0,1;
custom,cuboid,stone4,1,6,10,1,0.75,0.75,0.75,1.0,0.6,250,30,700,0,0,0,1;

racing,killcuboid,1,6,10,150,30,700,0,0,0,1;
custom,cuboid,stone4,1,6,10,1,0.75,0.75,0.75,1.0,0.6,150,30,800,0,0,0,1;
custom,cuboid,stone4,1,6,10,1,0.75,0.75,0.75,1.0,0.6,200,30,850,0,1,0,1;

custom,cuboid,stone4,1,6,10,1,0.75,0.75,0.75,1.0,0.6,350,30,200,0,1,0,1;
racing,killcuboid,1,6,10,250,30,200,0,1,0,1;
custom,cuboid,stone4,1,6,10,1,0.75,0.75,0.75,1.0,0.6,350,30,100,0,1,0,1;
racing,killcuboid,1,6,10,250,30,100,0,1,0,1;
custom,cuboid,stone4,1,6,10,1,0.75,0.75,0.75,1.0,0.6,200,30,150,0,0,0,1;

racing,killCuboid,15,6,1,100,30,350,0,0.414,0,1;
racing,killCuboid,15,6,1,100,30,350,0,-0.414,0,1;

racing,killCuboid,7.5,2,15,200,10,925,0,0,0,0;
racing,killCuboid,7.5,2,15,200,50,925,0,0,0,0;

racing,killCuboid,7.5,2,15,200,11.5224093,932.6536686,-0.1950903,0,0,0.9807853;
racing,killCuboid,7.5,2,15,200,48.4775907,917.3463314,-0.1950903,0,0,0.9807853;
racing,killCuboid,7.5,2,15,200,11.5224093,917.3463314,0.1950903,0,0,0.9807853;
racing,killCuboid,7.5,2,15,200,48.4775907,932.6536686,0.1950903,0,0,0.9807853;

racing,killCuboid,15,6,1,450,30,950,0,-0.414,0,1;
racing,killCuboid,15,6,1,950,30,950,0,0.414,0,1;
























custom,cuboid,stone4,-1,-6,-10,1,0.75,0.75,0.75,1,0.6,460,30,-650,0,0,0,0;
racing,killcuboid,-1,-6,-10,460,30,-550,0,0,0,0;
custom,cuboid,stone4,-3,-6,-10,1,0.75,0.75,0.75,1,0.6,460,30,-450,0,0,0,0;
racing,killcuboid,-2,-6,-10,460,30,-350,0,0,0,0;
custom,cuboid,stone4,-3,-6,-10,1,0.75,0.75,0.75,1,0.6,510,30,-300,1,0,-1,0;
racing,killcuboid,-2,-6,-10,610,30,-300,1,0,-1,0;
custom,cuboid,stone4,-3,-6,-10,1,0.75,0.75,0.75,1,0.6,710,30,-300,1,0,-1,0;
racing,killcuboid,-2,-6,-10,810,30,-300,1,0,-1,0;
custom,cuboid,stone4,-3,-6,-10,1,0.75,0.75,0.75,1,0.6,510,30,-200,1,0,-1,0;
racing,killcuboid,-2,-6,-10,610,30,-200,1,0,-1,0;
custom,cuboid,stone4,-3,-6,-10,1,0.75,0.75,0.75,1,0.6,710,30,-200,1,0,-1,0;
racing,killcuboid,-2,-6,-10,810,30,-200,1,0,-1,0;
custom,cuboid,stone4,-3,-6,-10,1,0.75,0.75,0.75,1,0.6,860,30,-250,0,0,-1,0;
custom,cuboid,stone4,-1,-6,-10,1,0.75,0.75,0.75,1,0.6,750,30,-250,1,0,-1,0;
racing,killcuboid,-1,-6,-10,650,30,-250,1,0,-1,0;
custom,cuboid,stone4,-1,-6,-10,1,0.75,0.75,0.75,1,0.6,550,30,-250,1,0,-1,0;
racing,killcuboid,-1,-6,-10,450,30,-250,1,0,-1,0;
racing,killcuboid,-2,-6,-10,460,30,-150,0,0,0,0;
custom,cuboid,stone4,-3,-6,-10,1,0.75,0.75,0.75,1,0.6,460,30,-50,0,0,0,0;
custom,cuboid,stone4,-1,-6,-10,1,0.75,0.75,0.75,1,0.6,400,30,-250,0,0,-1,0;
racing,killcuboid,-1,-6,-10,400,30,-150,0,0,-1,0;
racing,killcuboid,-1,-6,-10,400,30,-350,0,0,-1,0;
custom,cuboid,stone4,-1,-6,-10,1,0.75,0.75,0.75,1,0.6,400,30,-450,0,0,-1,0;
racing,killcuboid,-1,-6,-10,400,30,-550,0,0,-1,0;
custom,cuboid,stone4,-1,-6,-10,1,0.75,0.75,0.75,1,0.6,400,30,-650,0,0,-1,0;
racing,killcuboid,-1,-6,-10,400,30,-750,0,0,-1,0;
custom,cuboid,stone4,-1,-6,-10,1,0.75,0.75,0.75,1,0.6,400,30,-850,0,0,-1,0;
racing,killcuboid,-1,-6,-10,400,30,-950,0,0,-1,0;
racing,killcuboid,-1,-6,-10,150,30,-100,0,0,-1,0;
custom,cuboid,stone4,-1,-6,-10,1,0.75,0.75,0.75,1,0.6,150,30,-200,0,0,-1,0;
racing,killcuboid,-1,-6,-10,200,30,-250,1,0,-1,0;

racing,killcuboid,-1,-6,-10,250,30,-400,0,0,-1,0;
custom,cuboid,stone4,-1,-6,-10,1,0.75,0.75,0.75,1,0.6,250,30,-300,0,0,-1,0;

racing,killcuboid,-1,-6,-10,250,30,-600,0,0,-1,0;
custom,cuboid,stone4,-1,-6,-10,1,0.75,0.75,0.75,1,0.6,250,30,-500,0,0,-1,0;
racing,killcuboid,-1,-6,-10,250,30,-800,0,0,-1,0;
custom,cuboid,stone4,-1,-6,-10,1,0.75,0.75,0.75,1,0.6,250,30,-700,0,0,-1,0;
custom,cuboid,stone4,-1,-6,-10,1,0.75,0.75,0.75,1,0.6,200,30,-850,1,0,-1,0;
custom,cuboid,stone4,-1,-6,-10,1,0.75,0.75,0.75,1,0.6,350,30,-200,1,0,-1,0;
racing,killcuboid,-1,-6,-10,250,30,-200,1,0,-1,0;
custom,cuboid,stone4,-1,-6,-10,1,0.75,0.75,0.75,1,0.6,350,30,-100,1,0,-1,0;
racing,killcuboid,-1,-6,-10,250,30,-100,1,0,-1,0;
custom,cuboid,stone4,-1,-6,-10,1,0.75,0.75,0.75,1,0.6,200,30,-150,0,0,-1,0;
racing,killCuboid,-7.5,-2,-15,200,10,-925,0,0,0,0;
racing,killCuboid,-7.5,-2,-15,200,50,-925,0,0,0,0;
racing,killCuboid,-7.5,-2,-15,200,11.5224093,-932.6536686,0,0.1950903,-0.9807853,0;
racing,killCuboid,-7.5,-2,-15,200,48.4775907,-917.3463314,0,0.1950903,-0.9807853,0;
racing,killCuboid,-7.5,-2,-15,200,11.5224093,-917.3463314,0,-0.1950903,-0.9807853,0;
racing,killCuboid,-7.5,-2,-15,200,48.4775907,-932.6536686,0,-0.1950903,-0.9807853,0;
racing,killCuboid,-15,-6,-1,450,30,-950,-0.414,0,-1,0;
racing,killCuboid,-15,-6,-1,950,30,-950,0.414,0,-1,0;

racing,killCuboid,-1,-6,-10,100,30,-850,1,0,-1,0;
custom,cuboid,stone4,-1,-6,-10,1,0.75,0.75,0.75,1,0.6,50,30,-800,0,0,-1,0;
racing,killCuboid,-1,-6,-10,50,30,-700,0,0,-1,0;



custom,cuboid,stone4,1,-6,10,1,0.75,0.75,0.75,1,0.6,-50,610,-100,0,0,0,0;
racing,killcuboid,1,-6,10,-50,610,-200,0,0,0,0;
custom,cuboid,stone4,1,-6,10,1,0.75,0.75,0.75,1,0.6,-50,610,-300,0,0,0,0;
racing,killcuboid,1,-6,10,-50,610,-400,0,0,0,0;
custom,cuboid,stone4,1,-6,10,1,0.75,0.75,0.75,1,0.6,-50,610,-500,0,0,0,0;
custom,cuboid,stone4,2,-58,10,0,1,1,1,0.2,1,-60,290,0,0,0,0,0;
custom,cuboid,stone4,2,-53,10,0,1,1,1,0.2,1,-80,290,0,0,0,0,0;
custom,cuboid,stone4,2,-48,10,0,1,1,1,0.2,1,-100,290,0,0,0,0,0;
custom,cuboid,stone4,2,-43,10,0,1,1,1,0.2,1,-120,290,0,0,0,0,0;
custom,cuboid,stone4,2,-38,10,0,1,1,1,0.2,1,-140,290,0,0,0,0,0;
custom,cuboid,stone4,2,-33,10,0,1,1,1,0.2,1,-160,290,0,0,0,0,0;
custom,cuboid,stone4,2,-28,10,0,1,1,1,0.2,1,-180,290,0,0,0,0,0;
custom,cuboid,stone4,2,-23,10,0,1,1,1,0.2,1,-200,290,0,0,0,0,0;
custom,cuboid,stone4,2,-18,10,0,1,1,1,0.2,1,-220,290,0,0,0,0,0;
custom,cuboid,stone4,2,-13,10,0,1,1,1,0.2,1,-240,290,0,0,0,0,0;
custom,cuboid,stone4,2,-8,10,0,1,1,1,0.2,1,-260,290,0,0,0,0,0;
custom,cuboid,stone4,2,-3,10,0,1,1,1,0.2,1,-280,290,0,0,0,0,0;
custom,cuboid,stone4,2,-57.9,10.1,1,0.75,0.75,0.75,0.2,5.8,-60,290,0,0,0,0,0;
custom,cuboid,stone4,2,-52.9,10.1,1,0.75,0.75,0.75,0.2,5.3,-80,290,0,0,0,0,0;
custom,cuboid,stone4,2,-47.9,10.1,1,0.75,0.75,0.75,0.2,4.8,-100,290,0,0,0,0,0;
custom,cuboid,stone4,2,-42.9,10.1,1,0.75,0.75,0.75,0.2,4.3,-120,290,0,0,0,0,0;
custom,cuboid,stone4,2,-37.9,10.1,1,0.75,0.75,0.75,0.2,3.8,-140,290,0,0,0,0,0;
custom,cuboid,stone4,2,-32.9,10.1,1,0.75,0.75,0.75,0.2,3.3,-160,290,0,0,0,0,0;
custom,cuboid,stone4,2,-27.9,10.1,1,0.75,0.75,0.75,0.2,2.8,-180,290,0,0,0,0,0;
custom,cuboid,stone4,2,-22.9,10.1,1,0.75,0.75,0.75,0.2,2.3,-200,290,0,0,0,0,0;
custom,cuboid,stone4,2,-17.9,10.1,1,0.75,0.75,0.75,0.2,1.8,-220,290,0,0,0,0,0;
custom,cuboid,stone4,2,-12.9,10.1,1,0.75,0.75,0.75,0.2,1.3,-240,290,0,0,0,0,0;
custom,cuboid,stone4,2,-7.9,10.1,1,0.75,0.75,0.75,0.2,0.8,-260,290,0,0,0,0,0;
custom,cuboid,stone4,2,-2.9,10.1,1,0.75,0.75,0.75,0.2,0.3,-280,290,0,0,0,0,0;
custom,cuboid,stone4,2.1,-57.9,10,0,1,1,1,1,5.8,-60,290,0,0,0,0,0;
custom,cuboid,stone4,2.1,-52.9,10,0,1,1,1,1,5.3,-80,290,0,0,0,0,0;
custom,cuboid,stone4,2.1,-47.9,10,0,1,1,1,1,4.8,-100,290,0,0,0,0,0;
custom,cuboid,stone4,2.1,-42.9,10,0,1,1,1,1,4.3,-120,290,0,0,0,0,0;
custom,cuboid,stone4,2.1,-37.9,10,0,1,1,1,1,3.8,-140,290,0,0,0,0,0;
custom,cuboid,stone4,2.1,-32.9,10,0,1,1,1,1,3.3,-160,290,0,0,0,0,0;
custom,cuboid,stone4,2.1,-27.9,10,0,1,1,1,1,2.8,-180,290,0,0,0,0,0;
custom,cuboid,stone4,2.1,-22.9,10,0,1,1,1,1,2.3,-200,290,0,0,0,0,0;
custom,cuboid,stone4,2.1,-17.9,10,0,1,1,1,1,1.8,-220,290,0,0,0,0,0;
custom,cuboid,stone4,2.1,-12.9,10,0,1,1,1,1,1.3,-240,290,0,0,0,0,0;
custom,cuboid,stone4,2.1,-7.9,10,0,1,1,1,1,0.8,-260,290,0,0,0,0,0;
custom,cuboid,stone4,2.1,-2.9,10,0,1,1,1,1,0.3,-280,290,0,0,0,0,0;
custom,cuboid,stone4,2,-58,10,0,1,1,1,1,5.8,-250,445,0,0,0,-1,-0.313;
custom,cuboid,stone4,2,-58,10,0,1,1,1,1,5.8,-250,130,0,0,0,-1,0.313;
racing,killcuboid,39,-58,1,-245,350,50,0,0,0,0;
racing,killcuboid,29,-6,1,-295,30,50,0,0,0,0;
racing,killcuboid,39,-64,1,-245,320,-50,0,0,0,0;
custom,cuboid,stone4,1,-6,10,1,0.75,0.75,0.75,1,0.6,-940,30,650,0,0,0,0;
custom,cuboid,stone4,1,-6,10,1,0.75,0.75,0.75,1,0.6,-940,30,450,0,0,0,0;
custom,cuboid,stone4,1,-6,10,1,0.75,0.75,0.75,1,0.6,-940,30,250,0,0,0,0;
custom,cuboid,stone4,1,-6,10,1,0.75,0.75,0.75,1,0.6,-940,30,50,0,0,0,0;
custom,cuboid,stone4,1,-6,10,1,0.75,0.75,0.75,1,0.6,-940,30,-150,0,0,0,0;
custom,cuboid,stone4,1,-6,10,1,0.75,0.75,0.75,1,0.6,-940,30,-350,0,0,0,0;
custom,cuboid,stone4,1,-6,10,1,0.75,0.75,0.75,1,0.6,-940,30,-550,0,0,0,0;
racing,killcuboid,1,-6,10,-940,30,550,0,0,0,0;
racing,killcuboid,1,-6,10,-940,30,350,0,0,0,0;
racing,killcuboid,1,-6,10,-940,30,150,0,0,0,0;
racing,killcuboid,1,-6,10,-940,30,-50,0,0,0,0;
racing,killcuboid,1,-6,10,-940,30,-250,0,0,0,0;
racing,killcuboid,1,-6,10,-940,30,-450,0,0,0,0;
racing,killcuboid,1,-6,10,-940,30,-650,0,0,0,0;
custom,cuboid,stone4,1,-6,10,1,0.75,0.75,0.75,1,0.6,-460,30,650,0,0,0,0;
racing,killcuboid,1,-6,10,-460,30,-650,0,0,0,0;
custom,cuboid,stone4,1,-6,10,1,0.75,0.75,0.75,1,0.6,-440,30,0,0,0,0,0;
racing,killcuboid,1,-6,10,-490,30,0,1,0,-1,0;
custom,cuboid,stone4,1,-6,10,1,0.75,0.75,0.75,1,0.6,-590,30,0,1,0,-1,0;
racing,killcuboid,1,-6,10,-690,30,0,1,0,-1,0;
custom,cuboid,stone4,1,-6,10,1,0.75,0.75,0.75,1,0.6,-790,30,0,1,0,-1,0;
racing,killcuboid,1,-6,10,-890,30,0,1,0,-1,0;
racing,killcuboid,1,-6,10,-460,30,550,0,0,0,0;
custom,cuboid,stone4,3,-6,10,1,0.75,0.75,0.75,1,0.6,-460,30,450,0,0,0,0;
racing,killcuboid,2,-6,10,-460,30,350,0,0,0,0;
custom,cuboid,stone4,3,-6,10,1,0.75,0.75,0.75,1,0.6,-510,30,300,1,0,-1,0;
racing,killcuboid,2,-6,10,-610,30,300,1,0,-1,0;
custom,cuboid,stone4,3,-6,10,1,0.75,0.75,0.75,1,0.6,-710,30,300,1,0,-1,0;
racing,killcuboid,2,-6,10,-810,30,300,1,0,-1,0;
custom,cuboid,stone4,3,-6,10,1,0.75,0.75,0.75,1,0.6,-510,30,200,1,0,-1,0;
racing,killcuboid,2,-6,10,-610,30,200,1,0,-1,0;
custom,cuboid,stone4,3,-6,10,1,0.75,0.75,0.75,1,0.6,-710,30,200,1,0,-1,0;
racing,killcuboid,2,-6,10,-810,30,200,1,0,-1,0;
custom,cuboid,stone4,3,-6,10,1,0.75,0.75,0.75,1,0.6,-860,30,250,0,0,-1,0;
custom,cuboid,stone4,1,-6,10,1,0.75,0.75,0.75,1,0.6,-750,30,250,1,0,-1,0;
racing,killcuboid,1,-6,10,-650,30,250,1,0,-1,0;
custom,cuboid,stone4,1,-6,10,1,0.75,0.75,0.75,1,0.6,-550,30,250,1,0,-1,0;
racing,killcuboid,1,-6,10,-450,30,250,1,0,-1,0;
racing,killcuboid,2,-6,10,-460,30,150,0,0,0,0;
custom,cuboid,stone4,3,-6,10,1,0.75,0.75,0.75,1,0.6,-460,30,50,0,0,0,0;
custom,cuboid,stone4,1,-6,10,1,0.75,0.75,0.75,1,0.6,-400,30,250,0,0,-1,0;
racing,killcuboid,1,-6,10,-400,30,150,0,0,-1,0;
racing,killcuboid,1,-6,10,-400,30,350,0,0,-1,0;
custom,cuboid,stone4,1,-6,10,1,0.75,0.75,0.75,1,0.6,-400,30,450,0,0,-1,0;
racing,killcuboid,1,-6,10,-400,30,550,0,0,-1,0;
custom,cuboid,stone4,1,-6,10,1,0.75,0.75,0.75,1,0.6,-400,30,650,0,0,-1,0;
racing,killcuboid,1,-6,10,-400,30,750,0,0,-1,0;
custom,cuboid,stone4,1,-6,10,1,0.75,0.75,0.75,1,0.6,-400,30,850,0,0,-1,0;
racing,killcuboid,1,-6,10,-400,30,950,0,0,-1,0;
custom,cuboid,stone4,1,-6,10,1,0.75,0.75,0.75,1,0.6,-150,30,100,0,0,-1,0;
racing,killcuboid,1,-6,10,-150,30,200,0,0,-1,0;
custom,cuboid,stone4,1,-6,10,1,0.75,0.75,0.75,1,0.6,-200,30,250,1,0,-1,0;
racing,killcuboid,1,-6,20,-250,30,350,0,0,-1,0;
custom,cuboid,stone4,1,-6,10,1,0.75,0.75,0.75,1,0.6,-200,30,450,1,0,-1,0;
racing,killcuboid,1,-6,10,-150,30,500,0,0,-1,0;
custom,cuboid,stone4,1,-6,10,1,0.75,0.75,0.75,1,0.6,-150,30,600,0,0,-1,0;
racing,killcuboid,1,-6,10,-250,30,600,0,0,-1,0;
custom,cuboid,stone4,1,-6,10,1,0.75,0.75,0.75,1,0.6,-250,30,500,0,0,-1,0;
racing,killcuboid,1,-6,10,-250,30,800,0,0,-1,0;
custom,cuboid,stone4,1,-6,10,1,0.75,0.75,0.75,1,0.6,-250,30,700,0,0,-1,0;
racing,killcuboid,1,-6,10,-150,30,700,0,0,-1,0;
custom,cuboid,stone4,1,-6,10,1,0.75,0.75,0.75,1,0.6,-150,30,800,0,0,-1,0;
custom,cuboid,stone4,1,-6,10,1,0.75,0.75,0.75,1,0.6,-200,30,850,1,0,-1,0;
custom,cuboid,stone4,1,-6,10,1,0.75,0.75,0.75,1,0.6,-350,30,200,1,0,-1,0;
racing,killcuboid,1,-6,10,-250,30,200,1,0,-1,0;
custom,cuboid,stone4,1,-6,10,1,0.75,0.75,0.75,1,0.6,-350,30,100,1,0,-1,0;
racing,killcuboid,1,-6,10,-250,30,100,1,0,-1,0;
custom,cuboid,stone4,1,-6,10,1,0.75,0.75,0.75,1,0.6,-200,30,150,0,0,-1,0;
racing,killCuboid,15,-6,1,-100,30,350,0.414,0,-1,0;
racing,killCuboid,15,-6,1,-100,30,350,-0.414,0,-1,0;
racing,killCuboid,7.5,-2,15,-200,10,925,0,0,0,0;
racing,killCuboid,7.5,-2,15,-200,50,925,0,0,0,0;
racing,killCuboid,7.5,-2,15,-200,11.5224093,932.6536686,0,-0.1950903,-0.9807853,0;
racing,killCuboid,7.5,-2,15,-200,48.4775907,917.3463314,0,-0.1950903,-0.9807853,0;
racing,killCuboid,7.5,-2,15,-200,11.5224093,917.3463314,0,0.1950903,-0.9807853,0;
racing,killCuboid,7.5,-2,15,-200,48.4775907,932.6536686,0,0.1950903,-0.9807853,0;
racing,killCuboid,15,-6,1,-450,30,950,-0.414,0,-1,0;
racing,killCuboid,15,-6,1,-950,30,950,0.414,0,-1,0;
custom,cuboid,stone4,-1,6,-10,1,0.75,0.75,0.75,1,0.6,-460,30,-650,0,0,0,0;
racing,killcuboid,-1,6,-10,-460,30,-550,0,0,0,0;
custom,cuboid,stone4,-3,6,-10,1,0.75,0.75,0.75,1,0.6,-460,30,-450,0,0,0,0;
racing,killcuboid,-2,6,-10,-460,30,-350,0,0,0,0;
custom,cuboid,stone4,-3,6,-10,1,0.75,0.75,0.75,1,0.6,-510,30,-300,0,1,0,1;
racing,killcuboid,-2,6,-10,-610,30,-300,0,1,0,1;
custom,cuboid,stone4,-3,6,-10,1,0.75,0.75,0.75,1,0.6,-710,30,-300,0,1,0,1;
racing,killcuboid,-2,6,-10,-810,30,-300,0,1,0,1;
custom,cuboid,stone4,-3,6,-10,1,0.75,0.75,0.75,1,0.6,-510,30,-200,0,1,0,1;
racing,killcuboid,-2,6,-10,-610,30,-200,0,1,0,1;
custom,cuboid,stone4,-3,6,-10,1,0.75,0.75,0.75,1,0.6,-710,30,-200,0,1,0,1;
racing,killcuboid,-2,6,-10,-810,30,-200,0,1,0,1;
custom,cuboid,stone4,-3,6,-10,1,0.75,0.75,0.75,1,0.6,-860,30,-250,0,0,0,1;
custom,cuboid,stone4,-1,6,-10,1,0.75,0.75,0.75,1,0.6,-750,30,-250,0,1,0,1;
racing,killcuboid,-1,6,-10,-650,30,-250,0,1,0,1;
custom,cuboid,stone4,-1,6,-10,1,0.75,0.75,0.75,1,0.6,-550,30,-250,0,1,0,1;
racing,killcuboid,-1,6,-10,-450,30,-250,0,1,0,1;
racing,killcuboid,-2,6,-10,-460,30,-150,0,0,0,0;
custom,cuboid,stone4,-3,6,-10,1,0.75,0.75,0.75,1,0.6,-460,30,-50,0,0,0,0;
custom,cuboid,stone4,-1,6,-10,1,0.75,0.75,0.75,1,0.6,-400,30,-250,0,0,0,1;
racing,killcuboid,-1,6,-10,-400,30,-150,0,0,0,1;
racing,killcuboid,-1,6,-10,-400,30,-350,0,0,0,1;
custom,cuboid,stone4,-1,6,-10,1,0.75,0.75,0.75,1,0.6,-400,30,-450,0,0,0,1;
racing,killcuboid,-1,6,-10,-400,30,-550,0,0,0,1;
custom,cuboid,stone4,-1,6,-10,1,0.75,0.75,0.75,1,0.6,-400,30,-650,0,0,0,1;
racing,killcuboid,-1,6,-10,-400,30,-750,0,0,0,1;
custom,cuboid,stone4,-1,6,-10,1,0.75,0.75,0.75,1,0.6,-400,30,-850,0,0,0,1;
racing,killcuboid,-1,6,-10,-400,30,-950,0,0,0,1;
racing,killcuboid,-1,6,-10,-150,30,-100,0,0,0,1;
custom,cuboid,stone4,-1,6,-10,1,0.75,0.75,0.75,1,0.6,-150,30,-200,0,0,0,1;
racing,killcuboid,-1,6,-10,-200,30,-250,0,1,0,1;
racing,killcuboid,-1,6,-10,-250,30,-400,0,0,0,1;
custom,cuboid,stone4,-1,6,-10,1,0.75,0.75,0.75,1,0.6,-250,30,-300,0,0,0,1;
racing,killcuboid,-1,6,-10,-250,30,-600,0,0,0,1;
custom,cuboid,stone4,-1,6,-10,1,0.75,0.75,0.75,1,0.6,-250,30,-500,0,0,0,1;
racing,killcuboid,-1,6,-10,-250,30,-800,0,0,0,1;
custom,cuboid,stone4,-1,6,-10,1,0.75,0.75,0.75,1,0.6,-250,30,-700,0,0,0,1;
custom,cuboid,stone4,-1,6,-10,1,0.75,0.75,0.75,1,0.6,-200,30,-850,0,1,0,1;
custom,cuboid,stone4,-1,6,-10,1,0.75,0.75,0.75,1,0.6,-350,30,-200,0,1,0,1;
racing,killcuboid,-1,6,-10,-250,30,-200,0,1,0,1;
custom,cuboid,stone4,-1,6,-10,1,0.75,0.75,0.75,1,0.6,-350,30,-100,0,1,0,1;
racing,killcuboid,-1,6,-10,-250,30,-100,0,1,0,1;
custom,cuboid,stone4,-1,6,-10,1,0.75,0.75,0.75,1,0.6,-200,30,-150,0,0,0,1;
racing,killCuboid,-7.5,2,-15,-200,10,-925,0,0,0,0;
racing,killCuboid,-7.5,2,-15,-200,50,-925,0,0,0,0;
racing,killCuboid,-7.5,2,-15,-200,11.5224093,-932.6536686,0.1950903,0,0,0.9807853;
racing,killCuboid,-7.5,2,-15,-200,48.4775907,-917.3463314,0.1950903,0,0,0.9807853;
racing,killCuboid,-7.5,2,-15,-200,11.5224093,-917.3463314,-0.1950903,0,0,0.9807853;
racing,killCuboid,-7.5,2,-15,-200,48.4775907,-932.6536686,-0.1950903,0,0,0.9807853;
racing,killCuboid,-15,6,-1,-450,30,-950,0,-0.414,0,1;
racing,killCuboid,-15,6,-1,-950,30,-950,0,0.414,0,1;
racing,killCuboid,-1,6,-10,-100,30,-850,0,1,0,1;
custom,cuboid,stone4,-1,6,-10,1,0.75,0.75,0.75,1,0.6,-50,30,-800,0,0,0,1;
racing,killCuboid,-1,6,-10,-50,30,-700,0,0,0,1;




custom,cuboid,stone4,10,1,10,0,1,1,1,1.0,1.0,0,585,-480,0.1,0,0,1;
custom,cuboid,stone4,10,1,10,0,1,1,1,1.0,1.0,0,585,-490,0.2,0,0,1;
custom,cuboid,stone4,10,1,10,0,1,1,1,1.0,1.0,0,585,-500,0.3,0,0,1;
custom,cuboid,stone4,10,1,10,0,1,1,1,1.0,1.0,0,585,-510,0.4,0,0,1;
custom,cuboid,stone4,10,1,10,0,1,1,1,1.0,1.0,0,585,-520,0.5,0,0,1;

spawnpoint,playerC,0,610,-520,0,0,0,0;
spawnpoint,playerM,0,610,-520,0,0,0,0;


misc,barrier,56,2,200,720,70,0,0,0,0,0;
misc,barrier,39,2,95,245,70,525,0,0,0,0;
misc,barrier,39,2,95,245,70,-525,0,0,0,0;
misc,barrier,56,2,200,-720,70,0,0,0,0,0;
misc,barrier,39,2,95,-245,70,525,0,0,0,0;
misc,barrier,39,2,95,-245,70,-525,0,0,0,0;
misc,barrier,10,2,52.5,0,70,737.5,0,0,0,0;
misc,barrier,10,2,52.5,0,70,-737.5,0,0,0,0;

misc,barrier,21,2,60,0,650,-250,0,0,0,0;

