custom,cuboid,stone6,4,0.5,4,0,1,0,0,1,1,301,13,-1263,0,1,0,1;
custom,cuboid,stone6,4,0.5,4,0,1,0,0,1,1,261,13,-1223,0,1,0,1;
custom,cuboid,stone6,4,0.5,4,0,1,0,0,1,1,221,13,-1183,0,1,0,1;
custom,cuboid,stone6,4,0.5,4,0,1,0,0,1,1,181,13,-1143,0,1,0,1;
custom,cuboid,stone6,4,0.5,4,0,1,0,0,1,1,141,13,-1103,0,1,0,1;
custom,cuboid,stone6,4,0.5,4,0,1,0,0,1,1,101,13,-1063,0,1,0,1;
custom,cuboid,stone6,4,0.5,4,0,1,0,0,1,1,61,13,-1023,0,1,0,1;
custom,cuboid,stone6,4,0.5,4,0,1,0,0,1,1,21,13,-983,0,1,0,1;
custom,cuboid,stone6,4,0.5,4,0,1,0,0,1,1,-19,13,-943,0,1,0,1;
custom,cuboid,stone6,4,0.5,4,0,1,0,0,1,1,-59,13,-903,0,1,0,1;
custom,cuboid,stone6,4,0.5,4,0,1,0,0,1,1,-99,13,-863,0,1,0,1;
custom,cuboid,stone6,4,0.5,4,0,1,0,0,1,1,-139,13,-823,0,1,0,1;
custom,cuboid,stone6,4,0.5,4,0,1,0,0,1,1,-179,13,-783,0,1,0,1;
custom,cuboid,stone6,4,0.5,4,0,1,0,0,1,1,-219,13,-743,0,1,0,1;
custom,cuboid,stone6,4,0.5,4,0,1,0,0,1,1,-259,13,-703,0,1,0,1;
custom,cuboid,stone6,4,0.5,4,0,1,0,0,1,1,-299,13,-663,0,1,0,1;
custom,cuboid,stone6,4,0.5,4,0,1,0,0,1,1,-339,13,-623,0,1,0,1;
custom,cuboid,stone6,4,0.5,4,0,1,0,0,1,1,-379,13,-583,0,1,0,1;
custom,cuboid,stone6,4,0.5,4,0,1,0,0,1,1,-419,13,-543,0,1,0,1;
custom,cuboid,stone6,4,0.5,4,0,1,0,0,1,1,-459,13,-503,0,1,0,1;
custom,cuboid,stone6,4,0.5,4,0,1,0,0,1,1,-499,13,-463,0,1,0,1;
custom,cuboid,stone6,4,0.5,4,0,1,0,0,1,1,-539,13,-423,0,1,0,1;
custom,cuboid,stone6,4,0.5,4,0,1,0,0,1,1,-579,13,-383,0,1,0,1;
custom,cuboid,stone6,4,0.5,4,0,1,0,0,1,1,-619,13,-343,0,1,0,1;
custom,cuboid,stone6,4,0.5,4,0,1,0,0,1,1,-659,13,-303,0,1,0,1;
custom,cuboid,stone6,4,0.5,4,0,1,0,0,1,1,-699,13,-263,0,1,0,1;
custom,cuboid,stone6,4,0.5,4,0,1,0,0,1,1,-739,13,-223,0,1,0,1;
custom,cuboid,stone6,4,0.5,4,0,1,0,0,1,1,-779,13,-183,0,1,0,1;
custom,cuboid,stone6,4,0.5,4,0,1,0,0,1,1,-819,13,-143,0,1,0,1;
custom,cuboid,stone6,4,0.5,4,0,1,0,0,1,1,-859,13,-103,0,1,0,1;
custom,cuboid,stone6,4,0.5,4,0,1,0,0,1,1,-899,13,-63,0,1,0,1;
custom,cuboid,stone6,4,0.5,4,0,1,0,0,1,1,-939,13,-23,0,1,0,1;
custom,cuboid,stone6,4,0.5,4,0,1,0,0,1,1,-979,13,17,0,1,0,1;
custom,cuboid,stone6,4,0.5,4,0,1,0,0,1,1,-1019,13,57,0,1,0,1;
custom,cuboid,stone6,4,0.5,4,0,1,0,0,1,1,-1059,13,97,0,1,0,1;
custom,cuboid,stone6,4,0.5,4,0,1,0,0,1,1,-1099,13,137,0,1,0,1;
custom,cuboid,stone6,4,0.5,4,0,1,0,0,1,1,-1139,13,177,0,1,0,1;

custom,cuboid,stone6,4,0.5,4,0,1,0,0,1,1,301,13,-1223,0,1,0,1;
custom,cuboid,stone6,4,0.5,4,0,1,0,0,1,1,261,13,-1183,0,1,0,1;
custom,cuboid,stone6,4,0.5,4,0,1,0,0,1,1,221,13,-1143,0,1,0,1;
custom,cuboid,stone6,4,0.5,4,0,1,0,0,1,1,181,13,-1103,0,1,0,1;
custom,cuboid,stone6,4,0.5,4,0,1,0,0,1,1,141,13,-1063,0,1,0,1;
custom,cuboid,stone6,4,0.5,4,0,1,0,0,1,1,101,13,-1023,0,1,0,1;
custom,cuboid,stone6,4,0.5,4,0,1,0,0,1,1,61,13,-983,0,1,0,1;
custom,cuboid,stone6,4,0.5,4,0,1,0,0,1,1,21,13,-943,0,1,0,1;
custom,cuboid,stone6,4,0.5,4,0,1,0,0,1,1,-19,13,-903,0,1,0,1;
custom,cuboid,stone6,4,0.5,4,0,1,0,0,1,1,-59,13,-863,0,1,0,1;
custom,cuboid,stone6,4,0.5,4,0,1,0,0,1,1,-99,13,-823,0,1,0,1;
custom,cuboid,stone6,4,0.5,4,0,1,0,0,1,1,-139,13,-783,0,1,0,1;
custom,cuboid,stone6,4,0.5,4,0,1,0,0,1,1,-179,13,-743,0,1,0,1;
custom,cuboid,stone6,4,0.5,4,0,1,0,0,1,1,-219,13,-703,0,1,0,1;
custom,cuboid,stone6,4,0.5,4,0,1,0,0,1,1,-259,13,-663,0,1,0,1;
custom,cuboid,stone6,4,0.5,4,0,1,0,0,1,1,-299,13,-623,0,1,0,1;
custom,cuboid,stone6,4,0.5,4,0,1,0,0,1,1,-339,13,-583,0,1,0,1;
custom,cuboid,stone6,4,0.5,4,0,1,0,0,1,1,-379,13,-543,0,1,0,1;
custom,cuboid,stone6,4,0.5,4,0,1,0,0,1,1,-419,13,-503,0,1,0,1;
custom,cuboid,stone6,4,0.5,4,0,1,0,0,1,1,-459,13,-463,0,1,0,1;
custom,cuboid,stone6,4,0.5,4,0,1,0,0,1,1,-499,13,-423,0,1,0,1;
custom,cuboid,stone6,4,0.5,4,0,1,0,0,1,1,-539,13,-383,0,1,0,1;
custom,cuboid,stone6,4,0.5,4,0,1,0,0,1,1,-579,13,-343,0,1,0,1;
custom,cuboid,stone6,4,0.5,4,0,1,0,0,1,1,-619,13,-303,0,1,0,1;
custom,cuboid,stone6,4,0.5,4,0,1,0,0,1,1,-659,13,-263,0,1,0,1;
custom,cuboid,stone6,4,0.5,4,0,1,0,0,1,1,-699,13,-223,0,1,0,1;
custom,cuboid,stone6,4,0.5,4,0,1,0,0,1,1,-739,13,-183,0,1,0,1;
custom,cuboid,stone6,4,0.5,4,0,1,0,0,1,1,-779,13,-143,0,1,0,1;
custom,cuboid,stone6,4,0.5,4,0,1,0,0,1,1,-819,13,-103,0,1,0,1;
custom,cuboid,stone6,4,0.5,4,0,1,0,0,1,1,-859,13,-63,0,1,0,1;
custom,cuboid,stone6,4,0.5,4,0,1,0,0,1,1,-899,13,-23,0,1,0,1;
custom,cuboid,stone6,4,0.5,4,0,1,0,0,1,1,-939,13,17,0,1,0,1;
custom,cuboid,stone6,4,0.5,4,0,1,0,0,1,1,-979,13,57,0,1,0,1;
custom,cuboid,stone6,4,0.5,4,0,1,0,0,1,1,-1019,13,97,0,1,0,1;
custom,cuboid,stone6,4,0.5,4,0,1,0,0,1,1,-1059,13,137,0,1,0,1;
custom,cuboid,stone6,4,0.5,4,0,1,0,0,1,1,-1099,13,177,0,1,0,1;
custom,cuboid,stone6,4,0.5,4,0,1,0,0,1,1,-1139,13,217,0,1,0,1;

racing,killCuboid,4,0.5,4,261,13.01,-1223,0,1,0,1;
racing,killCuboid,4,0.5,4,221,13.01,-1183,0,1,0,1;
racing,killCuboid,4,0.5,4,181,13.01,-1143,0,1,0,1;
racing,killCuboid,4,0.5,4,141,13.01,-1103,0,1,0,1;
racing,killCuboid,4,0.5,4,101,13.01,-1063,0,1,0,1;
racing,killCuboid,4,0.5,4,61,13.01,-1023,0,1,0,1;
racing,killCuboid,4,0.5,4,21,13.01,-983,0,1,0,1;
racing,killCuboid,4,0.5,4,-19,13.01,-943,0,1,0,1;
racing,killCuboid,4,0.5,4,-59,13.01,-903,0,1,0,1;
racing,killCuboid,4,0.5,4,-99,13.01,-863,0,1,0,1;
racing,killCuboid,4,0.5,4,-139,13.01,-823,0,1,0,1;
racing,killCuboid,4,0.5,4,-179,13.01,-783,0,1,0,1;
racing,killCuboid,4,0.5,4,-219,13.01,-743,0,1,0,1;
racing,killCuboid,4,0.5,4,-259,13.01,-703,0,1,0,1;
racing,killCuboid,4,0.5,4,-299,13.01,-663,0,1,0,1;
racing,killCuboid,4,0.5,4,-339,13.01,-623,0,1,0,1;
racing,killCuboid,4,0.5,4,-379,13.01,-583,0,1,0,1;
racing,killCuboid,4,0.5,4,-419,13.01,-543,0,1,0,1;
racing,killCuboid,4,0.5,4,-459,13.01,-503,0,1,0,1;
racing,killCuboid,4,0.5,4,-499,13.01,-463,0,1,0,1;
racing,killCuboid,4,0.5,4,-539,13.01,-423,0,1,0,1;
racing,killCuboid,4,0.5,4,-579,13.01,-383,0,1,0,1;
racing,killCuboid,4,0.5,4,-619,13.01,-343,0,1,0,1;
racing,killCuboid,4,0.5,4,-659,13.01,-303,0,1,0,1;
racing,killCuboid,4,0.5,4,-699,13.01,-263,0,1,0,1;
racing,killCuboid,4,0.5,4,-739,13.01,-223,0,1,0,1;
racing,killCuboid,4,0.5,4,-779,13.01,-183,0,1,0,1;
racing,killCuboid,4,0.5,4,-819,13.01,-143,0,1,0,1;
racing,killCuboid,4,0.5,4,-859,13.01,-103,0,1,0,1;
racing,killCuboid,4,0.5,4,-899,13.01,-63,0,1,0,1;
racing,killCuboid,4,0.5,4,-939,13.01,-23,0,1,0,1;
racing,killCuboid,4,0.5,4,-979,13.01,17,0,1,0,1;
racing,killCuboid,4,0.5,4,-1019,13.01,57,0,1,0,1;
racing,killCuboid,4,0.5,4,-1059,13.01,97,0,1,0,1;
racing,killCuboid,4,0.5,4,-1099,13.01,137,0,1,0,1;
racing,killCuboid,4,0.5,4,-1139,13.01,177,0,1,0,1;

racing,killCuboid,4,0.5,4,301,13.01,-1223,0,1,0,1;
racing,killCuboid,4,0.5,4,261,13.01,-1183,0,1,0,1;
racing,killCuboid,4,0.5,4,221,13.01,-1143,0,1,0,1;
racing,killCuboid,4,0.5,4,181,13.01,-1103,0,1,0,1;
racing,killCuboid,4,0.5,4,141,13.01,-1063,0,1,0,1;
racing,killCuboid,4,0.5,4,101,13.01,-1023,0,1,0,1;
racing,killCuboid,4,0.5,4,61,13.01,-983,0,1,0,1;
racing,killCuboid,4,0.5,4,21,13.01,-943,0,1,0,1;
racing,killCuboid,4,0.5,4,-19,13.01,-903,0,1,0,1;
racing,killCuboid,4,0.5,4,-59,13.01,-863,0,1,0,1;
racing,killCuboid,4,0.5,4,-99,13.01,-823,0,1,0,1;
racing,killCuboid,4,0.5,4,-139,13.01,-783,0,1,0,1;
racing,killCuboid,4,0.5,4,-179,13.01,-743,0,1,0,1;
racing,killCuboid,4,0.5,4,-219,13.01,-703,0,1,0,1;
racing,killCuboid,4,0.5,4,-259,13.01,-663,0,1,0,1;
racing,killCuboid,4,0.5,4,-299,13.01,-623,0,1,0,1;
racing,killCuboid,4,0.5,4,-339,13.01,-583,0,1,0,1;
racing,killCuboid,4,0.5,4,-379,13.01,-543,0,1,0,1;
racing,killCuboid,4,0.5,4,-419,13.01,-503,0,1,0,1;
racing,killCuboid,4,0.5,4,-459,13.01,-463,0,1,0,1;
racing,killCuboid,4,0.5,4,-499,13.01,-423,0,1,0,1;
racing,killCuboid,4,0.5,4,-539,13.01,-383,0,1,0,1;
racing,killCuboid,4,0.5,4,-579,13.01,-343,0,1,0,1;
racing,killCuboid,4,0.5,4,-619,13.01,-303,0,1,0,1;
racing,killCuboid,4,0.5,4,-659,13.01,-263,0,1,0,1;
racing,killCuboid,4,0.5,4,-699,13.01,-223,0,1,0,1;
racing,killCuboid,4,0.5,4,-739,13.01,-183,0,1,0,1;
racing,killCuboid,4,0.5,4,-779,13.01,-143,0,1,0,1;
racing,killCuboid,4,0.5,4,-819,13.01,-103,0,1,0,1;
racing,killCuboid,4,0.5,4,-859,13.01,-63,0,1,0,1;
racing,killCuboid,4,0.5,4,-899,13.01,-23,0,1,0,1;
racing,killCuboid,4,0.5,4,-939,13.01,17,0,1,0,1;
racing,killCuboid,4,0.5,4,-979,13.01,57,0,1,0,1;
racing,killCuboid,4,0.5,4,-1019,13.01,97,0,1,0,1;
racing,killCuboid,4,0.5,4,-1059,13.01,137,0,1,0,1;
racing,killCuboid,4,0.5,4,-1099,13.01,177,0,1,0,1;
racing,killCuboid,4,0.5,4,-1139,13.01,217,0,1,0,1;

custom,cuboid,stone2,0.5,3,4,0,1,0,0,1,1,301,30.5,-1205.5,0,1,0,1;
custom,cuboid,stone2,0.5,3,4,0,1,0,0,1,1,261,30.5,-1165.5,0,1,0,1;
custom,cuboid,stone2,0.5,3,4,0,1,0,0,1,1,221,30.5,-1125.5,0,1,0,1;
custom,cuboid,stone2,0.5,3,4,0,1,0,0,1,1,181,30.5,-1085.5,0,1,0,1;
custom,cuboid,stone2,0.5,3,4,0,1,0,0,1,1,141,30.5,-1045.5,0,1,0,1;
custom,cuboid,stone2,0.5,3,4,0,1,0,0,1,1,101,30.5,-1005.5,0,1,0,1;
custom,cuboid,stone2,0.5,3,4,0,1,0,0,1,1,61,30.5,-965.5,0,1,0,1;
custom,cuboid,stone2,0.5,3,4,0,1,0,0,1,1,21,30.5,-925.5,0,1,0,1;
custom,cuboid,stone2,0.5,3,4,0,1,0,0,1,1,-19,30.5,-885.5,0,1,0,1;
custom,cuboid,stone2,0.5,3,4,0,1,0,0,1,1,-59,30.5,-845.5,0,1,0,1;
custom,cuboid,stone2,0.5,3,4,0,1,0,0,1,1,-99,30.5,-805.5,0,1,0,1;
custom,cuboid,stone2,0.5,3,4,0,1,0,0,1,1,-139,30.5,-765.5,0,1,0,1;
custom,cuboid,stone2,0.5,3,4,0,1,0,0,1,1,-179,30.5,-725.5,0,1,0,1;
custom,cuboid,stone2,0.5,3,4,0,1,0,0,1,1,-219,30.5,-685.5,0,1,0,1;
custom,cuboid,stone2,0.5,3,4,0,1,0,0,1,1,-259,30.5,-645.5,0,1,0,1;
custom,cuboid,stone2,0.5,3,4,0,1,0,0,1,1,-299,30.5,-605.5,0,1,0,1;
custom,cuboid,stone2,0.5,3,4,0,1,0,0,1,1,-339,30.5,-565.5,0,1,0,1;
custom,cuboid,stone2,0.5,3,4,0,1,0,0,1,1,-379,30.5,-525.5,0,1,0,1;
custom,cuboid,stone2,0.5,3,4,0,1,0,0,1,1,-419,30.5,-485.5,0,1,0,1;
custom,cuboid,stone2,0.5,3,4,0,1,0,0,1,1,-459,30.5,-445.5,0,1,0,1;
custom,cuboid,stone2,0.5,3,4,0,1,0,0,1,1,-499,30.5,-405.5,0,1,0,1;
custom,cuboid,stone2,0.5,3,4,0,1,0,0,1,1,-539,30.5,-365.5,0,1,0,1;
custom,cuboid,stone2,0.5,3,4,0,1,0,0,1,1,-579,30.5,-325.5,0,1,0,1;
custom,cuboid,stone2,0.5,3,4,0,1,0,0,1,1,-619,30.5,-285.5,0,1,0,1;
custom,cuboid,stone2,0.5,3,4,0,1,0,0,1,1,-659,30.5,-245.5,0,1,0,1;
custom,cuboid,stone2,0.5,3,4,0,1,0,0,1,1,-699,30.5,-205.5,0,1,0,1;
custom,cuboid,stone2,0.5,3,4,0,1,0,0,1,1,-739,30.5,-165.5,0,1,0,1;
custom,cuboid,stone2,0.5,3,4,0,1,0,0,1,1,-779,30.5,-125.5,0,1,0,1;
custom,cuboid,stone2,0.5,3,4,0,1,0,0,1,1,-819,30.5,-85.5,0,1,0,1;
custom,cuboid,stone2,0.5,3,4,0,1,0,0,1,1,-859,30.5,-45.5,0,1,0,1;
custom,cuboid,stone2,0.5,3,4,0,1,0,0,1,1,-899,30.5,-5.5,0,1,0,1;
custom,cuboid,stone2,0.5,3,4,0,1,0,0,1,1,-939,30.5,34.5,0,1,0,1;
custom,cuboid,stone2,0.5,3,4,0,1,0,0,1,1,-979,30.5,74.5,0,1,0,1;
custom,cuboid,stone2,0.5,3,4,0,1,0,0,1,1,-1019,30.5,114.5,0,1,0,1;
custom,cuboid,stone2,0.5,3,4,0,1,0,0,1,1,-1059,30.5,154.5,0,1,0,1;
custom,cuboid,stone2,0.5,3,4,0,1,0,0,1,1,-1099,30.5,194.5,0,1,0,1;
custom,cuboid,stone2,0.5,3,4,0,1,0,0,1,1,-1139,30.5,234.5,0,1,0,1;

custom,cuboid,stone2,0.5,3,4,0,1,0,0,1,1,261,30.5,-1240.5,0,1,0,1;
custom,cuboid,stone2,0.5,3,4,0,1,0,0,1,1,221,30.5,-1200.5,0,1,0,1;
custom,cuboid,stone2,0.5,3,4,0,1,0,0,1,1,181,30.5,-1160.5,0,1,0,1;
custom,cuboid,stone2,0.5,3,4,0,1,0,0,1,1,141,30.5,-1120.5,0,1,0,1;
custom,cuboid,stone2,0.5,3,4,0,1,0,0,1,1,101,30.5,-1080.5,0,1,0,1;
custom,cuboid,stone2,0.5,3,4,0,1,0,0,1,1,61,30.5,-1040.5,0,1,0,1;
custom,cuboid,stone2,0.5,3,4,0,1,0,0,1,1,21,30.5,-1000.5,0,1,0,1;
custom,cuboid,stone2,0.5,3,4,0,1,0,0,1,1,-19,30.5,-960.5,0,1,0,1;
custom,cuboid,stone2,0.5,3,4,0,1,0,0,1,1,-59,30.5,-920.5,0,1,0,1;
custom,cuboid,stone2,0.5,3,4,0,1,0,0,1,1,-99,30.5,-880.5,0,1,0,1;
custom,cuboid,stone2,0.5,3,4,0,1,0,0,1,1,-139,30.5,-840.5,0,1,0,1;
custom,cuboid,stone2,0.5,3,4,0,1,0,0,1,1,-179,30.5,-800.5,0,1,0,1;
custom,cuboid,stone2,0.5,3,4,0,1,0,0,1,1,-219,30.5,-760.5,0,1,0,1;
custom,cuboid,stone2,0.5,3,4,0,1,0,0,1,1,-259,30.5,-720.5,0,1,0,1;
custom,cuboid,stone2,0.5,3,4,0,1,0,0,1,1,-299,30.5,-680.5,0,1,0,1;
custom,cuboid,stone2,0.5,3,4,0,1,0,0,1,1,-339,30.5,-640.5,0,1,0,1;
custom,cuboid,stone2,0.5,3,4,0,1,0,0,1,1,-379,30.5,-600.5,0,1,0,1;
custom,cuboid,stone2,0.5,3,4,0,1,0,0,1,1,-419,30.5,-560.5,0,1,0,1;
custom,cuboid,stone2,0.5,3,4,0,1,0,0,1,1,-459,30.5,-520.5,0,1,0,1;
custom,cuboid,stone2,0.5,3,4,0,1,0,0,1,1,-499,30.5,-480.5,0,1,0,1;
custom,cuboid,stone2,0.5,3,4,0,1,0,0,1,1,-539,30.5,-440.5,0,1,0,1;
custom,cuboid,stone2,0.5,3,4,0,1,0,0,1,1,-579,30.5,-400.5,0,1,0,1;
custom,cuboid,stone2,0.5,3,4,0,1,0,0,1,1,-619,30.5,-360.5,0,1,0,1;
custom,cuboid,stone2,0.5,3,4,0,1,0,0,1,1,-659,30.5,-320.5,0,1,0,1;
custom,cuboid,stone2,0.5,3,4,0,1,0,0,1,1,-699,30.5,-280.5,0,1,0,1;
custom,cuboid,stone2,0.5,3,4,0,1,0,0,1,1,-739,30.5,-240.5,0,1,0,1;
custom,cuboid,stone2,0.5,3,4,0,1,0,0,1,1,-779,30.5,-200.5,0,1,0,1;
custom,cuboid,stone2,0.5,3,4,0,1,0,0,1,1,-819,30.5,-160.5,0,1,0,1;
custom,cuboid,stone2,0.5,3,4,0,1,0,0,1,1,-859,30.5,-120.5,0,1,0,1;
custom,cuboid,stone2,0.5,3,4,0,1,0,0,1,1,-899,30.5,-80.5,0,1,0,1;
custom,cuboid,stone2,0.5,3,4,0,1,0,0,1,1,-939,30.5,-40.5,0,1,0,1;
custom,cuboid,stone2,0.5,3,4,0,1,0,0,1,1,-979,30.5,-0.5,0,1,0,1;
custom,cuboid,stone2,0.5,3,4,0,1,0,0,1,1,-1019,30.5,39.5,0,1,0,1;
custom,cuboid,stone2,0.5,3,4,0,1,0,0,1,1,-1059,30.5,79.5,0,1,0,1;
custom,cuboid,stone2,0.5,3,4,0,1,0,0,1,1,-1099,30.5,119.5,0,1,0,1;
custom,cuboid,stone2,0.5,3,4,0,1,0,0,1,1,-1139,30.5,159.5,0,1,0,1;
custom,cuboid,stone2,0.5,3,4,0,1,0,0,1,1,-1179,30.5,199.5,0,1,0,1;

custom,cuboid,stone2,0.5,3,4.5,0,1,0,0,1,1,278.5,30.5,-1185.5,0,0,1,0;
custom,cuboid,stone2,0.5,3,4.5,0,1,0,0,1,1,238.5,30.5,-1145.5,0,0,1,0;
custom,cuboid,stone2,0.5,3,4.5,0,1,0,0,1,1,198.5,30.5,-1105.5,0,0,1,0;
custom,cuboid,stone2,0.5,3,4.5,0,1,0,0,1,1,158.5,30.5,-1065.5,0,0,1,0;
custom,cuboid,stone2,0.5,3,4.5,0,1,0,0,1,1,118.5,30.5,-1025.5,0,0,1,0;
custom,cuboid,stone2,0.5,3,4.5,0,1,0,0,1,1,78.5,30.5,-985.5,0,0,1,0;
custom,cuboid,stone2,0.5,3,4.5,0,1,0,0,1,1,38.5,30.5,-945.5,0,0,1,0;
custom,cuboid,stone2,0.5,3,4.5,0,1,0,0,1,1,-1.5,30.5,-905.5,0,0,1,0;
custom,cuboid,stone2,0.5,3,4.5,0,1,0,0,1,1,-41.5,30.5,-865.5,0,0,1,0;
custom,cuboid,stone2,0.5,3,4.5,0,1,0,0,1,1,-81.5,30.5,-825.5,0,0,1,0;
custom,cuboid,stone2,0.5,3,4.5,0,1,0,0,1,1,-121.5,30.5,-785.5,0,0,1,0;
custom,cuboid,stone2,0.5,3,4.5,0,1,0,0,1,1,-161.5,30.5,-745.5,0,0,1,0;
custom,cuboid,stone2,0.5,3,4.5,0,1,0,0,1,1,-201.5,30.5,-705.5,0,0,1,0;
custom,cuboid,stone2,0.5,3,4.5,0,1,0,0,1,1,-241.5,30.5,-665.5,0,0,1,0;
custom,cuboid,stone2,0.5,3,4.5,0,1,0,0,1,1,-281.5,30.5,-625.5,0,0,1,0;
custom,cuboid,stone2,0.5,3,4.5,0,1,0,0,1,1,-321.5,30.5,-585.5,0,0,1,0;
custom,cuboid,stone2,0.5,3,4.5,0,1,0,0,1,1,-361.5,30.5,-545.5,0,0,1,0;
custom,cuboid,stone2,0.5,3,4.5,0,1,0,0,1,1,-401.5,30.5,-505.5,0,0,1,0;
custom,cuboid,stone2,0.5,3,4.5,0,1,0,0,1,1,-441.5,30.5,-465.5,0,0,1,0;
custom,cuboid,stone2,0.5,3,4.5,0,1,0,0,1,1,-481.5,30.5,-425.5,0,0,1,0;
custom,cuboid,stone2,0.5,3,4.5,0,1,0,0,1,1,-521.5,30.5,-385.5,0,0,1,0;
custom,cuboid,stone2,0.5,3,4.5,0,1,0,0,1,1,-561.5,30.5,-345.5,0,0,1,0;
custom,cuboid,stone2,0.5,3,4.5,0,1,0,0,1,1,-601.5,30.5,-305.5,0,0,1,0;
custom,cuboid,stone2,0.5,3,4.5,0,1,0,0,1,1,-641.5,30.5,-265.5,0,0,1,0;
custom,cuboid,stone2,0.5,3,4.5,0,1,0,0,1,1,-681.5,30.5,-225.5,0,0,1,0;
custom,cuboid,stone2,0.5,3,4.5,0,1,0,0,1,1,-721.5,30.5,-185.5,0,0,1,0;
custom,cuboid,stone2,0.5,3,4.5,0,1,0,0,1,1,-761.5,30.5,-145.5,0,0,1,0;
custom,cuboid,stone2,0.5,3,4.5,0,1,0,0,1,1,-801.5,30.5,-105.5,0,0,1,0;
custom,cuboid,stone2,0.5,3,4.5,0,1,0,0,1,1,-841.5,30.5,-65.5,0,0,1,0;
custom,cuboid,stone2,0.5,3,4.5,0,1,0,0,1,1,-881.5,30.5,-25.5,0,0,1,0;
custom,cuboid,stone2,0.5,3,4.5,0,1,0,0,1,1,-921.5,30.5,14.5,0,0,1,0;
custom,cuboid,stone2,0.5,3,4.5,0,1,0,0,1,1,-961.5,30.5,54.5,0,0,1,0;
custom,cuboid,stone2,0.5,3,4.5,0,1,0,0,1,1,-1001.5,30.5,94.5,0,0,1,0;
custom,cuboid,stone2,0.5,3,4.5,0,1,0,0,1,1,-1041.5,30.5,134.5,0,0,1,0;
custom,cuboid,stone2,0.5,3,4.5,0,1,0,0,1,1,-1081.5,30.5,174.5,0,0,1,0;
custom,cuboid,stone2,0.5,3,4.5,0,1,0,0,1,1,-1121.5,30.5,214.5,0,0,1,0;
custom,cuboid,stone2,0.5,3,4.5,0,1,0,0,1,1,-1161.5,30.5,254.5,0,0,1,0;

custom,cuboid,stone2,0.5,3,4.5,0,1,0,0,1,1,241,30.5,-1220.5,0,0,1,0;
custom,cuboid,stone2,0.5,3,4.5,0,1,0,0,1,1,201,30.5,-1180.5,0,0,1,0;
custom,cuboid,stone2,0.5,3,4.5,0,1,0,0,1,1,161,30.5,-1140.5,0,0,1,0;
custom,cuboid,stone2,0.5,3,4.5,0,1,0,0,1,1,121,30.5,-1100.5,0,0,1,0;
custom,cuboid,stone2,0.5,3,4.5,0,1,0,0,1,1,81,30.5,-1060.5,0,0,1,0;
custom,cuboid,stone2,0.5,3,4.5,0,1,0,0,1,1,41,30.5,-1020.5,0,0,1,0;
custom,cuboid,stone2,0.5,3,4.5,0,1,0,0,1,1,1,30.5,-980.5,0,0,1,0;
custom,cuboid,stone2,0.5,3,4.5,0,1,0,0,1,1,-39,30.5,-940.5,0,0,1,0;
custom,cuboid,stone2,0.5,3,4.5,0,1,0,0,1,1,-79,30.5,-900.5,0,0,1,0;
custom,cuboid,stone2,0.5,3,4.5,0,1,0,0,1,1,-119,30.5,-860.5,0,0,1,0;
custom,cuboid,stone2,0.5,3,4.5,0,1,0,0,1,1,-159,30.5,-820.5,0,0,1,0;
custom,cuboid,stone2,0.5,3,4.5,0,1,0,0,1,1,-199,30.5,-780.5,0,0,1,0;
custom,cuboid,stone2,0.5,3,4.5,0,1,0,0,1,1,-239,30.5,-740.5,0,0,1,0;
custom,cuboid,stone2,0.5,3,4.5,0,1,0,0,1,1,-279,30.5,-700.5,0,0,1,0;
custom,cuboid,stone2,0.5,3,4.5,0,1,0,0,1,1,-319,30.5,-660.5,0,0,1,0;
custom,cuboid,stone2,0.5,3,4.5,0,1,0,0,1,1,-359,30.5,-620.5,0,0,1,0;
custom,cuboid,stone2,0.5,3,4.5,0,1,0,0,1,1,-399,30.5,-580.5,0,0,1,0;
custom,cuboid,stone2,0.5,3,4.5,0,1,0,0,1,1,-439,30.5,-540.5,0,0,1,0;
custom,cuboid,stone2,0.5,3,4.5,0,1,0,0,1,1,-479,30.5,-500.5,0,0,1,0;
custom,cuboid,stone2,0.5,3,4.5,0,1,0,0,1,1,-519,30.5,-460.5,0,0,1,0;
custom,cuboid,stone2,0.5,3,4.5,0,1,0,0,1,1,-559,30.5,-420.5,0,0,1,0;
custom,cuboid,stone2,0.5,3,4.5,0,1,0,0,1,1,-599,30.5,-380.5,0,0,1,0;
custom,cuboid,stone2,0.5,3,4.5,0,1,0,0,1,1,-639,30.5,-340.5,0,0,1,0;
custom,cuboid,stone2,0.5,3,4.5,0,1,0,0,1,1,-679,30.5,-300.5,0,0,1,0;
custom,cuboid,stone2,0.5,3,4.5,0,1,0,0,1,1,-719,30.5,-260.5,0,0,1,0;
custom,cuboid,stone2,0.5,3,4.5,0,1,0,0,1,1,-759,30.5,-220.5,0,0,1,0;
custom,cuboid,stone2,0.5,3,4.5,0,1,0,0,1,1,-799,30.5,-180.5,0,0,1,0;
custom,cuboid,stone2,0.5,3,4.5,0,1,0,0,1,1,-839,30.5,-140.5,0,0,1,0;
custom,cuboid,stone2,0.5,3,4.5,0,1,0,0,1,1,-879,30.5,-100.5,0,0,1,0;
custom,cuboid,stone2,0.5,3,4.5,0,1,0,0,1,1,-919,30.5,-60.5,0,0,1,0;
custom,cuboid,stone2,0.5,3,4.5,0,1,0,0,1,1,-959,30.5,-20.5,0,0,1,0;
custom,cuboid,stone2,0.5,3,4.5,0,1,0,0,1,1,-999,30.5,19.5,0,0,1,0;
custom,cuboid,stone2,0.5,3,4.5,0,1,0,0,1,1,-1039,30.5,59.5,0,0,1,0;
custom,cuboid,stone2,0.5,3,4.5,0,1,0,0,1,1,-1079,30.5,99.5,0,0,1,0;
custom,cuboid,stone2,0.5,3,4.5,0,1,0,0,1,1,-1119,30.5,139.5,0,0,1,0;
custom,cuboid,stone2,0.5,3,4.5,0,1,0,0,1,1,-1159,30.5,179.5,0,0,1,0;
custom,cuboid,stone2,0.5,3,4.5,0,1,0,0,1,1,-1199,30.5,219.5,0,0,1,0;

custom,cuboid,stone2,0.5,3,2,0,0,0,0,1,1,241,30.5,-1190.5,0,0,1,0;
custom,cuboid,stone2,0.5,3,2,0,0,0,0,1,1,201,30.5,-1150.5,0,0,1,0;
custom,cuboid,stone2,0.5,3,2,0,0,0,0,1,1,161,30.5,-1110.5,0,0,1,0;
custom,cuboid,stone2,0.5,3,2,0,0,0,0,1,1,121,30.5,-1070.5,0,0,1,0;
custom,cuboid,stone2,0.5,3,2,0,0,0,0,1,1,81,30.5,-1030.5,0,0,1,0;
custom,cuboid,stone2,0.5,3,2,0,0,0,0,1,1,41,30.5,-990.5,0,0,1,0;
custom,cuboid,stone2,0.5,3,2,0,0,0,0,1,1,1,30.5,-950.5,0,0,1,0;
custom,cuboid,stone2,0.5,3,2,0,0,0,0,1,1,-39,30.5,-910.5,0,0,1,0;

custom,cuboid,stone2,0.5,3,2,0,0,0,0,1,1,228.5,30.5,-1165.5,0,1,0,1,;
custom,cuboid,stone2,0.5,3,2,0,0,0,0,1,1,188.5,30.5,-1125.5,0,1,0,1,;
custom,cuboid,stone2,0.5,3,2,0,0,0,0,1,1,148.5,30.5,-1085.5,0,1,0,1,;
custom,cuboid,stone2,0.5,3,2,0,0,0,0,1,1,108.5,30.5,-1045.5,0,1,0,1,;
custom,cuboid,stone2,0.5,3,2,0,0,0,0,1,1,68.5,30.5,-1005.5,0,1,0,1,;
custom,cuboid,stone2,0.5,3,2,0,0,0,0,1,1,28.5,30.5,-965.5,0,1,0,1,;
custom,cuboid,stone2,0.5,3,2,0,0,0,0,1,1,-11.5,30.5,-925.5,0,1,0,1,;
custom,cuboid,stone2,0.5,3,2,0,0,0,0,1,1,-51.5,30.5,-885.5,0,1,0,1,;

custom,cuboid,bombexplosiontex,0.5,3,2,1,0,0.8,0,99999,99999,-79,30.5,-870.5,0,0,1,0,;
custom,cuboid,bombexplosiontex,0.5,3,2,1,0,0.8,0,99999,99999,-119,30.5,-830.5,0,0,1,0,;
custom,cuboid,bombexplosiontex,0.5,3,2,1,0,0.8,0,99999,99999,-159,30.5,-790.5,0,0,1,0,;
custom,cuboid,bombexplosiontex,0.5,3,2,1,0,0.8,0,99999,99999,-199,30.5,-750.5,0,0,1,0,;
custom,cuboid,bombexplosiontex,0.5,3,2,1,0,0.8,0,99999,99999,-239,30.5,-710.5,0,0,1,0,;
custom,cuboid,bombexplosiontex,0.5,3,2,1,0,0.8,0,99999,99999,-279,30.5,-670.5,0,0,1,0,;
custom,cuboid,bombexplosiontex,0.5,3,2,1,0,0.8,0,99999,99999,-319,30.5,-630.5,0,0,1,0,;
custom,cuboid,bombexplosiontex,0.5,3,2,1,0,0.8,0,99999,99999,-359,30.5,-590.5,0,0,1,0,;

custom,cuboid,bombexplosiontex,0.5,3,2,1,0,0.8,0,99999,99999,-91.5,30.5,-845.5,0,1,0,1,;
custom,cuboid,bombexplosiontex,0.5,3,2,1,0,0.8,0,99999,99999,-131.5,30.5,-805.5,0,1,0,1,;
custom,cuboid,bombexplosiontex,0.5,3,2,1,0,0.8,0,99999,99999,-171.5,30.5,-765.5,0,1,0,1,;
custom,cuboid,bombexplosiontex,0.5,3,2,1,0,0.8,0,99999,99999,-211.5,30.5,-725.5,0,1,0,1,;
custom,cuboid,bombexplosiontex,0.5,3,2,1,0,0.8,0,99999,99999,-251.5,30.5,-685.5,0,1,0,1,;
custom,cuboid,bombexplosiontex,0.5,3,2,1,0,0.8,0,99999,99999,-291.5,30.5,-645.5,0,1,0,1,;
custom,cuboid,bombexplosiontex,0.5,3,2,1,0,0.8,0,99999,99999,-331.5,30.5,-605.5,0,1,0,1,;
custom,cuboid,bombexplosiontex,0.5,3,2,1,0,0.8,0,99999,99999,-371.5,30.5,-565.5,0,1,0,1,;

custom,cuboid,bombexplosiontex,0.5,3,2,1,0,0.8,0.5,99999,99999,-399,30.5,-550.5,0,0,1,0,;
custom,cuboid,bombexplosiontex,0.5,3,2,1,0,0.8,0.5,99999,99999,-439,30.5,-510.5,0,0,1,0,;
custom,cuboid,bombexplosiontex,0.5,3,2,1,0,0.8,0.5,99999,99999,-479,30.5,-470.5,0,0,1,0,;
custom,cuboid,bombexplosiontex,0.5,3,2,1,0,0.8,0.5,99999,99999,-519,30.5,-430.5,0,0,1,0,;
custom,cuboid,bombexplosiontex,0.5,3,2,1,0,0.8,0.5,99999,99999,-559,30.5,-390.5,0,0,1,0,;
custom,cuboid,bombexplosiontex,0.5,3,2,1,0,0.8,0.5,99999,99999,-599,30.5,-350.5,0,0,1,0,;
custom,cuboid,bombexplosiontex,0.5,3,2,1,0,0.8,0.5,99999,99999,-639,30.5,-310.5,0,0,1,0,;
custom,cuboid,bombexplosiontex,0.5,3,2,1,0,0.8,0.5,99999,99999,-679,30.5,-270.5,0,0,1,0,;

custom,cuboid,bombexplosiontex,0.5,3,2,1,0,0.8,0.5,99999,99999,-411.5,30.5,-525.5,0,1,0,1,;
custom,cuboid,bombexplosiontex,0.5,3,2,1,0,0.8,0.5,99999,99999,-451.5,30.5,-485.5,0,1,0,1,;
custom,cuboid,bombexplosiontex,0.5,3,2,1,0,0.8,0.5,99999,99999,-491.5,30.5,-445.5,0,1,0,1,;
custom,cuboid,bombexplosiontex,0.5,3,2,1,0,0.8,0.5,99999,99999,-531.5,30.5,-405.5,0,1,0,1,;
custom,cuboid,bombexplosiontex,0.5,3,2,1,0,0.8,0.5,99999,99999,-571.5,30.5,-365.5,0,1,0,1,;
custom,cuboid,bombexplosiontex,0.5,3,2,1,0,0.8,0.5,99999,99999,-611.5,30.5,-325.5,0,1,0,1,;
custom,cuboid,bombexplosiontex,0.5,3,2,1,0,0.8,0.5,99999,99999,-651.5,30.5,-285.5,0,1,0,1,;
custom,cuboid,bombexplosiontex,0.5,3,2,1,0,0.8,0.5,99999,99999,-691.5,30.5,-245.5,0,1,0,1,;

custom,cuboid,bombexplosiontex,0.5,3,2,1,1,0,0,99999,99999,-719,30.5,-230.5,0,0,1,0,;
custom,cuboid,bombexplosiontex,0.5,3,2,1,1,0,0,99999,99999,-759,30.5,-190.5,0,0,1,0,;
custom,cuboid,bombexplosiontex,0.5,3,2,1,1,0,0,99999,99999,-799,30.5,-150.5,0,0,1,0,;
custom,cuboid,bombexplosiontex,0.5,3,2,1,1,0,0,99999,99999,-839,30.5,-110.5,0,0,1,0,;
custom,cuboid,bombexplosiontex,0.5,3,2,1,1,0,0,99999,99999,-879,30.5,-70.5,0,0,1,0,;
custom,cuboid,bombexplosiontex,0.5,3,2,1,1,0,0,99999,99999,-919,30.5,-30.5,0,0,1,0,;
custom,cuboid,bombexplosiontex,0.5,3,2,1,1,0,0,99999,99999,-959,30.5,9.5,0,0,1,0,;
custom,cuboid,bombexplosiontex,0.5,3,2,1,1,0,0,99999,99999,-999,30.5,49.5,0,0,1,0,;

custom,cuboid,bombexplosiontex,0.5,3,2,1,1,0,0,99999,99999,-731.5,30.5,-205.5,0,1,0,1,;
custom,cuboid,bombexplosiontex,0.5,3,2,1,1,0,0,99999,99999,-771.5,30.5,-165.5,0,1,0,1,;
custom,cuboid,bombexplosiontex,0.5,3,2,1,1,0,0,99999,99999,-811.5,30.5,-125.5,0,1,0,1,;
custom,cuboid,bombexplosiontex,0.5,3,2,1,1,0,0,99999,99999,-851.5,30.5,-85.5,0,1,0,1,;
custom,cuboid,bombexplosiontex,0.5,3,2,1,1,0,0,99999,99999,-891.5,30.5,-45.5,0,1,0,1,;
custom,cuboid,bombexplosiontex,0.5,3,2,1,1,0,0,99999,99999,-931.5,30.5,-5.5,0,1,0,1,;
custom,cuboid,bombexplosiontex,0.5,3,2,1,1,0,0,99999,99999,-971.5,30.5,34.5,0,1,0,1,;
custom,cuboid,bombexplosiontex,0.5,3,2,1,1,0,0,99999,99999,-1011.5,30.5,74.5,0,1,0,1,;

racing,killCuboid,0.5,3,2,-1039,30.5,89.5,0,0,1,0;
racing,killCuboid,0.5,3,2,-1079,30.5,129.5,0,0,1,0;
racing,killCuboid,0.5,3,2,-1119,30.5,169.5,0,0,1,0;
racing,killCuboid,0.5,3,2,-1159,30.5,209.5,0,0,1,0;

racing,killCuboid,0.5,3,2,-1051.5,30.5,114.5,0,1,0,1;
racing,killCuboid,0.5,3,2,-1091.5,30.5,154.5,0,1,0,1;
racing,killCuboid,0.5,3,2,-1131.5,30.5,194.5,0,1,0,1;
racing,killCuboid,0.5,3,2,-1171.5,30.5,234.5,0,1,0,1;

custom,cuboid,stone2,0.5,3,4,0,0,0,0,1,1,-1199,30.5,259.5,0,0,1,0,;

custom,cuboid,stone6,8,0.5,4,0,1,0,0,2,1,-1179,13,237,0,1,0,1;

custom,cuboid,stone2,0.5,3,4,0,0,0,0,1,1,-1179,30.5,279.5,1,0,1,0;

racing,killCuboid,5,0.5,4,-1179,13.01,227,0,1,0,1;

racing,endCuboid,0.2,3,4,-1179,30.5,251,1,0,1,0;

custom,cuboid,stone6,6,0.5,4,0,1,0,0,1,1,301,13,-1313,0,1,0,1;

racing,killCuboid,6,0.5,4,301,13.01,-1273,0,1,0,1;

custom,cuboid,stone2,0.5,3,15,0,1,0,0,3,1,318.5,30.5,-1275.5,0,0,1,0;

custom,cuboid,stone2,0.5,3,10,0,1,0,0,3,1,283.5,30.5,-1288,0,0,1,0;

custom,cuboid,stone2,0.5,3,4,0,0,0,0,1,1,301,30.5,-1340.5,1,0,1,0;

racing,startCuboid,0.2,3,4,301,30.5,-1302,1,0,1,0;

misc,barrier,200,0.5,200,-599,45,-363,0,1,0,1;

racing,checkpointCuboid,0.5,4,6,-724.6581,23.29997,-231.7117,0,0,1,0;

racing,checkpointCuboid,0.5,4,7,-214.0782,25.29998,-721.4339,0,0.7071068,0,0.7071068;

spawnpoint,playerC,297.2863,23.13972,-1324.772,0,0.9999782,0,-0.006604548;
spawnpoint,playerM,300.7482,29.81122,-1314.809,0,0.9999794,0,0.006411107;

map,disablebounds;
