custom,killcuboid,cannonballtex,1000,1,1000,0,1,1,1,1000,1000,0,15000,0,0,0,0,1;
misc,barrier,1000,0.95,1000,0,15000,0,0,0,0,1;
custom,killcylinder,bombtex,10,1500,10,0,1,1,1,100,15000,0,0,0,0,0,0,1;
custom,killcylinder,bombtex,10,1500,10,0,1,1,1,100,15000,0,0,0,0,0.382515,0,0.9239493;
racing,killcuboid,1,8,50,50,15045,200.4072,0,0,0,1;
racing,killcuboid,1,8,50,-50,15045,200.4072,0,0,0,1;
racing,killcuboid,0.5,8,0.5,0,15045,0.4072495,0,0,0,1;
racing,killcuboid,0.5,8,0.5,0,15045,100.4072,0,0,0,1;
racing,killcuboid,0.5,8,0.5,13.24637,15045,200.4072,0,0,0,1;
racing,killcuboid,0.5,8,0.5,0,15045,300.4074,0,0,0,1;
racing,killcuboid,0.5,8,0.5,0,15045,400.4073,0,0,0,1;
racing,killcuboid,0.5,8,0.5,25,15045,50.40725,0,0.382515,0,0.9239493;
racing,killcuboid,0.5,8,0.5,25,15045,150.4072,0,0.382515,0,0.9239493;
racing,killcuboid,0.5,8,0.5,25,15045,250.4072,0,0.382515,0,0.9239493;
racing,killcuboid,0.5,8,0.5,25,15045,350.4074,0,0.382515,0,0.9239493;
racing,killcuboid,0.5,8,0.5,-25,15045,50.40725,0,0.382515,0,0.9239493;
racing,killcuboid,0.5,8,0.5,-25,15045,150.4072,0,0.382515,0,0.9239493;
racing,killcuboid,0.5,8,0.5,-25,15045,250.4072,0,0.382515,0,0.9239493;
racing,killcuboid,0.5,8,0.5,-25,15045,350.4074,0,0.382515,0,0.9239493;
racing,killCuboid,9,1.1,50,0,15000,200.4072,0,0,0,1;
racing,killCuboid,20,8,1,0,15045,650.4084,0,0,0,1;
racing,killCuboid,5,8,1,100,15045,650.4084,0,0.382515,0,0.9239493;
racing,killCuboid,5,8,1,100,15045,650.4084,0,-0.382515,0,0.9239493;
racing,killCuboid,5,8,1,-100,15045,650.4084,0,0.382515,0,0.9239493;
racing,killCuboid,5,8,1,-100,15045,650.4084,0,-0.382515,0,0.9239493;
racing,killCuboid,5,8,1,50,15045,750.409,0,0.382515,0,0.9239493;
racing,killCuboid,5,8,1,50,15045,750.409,0,-0.382515,0,0.9239493;
racing,killCuboid,5,8,1,-50,15045,750.409,0,0.382515,0,0.9239493;
racing,killCuboid,5,8,1,-50,15045,750.409,0,-0.382515,0,0.9239493;
racing,killCuboid,20,8,1,0,15045,850.4094,0,0,0,1;
racing,killCuboid,5,8,1,100,15045,850.4094,0,0.382515,0,0.9239493;
racing,killCuboid,5,8,1,100,15045,850.4094,0,-0.382515,0,0.9239493;
racing,killCuboid,5,8,1,-100,15045,850.4094,0,0.382515,0,0.9239493;
racing,killCuboid,5,8,1,-100,15045,850.4094,0,-0.382515,0,0.9239493;
racing,killCuboid,5,8,1,50,15045,950.4094,0,0.382515,0,0.9239493;
racing,killCuboid,5,8,1,50,15045,950.4094,0,-0.382515,0,0.9239493;
racing,killCuboid,5,8,1,-50,15045,950.4094,0,0.382515,0,0.9239493;
racing,killCuboid,5,8,1,-50,15045,950.4094,0,-0.382515,0,0.9239493;
racing,killCuboid,40,1.1,50,0,15000,800.4094,0,0,0,1;
racing,killCuboid,11,50,1,-380,15255,1300,0,0.7071068,0,0.7071068;
racing,killCuboid,11,50,1,380,15255,1300,0,0.7071068,0,0.7071068;
racing,killCuboid,10,31,1,50,15250,1300,0,0.7071068,0,0.7071068;
racing,killCuboid,10,49.53927,1,-50,15250,1300,0,0.7071068,0,0.7071068;
racing,killCuboid,22,1,10,165,15400,1300,0,0,0,1;
racing,killcuboid,75,2,11,0,15495,1300,0,0,0,1;
racing,killCylinder,15,5,15,212.5,15245,1300,0.7071068,0,0,0.7071068;
racing,killcuboid,16.25,1,10,293.75,15315,1300,0,0,0,1;
racing,killcuboid,16.25,1,10,293.75,15175,1300,0,0,0,1;
racing,killCuboid,10,1,50,0,15090,1600,0,0,0,1;
racing,killCuboid,10,8,1,50,15125,1800,0,0.7071068,0,0.7071068;
racing,killCuboid,10,8,1,-50,15125,1800,0,0.7071068,0,0.7071068;
racing,killCuboid,10,8,1,140,15125,1800,0,0.7071068,0,0.7071068;
racing,killCuboid,10,8,1,-140,15125,1800,0,0.7071068,0,0.7071068;
racing,killCuboid,10,8,1,50,15045,1800,0,0.7071068,0,0.7071068;
racing,killCuboid,10,8,1,-50,15045,1800,0,0.7071068,0,0.7071068;
racing,killCuboid,10,8,1,140,15045,1800,0,0.7071068,0,0.7071068;
racing,killCuboid,10,8,1,-140,15045,1800,0,0.7071068,0,0.7071068;
racing,killCuboid,49,1,65,0,15170,1680,0,0,0,1;
racing,killCylinder,10,8,10,95,15085,1850,0,0,0,1;
racing,killCylinder,10,8,10,-95,15085,1850,0,0,0,1;
racing,killCuboid,10,1,40,190,15090,1650,0,0,0,1;
racing,killCuboid,10,1,40,-190,15090,1650,0,0,0,1;
racing,killCuboid,48,1,15,0,15090,1925,0,0,0,1;
racing,killCuboid,19,-8,1,0,15045,1895,0,0,0,1;
racing,killcuboid,1,8,30,150,15125,-399.5904,0,0,0,1;
racing,killcuboid,1,8,30,-150,15125,-399.5904,0,0,0,1;
racing,killcuboid,1,8,30,0,15125,-249.5913,0,0.7071068,0,0.7071068;
racing,killcuboid,1,8,30,0,15125,-549.5898,0,0.7071068,0,0.7071068;
racing,killcuboid,1,8,30,150,15285,-399.5904,0,0,0,1;
racing,killcuboid,1,8,30,-150,15285,-399.5904,0,0,0,1;
racing,killcuboid,1,8,30,0,15285,-549.5898,0,0.7071068,0,0.7071068;
racing,killcuboid,1,8,10,100,15285,-249.5913,0,0.7071068,0,0.7071068;
racing,killcuboid,1,8,10,-100,15285,-249.5913,0,0.7071068,0,0.7071068;
racing,killcuboid,10,1,30,0,15010,-399.5904,0,0,0,1;
racing,killcuboid,7.5,1,30,0,15020,-399.5904,0,0.2425356,0,0.9701425;
racing,killcuboid,7.5,1,30,0,15030,-399.5904,0,0.4472136,0,0.8944272;
racing,killcuboid,7.5,1,30,0,15040,-399.5904,0,0.6,0,0.8;
racing,killcuboid,7.5,1,30,0,15050,-399.5904,0,0.7071068,0,0.7071068;
racing,killcuboid,7.5,1,30,0,15060,-399.5904,0,-0.6,0,0.8;
racing,killcuboid,7.5,1,30,0,15070,-399.5904,0,-0.4472136,0,0.8944272;
racing,killcuboid,7.5,1,30,0,15080,-399.5904,0,-0.2425356,0,0.9701425;
racing,killcuboid,7.5,1,30,0,15090,-399.5904,0,0,0,1;
racing,killcuboid,7.5,1,30,0,15100,-399.5904,0,0.2425356,0,0.9701425;
racing,killcuboid,7.5,1,30,0,15110,-399.5904,0,0.4472136,0,0.8944272;
racing,killcuboid,7.5,1,30,0,15120,-399.5904,0,0.6,0,0.8;
racing,killcuboid,7.5,1,30,0,15130,-399.5904,0,0.7071068,0,0.7071068;
racing,killcuboid,7.5,1,30,0,15140,-399.5904,0,-0.6,0,0.8;
racing,killcuboid,7.5,1,30,0,15150,-399.5904,0,-0.4472136,0,0.8944272;
racing,killcuboid,7.5,1,30,0,15160,-399.5904,0,-0.2425356,0,0.9701425;
racing,killcuboid,7.5,1,30,0,15170,-399.5904,0,0,0,1;
racing,killcuboid,7.5,1,30,0,15180,-399.5904,0,0.2425356,0,0.9701425;
racing,killcuboid,7.5,1,30,0,15190,-399.5904,0,0.4472136,0,0.8944272;
racing,killcuboid,7.5,1,30,0,15200,-399.5904,0,0.6,0,0.8;
racing,killcuboid,7.5,1,30,0,15210,-399.5904,0,0.7071068,0,0.7071068;
racing,killcuboid,7.5,1,30,0,15220,-399.5904,0,-0.6,0,0.8;
racing,killcuboid,7.5,1,30,0,15230,-399.5904,0,-0.4472136,0,0.8944272;
racing,killcuboid,7.5,1,30,0,15240,-399.5904,0,-0.2425356,0,0.9701425;
racing,killcuboid,10,1,30,0,15250,-399.5904,0,0,0,1;
racing,killcuboid,1,8,15,-100,15125,-499.5899,0,-0.382515,0,0.9239493;
racing,killcuboid,1,8,15,100,15125,-499.5899,0,0.382515,0,0.9239493;
racing,killcuboid,1,8,15,-100,15125,-299.591,0,0.382515,0,0.9239493;
racing,killcuboid,1,8,15,100,15125,-299.591,0,-0.382515,0,0.9239493;
racing,killcuboid,1,6,12,-100,15125,-499.5899,0,-0.382515,0,0.9239493;
racing,killcuboid,1,6,12,100,15125,-499.5899,0,0.382515,0,0.9239493;
racing,killcuboid,1,6,12,-100,15125,-299.591,0,0.382515,0,0.9239493;
racing,killcuboid,1,6,12,100,15125,-299.591,0,-0.382515,0,0.9239493;
racing,killcuboid,1,8,15,-100,15285,-499.5899,0,-0.382515,0,0.9239493;
racing,killcuboid,1,8,15,100,15285,-499.5899,0,0.382515,0,0.9239493;
racing,killcuboid,1,8,15,-100,15285,-299.591,0,0.382515,0,0.9239493;
racing,killcuboid,1,8,15,100,15285,-299.591,0,-0.382515,0,0.9239493;
racing,killcuboid,1,6,12,-100,15285,-499.5899,0,-0.382515,0,0.9239493;
racing,killcuboid,1,6,12,100,15285,-499.5899,0,0.382515,0,0.9239493;
racing,killcuboid,1,6,12,-100,15285,-299.591,0,0.382515,0,0.9239493;
racing,killcuboid,1,6,12,100,15285,-299.591,0,-0.382515,0,0.9239493;
racing,killCuboid,15,1,10,0,15090,-199.5922,0,0,0,1;
racing,killCuboid,10,1,10,100,15170,-199.5922,0,0,0,1;
racing,killCuboid,10,1,10,-100,15170,-199.5922,0,0,0,1;
custom,cuboid,cannonregionmat,0.1,8,0.1,0,1,1,1,1,1,40,15045,-139.5929,0,0,0,1;
custom,cuboid,cannonregionmat,0.1,8,0.1,0,1,1,1,1,1,-40,15045,-139.5929,0,0,0,1;
custom,cuboid,cannonregionmat,0.1,8,0.1,0,1,1,1,1,1,100,15045,50.40725,0,0,0,1;
custom,cuboid,cannonregionmat,0.1,8,0.1,0,1,1,1,1,1,100,15045,150.4072,0,0,0,1;
custom,cuboid,cannonregionmat,0.1,8,0.1,0,1,1,1,1,1,100,15045,250.4072,0,0,0,1;
custom,cuboid,cannonregionmat,0.1,8,0.1,0,1,1,1,1,1,100,15045,350.4074,0,0,0,1;
custom,cuboid,cannonregionmat,0.1,8,0.1,0,1,1,1,1,1,-100,15045,50.40725,0,0,0,1;
custom,cuboid,cannonregionmat,0.1,8,0.1,0,1,1,1,1,1,-100,15045,150.4072,0,0,0,1;
custom,cuboid,cannonregionmat,0.1,8,0.1,0,1,1,1,1,1,-100,15045,250.4072,0,0,0,1;
custom,cuboid,cannonregionmat,0.1,8,0.1,0,1,1,1,1,1,-100,15045,350.4074,0,0,0,1;
custom,cuboid,cannonregionmat,0.1,8,0.1,0,1,1,1,1,1,40,15045,450.4073,0,0,0,1;
custom,cuboid,cannonregionmat,0.1,8,0.1,0,1,1,1,1,1,-40,15045,450.4073,0,0,0,1;
custom,cuboid,cannonregionmat,0.1,8,0.1,0,1,1,1,1,1,40,15045,550.4081,0,0,0,1;
custom,cuboid,cannonregionmat,0.1,8,0.1,0,1,1,1,1,1,-40,15045,550.4081,0,0,0,1;
custom,cuboid,cannonregionmat,0.1,8,0.1,0,1,1,1,1,1,0,15045,650.4084,0,0,0,1;
custom,cuboid,cannonregionmat,0.1,8,0.1,0,1,1,1,1,1,0,15045,850.4094,0,0,0,1;
custom,cuboid,cannonregionmat,0.1,8,0.1,0,1,1,1,1,1,40,15045,1050.404,0,0,0,1;
custom,cuboid,cannonregionmat,0.1,8,0.1,0,1,1,1,1,1,-40,15045,1050.404,0,0,0,1;
custom,cuboid,cannonregionmat,0.1,9,0.1,0,1,1,1,1,1,212.5,15245,1300,0.7071068,0,0,0.7071068;
custom,cuboid,cannonregionmat,0.1,9,0.1,0,1,1,1,1,1,270,15090,1300,0.7071068,0,0,0.7071068;
custom,cuboid,cannonregionmat,0.1,9,0.1,0,1,1,1,1,1,270,15400,1300,0.7071068,0,0,0.7071068;
custom,cuboid,cannonregionmat,0.1,9,0.1,0,1,1,1,1,1,60,15400,1300,0.7071068,0,0,0.7071068;
custom,cuboid,cannonregionmat,0.1,9,0.1,0,1,1,1,1,1,0,15170,1340,0,0,0.7071068,0.7071068;
custom,cuboid,cannonregionmat,0.1,8,0.1,0,1,1,1,1,1,-40,15045,1250,0,1,0,0;
custom,cuboid,cannonregionmat,0.1,8,0.1,0,1,1,1,1,1,40,15045,1250,0,1,0,0;
custom,cuboid,cannonregionmat,0.1,16,0.1,0,1,1,1,1,1,95,15085,1850,0,0,0,1;
custom,cuboid,cannonregionmat,0.1,16,0.1,0,1,1,1,1,1,-95,15085,1850,0,0,0,1;
custom,cuboid,cannonregionmat,0.1,9,0.1,0,1,1,1,1,1,190,15090,1455,0,0,0.7071068,0.7071068;
custom,cuboid,cannonregionmat,0.1,9,0.1,0,1,1,1,1,1,-190,15090,1455,0,0,0.7071068,0.7071068;
custom,cuboid,cannonregionmat,0.1,8,0.1,0,1,1,1,1,1,-40,15045,2000,0,1,0,0;
custom,cuboid,cannonregionmat,0.1,8,0.1,0,1,1,1,1,1,40,15045,2000,0,1,0,0;
custom,cuboid,cannonregionmat,0.1,32,0.1,0,1,1,1,1,1,0,15165,-349.5911,0,0.7071068,0,0.7071068;
custom,cuboid,cannonregionmat,0.1,32,0.1,0,1,1,1,1,1,0,15165,-449.5903,0,0.7071068,0,0.7071068;
custom,cuboid,cannonregionmat,0.1,32,0.1,0,1,1,1,1,1,50,15165,-399.5904,0,0.7071068,0,0.7071068;
custom,cuboid,cannonregionmat,0.1,32,0.1,0,1,1,1,1,1,-50,15165,-399.5904,0,0.7071068,0,0.7071068;
custom,cuboid,cannonregionmat,0.09999996,8,0.1,0,1,1,1,1,1,70.77977,15090,-199.5922,0.7071068,0,0,0.7071068;
custom,cuboid,cannonregionmat,0.1,8,0.1,0,1,1,1,1,1,54.86581,15170,-199.5922,0.7071068,0,0,0.7071068;
custom,cuboid,cannonregionmat,0.1,8,0.1,0,1,1,1,1,1,-56.16999,15170,-199.5922,0.7071068,0,0,0.7071068;
custom,cuboid,cannonregionmat,0.1,8,0.1,0,1,1,1,1,1,-0.01815459,15255.5,-249.5913,0,0,-0.7072507,0.7069629;
custom,killcylinder,house7mat,10,4,10,0,1,1,1,0.1,0.4,0,15045,-399.5904,0,0.7071068,0,0.7071068;
custom,killcylinder,house7mat,10,4,10,0,1,1,1,0.1,0.4,0,15125,-399.5904,0,0.7071068,0,0.7071068;
custom,killcylinder,house7mat,10,4,10,0,1,1,1,0.1,0.4,0,15205,-399.5904,0,0.7071068,0,0.7071068;
custom,killcylinder,house7mat,10,4,10,0,1,1,1,0.1,0.4,0,15285,-399.5904,0,0.7071068,0,0.7071068;
custom,killcuboid,house7mat,1,8,10,0,1,1,1,0.1,0.4,50,15045,-99.59275,0,0,0,1;
custom,killcuboid,house7mat,1,8,10,0,1,1,1,0.1,0.4,-50,15045,-99.59275,0,0,0,1;
custom,killcuboid,house7mat,1,8,10,0,1,1,1,0.1,0.4,100,15045,-49.59275,0,0.7071068,0,0.7071068;
custom,killcuboid,house7mat,1,8,10,0,1,1,1,0.1,0.4,-100,15045,-49.59275,0,0.7071068,0,0.7071068;
custom,killcuboid,house7mat,1,8,10,0,1,1,1,0.1,0.4,100,15045,450.4073,0,0.7071068,0,0.7071068;
custom,killcuboid,house7mat,1,8,10,0,1,1,1,0.1,0.4,-100,15045,450.4073,0,0.7071068,0,0.7071068;
custom,killcuboid,house7mat,1,8,50,0,1,1,1,0.1,0.4,-150,15045,200.4072,0,0,0,1;
custom,killcuboid,house7mat,1,8,50,0,1,1,1,0.1,0.4,150,15045,200.4072,0,0,0,1;
custom,killcuboid,house7mat,1,8,10,0,1,1,1,0.1,0.4,50,15045,500.4073,0,0,0,1;
custom,killcuboid,house7mat,1,8,10,0,1,1,1,0.1,0.4,-50,15045,500.4073,0,0,0,1;
custom,killcuboid,house7mat,1,8,15,0,1,1,1,0.1,0.4,125,15045,550.4081,0,0.7071068,0,0.7071068;
custom,killcuboid,house7mat,1,8,15,0,1,1,1,0.1,0.4,-125,15045,550.4081,0,0.7071068,0,0.7071068;
custom,killcuboid,house7mat,1,8,50,0,1,1,1,0.1,0.4,-200,15045,800.4094,0,0,0,1;
custom,killcuboid,house7mat,1,8,50,0,1,1,1,0.1,0.4,200,15045,800.4094,0,0,0,1;
custom,killcuboid,house7mat,1,8,15,0,1,1,1,0.1,0.4,125,15045,1050.404,0,0.7071068,0,0.7071068;
custom,killcuboid,house7mat,1,8,15,0,1,1,1,0.1,0.4,-125,15045,1050.404,0,0.7071068,0,0.7071068;
custom,killcuboid,house7mat,1,8,10,0,1,1,1,0.1,0.4,50,15045,1100.404,0,0,0,1;
custom,killcuboid,house7mat,1,8,10,0,1,1,1,0.1,0.4,-50,15045,1100.404,0,0,0,1;
custom,killcuboid,house7mat,1,8,10,0,1,1,1,0.1,0.4,-50,15045,1200,0,0,0,1;
custom,killcuboid,house7mat,1,8,10,0,1,1,1,0.1,0.4,50,15045,1200,0,0,0,1;
custom,killcuboid,house7mat,1,8,75,0,1,1,1,0.1,0.4,0,15045,1350,0,0.7071068,0,0.7071068;
custom,killcuboid,house7mat,1,8,32.5,0,1,1,1,0.1,0.4,212.5,15045,1250,0,0.7071068,0,0.7071068;
custom,killcuboid,house7mat,1,8,32.5,0,1,1,1,0.1,0.4,-212.5,15045,1250,0,0.7071068,0,0.7071068;
custom,killcuboid,house7mat,1,8,75,0,1,1,1,0.1,0.4,0,15125,1250,0,0.7071068,0,0.7071068;
custom,killcuboid,house7mat,1,8,75,0,1,1,1,0.1,0.4,0,15205,1250,0,0.7071068,0,0.7071068;
custom,killcuboid,house7mat,1,8,75,0,1,1,1,0.1,0.4,0,15285,1250,0,0.7071068,0,0.7071068;
custom,killcuboid,house7mat,1,8,75,0,1,1,1,0.1,0.4,0,15365,1250,0,0.7071068,0,0.7071068;
custom,killcuboid,house7mat,1,8,75,0,1,1,1,0.1,0.4,0,15445,1250,0,0.7071068,0,0.7071068;
custom,killcuboid,house7mat,1,8,32.5,0,1,1,1,0.1,0.4,212.5,15125,1350,0,0.7071068,0,0.7071068;
custom,killcuboid,house7mat,1,8,32.5,0,1,1,1,0.1,0.4,-212.5,15125,1350,0,0.7071068,0,0.7071068;
custom,killcuboid,house7mat,1,8,75,0,1,1,1,0.1,0.4,0,15205,1350,0,0.7071068,0,0.7071068;
custom,killcuboid,house7mat,1,8,75,0,1,1,1,0.1,0.4,0,15285,1350,0,0.7071068,0,0.7071068;
custom,killcuboid,house7mat,1,8,75,0,1,1,1,0.1,0.4,0,15365,1350,0,0.7071068,0,0.7071068;
custom,killcuboid,house7mat,1,8,75,0,1,1,1,0.1,0.4,0,15445,1350,0,0.7071068,0,0.7071068;
custom,killcuboid,house7mat,1,8,40,0,1,1,1,0.1,0.4,50,15125,1550,0,0,0,1;
custom,killcuboid,house7mat,1,8,40,0,1,1,1,0.1,0.4,-50,15125,1550,0,0,0,1;
custom,killcuboid,house7mat,1,8,40,0,1,1,1,0.1,0.4,140,15125,1550,0,0,0,1;
custom,killcuboid,house7mat,1,8,65,0,1,1,1,0.1,0.4,240,15125,1675,0,0,0,1;
custom,killcuboid,house7mat,1,8,40,0,1,1,1,0.1,0.4,-140,15125,1550,0,0,0,1;
custom,killcuboid,house7mat,1,8,65,0,1,1,1,0.1,0.4,-240,15125,1675,0,0,0,1;
custom,killcuboid,house7mat,1,8,40,0,1,1,1,0.1,0.4,50,15045,1550,0,0,0,1;
custom,killcuboid,house7mat,1,8,40,0,1,1,1,0.1,0.4,-50,15045,1550,0,0,0,1;
custom,killcuboid,house7mat,1,8,40,0,1,1,1,0.1,0.4,140,15045,1550,0,0,0,1;
custom,killcuboid,house7mat,1,8,65,0,1,1,1,0.1,0.4,240,15045,1675,0,0,0,1;
custom,killcuboid,house7mat,1,8,40,0,1,1,1,0.1,0.4,-140,15045,1550,0,0,0,1;
custom,killcuboid,house7mat,1,8,65,0,1,1,1,0.1,0.4,-240,15045,1675,0,0,0,1;
custom,killcuboid,house7mat,1,8,48,0,1,1,1,0.1,0.4,0,15125,2000,0,0.7071068,0,0.7071068;
custom,killcuboid,house7mat,1,8,19,0,1,1,1,0.1,0.4,145,15045,2000,0,0.7071068,0,0.7071068;
custom,killcuboid,house7mat,1,8,19,0,1,1,1,0.1,0.4,-145,15045,2000,0,0.7071068,0,0.7071068;
custom,killcuboid,house7mat,1,8,20,0,1,1,1,0.1,0.4,150,15045,-549.5898,0,0.7071068,0,0.7071068;
custom,killcuboid,house7mat,1,8,20,0,1,1,1,0.1,0.4,-150,15045,-549.5898,0,0.7071068,0,0.7071068;
custom,killcuboid,house7mat,1,8,30,0,1,1,1,0.1,0.4,150,15045,-399.5904,0,0,0,1;
custom,killcuboid,house7mat,1,8,30,0,1,1,1,0.1,0.4,-150,15045,-399.5904,0,0,0,1;
custom,killcuboid,house7mat,1,8,30,0,1,1,1,0.1,0.4,0,15045,-249.5913,0,0.7071068,0,0.7071068;
custom,killcuboid,house7mat,1,8,30,0,1,1,1,0.1,0.4,150,15205,-399.5904,0,0,0,1;
custom,killcuboid,house7mat,1,8,30,0,1,1,1,0.1,0.4,-150,15205,-399.5904,0,0,0,1;
custom,killcuboid,house7mat,1,8,30,0,1,1,1,0.1,0.4,0,15205,-249.5913,0,0.7071068,0,0.7071068;
custom,killcuboid,house7mat,1,8,30,0,1,1,1,0.1,0.4,0,15205,-549.5898,0,0.7071068,0,0.7071068;
custom,killcuboid,house7mat,1,8,15,0,1,1,1,0.1,0.4,-100,15045,-499.5899,0,-0.382515,0,0.9239493;
custom,killcuboid,house7mat,1,8,15,0,1,1,1,0.1,0.4,100,15045,-499.5899,0,0.382515,0,0.9239493;
custom,killcuboid,house7mat,1,8,15,0,1,1,1,0.1,0.4,-100,15045,-299.591,0,0.382515,0,0.9239493;
custom,killcuboid,house7mat,1,8,15,0,1,1,1,0.1,0.4,100,15045,-299.591,0,-0.382515,0,0.9239493;
custom,killcuboid,house7mat,1,8,15,0,1,1,1,0.1,0.4,-100,15205,-499.5899,0,-0.382515,0,0.9239493;
custom,killcuboid,house7mat,1,8,15,0,1,1,1,0.1,0.4,100,15205,-499.5899,0,0.382515,0,0.9239493;
custom,killcuboid,house7mat,1,8,15,0,1,1,1,0.1,0.4,-100,15205,-299.591,0,0.382515,0,0.9239493;
custom,killcuboid,house7mat,1,8,15,0,1,1,1,0.1,0.4,100,15205,-299.591,0,-0.382515,0,0.9239493;
custom,killcuboid,house7mat,31,1,31,0,1,1,1,0.1,0.1,0,15330,-399.5904,0,0.7071068,0,0.7071068;
custom,killcuboid,house7mat,10,1,31,0,1,1,1,0.1,0.1,0,15330,-199.5922,0,0.7071068,0,0.7071068;
custom,killcuboid,house7mat,1,8,10,0,1,1,1,0.1,0.4,150,15045,-199.5922,0,0,0,1;
custom,killcuboid,house7mat,1,8,10,0,1,1,1,0.1,0.4,-150,15045,-199.5922,0,0,0,1;
custom,killcuboid,house7mat,1,8,10,0,1,1,1,0.1,0.4,150,15125,-199.5922,0,0,0,1;
custom,killcuboid,house7mat,1,8,10,0,1,1,1,0.1,0.4,-150,15125,-199.5922,0,0,0,1;
custom,killcuboid,house7mat,1,8,10,0,1,1,1,0.1,0.4,150,15205,-199.5922,0,0,0,1;
custom,killcuboid,house7mat,1,8,10,0,1,1,1,0.1,0.4,-150,15205,-199.5922,0,0,0,1;
custom,killcuboid,house7mat,1,8,10,0,1,1,1,0.1,0.4,150,15285,-199.5922,0,0,0,1;
custom,killcuboid,house7mat,1,8,10,0,1,1,1,0.1,0.4,-150,15285,-199.5922,0,0,0,1;
custom,killcuboid,house7mat,1,8,10,0,1,1,1,0.1,0.4,100,15045,-149.5925,0,0.7071068,0,0.7071068;
custom,killcuboid,house7mat,1,8,10,0,1,1,1,0.1,0.4,-100,15045,-149.5925,0,0.7071068,0,0.7071068;
custom,killcuboid,house7mat,1,8,30,0,1,1,1,0.1,0.4,0,15125,-149.5925,0,0.7071068,0,0.7071068;
custom,killcuboid,house7mat,1,8,30,0,1,1,1,0.1,0.4,0,15205,-149.5925,0,0.7071068,0,0.7071068;
custom,killcuboid,house7mat,1,8,30,0,1,1,1,0.1,0.4,0,15285,-149.5925,0,0.7071068,0,0.7071068;
custom,killcuboid,house7mat,1,8,15,0,1,1,1,0.1,0.4,50,15045,-474.5903,0,0,0,1;
custom,killcuboid,house7mat,1,8,30,0,1,1,1,0.1,0.4,50,15285,-399.5904,0,0,0,1;
custom,killcuboid,house7mat,1,8,10,0,1,1,1,0.1,0.4,0,15045,-749.7385,0,0.7071068,0,0.7071068;
custom,killcuboid,house7mat,1,8,20,0,1,1,1,0.1,0.4,50,15045,-649.7385,0,0,0,1;
custom,killcuboid,house7mat,1,8,20,0,1,1,1,0.1,0.4,-50,15045,-649.7385,0,0,0,1;
custom,killcuboid,house7mat,1,8,10,0,1,1,1,0.1,0.4,50,15045,2749.305,0,0,0,1;
custom,killcuboid,house7mat,1,8,10,0,1,1,1,0.1,0.4,-50,15045,2749.305,0,0,0,1;
custom,killcuboid,house7mat,1,8,10,0,1,1,1,0.1,0.4,100,15045,2799.305,0,0.7071068,0,0.7071068;
custom,killcuboid,house7mat,1,8,10,0,1,1,1,0.1,0.4,-100,15045,2799.305,0,0.7071068,0,0.7071068;
custom,killcuboid,house7mat,1,8,30,0,1,1,1,0.1,0.4,0,15045,2949.307,0,0.7071068,0,0.7071068;
custom,killcuboid,house7mat,1,8,15,0,1,1,1,0.1,0.4,150,15045,2874.306,0,0,0,1;
custom,killcuboid,house7mat,1,8,15,0,1,1,1,0.1,0.4,-150,15045,2874.306,0,0,0,1;
custom,killcuboid,house7mat,1,8,50,0,1,1,1,0.1,0.4,0,15045,2350.213,0,0,0,1;
custom,killcuboid,house7mat,1,8,70,0,1,1,1,0.1,0.4,200,15045,2350.213,0,0,0,1;
custom,killcuboid,house7mat,1,8,70,0,1,1,1,0.1,0.4,-200,15045,2350.213,0,0,0,1;
custom,killcuboid,house7mat,1,8,15,0,1,1,1,0.1,0.4,-125,15045,2700.213,0,0.7071068,0,0.7071068;
custom,killcuboid,house7mat,1,8,15,0,1,1,1,0.1,0.4,125,15045,2700.213,0,0.7071068,0,0.7071068;
misc,barrier,1,8,10,50,15045,-99.59275,0,0,0,1;
misc,barrier,1,8,10,-50,15045,-99.59275,0,0,0,1;
misc,barrier,1,8,10,100,15045,-49.59275,0,0.7071068,0,0.7071068;
misc,barrier,1,8,10,-100,15045,-49.59275,0,0.7071068,0,0.7071068;
misc,barrier,1,8,10,100,15045,450.4073,0,0.7071068,0,0.7071068;
misc,barrier,1,8,10,-100,15045,450.4073,0,0.7071068,0,0.7071068;
misc,barrier,1,8,50,-150,15045,200.4072,0,0,0,1;
misc,barrier,1,8,50,150,15045,200.4072,0,0,0,1;
misc,barrier,1,8,10,50,15045,500.4073,0,0,0,1;
misc,barrier,1,8,10,-50,15045,500.4073,0,0,0,1;
misc,barrier,1,8,15,125,15045,550.4081,0,0.7071068,0,0.7071068;
misc,barrier,1,8,15,-125,15045,550.4081,0,0.7071068,0,0.7071068;
misc,barrier,1,8,50,-200,15045,800.4094,0,0,0,1;
misc,barrier,1,8,50,200,15045,800.4094,0,0,0,1;
misc,barrier,1,8,15,125,15045,1050.404,0,0.7071068,0,0.7071068;
misc,barrier,1,8,15,-125,15045,1050.404,0,0.7071068,0,0.7071068;
misc,barrier,1,8,10,50,15045,1100.404,0,0,0,1;
misc,barrier,1,8,10,-50,15045,1100.404,0,0,0,1;
misc,barrier,1,8,10,-50,15045,1200,0,0,0,1;
misc,barrier,1,8,10,50,15045,1200,0,0,0,1;
misc,barrier,1,8,75,0,15045,1350,0,0.7071068,0,0.7071068;
misc,barrier,1,8,32.5,212.5,15045,1250,0,0.7071068,0,0.7071068;
misc,barrier,1,8,32.5,-212.5,15045,1250,0,0.7071068,0,0.7071068;
misc,barrier,1,8,75,0,15125,1250,0,0.7071068,0,0.7071068;
misc,barrier,1,8,75,0,15205,1250,0,0.7071068,0,0.7071068;
misc,barrier,1,8,75,0,15285,1250,0,0.7071068,0,0.7071068;
misc,barrier,1,8,75,0,15365,1250,0,0.7071068,0,0.7071068;
misc,barrier,1,8,75,0,15445,1250,0,0.7071068,0,0.7071068;
misc,barrier,1,8,32.5,212.5,15125,1350,0,0.7071068,0,0.7071068;
misc,barrier,1,8,32.5,-212.5,15125,1350,0,0.7071068,0,0.7071068;
misc,barrier,1,8,75,0,15205,1350,0,0.7071068,0,0.7071068;
misc,barrier,1,8,75,0,15285,1350,0,0.7071068,0,0.7071068;
misc,barrier,1,8,75,0,15365,1350,0,0.7071068,0,0.7071068;
misc,barrier,1,8,75,0,15445,1350,0,0.7071068,0,0.7071068;
misc,barrier,1,8,40,50,15125,1550,0,0,0,1;
misc,barrier,1,8,40,-50,15125,1550,0,0,0,1;
misc,barrier,1,8,40,140,15125,1550,0,0,0,1;
misc,barrier,1,8,65,240,15125,1675,0,0,0,1;
misc,barrier,1,8,40,-140,15125,1550,0,0,0,1;
misc,barrier,1,8,65,-240,15125,1675,0,0,0,1;
misc,barrier,1,8,40,50,15045,1550,0,0,0,1;
misc,barrier,1,8,40,-50,15045,1550,0,0,0,1;
misc,barrier,1,8,40,140,15045,1550,0,0,0,1;
misc,barrier,1,8,65,240,15045,1675,0,0,0,1;
misc,barrier,1,8,40,-140,15045,1550,0,0,0,1;
misc,barrier,1,8,65,-240,15045,1675,0,0,0,1;
misc,barrier,1,8,48,0,15125,2000,0,0.7071068,0,0.7071068;
misc,barrier,1,8,19,145,15045,2000,0,0.7071068,0,0.7071068;
misc,barrier,1,8,19,-145,15045,2000,0,0.7071068,0,0.7071068;
misc,barrier,1,8,20,150,15045,-549.5898,0,0.7071068,0,0.7071068;
misc,barrier,1,8,20,-150,15045,-549.5898,0,0.7071068,0,0.7071068;
misc,barrier,1,8,30,150,15045,-399.5904,0,0,0,1;
misc,barrier,1,8,30,-150,15045,-399.5904,0,0,0,1;
misc,barrier,1,8,30,0,15045,-249.5913,0,0.7071068,0,0.7071068;
misc,barrier,1,8,30,150,15205,-399.5904,0,0,0,1;
misc,barrier,1,8,30,-150,15205,-399.5904,0,0,0,1;
misc,barrier,1,8,30,0,15205,-249.5913,0,0.7071068,0,0.7071068;
misc,barrier,1,8,30,0,15205,-549.5898,0,0.7071068,0,0.7071068;
misc,barrier,1,8,15,-100,15045,-499.5899,0,-0.382515,0,0.9239493;
misc,barrier,1,8,15,100,15045,-499.5899,0,0.382515,0,0.9239493;
misc,barrier,1,8,15,-100,15045,-299.591,0,0.382515,0,0.9239493;
misc,barrier,1,8,15,100,15045,-299.591,0,-0.382515,0,0.9239493;
misc,barrier,1,8,15,-100,15205,-499.5899,0,-0.382515,0,0.9239493;
misc,barrier,1,8,15,100,15205,-499.5899,0,0.382515,0,0.9239493;
misc,barrier,1,8,15,-100,15205,-299.591,0,0.382515,0,0.9239493;
misc,barrier,1,8,15,100,15205,-299.591,0,-0.382515,0,0.9239493;
misc,barrier,31,1,31,0,15330,-399.5904,0,0.7071068,0,0.7071068;
misc,barrier,10,1,31,0,15330,-199.5922,0,0.7071068,0,0.7071068;
misc,barrier,1,8,10,150,15045,-199.5922,0,0,0,1;
misc,barrier,1,8,10,-150,15045,-199.5922,0,0,0,1;
misc,barrier,1,8,10,150,15125,-199.5922,0,0,0,1;
misc,barrier,1,8,10,-150,15125,-199.5922,0,0,0,1;
misc,barrier,1,8,10,150,15205,-199.5922,0,0,0,1;
misc,barrier,1,8,10,-150,15205,-199.5922,0,0,0,1;
misc,barrier,1,8,10,150,15285,-199.5922,0,0,0,1;
misc,barrier,1,8,10,-150,15285,-199.5922,0,0,0,1;
misc,barrier,1,8,10,100,15045,-149.5925,0,0.7071068,0,0.7071068;
misc,barrier,1,8,10,-100,15045,-149.5925,0,0.7071068,0,0.7071068;
misc,barrier,1,8,30,0,15125,-149.5925,0,0.7071068,0,0.7071068;
misc,barrier,1,8,30,0,15205,-149.5925,0,0.7071068,0,0.7071068;
misc,barrier,1,8,30,0,15285,-149.5925,0,0.7071068,0,0.7071068;
misc,barrier,1,8,15,50,15045,-474.5903,0,0,0,1;
misc,barrier,1,8,30,50,15285,-399.5904,0,0,0,1;
misc,barrier,1,8,10,50,15045,2749.305,0,0,0,1;
misc,barrier,1,8,10,-50,15045,2749.305,0,0,0,1;
misc,barrier,1,8,10,100,15045,2799.305,0,0.7071068,0,0.7071068;
misc,barrier,1,8,10,-100,15045,2799.305,0,0.7071068,0,0.7071068;
misc,barrier,1,8,30,0,15045,2949.307,0,0.7071068,0,0.7071068;
misc,barrier,1,8,15,150,15045,2874.306,0,0,0,1;
misc,barrier,1,8,15,-150,15045,2874.306,0,0,0,1;
misc,barrier,1,8,50,0,15045,2350.213,0,0,0,1;
misc,barrier,1,8,70,200,15045,2350.213,0,0,0,1;
misc,barrier,1,8,70,-200,15045,2350.213,0,0,0,1;
misc,barrier,1,8,15,-125,15045,2700.213,0,0.7071068,0,0.7071068;
misc,barrier,1,8,15,125,15045,2700.213,0,0.7071068,0,0.7071068;
custom,pyramid,metal1,5,5,5,0,1,1,1,0.01,0.4,0,15045,2899.306,0,0,0,1;
spawnpoint,playerC,0,15050,-699.7387,0,0,0,1;
spawnpoint,playerM,0,15050,-699.7387,0,0,0,1;
spawnpoint,playerC,5,15050,-699.7387,0,0,0,1;
spawnpoint,playerM,5,15050,-699.7387,0,0,0,1;
spawnpoint,playerC,-5,15050,-699.7387,0,0,0,1;
spawnpoint,playerM,-5,15050,-699.7387,0,0,0,1;
racing,startcuboid,10,8,1,0,15045,-549.7387,0,0,0,1;
custom,killcuboid,metal3,3,4.5,3,0,1,1,1,0.01,1,0,15027.5,-699.7387,0,0,0,1;
custom,killcuboid,metal3,5.5,3,3.5,0,1,1,1,0.01,1,0,15020,-699.7387,0,0,0,1;
custom,killcuboid,metal3,3.5,3.1,5.5,0,1,1,1,0.01,1,0,15020,-699.7387,0,0,0,1;
custom,killcuboid,metal3,7,1.5,7,0,1,1,1,0.01,1,0,15012.5,-699.7387,0,0,0,1;
misc,barrier,3,4.5,3,0,15027.5,-699.7387,0,0,0,1;
misc,barrier,5.5,3,3.5,0,15020,-699.7387,0,0,0,1;
misc,barrier,3.5,3.1,5.5,0,15020,-699.7387,0,0,0,1;
misc,barrier,7,1.5,7,0,15012.5,-699.7387,0,0,0,1;
custom,killcuboid,bombtex,3.1,4.4,3.1,0,1,1,1,30,44,0,15027.5,-699.7387,0,0,0,1;
custom,killcuboid,bombtex,5.4,2.9,3.6,0,1,1,1,55,29,0,15020,-699.7387,0,0,0,1;
custom,killcuboid,bombtex,3.4,3,5.6,0,1,1,1,35,30,0,15020,-699.7387,0,0,0,1;
custom,killcuboid,bombtex,5.6,2.9,3.4,0,1,1,1,36,29,0,15020,-699.7387,0,0,0,1;
custom,killcuboid,bombtex,3.6,3,5.4,0,1,1,1,56,30,0,15020,-699.7387,0,0,0,1;
custom,killcuboid,bombtex,7.1,1.4,7.1,0,1,1,1,70,14,0,15012.5,-699.7387,0,0,0,1;
custom,cuboid,cannonregionmat,0.1,8,0.1,0,1,1,1,1,1,40,15045,-549.7387,0,0,0,1;
custom,cuboid,cannonregionmat,0.1,8,0.1,0,1,1,1,1,1,-40,15045,-549.7387,0,0,0,1;
custom,cuboid,cannonregionmat,0.1,8,0.1,0,1,1,1,1,1,40,15045,-649.7385,0,0,0,1;
custom,cuboid,cannonregionmat,0.1,8,0.1,0,1,1,1,1,1,-40,15045,-649.7385,0,0,0,1;
custom,cuboid,cannonregionmat,0.1,8,0.1,0,1,1,1,1,1,40,15045,-739.7385,0,0,0,1;
custom,cuboid,cannonregionmat,0.1,8,0.1,0,1,1,1,1,1,-40,15045,-739.7385,0,0,0,1;
misc,barrier,1,8,10,0,15045,-749.7385,0,0.7071068,0,0.7071068;
misc,barrier,1,8,20,50,15045,-649.7385,0,0,0,1;
misc,barrier,1,8,20,-50,15045,-649.7385,0,0,0,1;
racing,killcuboid,0.5,8,0.5,-11.9531,15045,200.4072,0,0,0,1;
racing,killcuboid,32.55005,0.9999993,9.999996,112.6925,15090.07,1300,0,0,0,1;
racing,checkpointCuboid,10,4,1,0,15045,2749.305,0,0,0,1;
racing,endcuboid,10,8,1,0,15045,2799.305,0,0,0,1;
custom,killcuboid,metal1,3,0.1,3,1,1,1,0,0.01,1,0,15065,2899.306,0,0,0,1;
custom,killcuboid,metal3,5,0.1,5,0,1,1,1,0.01,1,0,15045,2899.306,0,0,0,1;
custom,killcuboid,brick1,7,0.1,7,0,1,1,1,0.01,1,0,15025,2899.306,0,0,0,1;
custom,killcuboid,bombtex,9.5,1.1,9.5,0,1,1,1,95,95,0,15000,2899.306,0,0,0,1;
misc,barrier,3,0.1,3,0,15065,2899.306,0,0,0,1;
misc,barrier,5,0.1,5,0,15045,2899.306,0,0,0,1;
misc,barrier,7,0.1,7,0,15025,2899.306,0,0,0,1;
racing,killCuboid,1,8,53,0,15045,2350.213,0,0.1819132,0,0.9833146;
racing,killCuboid,1,8,53,0,15045,2350.213,0,-0.1819132,0,0.9833146;
racing,killCuboid,40,1.1,70,0,15000,2350.213,0,0,0,1;
racing,killCuboid,1,8,27.25,-147.5,15045,2225.213,0,0.1819132,0,0.9833146;
racing,killCuboid,1,8,27.25,-147.5,15045,2475.213,0,-0.1819132,0,0.9833146;
racing,killCuboid,1,8,27.25,147.5,15045,2225.213,0,-0.1819132,0,0.9833146;
racing,killCuboid,1,8,27.25,147.5,15045,2475.213,0,0.1819132,0,0.9833146;
racing,killcuboid,1,8,20,0,15045,2100.213,0,0.7071068,0,0.7071068;
racing,killcuboid,1,8,20,0,15045,2600.213,0,0.7071068,0,0.7071068;
custom,cuboid,cannonregionmat,0.1,8,0.1,0,1,1,1,1,1,175,15045,2350.213,0,0,0,1;
custom,cuboid,cannonregionmat,0.1,8,0.1,0,1,1,1,1,1,-175,15045,2350.213,0,0,0,1;
custom,cuboid,cannonregionmat,0.1,8,0.1,0,1,1,1,1,1,50,15045,2150.213,0,0.7071068,0,0.7071068;
custom,cuboid,cannonregionmat,0.1,8,0.1,0,1,1,1,1,1,-50,15045,2150.213,0,0.7071068,0,0.7071068;
custom,cuboid,cannonregionmat,0.1,8,0.1,0,1,1,1,1,1,50,15045,2550.213,0,0.7071068,0,0.7071068;
custom,cuboid,cannonregionmat,0.1,8,0.1,0,1,1,1,1,1,-50,15045,2550.213,0,0.7071068,0,0.7071068;
custom,cuboid,cannonregionmat,0.1,8,0.1,0,1,1,1,1,1,-40,15045,2699.305,0,1,0,0;
custom,cuboid,cannonregionmat,0.1,8,0.1,0,1,1,1,1,1,40,15045,2699.305,0,1,0,0;
racing,killCuboid,47.11015,1.1,64.82317,0,15000,1676.118,0,0,0,1;
misc,barrier,7,8,7,-0.0930249,15045.03,-399.5493,0,0.382515,0,0.9239493;
misc,barrier,7,8,7,-0.0930249,15045.03,-399.5493,0,0.5223431,0,0.8527354;
misc,barrier,7,8,7,-0.0930249,15045.03,-399.5493,0,0.6493094,0,0.7605244;
misc,barrier,7,8,7,-0.0930249,15045.03,-399.5493,0,0.7602875,0,0.6495867;
misc,barrier,7,8,7,-0.0930249,15045.03,-399.5493,0,0.8525449,0,0.5226541;
misc,barrier,7,8,7,-0.0930249,15045.03,-399.5493,0,0.7069779,0,0.7072357;
misc,barrier,7,8,7,-0.0930249,15045.03,-399.5493,0,0.8089098,0,0.5879328;
misc,barrier,7,8,7,-0.0930249,15045.03,-399.5493,0,0.8909237,0,0.454153;
misc,barrier,7,8,7,-0.0930249,15045.03,-399.5493,0,0.9510002,0,0.3091904;
misc,barrier,7,8,7,-0.0930249,15045.03,-399.5493,0,0.9876598,0,0.1566146;
misc,barrier,7,8,7,-0.0930249,15125.03,-399.5493,0,0.382515,0,0.9239493;
misc,barrier,7,8,7,-0.0930249,15125.03,-399.5493,0,0.5223431,0,0.8527354;
misc,barrier,7,8,7,-0.0930249,15125.03,-399.5493,0,0.6493094,0,0.7605244;
misc,barrier,7,8,7,-0.0930249,15125.03,-399.5493,0,0.7602875,0,0.6495867;
misc,barrier,7,8,7,-0.0930249,15125.03,-399.5493,0,0.8525449,0,0.5226541;
misc,barrier,7,8,7,-0.0930249,15125.03,-399.5493,0,0.7069779,0,0.7072357;
misc,barrier,7,8,7,-0.0930249,15125.03,-399.5493,0,0.8089098,0,0.5879328;
misc,barrier,7,8,7,-0.0930249,15125.03,-399.5493,0,0.8909237,0,0.454153;
misc,barrier,7,8,7,-0.0930249,15125.03,-399.5493,0,0.9510002,0,0.3091904;
misc,barrier,7,8,7,-0.0930249,15125.03,-399.5493,0,0.9876598,0,0.1566146;
misc,barrier,7,8,7,-0.0930249,15205.03,-399.5493,0,0.382515,0,0.9239493;
misc,barrier,7,8,7,-0.0930249,15205.03,-399.5493,0,0.5223431,0,0.8527354;
misc,barrier,7,8,7,-0.0930249,15205.03,-399.5493,0,0.6493094,0,0.7605244;
misc,barrier,7,8,7,-0.0930249,15205.03,-399.5493,0,0.7602875,0,0.6495867;
misc,barrier,7,8,7,-0.0930249,15205.03,-399.5493,0,0.8525449,0,0.5226541;
misc,barrier,7,8,7,-0.0930249,15205.03,-399.5493,0,0.7069779,0,0.7072357;
misc,barrier,7,8,7,-0.0930249,15205.03,-399.5493,0,0.8089098,0,0.5879328;
misc,barrier,7,8,7,-0.0930249,15205.03,-399.5493,0,0.8909237,0,0.454153;
misc,barrier,7,8,7,-0.0930249,15205.03,-399.5493,0,0.9510002,0,0.3091904;
misc,barrier,7,8,7,-0.0930249,15205.03,-399.5493,0,0.9876598,0,0.1566146;
misc,barrier,7,8,7,-0.0930249,15285.03,-399.5493,0,0.382515,0,0.9239493;
misc,barrier,7,8,7,-0.0930249,15285.03,-399.5493,0,0.5223431,0,0.8527354;
misc,barrier,7,8,7,-0.0930249,15285.03,-399.5493,0,0.6493094,0,0.7605244;
misc,barrier,7,8,7,-0.0930249,15285.03,-399.5493,0,0.7602875,0,0.6495867;
misc,barrier,7,8,7,-0.0930249,15285.03,-399.5493,0,0.8525449,0,0.5226541;
misc,barrier,7,8,7,-0.0930249,15285.03,-399.5493,0,0.7069779,0,0.7072357;
misc,barrier,7,8,7,-0.0930249,15285.03,-399.5493,0,0.8089098,0,0.5879328;
misc,barrier,7,8,7,-0.0930249,15285.03,-399.5493,0,0.8909237,0,0.454153;
misc,barrier,7,8,7,-0.0930249,15285.03,-399.5493,0,0.9510002,0,0.3091904;
misc,barrier,7,8,7,-0.0930249,15285.03,-399.5493,0,0.9876598,0,0.1566146;
racing,killCuboid,49,1,95.83685,0,15089.99,2479.389,0,0,0,1;
racing,killCuboid,49,1,140.1001,0,15089.99,549.0344,0,0,0,1;
racing,killCuboid,49,1,140.1001,0,15089.99,-1250.378,0,0,0,1;
custom,cuboid,cannonregionmat,0.1,8,0.1,0,1,1,1,1,1,-70.13699,15090,-199.5922,0.7071068,0,0,0.7071068;
