custom,cuboid,metal1,1,10,1000,0,1,1,1,0.01,0.01,0,50,-5425,0,1,0,1;
custom,cuboid,metal1,1,10,1000,0,1,1,1,0.01,0.01,0,50,4460,0,1,0,1;
custom,cuboid,metal1,1,10,1000,0,1,1,1,0.01,0.01,4900,50,-425,0,0,0,0;
custom,cuboid,metal1,1,10,1000,0,1,1,1,0.01,0.01,-5000,50,-425,0,0,0,0;

map,disablebounds;

custom,cuboid,grass3,1000,1,1000,1,0.875,1,0.875,150.0,150.0,0,-4.5,0,0,0,0,0;

spawnpoint,playerC,0,60,90,0,0,0,0;
spawnpoint,playerM,0,60,90,0,0,0,0;


custom,cuboid,castle1tex,7.5,6,1,0,1,1,1,0.5,-0.5,62.5,90,100,0,0,0,0;
custom,cuboid,castle1tex,7.5,6,1,0,1,1,1,0.5,-0.5,-62.5,90,100,0,0,0,0;
custom,cuboid,castle1tex,5,6,1.25,0,1,1,1,0.5,-0.5,0,90,100,0,0,0,0;


custom,cuboid,stone3,20,1,1.1,0,1,1,1,2,0.1,0,60,100,0,0,0,0;
custom,cuboid,stone3,20,1,1.1,0,1,1,1,2,0.1,0,120,100,0,0,0,0;


custom,cuboid,castle1tex,12.5,6,1,0,1,1,1,0.5,-0.5,100,90,-137.5,0,1,0,1;
custom,cuboid,castle1tex,12.5,6,1,0,1,1,1,0.5,-0.5,100,90,37.5,0,1,0,1;
custom,cuboid,castle1tex,5,6,1.25,0,1,1,1,0.5,-0.5,100,90,-50,0,1,0,1;
custom,cuboid,stone3,30,1,1.1,0,1,1,1,3.0,0.1,100,60,-50,0,1,0,1;
custom,cuboid,stone3,30,1,1.1,0,1,1,1,3.0,0.1,100,120,-50,0,1,0,1;
custom,cuboid,castle1tex,12.5,6,1,0,1,1,1,0.5,-0.5,-100,90,-137.5,0,1,0,1;
custom,cuboid,castle1tex,12.5,6,1,0,1,1,1,0.5,-0.5,-100,90,37.5,0,1,0,1;
custom,cuboid,castle1tex,5,6,1.25,0,1,1,1,0.5,-0.5,-100,90,-50,0,1,0,1;
custom,cuboid,stone3,30,1,1.1,0,1,1,1,3.0,0.1,-100,60,-50,0,1,0,1;
custom,cuboid,stone3,30,1,1.1,0,1,1,1,3.0,0.1,-100,120,-50,0,1,0,1;

custom,cuboid,stone3,7.5,1,1.1,0,1,1,1,0.75,0.1,-62.5,60,-200,0,0,0,0;
custom,cuboid,stone3,7.5,1,1.1,0,1,1,1,0.75,0.1,-62.5,120,-200,0,0,0,0;
custom,cuboid,stone3,7.5,1,1.1,0,1,1,1,0.75,0.1,62.5,60,-200,0,0,0,0;
custom,cuboid,stone3,7.5,1,1.1,0,1,1,1,0.75,0.1,62.5,120,-200,0,0,0,0;

custom,cuboid,stone3,1.1,6,1.2,0,1,1,1,0.11,0.6,-30,90,-200,0,0,0,0;
custom,cuboid,stone3,1.1,6,1.2,0,1,1,1,0.11,0.6,30,90,-200,0,0,0,0;

custom,cuboid,castle1tex,7.5,6,1,0,1,1,1,0.5,-0.5,62.5,90,-200,0,0,0,1;
custom,cuboid,castle1tex,7.5,6,1,0,1,1,1,0.5,-0.5,-62.5,90,-200,0,0,0,1;

custom,cuboid,wood1,30,1,20,0,1,1,1,3.0,2.0,0,55,-50,0,1,0,1;
custom,cuboid,lava1,29.9,1,19.9,1,1,0.75,0.75,3.0,2.0,0,54.5,-50,0,1,0,1;
custom,cuboid,wood3,21,1,30,0,1,1,1,2.1,3.0,0,125,-50,0,0,0,1;

racing,startCuboid,5,6,1,0,90,-200,0,0,0,0;


custom,cuboid,castle1tex,1,6,12.5,0,1,1,1,0.5,-0.5,100,90,-437.5,0,0,0,0;
custom,cuboid,castle1tex,1,6,12.5,0,1,1,1,0.5,-0.5,100,90,-262.5,0,0,0,0;
custom,cuboid,castle1tex,1.25,6,5,0,1,1,1,0.5,-0.5,100,90,-350,0,0,0,0;
custom,cuboid,castle1tex,1,6,12.5,0,1,1,1,0.5,-0.5,100,90,-737.5,0,0,0,0;
custom,cuboid,castle1tex,1,6,12.5,0,1,1,1,0.5,-0.5,100,90,-562.5,0,0,0,0;
custom,cuboid,castle1tex,1.25,6,5,0,1,1,1,0.5,-0.5,100,90,-650,0,0,0,0;
custom,cuboid,castle1tex,1,6,12.5,0,1,1,1,0.5,-0.5,100,90,-1037.5,0,0,0,0;
custom,cuboid,castle1tex,1,6,12.5,0,1,1,1,0.5,-0.5,100,90,-862.5,0,0,0,0;
custom,cuboid,castle1tex,1.25,6,5,0,1,1,1,0.5,-0.5,100,90,-950,0,0,0,0;


custom,cuboid,castle1tex,1,6,12.5,0,1,1,1,0.5,-0.5,-100,90,-437.5,0,0,0,0;
custom,cuboid,castle1tex,1,6,12.5,0,1,1,1,0.5,-0.5,-100,90,-262.5,0,0,0,0;
custom,cuboid,castle1tex,1.25,6,5,0,1,1,1,0.5,-0.5,-100,90,-350,0,0,0,0;
custom,cuboid,castle1tex,1,6,12.5,0,1,1,1,0.5,-0.5,-100,90,-737.5,0,0,0,0;
custom,cuboid,castle1tex,1,6,12.5,0,1,1,1,0.5,-0.5,-100,90,-562.5,0,0,0,0;
custom,cuboid,castle1tex,1.25,6,5,0,1,1,1,0.5,-0.5,-100,90,-650,0,0,0,0;
custom,cuboid,castle1tex,1,6,12.5,0,1,1,1,0.5,-0.5,-100,90,-1037.5,0,0,0,0;
custom,cuboid,castle1tex,1,6,12.5,0,1,1,1,0.5,-0.5,-100,90,-862.5,0,0,0,0;
custom,cuboid,castle1tex,1.25,6,5,0,1,1,1,0.5,-0.5,-100,90,-950,0,0,0,0;



custom,cuboid,house9mat2,1,6,90,0,1,1,1,9,0.6,-100,30,-650,0,0,0,0;
custom,cuboid,house9mat2,1,6,90,0,1,1,1,9,0.6,100,30,-650,0,0,0,0;
custom,cuboid,house9mat2,1,6,20,0,1,1,1,2,0.6,0,30,-1100,0,1,0,1;
custom,cuboid,metal1,0.9,1,19.9,0,1,1,1,0.1,2.0,0,55.5,-200,0,1,0,1;

custom,cuboid,wood1,19,1,80,0,1,1,1,1.9,8.0,0,55,-600,0,0,0,0;
custom,cuboid,lava1,18.9,1,79.9,1,1,0.75,0.75,1.9,8.0,0,54.5,-600,0,0,0,0;
custom,cuboid,wood3,21,1,90,0,1,1,1,2.1,9.0,0,125,-650,0,0,0,0;

custom,cuboid,castle1tex,7.5,6,1,0,1,1,1,0.5,-0.5,62.5,90,-1100,0,0,0,1;
custom,cuboid,castle1tex,7.5,6,1,0,1,1,1,0.5,-0.5,-62.5,90,-1100,0,0,0,1;
custom,cuboid,castle1tex,5,6,1.25,0,1,1,1,0.5,-0.5,0,90,-1100,0,0,0,1;
custom,cuboid,stone3,20,1,1.1,0,1,1,1,2.0,0.1,0,60,-1100,0,0,0,1;
custom,cuboid,stone3,20,1,1.1,0,1,1,1,2.0,0.1,0,120,-1100,0,0,0,1;

custom,cuboid,stone3,90,1,1.1,0,1,1,1,9.0,0.1,100,60,-650,0,1,0,1;
custom,cuboid,stone3,90,1,1.1,0,1,1,1,9.0,0.1,100,120,-650,0,1,0,1;
custom,cuboid,stone3,90,1,1.1,0,1,1,1,9.0,0.1,-100,60,-650,0,1,0,1;
custom,cuboid,stone3,90,1,1.1,0,1,1,1,9.0,0.1,-100,120,-650,0,1,0,1;


custom,cuboid,stone3,1.2,6,1.2,0,1,1,1,0.11,0.6,-30,90,-300,0,0,0,0;
custom,cuboid,stone3,1.2,6,1.2,0,1,1,1,0.11,0.6,30,90,-300,0,0,0,0;
custom,cuboid,castle1tex,5,6,1.25,0,1,1,1,0.5,-0.5,0,90,-300,0,0,0,1;

custom,cuboid,stone3,7.5,0.5,1.1,0,1,1,1,0.75,0.05,-62.5,62.5,-400,0,0,0,0;
custom,cuboid,stone3,7.5,0.5,1.1,0,1,1,1,0.75,0.05,-62.5,117.5,-400,0,0,0,0;
custom,cuboid,stone3,7.5,0.5,1.1,0,1,1,1,0.75,0.05,62.5,62.5,-400,0,0,0,0;
custom,cuboid,stone3,7.5,0.5,1.1,0,1,1,1,0.75,0.05,62.5,117.5,-400,0,0,0,0;
custom,cuboid,stone3,1.2,6,1.2,0,1,1,1,0.11,0.6,-30,90,-400,0,0,0,0;
custom,cuboid,stone3,1.2,6,1.2,0,1,1,1,0.11,0.6,30,90,-400,0,0,0,0;
custom,cuboid,castle1tex,7.5,6,1,0,1,1,1,0.5,-0.5,62.5,90,-400,0,0,0,1;
custom,cuboid,castle1tex,7.5,6,1,0,1,1,1,0.5,-0.5,-62.5,90,-400,0,0,0,1;

custom,cuboid,castle1tex,1,6,12.5,0,1,1,1,0.5,-0.5,-30,90,-462.5,0,0,0,0;
custom,cuboid,castle1tex,1.25,6,5,0,1,1,1,0.5,-0.5,-30,90,-550,0,0,0,0;
custom,cuboid,castle1tex,1,6,12.5,0,1,1,1,0.5,-0.5,-30,90,-637.5,0,0,0,0;
custom,cuboid,castle1tex,1.25,6,5,0,1,1,1,0.5,-0.5,-30,90,-725,0,0,0,0;
custom,cuboid,castle1tex,1,6,12.5,0,1,1,1,0.5,-0.5,-30,90,-812.5,0,0,0,0;
custom,cuboid,castle1tex,1.25,6,5,0,1,1,1,0.5,-0.5,-30,90,-900,0,0,0,0;
custom,cuboid,stone3,1.1,1,50,0,1,1,1,7.0,0.1,-30,60,-650,0,0,0,0;
custom,cuboid,stone3,1.1,1,50,0,1,1,1,7.0,0.1,-30,120,-650,0,0,0,0;
custom,cuboid,stone3,1.1,6,1.1,0,1,1,1,0.1,0.6,-30,90,-925,0,0,0,0;

custom,cuboid,castle1tex,1,6,12.5,0,1,1,1,0.5,-0.5,-65,90,-937.5,0,1,0,0;
custom,cuboid,castle1tex,1.25,6,5,0,1,1,1,0.5,-0.5,-65,90,-850,0,1,0,0;
custom,cuboid,castle1tex,1,6,12.5,0,1,1,1,0.5,-0.5,-65,90,-762.5,0,1,0,0;
custom,cuboid,castle1tex,1.25,6,5,0,1,1,1,0.5,-0.5,-65,90,-675,0,1,0,0;
custom,cuboid,castle1tex,1,6,12.5,0,1,1,1,0.5,-0.5,-65,90,-587.5,0,1,0,0;
custom,cuboid,castle1tex,1.25,6,5,0,1,1,1,0.5,-0.5,-65,90,-500,0,1,0,0;
custom,cuboid,stone3,1.1,1,50,0,1,1,1,7,0.1,-65,60,-750,0,1,0,0;
custom,cuboid,stone3,1.1,1,50,0,1,1,1,7,0.1,-65,120,-750,0,1,0,0;
custom,cuboid,stone3,1.1,6,1.1,0,1,1,1,0.1,0.6,-65,90,-475,0,1,0,0;

custom,cuboid,castle1tex,1,6,12.5,0,1,1,1,0.5,-0.5,30,90,-462.5,0,0,0,0;
custom,cuboid,castle1tex,1.25,6,5,0,1,1,1,0.5,-0.5,30,90,-550,0,0,0,0;
custom,cuboid,castle1tex,1,6,12.5,0,1,1,1,0.5,-0.5,30,90,-637.5,0,0,0,0;
custom,cuboid,castle1tex,1.25,6,5,0,1,1,1,0.5,-0.5,30,90,-725,0,0,0,0;
custom,cuboid,castle1tex,1,6,12.5,0,1,1,1,0.5,-0.5,30,90,-812.5,0,0,0,0;
custom,cuboid,castle1tex,1.25,6,5,0,1,1,1,0.5,-0.5,30,90,-900,0,0,0,0;
custom,cuboid,stone3,1.1,1,50,0,1,1,1,7.0,0.1,30,60,-650,0,0,0,0;
custom,cuboid,stone3,1.1,1,50,0,1,1,1,7.0,0.1,30,120,-650,0,0,0,0;
custom,cuboid,stone3,1.1,6,1.1,0,1,1,1,0.1,0.6,30,90,-925,0,0,0,0;

custom,cuboid,castle1tex,1,6,12.5,0,1,1,1,0.5,-0.5,65,90,-937.5,0,1,0,0;
custom,cuboid,castle1tex,1.25,6,5,0,1,1,1,0.5,-0.5,65,90,-850,0,1,0,0;
custom,cuboid,castle1tex,1,6,12.5,0,1,1,1,0.5,-0.5,65,90,-762.5,0,1,0,0;
custom,cuboid,castle1tex,1.25,6,5,0,1,1,1,0.5,-0.5,65,90,-675,0,1,0,0;
custom,cuboid,castle1tex,1,6,12.5,0,1,1,1,0.5,-0.5,65,90,-587.5,0,1,0,0;
custom,cuboid,castle1tex,1.25,6,5,0,1,1,1,0.5,-0.5,65,90,-500,0,1,0,0;
custom,cuboid,stone3,1.1,1,50,0,1,1,1,7,0.1,65,60,-750,0,1,0,0;
custom,cuboid,stone3,1.1,1,50,0,1,1,1,7,0.1,65,120,-750,0,1,0,0;
custom,cuboid,stone3,1.1,6,1.1,0,1,1,1,0.1,0.6,65,90,-475,0,1,0,0;

racing,killCuboid,5,1,9,0,55,-1055,0,0,0,0;
racing,killCuboid,2,0.5,2,0,55,-1075,0,0.414,0,1;
racing,killCuboid,2,0.5,2,0,55,-1030,0,0.414,0,1;

custom,cuboid,castle1tex,4,6,1,0,1,1,1,0.5,-0.5,45,90,-1000,0,0,0,0;
custom,cuboid,castle1tex,4,6,1,0,1,1,1,0.5,-0.5,-45,90,-1000,0,0,0,0;
custom,cuboid,stone3,1.2,6,1.2,0,1,1,1,0.12,0.6,30,90,-1000,0,0,0,0;
custom,cuboid,stone3,1.2,6,1.2,0,1,1,1,0.12,0.6,-30,90,-1000,0,0,0,0;
custom,cuboid,stone3,1.2,6,1.2,0,1,1,1,0.12,0.6,65,90,-1000,0,0,0,0;
custom,cuboid,stone3,1.2,6,1.2,0,1,1,1,0.12,0.6,-65,90,-1000,0,0,0,0;
custom,cuboid,stone3,1.2,6,1.2,0,1,1,1,0.12,0.6,30,90,-1100,0,0,0,0;
custom,cuboid,stone3,1.2,6,1.2,0,1,1,1,0.12,0.6,-30,90,-1100,0,0,0,0;

custom,cuboid,stone3,4,1,1.1,0,1,1,1,0.4,0.1,45,60,-1000,0,0,0,0;
custom,cuboid,stone3,4,1,1.1,0,1,1,1,0.4,0.1,-45,60,-1000,0,0,0,0;
custom,cuboid,stone3,4,1,1.1,0,1,1,1,0.4,0.1,45,120,-1000,0,0,0,0;
custom,cuboid,stone3,4,1,1.1,0,1,1,1,0.4,0.1,-45,120,-1000,0,0,0,0;

custom,cuboid,metal1,19,1.1,1,0,1,1,1,1.9,0.1,0,55,-1005,0,0,0,0;

custom,cuboid,castle1tex,10,6,1,0,1,1,1,0.5,-0.5,30,90,-1050,0,1,0,1;
custom,cuboid,castle1tex,10,6,1,0,1,1,1,0.5,-0.5,-30,90,-1050,0,1,0,1;

custom,cuboid,stone3,10,1,1.1,0,1,1,1,1.0,0.1,30,120,-1050,0,1,0,1;
custom,cuboid,stone3,10,1,1.1,0,1,1,1,1.0,0.1,-30,120,-1050,0,1,0,1;
custom,cuboid,stone3,10,1,1.1,0,1,1,1,1.0,0.1,30,60,-1050,0,1,0,1;
custom,cuboid,stone3,10,1,1.1,0,1,1,1,1.0,0.1,-30,60,-1050,0,1,0,1;

custom,cuboid,house9mat2,7.5,5,1,0,1,1,1,0.75,0.5,62.5,25,-1000,0,0,0,0;
custom,cuboid,house9mat2,7.5,5,1,0,1,1,1,0.75,0.5,-62.5,25,-1000,0,0,0,0;
custom,cuboid,metal1,1.1,5,1.1,0,1,1,1,0.1,0.5,30,25,-1000,0,0,0,0;
custom,cuboid,metal1,1.1,5,1.1,0,1,1,1,0.1,0.5,-30,25,-1000,0,0,0,0;

custom,cuboid,house9mat2,50,5,1,0,1,1,1,5.0,0.5,30,25,-750,0,1,0,1;
custom,cuboid,house9mat2,50,5,1,0,1,1,1,5.0,0.5,-30,25,-750,0,1,0,1;

custom,cuboid,house9mat2,30,5,7.5,0,1,1,1,3.0,0.5,0,25,-225,0,1,0,1;
custom,cuboid,house9mat2,30.1,5,7.4,0,1,1,1,0.75,0.5,0,25,-225,0,1,0,1;


custom,cuboid,house9mat2,12.5,5,1,0,1,1,1,1.25,0.5,30,25,-437.5,0,1,0,1;

custom,cuboid,house9mat2,5,5,1,0,1,1,1,0.5,0.5,-46.25,25,-486.25,0,0.414,0,1;
custom,cuboid,house9mat2,5,5,1,0,1,1,1,0.5,0.5,-46.25,25,-443.75,0,-0.414,0,1;
custom,cuboid,house9mat2,7,5,1,0,1,1,1,0.7,0.5,-60,25,-425,0,0,0,1;





custom,cuboid,house9mat2,5,-5,1,0,1,1,1,0.5,0.5,-116.25,25,-186.25,-0.414,0,-1,0;
custom,cuboid,house9mat2,5,-5,1,0,1,1,1,0.5,0.5,-116.25,25,-143.75,0.414,0,-1,0;
custom,cuboid,house9mat2,7,-5,1,0,1,1,1,0.7,0.5,-130,25,-125,0,0,-1,0;
custom,cuboid,house9mat2,27.5,-5,7.5,0,1,1,1,2.75,0.5,-70,25,62.5,1,0,-1,0;
custom,cuboid,house9mat2,27.6,-5,7.4,0,1,1,1,0.75,0.5,-70,25,62.5,1,0,-1,0;
custom,cuboid,house9mat2,20,-5,1,0,1,1,1,2,0.5,-170,25,-30,1,0,-1,0;
custom,cuboid,house9mat2,5,-5,1,0,1,1,1,0.5,0.5,-186.25,25,83.75,-0.414,0,-1,0;
custom,cuboid,house9mat2,5,-5,1,0,1,1,1,0.5,0.5,-186.25,25,126.25,0.414,0,-1,0;
custom,cuboid,house9mat2,7,-5,1,0,1,1,1,0.7,0.5,-200,25,145,0,0,-1,0;

custom,cuboid,house9mat2,35,5,7.5,0,1,1,1,3.5,0.5,0,25,237.5,0,0,0,1;
custom,cuboid,house9mat2,35.1,5,7.4,0,1,1,1,0.75,0.5,0,25,237.5,0,0,0,1;

custom,cuboid,house9mat2,1,5,19.5,0,1,1,1,1.95,0.5,-240,25,237.5,0,0,0,0;

custom,cuboid,house9mat2,38,5,1,0,1,1,1,3.8,0.5,235,25,330,0,0,0,0;
custom,cuboid,house9mat2,20,5,1,0,1,1,1,2.0,0.5,-135,25,330,0,0,0,0;


custom,cuboid,castle1tex,3,3,4,0,1,1,1,0.5,-0.5,-40,25,-450,0,-0.414,0,1;
custom,cuboid,castle1tex,3,3,4,0,1,1,1,0.5,-0.5,-110,25,-150,0,-0.414,0,1;
custom,cuboid,castle1tex,3,3,4,0,1,1,1,0.5,-0.5,-180,25,120,0,-0.414,0,1;

custom,cuboid,house9mat2,40,5,1,0,1,1,1,4.0,0.5,160,25,910,0,0,0,1;


custom,cuboid,house9mat2,56,5,1,0,1,1,1,5.0,0.5,40,25,555,0,1,0,1;
custom,cuboid,house9mat2,57,5,1,0,1,1,1,5.7,0.5,-40,25,620,0,1,0,1;
custom,cuboid,house9mat2,45,5,1,0,1,1,1,4.5,0.5,115,25,685,0,1,0,1;
custom,cylinder,house9mat2,25,2.5,10,0,1,1,1,2.5,0.5,235,25,460,0,0,0,1;
custom,cuboid,house9mat2,45,5,1,0,1,1,1,4.5,0.5,355,25,685,0,1,0,1;
custom,cuboid,house9mat2,65,5,1,0,1,1,1,6.5,0.5,430,25,650,0,1,0,1;
custom,cuboid,house9mat2,40,5,1,0,1,1,1,4.0,0.5,235,25,980,0,0,0,1;
custom,cuboid,house9mat2,8,5,1,0,1,1,1,0.8,0.5,-40,25,945,0,1,0,1;



custom,cuboid,wood1,50,1,50,0,1,1,1,5,5,-75,55,1345,0,0,0,0;
custom,cuboid,lava1,49.9,1,49.9,1,1,0.875,0.875,5,5,-75,54.5,1345,0,0,0,0;
custom,cuboid,wood1,7,1,2,0,1,1,1,0.6,0.2,0,5,985,0,0,0,0;
custom,cuboid,wood1,7,2,2,0,1,1,1,0.6,0.2,0,10,1005,0,0,0,0;
custom,cuboid,wood1,7,3,2,0,1,1,1,0.6,0.2,0,15,1025,0,0,0,0;
custom,cuboid,wood1,7,4,2,0,1,1,1,0.6,0.2,0,20,1045,0,0,0,0;
custom,cuboid,wood1,7,5,2,0,1,1,1,0.6,0.2,0,25,1065,0,0,0,0;
custom,cuboid,wood1,7,6,2,0,1,1,1,0.6,0.2,0,30,1085,0,0,0,0;
custom,cuboid,wood1,7,1,2,0,1,1,1,0.7,0.2,-150,5,985,0,0,0,0;
custom,cuboid,wood1,7,2,2,0,1,1,1,0.7,0.2,-150,10,1005,0,0,0,0;
custom,cuboid,wood1,7,3,2,0,1,1,1,0.7,0.2,-150,15,1025,0,0,0,0;
custom,cuboid,wood1,7,4,2,0,1,1,1,0.7,0.2,-150,20,1045,0,0,0,0;
custom,cuboid,wood1,7,5,2,0,1,1,1,0.7,0.2,-150,25,1065,0,0,0,0;
custom,cuboid,wood1,7,6,2,0,1,1,1,0.7,0.2,-150,30,1085,0,0,0,0;
custom,cylinder,house9mat2,20,3,30,0,1,1,1,4,0.6,0,90,1345,0,0,0,0;
custom,cylinder,house9mat2,20,3,30,0,1,1,1,4,0.6,-150,90,1345,0,0,0,0;
custom,cuboid,house9mat2,15,6,30,0,1,1,1,1.5,0.6,-75,90,1345,0,0,0,0;
custom,cuboid,house9mat2,50,1,61,0,1,1,1,5,5,-75,125,1290,0,0,0,0;
custom,cuboid,metal1,49.9,1,60.9,0,1,0.875,0.875,5,5,-75,124.5,1290,0,0,0,0;
custom,cuboid,house9mat2,14,6,1,0,1,1,1,1.4,0.6,105,90,1100,0,0,0,0;
custom,cuboid,house9mat2,14,6,1,0,1,1,1,1.4,0.6,-255,90,1100,0,0,0,0;
custom,killcuboid,barriereditormat,14,6,1,0,1,1,1,1,1,105,90,1590,0,0,0,0;
custom,killcuboid,barriereditormat,14,6,1,0,1,1,1,1,1,-255,90,1590,0,0,0,0;
custom,killcuboid,barriereditormat,1,6,48,0,1,1,1,1,1,170,90,1345,0,0,0,0;
custom,killcuboid,barriereditormat,1,6,48,0,1,1,1,1,1,-320,90,1345,0,0,0,0;
custom,killcuboid,barriereditormat,22,6,1,0,1,1,1,1,1,-75,90,1590,0,0,0,0;
custom,cuboid,house9mat2,8,6,1,0,1,1,1,0.8,0.6,-75,90,1100,0,0,0,0;
custom,killcuboid,barriereditormat,8,6,9,0,1,1,1,1,1,-75,90,1150,0,0,0,0;
custom,killcuboid,barriereditormat,10,4,0.5,0,1,1,1,1,1,105,90,1590,0,0,0,0;
custom,killcuboid,barriereditormat,10,4,0.5,0,1,1,1,1,1,-255,90,1590,0,0,0,0;
custom,killcuboid,barriereditormat,0.5,4,40,0,1,1,1,1,1,170,90,1345,0,0,0,0;
custom,killcuboid,barriereditormat,0.5,4,40,0,1,1,1,1,1,-320,90,1345,0,0,0,0;
custom,killcuboid,barriereditormat,17,4,0.5,0,1,1,1,1,1,-75,90,1590,0,0,0,0;
custom,killcuboid,barriereditormat,0.5,4,6,0,1,1,1,1,1,-40,90,1150,0,0,0,0;
custom,killcuboid,barriereditormat,0.5,4,6,0,1,1,1,1,1,-110,90,1150,0,0,0,0;
misc,barrier,14,6,1,105,90,1590,0,0,0,0;
misc,barrier,14,6,1,-255,90,1590,0,0,0,0;
misc,barrier,1,6,48,170,90,1345,0,0,0,0;
misc,barrier,1,6,48,-320,90,1345,0,0,0,0;
misc,barrier,22,6,1,-75,90,1590,0,0,0,0;
misc,barrier,8,6,9,-75,90,1150,0,0,0,0;
custom,cuboid,house9mat2,1,12,11,0,1,1,1,1.1,1.2,40,60,1040,0,0,0,0;
custom,cuboid,house9mat2,1,12,11,0,1,1,1,1.1,1.2,-40,60,1040,0,0,0,0;
custom,cuboid,house9mat2,1,12,11,0,1,1,1,1.1,1.2,-190,60,1040,0,0,0,0;
custom,cuboid,house9mat2,1,12,11,0,1,1,1,1.1,1.2,-110,60,1040,0,0,0,0;

custom,cuboid,house9mat2,1,1,6,0,1,1,1,0.6,0.1,-40,55,955,0,0,0,0;
custom,cuboid,house9mat2,1,1,5,0,1,1,1,0.5,0.1,-40,65,960,0,0,0,0;
custom,cuboid,house9mat2,1,1,4,0,1,1,1,0.4,0.1,-40,75,965,0,0,0,0;
custom,cuboid,house9mat2,1,1,3,0,1,1,1,0.3,0.1,-40,85,970,0,0,0,0;
custom,cuboid,house9mat2,1,1,2,0,1,1,1,0.2,0.1,-40,95,975,0,0,0,0;
custom,cuboid,house9mat2,1,1,1,0,1,1,1,0.1,0.1,-40,105,980,0,0,0,0;

custom,cuboid,house9mat2,1,1,6,0,1,1,1,0.6,0.1,-5,55,910,0,-0.7071068,0,0.7071068;
custom,cuboid,house9mat2,1,1,5,0,1,1,1,0.5,0.1,-10,65,910,0,-0.7071068,0,0.7071068;
custom,cuboid,house9mat2,1,1,4,0,1,1,1,0.4,0.1,-15,75,910,0,-0.7071068,0,0.7071068;
custom,cuboid,house9mat2,1,1,3,0,1,1,1,0.3,0.1,-20,85,910,0,-0.7071068,0,0.7071068;
custom,cuboid,house9mat2,1,1,2,0,1,1,1,0.2,0.1,-25,95,910,0,-0.7071068,0,0.7071068;
custom,cuboid,house9mat2,1,1,1,0,1,1,1,0.1,0.1,-30,105,910,0,-0.7071068,0,0.7071068;

custom,cuboid,house9mat2,1,1,6,0,1,1,1,0.6,0.1,40,55,945,0,-1,0,0;
custom,cuboid,house9mat2,1,1,5,0,1,1,1,0.5,0.1,40,65,940,0,-1,0,0;
custom,cuboid,house9mat2,1,1,4,0,1,1,1,0.4,0.1,40,75,935,0,-1,0,0;
custom,cuboid,house9mat2,1,1,3,0,1,1,1,0.3,0.1,40,85,930,0,-1,0,0;
custom,cuboid,house9mat2,1,1,2,0,1,1,1,0.2,0.1,40,95,925,0,-1,0,0;
custom,cuboid,house9mat2,1,1,1,0,1,1,1,0.1,0.1,40,105,920,0,-1,0,0;


custom,cuboid,wood1,6.9,0.9,2.1,0,1,1,1,0.6,0.1,0,5,985,0,0,0,0;
custom,cuboid,wood1,6.9,1.9,2.1,0,1,1,1,0.6,0.2,0,10,1005,0,0,0,0;
custom,cuboid,wood1,6.9,2.9,2.1,0,1,1,1,0.6,0.3,0,15,1025,0,0,0,0;
custom,cuboid,wood1,6.9,3.9,2.1,0,1,1,1,0.6,0.4,0,20,1045,0,0,0,0;
custom,cuboid,wood1,6.9,4.9,2.1,0,1,1,1,0.6,0.5,0,25,1065,0,0,0,0;
custom,cuboid,wood1,6.9,5.9,2.1,0,1,1,1,0.6,0.6,0,30,1085,0,0,0,0;
custom,cuboid,wood1,6.9,0.9,2.1,0,1,1,1,0.7,0.1,-150,5,985,0,0,0,0;
custom,cuboid,wood1,6.9,1.9,2.1,0,1,1,1,0.7,0.2,-150,10,1005,0,0,0,0;
custom,cuboid,wood1,6.9,2.9,2.1,0,1,1,1,0.7,0.3,-150,15,1025,0,0,0,0;
custom,cuboid,wood1,6.9,3.9,2.1,0,1,1,1,0.7,0.4,-150,20,1045,0,0,0,0;
custom,cuboid,wood1,6.9,4.9,2.1,0,1,1,1,0.7,0.5,-150,25,1065,0,0,0,0;
custom,cuboid,wood1,6.9,5.9,2.1,0,1,1,1,0.7,0.6,-150,30,1085,0,0,0,0;

custom,cuboid,barriereditormat,0.9,5.9,6.9,0,1,1,1,1.0,1.0,40,80,950,0,0,0,0;
custom,cuboid,barriereditormat,0.9,5.9,6.9,0,1,1,1,1.0,1.0,-40,80,950,0,0,0,0;
custom,cuboid,barriereditormat,0.9,5.9,6.9,0,1,1,1,1.0,1.0,0,80,910,0,1,0,1;
custom,cuboid,barriereditormat,0.4,4,3.9,0,1,1,1,1.0,1.0,40,80,950,0,0,0,0;
custom,cuboid,barriereditormat,0.4,4,3.9,0,1,1,1,1.0,1.0,-40,80,950,0,0,0,0;
custom,cuboid,barriereditormat,0.4,4,3.9,0,1,1,1,1.0,1.0,0,80,910,0,1,0,1;
misc,barrier,1,6,7,40,80,950,0,0,0,0;
misc,barrier,1,6,7,-40,80,950,0,0,0,0;
misc,barrier,1,6,7,0,80,910,0,1,0,1;


custom,cuboid,house9mat2,1,-1,6,0,1,1,1,0.6,0.1,-110,55,955,0,0,0,0;
custom,cuboid,house9mat2,1,-1,5,0,1,1,1,0.5,0.1,-110,65,960,0,0,0,0;
custom,cuboid,house9mat2,1,-1,4,0,1,1,1,0.4,0.1,-110,75,965,0,0,0,0;
custom,cuboid,house9mat2,1,-1,3,0,1,1,1,0.3,0.1,-110,85,970,0,0,0,0;
custom,cuboid,house9mat2,1,-1,2,0,1,1,1,0.2,0.1,-110,95,975,0,0,0,0;
custom,cuboid,house9mat2,1,-1,1,0,1,1,1,0.1,0.1,-110,105,980,0,0,0,0;
custom,cuboid,house9mat2,1,-1,6,0,1,1,1,0.6,0.1,-145,55,910,-0.7071068,0,-0.7071068,0;
custom,cuboid,house9mat2,1,-1,5,0,1,1,1,0.5,0.1,-140,65,910,-0.7071068,0,-0.7071068,0;
custom,cuboid,house9mat2,1,-1,4,0,1,1,1,0.4,0.1,-135,75,910,-0.7071068,0,-0.7071068,0;
custom,cuboid,house9mat2,1,-1,3,0,1,1,1,0.3,0.1,-130,85,910,-0.7071068,0,-0.7071068,0;
custom,cuboid,house9mat2,1,-1,2,0,1,1,1,0.2,0.1,-125,95,910,-0.7071068,0,-0.7071068,0;
custom,cuboid,house9mat2,1,-1,1,0,1,1,1,0.1,0.1,-120,105,910,-0.7071068,0,-0.7071068,0;
custom,cuboid,house9mat2,1,-1,6,0,1,1,1,0.6,0.1,-190,55,945,-1,0,0,0;
custom,cuboid,house9mat2,1,-1,5,0,1,1,1,0.5,0.1,-190,65,940,-1,0,0,0;
custom,cuboid,house9mat2,1,-1,4,0,1,1,1,0.4,0.1,-190,75,935,-1,0,0,0;
custom,cuboid,house9mat2,1,-1,3,0,1,1,1,0.3,0.1,-190,85,930,-1,0,0,0;
custom,cuboid,house9mat2,1,-1,2,0,1,1,1,0.2,0.1,-190,95,925,-1,0,0,0;
custom,cuboid,house9mat2,1,-1,1,0,1,1,1,0.1,0.1,-190,105,920,-1,0,0,0;
custom,cuboid,barriereditormat,0.9,-5.9,6.9,0,1,1,1,1,1,-190,80,950,0,0,0,0;
custom,cuboid,barriereditormat,0.9,-5.9,6.9,0,1,1,1,1,1,-110,80,950,0,0,0,0;
custom,cuboid,barriereditormat,0.9,-5.9,6.9,0,1,1,1,1,1,-150,80,910,1,0,-1,0;
custom,cuboid,barriereditormat,0.4,-4,3.9,0,1,1,1,1,1,-190,80,950,0,0,0,0;
custom,cuboid,barriereditormat,0.4,-4,3.9,0,1,1,1,1,1,-110,80,950,0,0,0,0;
custom,cuboid,barriereditormat,0.4,-4,3.9,0,1,1,1,1,1,-150,80,910,1,0,-1,0;
misc,barrier,1,-6,7,-190,80,950,0,0,0,0;
misc,barrier,1,-6,7,-110,80,950,0,0,0,0;
misc,barrier,1,-6,7,-150,80,910,1,0,-1,0;


custom,cuboid,house9mat2,1,5,8,0,1,1,1,0.8,0.5,-110,25,945,0,0,0,0;
custom,cuboid,house9mat2,107,5,1,0,1,1,1,10.7,0.5,-650,25,910,0,0,0,0;
custom,cuboid,house9mat2,90,5,1,0,1,1,1,10.7,0.5,-635,25,980,0,0,0,0;
custom,cuboid,house9mat2,10,1.5,1,0,1,1,1,1.0,0.15,-1135,7.5,980,0,0,0,0;
custom,cuboid,house9mat2,10,1.5,1,0,1,1,1,1.0,0.15,-1135,42.5,980,0,0,0,0;
custom,cuboid,house9mat2,9.9,1.6,0.9,0,1,1,1,1.0,0.1,-1135,7.5,980,0,0,0,0;
custom,cuboid,house9mat2,9.9,1.6,0.9,0,1,1,1,1.0,0.1,-1135,42.5,980,0,0,0,0;
custom,cuboid,house9mat2,90.1,5,0.9,0,1,1,1,0.1,0.5,-635,25,980,0,0,0,0;
custom,cuboid,house9mat2,1,5,15,0,1,1,1,1.5,0.5,-1190,25,980,0,0,0,0;
custom,cuboid,house9mat2,1,5,7,0,1,1,1,0.7,0.5,-1080,25,1020,0,0,0,0;


custom,cuboid,house9mat2,1,5,50,0,1,1,1,5.0,0.5,-905,25,1227.5,0,1,0,-0.414;
custom,cuboid,house9mat2,1,5,50,0,1,1,1,5.0,0.5,-1365,25,1227.5,0,1,0,0.414;
custom,cuboid,house9mat2,1,5,50,0,1,1,1,5.0,0.5,-905,25,1727.5,0,1,0,0.414;
custom,cuboid,house9mat2,1,5,50,0,1,1,1,5.0,0.5,-1365,25,1727.5,0,1,0,-0.414;

custom,cuboid,house9mat2,1,5,50,0,1,1,1,5.0,0.5,-750,25,1475,0,0,0,0;
custom,cuboid,house9mat2,1,5,50,0,1,1,1,5.0,0.5,-1500,25,1475,0,0,0,0;



custom,cuboid,house9mat2,36,0.5,36,0,1,1,1,3.6,3.6,-1125,52.5,1475,0,0.3826834,0,0.9238795;
custom,cuboid,metal1,35.95,0.5,35.95,0,1,0.875,0.875,3.6,3.6,-1125,52.25,1475,0,0.3826834,0,0.9238795;
custom,cuboid,house9mat2,25,5,25,0,1,1,1,2.5,0.5,-1125,25,1475,0,0.3826834,0,0.9238795;
custom,cuboid,wood1,3.5,0.5,1,0,1,1,1,0.6,0.2,-971.2042751,2.5,1374.2372837,0,0.3826834,0,-0.9238795;
custom,cuboid,wood1,3.5,1,1,0,1,1,1,0.6,0.2,-978.2753429,5,1381.3083515,0,0.3826834,0,-0.9238795;
custom,cuboid,wood1,3.5,1.5,1,0,1,1,1,0.6,0.2,-985.3464107,7.5,1388.3794193,0,0.3826834,0,-0.9238795;
custom,cuboid,wood1,3.5,2,1,0,1,1,1,0.6,0.2,-992.4174785,10,1395.4504871,0,0.3826834,0,-0.9238795;
custom,cuboid,wood1,3.5,2.5,1,0,1,1,1,0.6,0.2,-999.4885463,12.5,1402.5215549,0,0.3826834,0,-0.9238795;
custom,cuboid,wood1,3.5,3,1,0,1,1,1,0.6,0.2,-1006.5596142,15,1409.5926227,0,0.3826834,0,-0.9238795;
custom,cuboid,wood1,3.5,0.5,1,0,1,1,1,0.7,0.2,-1024.2372837,2.5,1321.2042751,0,0.3826834,0,-0.9238795;
custom,cuboid,wood1,3.5,1,1,0,1,1,1,0.7,0.2,-1031.3083515,5,1328.2753429,0,0.3826834,0,-0.9238795;
custom,cuboid,wood1,3.5,1.5,1,0,1,1,1,0.7,0.2,-1038.3794193,7.5,1335.3464107,0,0.3826834,0,-0.9238795;
custom,cuboid,wood1,3.5,2,1,0,1,1,1,0.7,0.2,-1045.4504871,10,1342.4174785,0,0.3826834,0,-0.9238795;
custom,cuboid,wood1,3.5,2.5,1,0,1,1,1,0.7,0.2,-1052.5215549,12.5,1349.4885463,0,0.3826834,0,-0.9238795;
custom,cuboid,wood1,3.5,3,1,0,1,1,1,0.7,0.2,-1059.5926227,15,1356.5596142,0,0.3826834,0,-0.9238795;
custom,cuboid,house9mat2,0.5,5,6,0,1,1,1,0.6,0.5,-974.739809,25,1406.0570888,0,0.3826834,0,-0.9238795;
custom,cuboid,house9mat2,0.5,5,6,0,1,1,1,0.6,0.5,-1003.0240802,25,1377.7728176,0,0.3826834,0,-0.9238795;
custom,cuboid,house9mat2,0.5,5,6,0,1,1,1,0.6,0.5,-1056.0570888,25,1324.739809,0,0.3826834,0,-0.9238795;
custom,cuboid,house9mat2,0.5,5,6,0,1,1,1,0.6,0.5,-1027.7728176,25,1353.0240802,0,0.3826834,0,-0.9238795;
custom,cuboid,wood1,3.5,0.5,1,0,1,1,1,0.6,0.2,-1024.2372837,2.5,1628.7957249,0,0.9238795,0,-0.3826834;
custom,cuboid,wood1,3.5,1,1,0,1,1,1,0.6,0.2,-1031.3083515,5,1621.7246571,0,0.9238795,0,-0.3826834;
custom,cuboid,wood1,3.5,1.5,1,0,1,1,1,0.6,0.2,-1038.3794193,7.5,1614.6535893,0,0.9238795,0,-0.3826834;
custom,cuboid,wood1,3.5,2,1,0,1,1,1,0.6,0.2,-1045.4504871,10,1607.5825215,0,0.9238795,0,-0.3826834;
custom,cuboid,wood1,3.5,2.5,1,0,1,1,1,0.6,0.2,-1052.5215549,12.5,1600.5114537,0,0.9238795,0,-0.3826834;
custom,cuboid,wood1,3.5,3,1,0,1,1,1,0.6,0.2,-1059.5926227,15,1593.4403858,0,0.9238795,0,-0.3826834;
custom,cuboid,wood1,3.5,0.5,1,0,1,1,1,0.7,0.2,-971.2042751,2.5,1575.7627163,0,0.9238795,0,-0.3826834;
custom,cuboid,wood1,3.5,1,1,0,1,1,1,0.7,0.2,-978.2753429,5,1568.6916485,0,0.9238795,0,-0.3826834;
custom,cuboid,wood1,3.5,1.5,1,0,1,1,1,0.7,0.2,-985.3464107,7.5,1561.6205807,0,0.9238795,0,-0.3826834;
custom,cuboid,wood1,3.5,2,1,0,1,1,1,0.7,0.2,-992.4174785,10,1554.5495129,0,0.9238795,0,-0.3826834;
custom,cuboid,wood1,3.5,2.5,1,0,1,1,1,0.7,0.2,-999.4885463,12.5,1547.4784451,0,0.9238795,0,-0.3826834;
custom,cuboid,wood1,3.5,3,1,0,1,1,1,0.7,0.2,-1006.5596142,15,1540.4073773,0,0.9238795,0,-0.3826834;
custom,cuboid,house9mat2,0.5,5,6,0,1,1,1,0.6,0.5,-1056.0570888,25,1625.260191,0,0.9238795,0,-0.3826834;
custom,cuboid,house9mat2,0.5,5,6,0,1,1,1,0.6,0.5,-1027.7728176,25,1596.9759198,0,0.9238795,0,-0.3826834;
custom,cuboid,house9mat2,0.5,5,6,0,1,1,1,0.6,0.5,-974.739809,25,1543.9429112,0,0.9238795,0,-0.3826834;
custom,cuboid,house9mat2,0.5,5,6,0,1,1,1,0.6,0.5,-1003.0240802,25,1572.2271824,0,0.9238795,0,-0.3826834;
custom,cuboid,house9mat2,36,0.5,36,0,1,1,1,3.6,3.6,-1125,102.5,1475,0,0.3826834,0,0.9238795;
custom,cuboid,metal1,35.95,0.5,35.95,0,1,0.875,0.875,3.6,3.6,-1125,102.25,1475,0,0.3826834,0,0.9238795;
custom,cuboid,house9mat2,25,5,25,0,1,1,1,2.5,0.5,-1125,75,1475,0,0.3826834,0,0.9238795;
custom,cuboid,house9mat2,36,0.5,36,0,1,1,1,3.6,3.6,-1125,152.5,1475,0,0.3826834,0,0.9238795;
custom,cuboid,metal1,35.95,0.5,35.95,0,1,0.875,0.875,3.6,3.6,-1125,152.25,1475,0,0.3826834,0,0.9238795;
custom,cuboid,house9mat2,25,5,25,0,1,1,1,2.5,0.5,-1125,125,1475,0,0.3826834,0,0.9238795;
custom,cuboid,house9mat2,36,0.5,36,0,1,1,1,3.6,3.6,-1125,202.5,1475,0,0.3826834,0,0.9238795;
custom,cuboid,metal1,35.95,0.5,35.95,0,1,0.875,0.875,3.6,3.6,-1125,202.25,1475,0,0.3826834,0,0.9238795;
custom,cuboid,house9mat2,25,5,25,0,1,1,1,2.5,0.5,-1125,175,1475,0,0.3826834,0,0.9238795;

custom,cuboid,brick2,0.4,4.9,6.1,0,1,1,1,0.04,0.5,-974.739809,25,1406.0570888,0,0.3826834,0,-0.9238795;
custom,cuboid,brick2,0.4,4.9,6.1,0,1,1,1,0.04,0.5,-1003.0240802,25,1377.7728176,0,0.3826834,0,-0.9238795;
custom,cuboid,brick2,0.4,4.9,6.1,0,1,1,1,0.04,0.5,-1056.0570888,25,1324.739809,0,0.3826834,0,-0.9238795;
custom,cuboid,brick2,0.4,4.9,6.1,0,1,1,1,0.04,0.5,-1027.7728176,25,1353.0240802,0,0.3826834,0,-0.9238795;
custom,cuboid,brick2,0.4,4.9,6.1,0,1,1,1,0.04,0.5,-1056.0570888,25,1625.260191,0,0.9238795,0,-0.3826834;
custom,cuboid,brick2,0.4,4.9,6.1,0,1,1,1,0.04,0.5,-1027.7728176,25,1596.9759198,0,0.9238795,0,-0.3826834;
custom,cuboid,brick2,0.4,4.9,6.1,0,1,1,1,0.04,0.5,-974.739809,25,1543.9429112,0,0.9238795,0,-0.3826834;
custom,cuboid,brick2,0.4,4.9,6.1,0,1,1,1,0.04,0.5,-1003.0240802,25,1572.2271824,0,0.9238795,0,-0.3826834;


custom,cuboid,metal1,3.4,0.4,1.1,0,1,1,1,0.35,0.05,-1024.2372837,2.5,1628.7957249,0,0.9238795,0,-0.3826834;
custom,cuboid,metal1,3.4,0.4,1.1,0,1,1,1,0.35,0.05,-971.2042751,2.5,1374.2372837,0,0.3826834,0,-0.9238795;
custom,cuboid,metal1,3.4,0.4,1.1,0,1,1,1,0.35,0.05,-1024.2372837,2.5,1321.2042751,0,0.3826834,0,-0.9238795;
custom,cuboid,metal1,3.4,0.4,1.1,0,1,1,1,0.35,0.05,-971.2042751,2.5,1575.7627163,0,0.9238795,0,-0.3826834;
custom,cuboid,metal1,3.4,0.9,1.1,0,1,1,1,0.35,0.1,-1031.3083515,5,1621.7246571,0,0.9238795,0,-0.3826834;
custom,cuboid,metal1,3.4,0.9,1.1,0,1,1,1,0.35,0.1,-978.2753429,5,1381.3083515,0,0.3826834,0,-0.9238795;
custom,cuboid,metal1,3.4,0.9,1.1,0,1,1,1,0.35,0.1,-1031.3083515,5,1328.2753429,0,0.3826834,0,-0.9238795;
custom,cuboid,metal1,3.4,0.9,1.1,0,1,1,1,0.35,0.1,-978.2753429,5,1568.6916485,0,0.9238795,0,-0.3826834;
custom,cuboid,metal1,3.4,1.4,1.1,0,1,1,1,0.35,0.15,-1038.3794193,7.5,1614.6535893,0,0.9238795,0,-0.3826834;
custom,cuboid,metal1,3.4,1.4,1.1,0,1,1,1,0.35,0.15,-985.3464107,7.5,1388.3794193,0,0.3826834,0,-0.9238795;
custom,cuboid,metal1,3.4,1.4,1.1,0,1,1,1,0.35,0.15,-1038.3794193,7.5,1335.3464107,0,0.3826834,0,-0.9238795;
custom,cuboid,metal1,3.4,1.4,1.1,0,1,1,1,0.35,0.15,-985.3464107,7.5,1561.6205807,0,0.9238795,0,-0.3826834;
custom,cuboid,metal1,3.4,1.9,1.1,0,1,1,1,0.35,0.2,-1045.4504871,10,1607.5825215,0,0.9238795,0,-0.3826834;
custom,cuboid,metal1,3.4,1.9,1.1,0,1,1,1,0.35,0.2,-992.4174785,10,1395.4504871,0,0.3826834,0,-0.9238795;
custom,cuboid,metal1,3.4,1.9,1.1,0,1,1,1,0.35,0.2,-1045.4504871,10,1342.4174785,0,0.3826834,0,-0.9238795;
custom,cuboid,metal1,3.4,1.9,1.1,0,1,1,1,0.35,0.2,-992.4174785,10,1554.5495129,0,0.9238795,0,-0.3826834;
custom,cuboid,metal1,3.4,2.4,1.1,0,1,1,1,0.35,0.25,-1052.5215549,12.5,1600.5114537,0,0.9238795,0,-0.3826834;
custom,cuboid,metal1,3.4,2.4,1.1,0,1,1,1,0.35,0.25,-999.4885463,12.5,1402.5215549,0,0.3826834,0,-0.9238795;
custom,cuboid,metal1,3.4,2.4,1.1,0,1,1,1,0.35,0.25,-1052.5215549,12.5,1349.4885463,0,0.3826834,0,-0.9238795;
custom,cuboid,metal1,3.4,2.4,1.1,0,1,1,1,0.35,0.25,-999.4885463,12.5,1547.4784451,0,0.9238795,0,-0.3826834;
custom,cuboid,metal1,3.4,2.9,1.1,0,1,1,1,0.35,0.3,-1006.5596142,15,1409.5926227,0,0.3826834,0,-0.9238795;
custom,cuboid,metal1,3.4,2.9,1.1,0,1,1,1,0.35,0.3,-1059.5926227,15,1593.4403858,0,0.9238795,0,-0.3826834;
custom,cuboid,metal1,3.4,2.9,1.1,0,1,1,1,0.35,0.3,-1006.5596142,15,1540.4073773,0,0.9238795,0,-0.3826834;
custom,cuboid,metal1,3.4,2.9,1.1,0,1,1,1,0.35,0.3,-1059.5926227,15,1356.5596142,0,0.3826834,0,-0.9238795;



custom,cylinder,castle1tex,2,2.5,2,0,1,1,1,0.01,0.5,-1130,25,1255,0,0.7071068,0,0.7071068;
custom,cylinder,castle1tex,2,2.5,2,0,1,1,1,0.01,0.5,-1120,75,1255,0,0.7071068,0,0.7071068;
custom,cylinder,castle1tex,2,2.5,2,0,1,1,1,0.01,0.5,-1130,125,1255,0,0.7071068,0,0.7071068;
custom,cylinder,castle1tex,2,2.5,2,0,1,1,1,0.01,0.5,-1120,175,1255,0,0.7071068,0,0.7071068;

custom,cylinder,castle1tex,2,2.5,2,0,1,1,1,0.01,0.5,-1120,25,1695,0,-0.7071068,0,0.7071068;
custom,cylinder,castle1tex,2,2.5,2,0,1,1,1,0.01,0.5,-1130,75,1695,0,-0.7071068,0,0.7071068;
custom,cylinder,castle1tex,2,2.5,2,0,1,1,1,0.01,0.5,-1120,125,1695,0,-0.7071068,0,0.7071068;
custom,cylinder,castle1tex,2,2.5,2,0,1,1,1,0.01,0.5,-1130,175,1695,0,-0.7071068,0,0.7071068;

custom,cylinder,castle1tex,2,2.5,2,0,1,1,1,0.01,0.5,-1350,25,1475,0,0.7071068,0,0.7071068;
custom,cylinder,castle1tex,2,2.5,2,0,1,1,1,0.01,0.5,-1340,75,1475,0,0.7071068,0,0.7071068;
custom,cylinder,castle1tex,2,2.5,2,0,1,1,1,0.01,0.5,-1350,125,1475,0,0.7071068,0,0.7071068;
custom,cylinder,castle1tex,2,2.5,2,0,1,1,1,0.01,0.5,-1340,175,1475,0,0.7071068,0,0.7071068;

custom,cylinder,castle1tex,2,2.5,2,0,1,1,1,0.01,0.5,-900,25,1475,0,-0.7071068,0,0.7071068;
custom,cylinder,castle1tex,2,2.5,2,0,1,1,1,0.01,0.5,-910,75,1475,0,-0.7071068,0,0.7071068;
custom,cylinder,castle1tex,2,2.5,2,0,1,1,1,0.01,0.5,-900,125,1475,0,-0.7071068,0,0.7071068;
custom,cylinder,castle1tex,2,2.5,2,0,1,1,1,0.01,0.5,-910,175,1475,0,-0.7071068,0,0.7071068;


custom,cuboid,house9mat2,5,5,1,0,1,1,1,0.5,0.5,-1095,25,1075,0,0.414,0,1;
custom,cuboid,house9mat2,6,5,0.75,0,1,1,1,0.6,0.5,-1095,25,1075,0,0.414,0,1;
custom,cuboid,house9mat2,7,5,0.5,0,1,1,1,0.7,0.5,-1095,25,1075,0,0.414,0,1;

misc,barrier,4,2,1,-1105,25,980,0,0,0,0;
custom,killcuboid,barriereditormat,4,2,1,0,1,1,1,1.0,1.0,-1105,25,980,0,0,0,0;
custom,killcuboid,barriereditormat,3,1,0.5,0,1,1,1,1.0,1.0,-1105,25,980,0,0,0,0;

custom,cuboid,house9mat2,5,5,1,0,1,1,1,0.5,0.5,-1010,25,1790,0,-0.414,0,1;
custom,cuboid,house9mat2,6,5,0.75,0,1,1,1,0.6,0.5,-1010,25,1790,0,-0.414,0,1;
custom,cuboid,house9mat2,7,5,0.5,0,1,1,1,0.7,0.5,-1010,25,1790,0,-0.414,0,1;







custom,field2,default,1,3,0.5,1,0,1,0,1.0,1.0,-1044.3,-2.869841,1118.509,0,0.3941436,0,0.9190489;
custom,field2,default,1,3,0.5,1,0,1,0,1.0,1.0,-1041.586,-1.688054,1138.29,0,0.3840964,0,0.923293;
custom,field2,default,1,3,0.5,1,0,1,0,1.0,1.0,-1223.381,-0.8586404,1113.233,0,0.5503259,0,-0.8349499;
custom,field2,default,1,3,0.5,1,0,1,0,1.0,1.0,-1229.658,0.9002646,1133.747,0,0.5503259,0,-0.8349499;
custom,field2,default,1,2,1,1,0,1,0,1.0,1.0,-1088.44,-6.369943,1314.871,0,-1.604216E-05,0,1;
custom,field2,default,1,2,1,1,0,1,0,1.0,1.0,-1157.367,-6.759063,1301.978,0,-1.604221E-05,0,1;
custom,boulder1,default,2,-1,1,0,0,1,0,1.0,1.0,-1180.034,-2.289491,1285.54,0,0.6025705,0,0.7980657;
custom,boulder1,default,2,1,1,0,0,1,0,1.0,1.0,-1072.945,-3.496026,1279.82,0.9817842,-0.0126183,0.176034,0.07037517;
custom,field2,default,1,3,0.5,1,0,1,0,1.0,1.0,-1261.274,-13.53594,1803.237,0,0.3092115,0,0.9509933;
custom,field2,default,1,3,0.5,1,0,1,0,1.0,1.0,-1228.868,-5.932764,1796.54,0,0.3133583,0,0.949635;
custom,field2,default,1,3,0.5,1,0,1,0,1.0,1.0,-1019.642,-2.326011,1811.366,0,0.3108105,0,-0.9504719;
custom,field2,default,1,3,0.5,1,0,1,0,1.0,1.0,-1029.826,-9.059193,1582.289,0,0.524031,0,-0.8516992;
custom,field2,default,1,3,0.5,1,0,1,0,1.0,1.0,-969.1707,-13.2486,1506.471,0,0.524031,0,-0.8516992;
custom,field2,default,1,3,0.5,1,0,1,0,1.0,1.0,-789.668,-6.735044,1395.854,0,0.7761297,0,0.6305733;
custom,field2,default,1,3,0.5,1,0,1,0,1.0,1.0,-781.5743,-9.581025,1562.382,0,0.4642,0,0.8857304;




custom,cuboid,house9mat2,55,5,55,0,1,1,1,5.4,0.5,-1375,25,1475,0,0.3826834,0,0.9238795;
custom,cuboid,house9mat2,54.9,5.1,54.9,0,1,1,1,5.4,5.4,-1375,25,1475,0,0.3826834,0,0.9238795;
custom,cuboid,house9mat2,55,2.5,55,0,1,1,1,5.4,0.25,-1525,12.5,1475,0,0.3826834,0,0.9238795;
custom,cuboid,house9mat2,54.9,2.6,54.9,0,1,1,1,5.4,5.4,-1525,12.5,1475,0,0.3826834,0,0.9238795;


custom,cuboid,house9mat2,1,5,100,0,1,1,1,10.0,0.5,-1080,25,2400,0,0,0,0;
custom,cuboid,house9mat2,1,5,100,0,1,1,1,10.0,0.5,-1190,25,2400,0,0,0,0;
custom,cuboid,house9mat2,2,5,90,0,1,1,1,9.0,0.5,-1085,25,2450,0,0,0,0;
custom,cuboid,house9mat2,2,5,90,0,1,1,1,9.0,0.5,-1185,25,2450,0,0,0,0;
custom,cuboid,house9mat2,2,5,80,0,1,1,1,8.0,0.5,-1095,25,2500,0,0,0,0;
custom,cuboid,house9mat2,2,5,80,0,1,1,1,8.0,0.5,-1175,25,2500,0,0,0,0;
custom,cuboid,house9mat2,2,5,70,0,1,1,1,7.0,0.5,-1105,25,2550,0,0,0,0;
custom,cuboid,house9mat2,2,5,70,0,1,1,1,7.0,0.5,-1165,25,2550,0,0,0,0;
custom,cuboid,house9mat2,0.9,4.9,100.1,0,1,1,1,0.1,0.5,-1080,25,2400,0,0,0,0;
custom,cuboid,house9mat2,0.9,4.9,100.1,0,1,1,1,0.1,0.5,-1190,25,2400,0,0,0,0;
custom,cuboid,house9mat2,0.9,4.9,90.1,0,1,1,1,0.1,0.5,-1090,25,2450,0,0,0,0;
custom,cuboid,house9mat2,0.9,4.9,90.1,0,1,1,1,0.1,0.5,-1180,25,2450,0,0,0,0;
custom,cuboid,house9mat2,0.9,4.9,80.1,0,1,1,1,0.1,0.5,-1100,25,2500,0,0,0,0;
custom,cuboid,house9mat2,0.9,4.9,80.1,0,1,1,1,0.1,0.5,-1170,25,2500,0,0,0,0;
custom,cuboid,house9mat2,0.9,4.9,70.1,0,1,1,1,0.1,0.5,-1110,25,2550,0,0,0,0;
custom,cuboid,house9mat2,0.9,4.9,70.1,0,1,1,1,0.1,0.5,-1160,25,2550,0,0,0,0;

custom,cuboid,metal1,0.75,5,0.75,0,1,1,1,0.075,0.5,-1150,15,2895,0,0,0.414,1;
custom,cuboid,metal1,0.75,5,0.75,0,1,1,1,0.075,0.5,-1120,15,2895,0,0,-0.414,1;
custom,cuboid,brick2,0.7,5,0.9,0,1,1,1,0.075,0.5,-1150,15,2895,0,0,0.414,1;
custom,cuboid,brick2,0.7,5,0.95,0,1,1,1,0.075,0.5,-1120,15,2895,0,0,-0.414,1;
custom,cuboid,metal1,0.75,-5,0.75,0,1,1,1,0.075,0.5,-1150,35,2895,0,0,0.414,-1;
custom,cuboid,metal1,0.75,-5,0.75,0,1,1,1,0.075,0.5,-1120,35,2895,0,0,-0.414,-1;
custom,cuboid,brick2,0.7,-5,0.9,0,1,1,1,0.075,0.5,-1150,35,2895,0,0,0.414,-1;
custom,cuboid,brick2,0.7,-5,0.95,0,1,1,1,0.075,0.5,-1120,35,2895,0,0,-0.414,-1;

custom,cuboid,brick2,1,0.5,1,0,1,1,1,0.1,0.1,-1150,2.5,2895,0,0,0,0;
custom,cuboid,brick2,1,0.5,1,0,1,1,1,0.1,0.1,-1120,2.5,2895,0,0,0,0;
custom,cuboid,brick2,1,0.5,1,0,1,1,1,0.1,0.1,-1150,47.5,2895,0,0,0,0;
custom,cuboid,brick2,1,0.5,1,0,1,1,1,0.1,0.1,-1120,47.5,2895,0,0,0,0;





custom,cuboid,house9mat2,1,5,50,0,1,1,1,5,0.5,-905,25,3072.5,0,1,0,-0.414;
custom,cuboid,house9mat2,1,5,50,0,1,1,1,5,0.5,-1365,25,3072.5,0,1,0,0.414;
custom,cuboid,house9mat2,1,5,50,0,1,1,1,5,0.5,-905,25,3572.5,0,1,0,0.414;
custom,cuboid,house9mat2,1,5,50,0,1,1,1,5,0.5,-1365,25,3572.5,0,1,0,-0.414;
custom,cuboid,house9mat2,1,5,50,0,1,1,1,5,0.5,-840,25,3320,0,0,0,0;
custom,cuboid,house9mat2,1,5,50,0,1,1,1,5,0.5,-1440,25,3320,0,0,0,0;

custom,cuboid,house9mat2,2,5,2,0,1,1,1,0.2,0.5,-1080,25,3200,0,0.414,0,1;
custom,cuboid,house9mat2,2,5,2,0,1,1,1,0.2,0.5,-1080,25,3300,0,0.414,0,1;
custom,cuboid,house9mat2,2,5,2,0,1,1,1,0.2,0.5,-1190,25,3200,0,0.414,0,1;
custom,cuboid,house9mat2,2,5,2,0,1,1,1,0.2,0.5,-1190,25,3300,0,0.414,0,1;

custom,cuboid,house9mat2,2,5,2,0,1,1,1,0.2,0.5,-985,25,3300,0,0.414,0,1;
custom,cuboid,house9mat2,2,5,2,0,1,1,1,0.2,0.5,-1285,25,3300,0,0.414,0,1;
custom,cuboid,house9mat2,2,5,2,0,1,1,1,0.2,0.5,-985,25,3200,0,0.414,0,1;
custom,cuboid,house9mat2,2,5,2,0,1,1,1,0.2,0.5,-1285,25,3200,0,0.414,0,1;


custom,killcuboid,barriereditormat,1,5,30,0,1,1,1,1.0,1.0,-1080,25,3050,0,0,0,0;
custom,killcuboid,barriereditormat,1,5,30,0,1,1,1,1.0,1.0,-1190,25,3050,0,0,0,0;
custom,killcuboid,barriereditormat,1,5,30,0,1,1,1,1.0,1.0,-1135,25,3300,0,1,0,1;
custom,killcuboid,barriereditormat,1,5,10,0,1,1,1,1.0,1.0,-1285,25,3250,0,0,0,0;
custom,killcuboid,barriereditormat,1,5,10,0,1,1,1,1.0,1.0,-985,25,3250,0,0,0,0;

custom,cuboid,house9mat2,2,5,2,0,1,1,1,0.2,0.5,-1080,25,3450,0,0.414,0,1;
custom,cuboid,house9mat2,2,5,2,0,1,1,1,0.2,0.5,-1190,25,3450,0,0.414,0,1;
custom,cuboid,house9mat2,2,5,2,0,1,1,1,0.2,0.5,-985,25,3450,0,0.414,0,1;
custom,cuboid,house9mat2,2,5,2,0,1,1,1,0.2,0.5,-1285,25,3450,0,0.414,0,1;

custom,killcuboid,barriereditormat,1,5,25,0,1,1,1,1.0,1.0,-1310,25,3450,0,1,0,1;
custom,killcuboid,barriereditormat,1,5,25,0,1,1,1,1.0,1.0,-960,25,3450,0,1,0,1;
custom,killcuboid,barriereditormat,1,5,30,0,1,1,1,1.0,1.0,-1080,25,3600,0,0,0,0;
custom,killcuboid,barriereditormat,1,5,30,0,1,1,1,1.0,1.0,-1190,25,3600,0,0,0,0;

custom,cuboid,house9mat2,7,1,7,0,1,1,1,0.7,0.1,-1080,55,3200,0,0.414,0,1;
custom,cuboid,house9mat2,7,1,7,0,1,1,1,0.7,0.1,-1080,55,3300,0,0.414,0,1;
custom,cuboid,house9mat2,7,1,7,0,1,1,1,0.7,0.1,-1190,55,3200,0,0.414,0,1;
custom,cuboid,house9mat2,7,1,7,0,1,1,1,0.7,0.1,-1190,55,3300,0,0.414,0,1;
custom,cuboid,house9mat2,7,1,7,0,1,1,1,0.7,0.1,-985,55,3300,0,0.414,0,1;
custom,cuboid,house9mat2,7,1,7,0,1,1,1,0.7,0.1,-1285,55,3300,0,0.414,0,1;
custom,cuboid,house9mat2,7,1,7,0,1,1,1,0.7,0.1,-985,55,3200,0,0.414,0,1;
custom,cuboid,house9mat2,7,1,7,0,1,1,1,0.7,0.1,-1285,55,3200,0,0.414,0,1;
custom,cuboid,house9mat2,7,1,7,0,1,1,1,0.7,0.1,-1080,55,3450,0,0.414,0,1;
custom,cuboid,house9mat2,7,1,7,0,1,1,1,0.7,0.1,-1190,55,3450,0,0.414,0,1;
custom,cuboid,house9mat2,7,1,7,0,1,1,1,0.7,0.1,-985,55,3450,0,0.414,0,1;
custom,cuboid,house9mat2,7,1,7,0,1,1,1,0.7,0.1,-1285,55,3450,0,0.414,0,1;

custom,cuboid,metal1,6.9,1.1,6.9,0,1,1,1,0.7,0.7,-1080,55,3200,0,0.414,0,1;
custom,cuboid,metal1,6.9,1.1,6.9,0,1,1,1,0.7,0.7,-1080,55,3300,0,0.414,0,1;
custom,cuboid,metal1,6.9,1.1,6.9,0,1,1,1,0.7,0.7,-1190,55,3200,0,0.414,0,1;
custom,cuboid,metal1,6.9,1.1,6.9,0,1,1,1,0.7,0.7,-1190,55,3300,0,0.414,0,1;
custom,cuboid,metal1,6.9,1.1,6.9,0,1,1,1,0.7,0.7,-985,55,3300,0,0.414,0,1;
custom,cuboid,metal1,6.9,1.1,6.9,0,1,1,1,0.7,0.7,-1285,55,3300,0,0.414,0,1;
custom,cuboid,metal1,6.9,1.1,6.9,0,1,1,1,0.7,0.7,-985,55,3200,0,0.414,0,1;
custom,cuboid,metal1,6.9,1.1,6.9,0,1,1,1,0.7,0.7,-1285,55,3200,0,0.414,0,1;
custom,cuboid,metal1,6.9,1.1,6.9,0,1,1,1,0.7,0.7,-1080,55,3450,0,0.414,0,1;
custom,cuboid,metal1,6.9,1.1,6.9,0,1,1,1,0.7,0.7,-1190,55,3450,0,0.414,0,1;
custom,cuboid,metal1,6.9,1.1,6.9,0,1,1,1,0.7,0.7,-985,55,3450,0,0.414,0,1;
custom,cuboid,metal1,6.9,1.1,6.9,0,1,1,1,0.7,0.7,-1285,55,3450,0,0.414,0,1;

custom,cuboid,house9mat2,0.5631764,1.407941,0.5631764,0,1,1,1,0.2,0.5,-1243.076,5.730859,3042.013,-0.03606456,0.3879269,-0.141196,0.9100966;
custom,cuboid,house9mat2,1.971118,0.2815882,1.971118,0,1,1,1,0.7,0.1,-1241.141,13.81973,3040.533,-0.03606456,0.3879269,-0.141196,0.9100966;
custom,cuboid,metal1,1.942958,0.309747,1.942958,0,1,1,1,0.7,0.7,-1241.141,13.81973,3040.533,-0.03606456,0.3879269,-0.141196,0.9100966;
custom,cuboid,house9mat2,0.5631764,1.407941,0.5631764,0,1,1,1,0.2,0.5,-1216.559,5.730859,3059.608,-0.1374014,0.9721051,-0.0485574,0.1837789;
custom,cuboid,house9mat2,1.971118,0.2815882,1.971118,0,1,1,1,0.7,0.1,-1218.665,13.81973,3058.383,-0.1374014,0.9721051,-0.0485574,0.1837789;
custom,cuboid,metal1,1.942958,0.309747,1.942958,0,1,1,1,0.7,0.7,-1218.665,13.81973,3058.383,-0.1374014,0.9721051,-0.0485574,0.1837789;
custom,cuboid,house9mat2,0.5631764,1.407941,0.5631764,0,1,1,1,0.2,0.5,-1262.368,5.977118,3059.955,0.1344435,-0.313645,0.1584043,0.9265311;
custom,cuboid,house9mat2,1.971118,0.2815882,1.971118,0,1,1,1,0.7,0.1,-1265.56,13.69573,3061.221,0.1344435,-0.313645,0.1584043,0.9265311;
custom,cuboid,metal1,1.942958,0.309747,1.942958,0,1,1,1,0.7,0.7,-1265.56,13.69573,3061.221,0.1344435,-0.313645,0.1584043,0.9265311;
custom,cuboid,house9mat2,0.5631764,1.407941,0.5631764,0,1,1,1,0.2,0.5,-1393.63,5.730844,3379.708,0.03886326,-0.1155796,-0.1404525,0.9825498;
custom,cuboid,house9mat2,1.971118,0.2815882,1.971118,0,1,1,1,0.7,0.1,-1391.375,13.81971,3380.624,0.03886326,-0.1155796,-0.1404525,0.9825498;
custom,cuboid,metal1,1.942958,0.309747,1.942958,0,1,1,1,0.7,0.7,-1391.375,13.81971,3380.624,0.03886326,-0.1155796,-0.1404525,0.9825498;
custom,cuboid,house9mat2,0.5631764,1.407941,0.5631764,0,1,1,1,0.2,0.5,-1395.381,5.730844,3411.481,-0.09511043,0.7522818,-0.1104133,0.6425224;
custom,cuboid,house9mat2,1.971118,0.2815882,1.971118,0,1,1,1,0.7,0.1,-1395.39,13.81971,3409.044,-0.09511043,0.7522818,-0.1104133,0.6425224;
custom,cuboid,metal1,1.942958,0.309747,1.942958,0,1,1,1,0.7,0.7,-1395.39,13.81971,3409.044,-0.09511043,0.7522818,-0.1104133,0.6425224;
custom,cuboid,house9mat2,0.5631764,1.407941,0.5631764,0,1,1,1,0.2,0.5,-1418.868,5.977103,3372.146,0.03796049,-0.7325751,0.2042693,0.6482028;
custom,cuboid,house9mat2,1.971118,0.2815882,1.971118,0,1,1,1,0.7,0.1,-1421.574,13.69571,3370.036,0.03796049,-0.7325751,0.2042693,0.6482028;
custom,cuboid,metal1,1.942958,0.309747,1.942958,0,1,1,1,0.7,0.7,-1421.574,13.69571,3370.036,0.03796049,-0.7325751,0.2042693,0.6482028;
custom,cuboid,house9mat2,0.5631764,1.407941,0.5631764,0,1,1,1,0.2,0.5,-899.4872,5.730844,3384.327,-0.1094241,0.8336763,-0.0962477,0.5326788;
custom,cuboid,house9mat2,1.971118,0.2815882,1.971118,0,1,1,1,0.7,0.1,-900.1644,13.81971,3381.989,-0.1094241,0.8336763,-0.0962477,0.5326788;
custom,cuboid,metal1,1.942958,0.309747,1.942958,0,1,1,1,0.7,0.7,-900.1644,13.81971,3381.989,-0.1094241,0.8336763,-0.0962477,0.5326788;
custom,cuboid,house9mat2,0.5631764,1.407941,0.5631764,0,1,1,1,0.2,0.5,-873.4541,5.730844,3366.024,-0.1408464,0.9063599,0.03740831,-0.3965789;
custom,cuboid,house9mat2,1.971118,0.2815882,1.971118,0,1,1,1,0.7,0.1,-875.363,13.81971,3367.541,-0.1408464,0.9063599,0.03740831,-0.3965789;
custom,cuboid,metal1,1.942958,0.309747,1.942958,0,1,1,1,0.7,0.7,-875.363,13.81971,3367.541,-0.1408464,0.9063599,0.03740831,-0.3965789;
custom,cuboid,house9mat2,0.5631764,1.407941,0.5631764,0,1,1,1,0.2,0.5,-889.7943,5.977103,3408.825,0.2003646,0.2636386,0.05496415,0.9419808;
custom,cuboid,house9mat2,1.971118,0.2815882,1.971118,0,1,1,1,0.7,0.1,-889.7759,13.69571,3412.255,0.2003646,0.2636386,0.05496415,0.9419808;
custom,cuboid,metal1,1.942958,0.309747,1.942958,0,1,1,1,0.7,0.7,-889.7759,13.69571,3412.255,0.2003646,0.2636386,0.05496415,0.9419808;
custom,cuboid,house9mat2,0.5631764,1.407941,0.5631764,0,1,1,1,0.2,0.5,-1007.463,5.730859,3042.022,-0.01520494,0.2518298,-0.1449335,0.9567366;
custom,cuboid,house9mat2,1.971118,0.2815882,1.971118,0,1,1,1,0.7,0.1,-1005.184,13.81973,3041.158,-0.01520494,0.2518298,-0.1449335,0.9567366;
custom,cuboid,metal1,1.942958,0.309747,1.942958,0,1,1,1,0.7,0.7,-1005.184,13.81973,3041.158,-0.01520494,0.2518298,-0.1449335,0.9567366;
custom,cuboid,house9mat2,0.5631764,1.407941,0.5631764,0,1,1,1,0.2,0.5,-987.1109,5.730859,3066.487,-0.1289061,0.9351724,-0.06797186,0.3228247;
custom,cuboid,house9mat2,1.971118,0.2815882,1.971118,0,1,1,1,0.7,0.1,-988.7765,13.81973,3064.708,-0.1289061,0.9351724,-0.06797186,0.3228247;
custom,cuboid,metal1,1.942958,0.309747,1.942958,0,1,1,1,0.7,0.7,-988.7765,13.81973,3064.708,-0.1289061,0.9351724,-0.06797186,0.3228247;
custom,cuboid,house9mat2,0.5631764,1.407941,0.5631764,0,1,1,1,0.2,0.5,-1031.091,5.977118,3053.671,0.1100478,-0.4447072,0.1762285,0.8712454;
custom,cuboid,house9mat2,1.971118,0.2815882,1.971118,0,1,1,1,0.7,0.1,-1034.512,13.69573,3053.969,0.1100478,-0.4447072,0.1762285,0.8712454;
custom,cuboid,metal1,1.942958,0.309747,1.942958,0,1,1,1,0.7,0.7,-1034.512,13.69573,3053.969,0.1100478,-0.4447072,0.1762285,0.8712454;
custom,cuboid,house9mat2,0.5631764,1.407941,0.5631764,0,1,1,1,0.2,0.5,-1161.457,5.730844,3669.85,0.141115,-0.9092084,-0.03638718,0.3900036;
custom,cuboid,house9mat2,1.971118,0.2815882,1.971118,0,1,1,1,0.7,0.1,-1163.382,13.81971,3671.339,0.141115,-0.9092084,-0.03638718,0.3900036;
custom,cuboid,metal1,1.942958,0.309747,1.942958,0,1,1,1,0.7,0.7,-1163.382,13.81971,3671.339,0.141115,-0.9092084,-0.03638718,0.3900036;
custom,cuboid,house9mat2,0.5631764,1.407941,0.5631764,0,1,1,1,0.2,0.5,-1188.053,5.730844,3652.378,0.04824373,-0.1815586,-0.1375126,0.9725222;
custom,cuboid,house9mat2,1.971118,0.2815882,1.971118,0,1,1,1,0.7,0.1,-1185.941,13.81971,3653.594,0.04824373,-0.1815586,-0.1375126,0.9725222;
custom,cuboid,metal1,1.942958,0.309747,1.942958,0,1,1,1,0.7,0.7,-1185.941,13.81971,3653.594,0.04824373,-0.1815586,-0.1375126,0.9725222;
custom,cuboid,house9mat2,0.5631764,1.407941,0.5631764,0,1,1,1,0.2,0.5,-1142.241,5.977103,3651.824,-0.1580972,-0.9272451,0.1348051,-0.3115274;
custom,cuboid,house9mat2,1.971118,0.2815882,1.971118,0,1,1,1,0.7,0.1,-1139.058,13.69571,3650.545,-0.1580972,-0.9272451,0.1348051,-0.3115274;
custom,cuboid,metal1,1.942958,0.309747,1.942958,0,1,1,1,0.7,0.7,-1139.058,13.69571,3650.545,-0.1580972,-0.9272451,0.1348051,-0.3115274;
custom,cuboid,house9mat2,0.5631764,1.407941,0.5631764,0,1,1,1,0.2,0.5,-1109.077,5.730844,3691.239,0.141115,-0.9092084,-0.03638718,0.3900036;
custom,cuboid,house9mat2,1.971118,0.2815882,1.971118,0,1,1,1,0.7,0.1,-1111.002,13.81971,3692.727,0.141115,-0.9092084,-0.03638718,0.3900036;
custom,cuboid,metal1,1.942958,0.309747,1.942958,0,1,1,1,0.7,0.7,-1111.002,13.81971,3692.727,0.141115,-0.9092084,-0.03638718,0.3900036;
custom,cuboid,house9mat2,0.5631764,1.407941,0.5631764,0,1,1,1,0.2,0.5,-1135.673,5.730844,3673.766,0.04824373,-0.1815586,-0.1375126,0.9725222;
custom,cuboid,house9mat2,1.971118,0.2815882,1.971118,0,1,1,1,0.7,0.1,-1133.561,13.81971,3674.982,0.04824373,-0.1815586,-0.1375126,0.9725222;
custom,cuboid,metal1,1.942958,0.309747,1.942958,0,1,1,1,0.7,0.7,-1133.561,13.81971,3674.982,0.04824373,-0.1815586,-0.1375126,0.9725222;
custom,cuboid,house9mat2,0.5631764,1.407941,0.5631764,0,1,1,1,0.2,0.5,-1089.861,5.977103,3673.212,-0.1580972,-0.9272451,0.1348051,-0.3115274;
custom,cuboid,house9mat2,1.971118,0.2815882,1.971118,0,1,1,1,0.7,0.1,-1086.678,13.69571,3671.934,-0.1580972,-0.9272451,0.1348051,-0.3115274;
custom,cuboid,metal1,1.942958,0.309747,1.942958,0,1,1,1,0.7,0.7,-1086.678,13.69571,3671.934,-0.1580972,-0.9272451,0.1348051,-0.3115274;
custom,field2,default,1.000001,3,0.5,1,0,1,0,1,1,-1087.943,-5.932764,3448.878,0,0.7902638,0,0.6127668;
custom,field2,default,1.000001,3,0.5,1,0,1,0,1,1,-866.0034,-5.932764,3418.022,0,0.7902638,0,0.6127668;
custom,field2,default,1.000001,3,0.5,1,0,1,0,1,1,-866.0034,-5.932764,3158.13,0,0.7902638,0,0.6127668;
custom,field2,default,1.000001,3,0.5,1,0,1,0,1,1,-1041.288,-5.932764,2993.16,0,0.3133659,0,0.9496325;
custom,field2,default,1.711258,2.999998,1.450506,1,0,1,0,1,1,-947.9753,-0.3053575,3555.093,0,0.7902638,0,0.6127668;
custom,field2,default,1.711258,2.999998,1.450506,1,0,1,0,1,1,-1017.961,-0.3053575,3565.779,0,0.7902638,0,0.6127668;
custom,field2,default,1.000001,3,0.5,1,0,1,0,1,1,-1230.705,-5.932764,2993.16,0,0.939074,0,0.3437151;
custom,field2,default,1.000001,3,0.5,1,0,1,0,1,1,-1413.892,-5.932764,3418.018,0,-0.6161901,0,0.7875974;
custom,field2,default,1.000001,3,0.5,1,0,1,0,1,1,-1411.636,-5.932764,3158.134,0,-0.6161901,0,0.7875974;
custom,field2,default,1.000001,3,0.5,1,0,1,0,1,1,-1188.289,-5.932764,3448.878,0,0.6280845,0,0.7781452;
custom,field2,default,1.711258,2.999998,1.450506,1,0,1,0,1,1,-1247.188,-0.3053575,3551.393,0,-0.5696946,0,0.8218566;
custom,field2,default,1.711258,2.999998,1.450506,1,0,1,0,1,1,-1315.637,-0.3053575,3569.479,0,-0.5696946,0,0.8218566;


custom,killcuboid,barriereditormat,0.5,3,20,0,1,1,1,1.0,1.0,-1080,25,3050,0,0,0,0;
custom,killcuboid,barriereditormat,0.5,3,20,0,1,1,1,1.0,1.0,-1190,25,3050,0,0,0,0;
custom,killcuboid,barriereditormat,0.5,3,20,0,1,1,1,1.0,1.0,-1135,25,3300,0,1,0,1;
custom,killcuboid,barriereditormat,0.5,3,7,0,1,1,1,1.0,1.0,-1285,25,3250,0,0,0,0;
custom,killcuboid,barriereditormat,0.5,3,7,0,1,1,1,1.0,1.0,-985,25,3250,0,0,0,0;
custom,killcuboid,barriereditormat,0.5,3,20,0,1,1,1,1.0,1.0,-1310,25,3450,0,1,0,1;
custom,killcuboid,barriereditormat,0.5,3,20,0,1,1,1,1.0,1.0,-960,25,3450,0,1,0,1;
custom,killcuboid,barriereditormat,0.5,3,20,0,1,1,1,1.0,1.0,-1080,25,3600,0,0,0,0;
custom,killcuboid,barriereditormat,0.5,3,20,0,1,1,1,1.0,1.0,-1190,25,3600,0,0,0,0;

misc,barrier,1,5,30,-1080,25,3050,0,0,0,0;
misc,barrier,1,5,30,-1190,25,3050,0,0,0,0;
misc,barrier,1,5,30,-1135,25,3300,0,1,0,1;
misc,barrier,1,5,10,-1285,25,3250,0,0,0,0;
misc,barrier,1,5,10,-985,25,3250,0,0,0,0;
misc,barrier,1,5,25,-1310,25,3450,0,1,0,1;
misc,barrier,1,5,25,-960,25,3450,0,1,0,1;
misc,barrier,1,5,30,-1080,25,3600,0,0,0,0;
misc,barrier,1,5,30,-1190,25,3600,0,0,0,0;

custom,cuboid,house9mat2,1.1,5,10,0,1,1,1,1,0.5,-1080,25,3795,0,0,0,1;
custom,cuboid,house9mat2,1,5,100,0,1,1,1,10,0.5,-1575,25,3850,0,1,0,1;
custom,cuboid,house9mat2,1,5,100,0,1,1,1,10,0.5,-2045,25,3355,0,0,0,1;

custom,cuboid,house9mat2,1.1,5,10.1,0,1,1,1,1,0.5,-1235,25,3750,0,1,0,1;
custom,killcuboid,barriereditormat,1,5,10,0,1,1,1,1,0.5,-1335,25,3750,0,1,0,1;
misc,barrier,1,5,10,-1335,25,3750,0,1,0,1;
custom,cuboid,house9mat2,2,5,2,0,1,1,1,0.2,0.5,-1410,25,3700,0,1,0,1;
custom,cuboid,house9mat2,2,5,2,0,1,1,1,0.2,0.5,-1410,25,3700,0,0.414,0,1;
custom,cuboid,metal1,3,0.5,3,0,1,1,1,0.3,0.3,-1410,0,3700,0,0.414,0,1;
custom,cuboid,brick2,3.1,0.4,3.1,0,1,1,1,0.3,0.04,-1410,0,3700,0,0.414,0,1;
custom,cuboid,metal1,3,0.5,3,0,1,1,1,0.3,0.3,-1410,50,3700,0,0.414,0,1;
custom,cuboid,brick2,3.1,0.4,3.1,0,1,1,1,0.3,0.04,-1410,50,3700,0,0.414,0,1;

custom,cuboid,house9mat2,1.1,5,10.1,0,1,1,1,1,0.5,-1435,25,3750,0,1,0,1;
custom,killcuboid,barriereditormat,1,5,10,0,1,1,1,1,0.5,-1535,25,3750,0,1,0,1;
misc,barrier,1,5,10,-1535,25,3750,0,1,0,1;
custom,cuboid,house9mat2,2,5,2,0,1,1,1,0.2,0.5,-1560,25,3700,0,1,0,1;
custom,cuboid,house9mat2,2,5,2,0,1,1,1,0.2,0.5,-1560,25,3700,0,0.414,0,1;
custom,cuboid,metal1,3,0.5,3,0,1,1,1,0.3,0.3,-1560,0,3700,0,0.414,0,1;
custom,cuboid,brick2,3.1,0.4,3.1,0,1,1,1,0.3,0.04,-1560,0,3700,0,0.414,0,1;
custom,cuboid,metal1,3,0.5,3,0,1,1,1,0.3,0.3,-1560,50,3700,0,0.414,0,1;
custom,cuboid,brick2,3.1,0.4,3.1,0,1,1,1,0.3,0.04,-1560,50,3700,0,0.414,0,1;

custom,cuboid,house9mat2,1.1,5,10.1,0,1,1,1,1,0.5,-1615.9834957,25,3716.8718434,0,0.3826834,0,0.9238795;
custom,killcuboid,barriereditormat,1,5,10,0,1,1,1,1,0.5,-1686.6941738,25,3646.1611652,0,0.3826834,0,0.9238795;
misc,barrier,1,5,10,-1686.6941738,25,3646.1611652,0,0.3826834,0,0.9238795;
custom,cuboid,house9mat2,2,5,2,0,1,1,1,0.2,0.5,-1719.0165043,25,3543.1281566,0,0.3826834,0,0.9238795;
custom,cuboid,house9mat2,2,5,2,0,1,1,1,0.2,0.5,-1719.0165043,25,3543.1281566,0,-0.0001823,0,1;
custom,cuboid,metal1,3,0.5,3,0,1,1,1,0.3,0.3,-1719.0165043,0,3543.1281566,0,-0.414,0,1;
custom,cuboid,brick2,3.1,0.4,3.1,0,1,1,1,0.3,0.04,-1719.0165043,0,3543.1281566,0,-0.414,0,1;
custom,cuboid,metal1,3,0.5,3,0,1,1,1,0.3,0.3,-1719.0165043,50,3543.1281566,0,-0.414,0,1;
custom,cuboid,brick2,3.1,0.4,3.1,0,1,1,1,0.3,0.04,-1719.0165043,50,3543.1281566,0,-0.414,0,1;

custom,cuboid,house9mat2,1.1,5,10.1,0,1,1,1,1,0.5,-1755.9834957,25,3576.8718434,0,0.3826834,0,0.9238795;
custom,killcuboid,barriereditormat,1,5,10,0,1,1,1,1,0.5,-1826.6941738,25,3506.1611652,0,0.3826834,0,0.9238795;
misc,barrier,1,5,10,-1826.6941738,25,3506.1611652,0,0.3826834,0,0.9238795;
custom,cuboid,house9mat2,2,5,2,0,1,1,1,0.2,0.5,-1859.0165043,25,3403.1281566,0,0.3826834,0,0.9238795;
custom,cuboid,house9mat2,2,5,2,0,1,1,1,0.2,0.5,-1859.0165043,25,3403.1281566,0,-0.0001823,0,1;
custom,cuboid,metal1,3,0.5,3,0,1,1,1,0.3,0.3,-1859.0165043,0,3403.1281566,0,-0.414,0,1;
custom,cuboid,brick2,3.1,0.4,3.1,0,1,1,1,0.3,0.04,-1859.0165043,0,3403.1281566,0,-0.414,0,1;
custom,cuboid,metal1,3,0.5,3,0,1,1,1,0.3,0.3,-1859.0165043,50,3403.1281566,0,-0.414,0,1;
custom,cuboid,brick2,3.1,0.4,3.1,0,1,1,1,0.3,0.04,-1859.0165043,50,3403.1281566,0,-0.414,0,1;

custom,cuboid,house9mat2,1.1,5,10.1,0,1,1,1,1,0.5,-1895.9834957,25,3436.8718434,0,0.3826834,0,0.9238795;

custom,cuboid,lava1,50,1.1,50,1,1,0.75,0.75,5.0,5.0,-2045,-4.5,3850,0,0.414,0,1;
racing,killplane,50,-1,50,-2045,1,3850,0,0.414,0,1;
custom,cuboid,brick2,50,1,1,0,1,1,1,5.0,0.1,-1870,0,3675,0,-0.414,0,1;
custom,cuboid,metal1,50,1.1,0.9,0,1,1,1,5.0,0.1,-1870,0,3675,0,-0.414,0,1;

custom,pyramid,brick2,1,1,1,0,1,1,1,0.3,0.3,-1675,9,3825,0,0.414,0,1;
custom,pyramid,brick2,1,-1,1,0,1,1,1,0.3,0.3,-1675,24,3825,0,0.414,0,1;
custom,pyramid,metal1,1,1,1,0,1,1,1,0.3,0.3,-1675,42,3825,0,0.414,0,1;
custom,pyramid,metal1,1,-1,1,0,1,1,1,0.3,0.3,-1675,58,3825,0,0.414,0,1;
custom,pyramid,brick2,1,1,1,0,1,1,1,0.3,0.3,-2025,9,3475,0,0.414,0,1;
custom,pyramid,brick2,1,-1,1,0,1,1,1,0.3,0.3,-2025,24,3475,0,0.414,0,1;
custom,pyramid,metal1,1,1,1,0,1,1,1,0.3,0.3,-2025,42,3475,0,0.414,0,1;
custom,pyramid,metal1,1,-1,1,0,1,1,1,0.3,0.3,-2025,58,3475,0,0.414,0,1;

custom,cuboid,house9mat2,1.1,5,55.1,0,1,1,1,5.5,0.5,-1930,25,3130,0,0,0,1;


custom,cuboid,castle1tex,10,6,1,0,1,1,1,0.5,-0.5,-2090,30,2700,0,0,0,0;
custom,cuboid,castle1tex,10,6,1.25,0,1,1,1,0.5,-0.5,-2190,30,2700,0,0,0,0;
custom,cuboid,castle1tex,10,6,1,0,1,1,1,0.5,-0.5,-2290,30,2700,0,0,0,0;
custom,cuboid,castle1tex,10,6,1,0,1,1,1,0.5,-0.5,-2090,90,2700,0,0,0,0;
custom,cuboid,castle1tex,10,6,1.25,0,1,1,1,0.5,-0.5,-2190,90,2700,0,0,0,0;
custom,cuboid,castle1tex,10,6,1,0,1,1,1,0.5,-0.5,-2290,90,2700,0,0,0,0;
custom,cuboid,stone3,50,1,1.1,0,1,1,1,5.0,0.1,-2190,60,2700,0,0,0,0;
custom,cuboid,stone3,50,1,1.1,0,1,1,1,5.0,0.1,-2190,120,2700,0,0,0,0;
custom,cuboid,stone3,50,1,1.1,0,1,1,1,5.0,0.1,-2190,0,2700,0,0,0,0;

custom,cuboid,castle1tex,10,6,1,0,1,1,1,0.5,-0.5,-2040,30,2650,0,1,0,1;
custom,cuboid,castle1tex,10,6,1,0,1,1,1,0.5,-0.5,-2040,90,2650,0,1,0,1;
custom,cuboid,castle1tex,10,6,1,0,1,1,1,0.5,-0.5,-1940,30,2650,0,1,0,1;
custom,cuboid,castle1tex,10,6,1,0,1,1,1,0.5,-0.5,-1940,90,2650,0,1,0,1;

custom,cuboid,house9mat2,41,5,1,0,1,1,1,4.1,0.5,-1930,25,2650,0,1,0,1;

custom,cuboid,castle1tex,10,6,1,0,1,1,1,0.5,-0.5,-2440,30,2650,0,1,0,1;
custom,cuboid,castle1tex,10,6,1,0,1,1,1,0.5,-0.5,-2340,30,2650,0,1,0,1;
custom,cuboid,castle1tex,10,6,1,0,1,1,1,0.5,-0.5,-2440,90,2650,0,1,0,1;
custom,cuboid,house9mat2,41,5,1,0,1,1,1,4.1,0.5,-2450,25,2650,0,1,0,1;

custom,cuboid,castle1tex,10,6,1.25,0,1,1,1,0.5,-0.5,-2040,30,2550,0,1,0,1;
custom,cuboid,castle1tex,10,6,1.25,0,1,1,1,0.5,-0.5,-2040,90,2550,0,1,0,1;
custom,cuboid,castle1tex,10,6,1.25,0,1,1,1,0.5,-0.5,-1940,30,2550,0,1,0,1;
custom,cuboid,castle1tex,10,6,1.25,0,1,1,1,0.5,-0.5,-1940,90,2550,0,1,0,1;
custom,cuboid,castle1tex,10,6,1.25,0,1,1,1,0.5,-0.5,-2440,30,2550,0,1,0,1;
custom,cuboid,castle1tex,10,6,1.25,0,1,1,1,0.5,-0.5,-2440,90,2550,0,1,0,1;
custom,cuboid,castle1tex,10,6,1.25,0,1,1,1,0.5,-0.5,-2340,30,2550,0,1,0,1;
custom,cuboid,castle1tex,10,6,1.25,0,1,1,1,0.5,-0.5,-2340,90,2550,0,1,0,1;

custom,cuboid,castle1tex,10,6,1,0,1,1,1,0.5,-0.5,-2040,30,2450,0,1,0,1;
custom,cuboid,castle1tex,10,6,1,0,1,1,1,0.5,-0.5,-1940,30,2450,0,1,0,1;
custom,cuboid,castle1tex,10,6,1,0,1,1,1,0.5,-0.5,-1940,90,2450,0,1,0,1;
custom,cuboid,castle1tex,10,6,1,0,1,1,1,0.5,-0.5,-2440,30,2450,0,1,0,1;
custom,cuboid,castle1tex,10,6,1,0,1,1,1,0.5,-0.5,-2440,90,2450,0,1,0,1;
custom,cuboid,castle1tex,10,6,1,0,1,1,1,0.5,-0.5,-2340,30,2450,0,1,0,1;
custom,cuboid,castle1tex,10,6,1,0,1,1,1,0.5,-0.5,-2340,90,2450,0,1,0,1;


custom,cuboid,stone3,30,1,1.1,0,1,1,1,3,0.1,-2040,60,2550,0,1,0,1;
custom,cuboid,stone3,30,1,1.1,0,1,1,1,3,0.1,-1940,60,2550,0,1,0,1;
custom,cuboid,stone3,30,1,1.1,0,1,1,1,3,0.1,-2440,60,2550,0,1,0,1;
custom,cuboid,stone3,30,1,1.1,0,1,1,1,3,0.1,-2340,60,2550,0,1,0,1;
custom,cuboid,stone3,30,1,1.1,0,1,1,1,3,0.1,-1940,120,2550,0,1,0,1;
custom,cuboid,stone3,30,1,1.1,0,1,1,1,3,0.1,-2440,120,2550,0,1,0,1;
custom,cuboid,stone3,30,1,1.1,0,1,1,1,3,0.1,-2040,0,2550,0,1,0,1;
custom,cuboid,stone3,30,1,1.1,0,1,1,1,3,0.1,-1940,0,2550,0,1,0,1;
custom,cuboid,stone3,30,1,1.1,0,1,1,1,3,0.1,-2440,0,2550,0,1,0,1;
custom,cuboid,stone3,30,1,1.1,0,1,1,1,3,0.1,-2340,0,2550,0,1,0,1;
custom,cuboid,stone3,30,1,1.1,0,1,1,1,3,0.1,-2040,120,2550,0,1,0,1;
custom,cuboid,stone3,30,1,1.1,0,1,1,1,3,0.1,-2340,120,2550,0,1,0,1;

custom,cuboid,wood1,29,1,29,0,1,1,1,3,3,-2190,55,2550,0,1,0,1;

custom,cuboid,castle1tex,10,6,1,0,1,1,1,0.5,-0.5,-2090,90,2400,0,0,0,0;
custom,cuboid,castle1tex,10,6,1.25,0,1,1,1,0.5,-0.5,-2190,90,2400,0,0,0,0;
custom,cuboid,castle1tex,10,6,1,0,1,1,1,0.5,-0.5,-2290,90,2400,0,0,0,0;
custom,cuboid,castle1tex,10,6,1.25,0,1,1,1,0.5,-0.5,-1990,90,2400,0,0,0,0;
custom,cuboid,castle1tex,10,6,1.25,0,1,1,1,0.5,-0.5,-2390,90,2400,0,0,0,0;
custom,cuboid,castle1tex,10,6,1.25,0,1,1,1,0.5,-0.5,-2390,30,2400,0,0,0,0;

custom,cuboid,castle1tex,10,6,1.25,0,1,1,1,0.5,-0.5,-1990,30,2700,0,0,0,0;
custom,cuboid,castle1tex,10,6,1.25,0,1,1,1,0.5,-0.5,-1990,90,2700,0,0,0,0;
custom,cuboid,castle1tex,10,6,1.25,0,1,1,1,0.5,-0.5,-2390,90,2700,0,0,0,0;

custom,cuboid,stone3,50,1,1.1,0,1,1,1,5.0,0.1,-2190,60,2400,0,0,0,0;
custom,cuboid,stone3,50,1,1.1,0,1,1,1,5.0,0.1,-2190,120,2400,0,0,0,0;
custom,cuboid,stone3,50,1,1.1,0,1,1,1,5.0,0.1,-2190,0,2400,0,0,0,0;




custom,cuboid,stone3,1.3,13,1.3,0,1,1,1,0.13,1.3,-1940,60,2700,0,0,0,0;
custom,cuboid,stone3,1.3,13,1.3,0,1,1,1,0.13,1.3,-2340,60,2700,0,0,0,0;
custom,cuboid,stone3,1.3,13,1.3,0,1,1,1,0.13,1.3,-2440,60,2700,0,0,0,0;
custom,cuboid,stone3,1.3,13,1.3,0,1,1,1,0.13,1.3,-2440,60,2400,0,0,0,0;
custom,cuboid,stone3,1.3,13,1.3,0,1,1,1,0.13,1.3,-2340,60,2400,0,0,0,0;
custom,cuboid,stone3,1.3,13,1.3,0,1,1,1,0.13,1.3,-2040,60,2400,0,0,0,0;
custom,cuboid,stone3,1.3,13,1.3,0,1,1,1,0.13,1.3,-1940,60,2400,0,0,0,0;
custom,cuboid,stone3,1.3,13,1.3,0,1,1,1,0.13,1.3,-2340,60,2600,0,0,0,0;
custom,cuboid,stone3,1.3,13,1.3,0,1,1,1,0.13,1.3,-2040,60,2500,0,0,0,0;

custom,cuboid,wood3,31,1,51,0,1,1,1,3.1,5.1,-2190,130,2550,0,1,0,1;
custom,cuboid,wood3,31.1,0.9,51.1,0,1,1,1,4.5,0.1,-2190,130,2550,0,1,0,1;
custom,cuboid,wood1,9,1,19,0,1,1,1,0.9,1.9,-2390,55,2600,0,0,0,0;
custom,cuboid,lava1,8.9,1,18.9,1,1,0.75,0.75,0.9,1.9,-2390,54.5,2600,0,0,0,0;
custom,cuboid,lava1,9,1,1,1,1,0.75,0.75,0.9,0.1,-2390,55,2700,0,0,0,0;
custom,cuboid,lava1,9,1,1,1,1,0.75,0.75,0.9,0.1,-2390,55,2500,0,0,0,0;

custom,cuboid,wood1,9,1,19,0,1,1,1,0.9,1.9,-1990,55,2500,0,0,0,0;
custom,cuboid,lava1,8.9,1,18.9,1,1,0.75,0.75,0.9,1.9,-1990,54.5,2500,0,0,0,0;
custom,cuboid,lava1,9,1,1,1,1,0.75,0.75,0.9,0.1,-1990,55,2400,0,0,0,0;
custom,cuboid,lava1,9,1,1,1,1,0.75,0.75,0.9,0.1,-1990,55,2600,0,0,0,0;


custom,cuboid,castle1tex,10,6,1,0,1,1,1,0.5,-0.5,-2090,30,2400,0,0,0,0;
custom,cuboid,castle1tex,10,6,1.25,0,1,1,1,0.5,-0.5,-2190,30,2400,0,0,0,0;
custom,cuboid,castle1tex,10,6,1,0,1,1,1,0.5,-0.5,-2290,30,2400,0,0,0,0;


custom,cuboid,house9mat2,1.25,12,1.25,0,1,1,1,0.125,1.2,-2450,60,2855,0,0,0,0;
custom,cuboid,house9mat2,1.25,12,1.25,0,1,1,1,0.125,1.2,-2045,60,2855,0,0,0,0;
custom,cuboid,house9mat2,1.25,12,1.25,0,1,1,1,0.125,1.2,-1930,60,2855,0,0,0,0;

misc,barrier,41,7,1,-1930,85,2650,0,1,0,1;
misc,barrier,41,7,1,-2450,85,2650,0,1,0,1;
misc,barrier,52,7,1,-2190,85,2855,0,0,0,1;
custom,cuboid,house9mat2,41,5,1,0,1,1,1,4.1,0.5,-2250,25,2855,0,0,0,1;
custom,cuboid,house9mat2,10.5,1,1,0,1,1,1,1.05,0.1,-1987.5,55,2855,0,0,0,0;
custom,cuboid,metal1,10,1,0.9,0,1,1,1,1.0,0.1,-1987.5,54.5,2855,0,0,0,0;


misc,barrier,1,6.5,29,-2240,92.5,2500,0,-0.414,0,1;
misc,barrier,1,6.5,29,-2140,92.5,2600,0,-0.414,0,1;
custom,killcuboid,barriereditormat,1,6.5,29,0,1,1,1,1.0,1.0,-2240,92.5,2500,0,-0.414,0,1;
custom,killcuboid,barriereditormat,1,6.5,29,0,1,1,1,1.0,1.0,-2140,92.5,2600,0,-0.414,0,1;
custom,killcuboid,barriereditormat,0.5,4.5,19,0,1,1,1,1.0,1.0,-2240,92.5,2500,0,-0.414,0,1;
custom,killcuboid,barriereditormat,0.5,4.5,19,0,1,1,1,1.0,1.0,-2140,92.5,2600,0,-0.414,0,1;


custom,cuboid,house9mat2,1,6,60,0,1,1,1,6.0,0.6,-2040,30,2100,0,0,0,0;
custom,cuboid,house9mat2,1,6,60,0,1,1,1,6.0,0.6,-1940,30,2100,0,0,0,0;

custom,cuboid,house9mat2,1,12,50,0,1,1,1,6.0,1.2,-2040,60,1550,0,0,0,0;
custom,cuboid,house9mat2,1,12,50,0,1,1,1,6.0,1.2,-1940,60,1550,0,0,0,0;
custom,cuboid,house9mat2,3,0.5,3,0,1,1,1,0.3,0.05,-2040,62.5,1800,0,0.414,0,1;
custom,cuboid,metal1,2.9,0.6,2.9,0,1,1,1,0.3,0.3,-2040,62.5,1800,0,0.414,0,1;
custom,cuboid,house9mat2,3,0.5,3,0,1,1,1,0.3,0.05,-1940,62.5,1800,0,0.414,0,1;
custom,cuboid,metal1,2.9,0.6,2.9,0,1,1,1,0.3,0.3,-1940,62.5,1800,0,0.414,0,1;
custom,cuboid,brick2,9,6,1,0,1,1,1,0.9,0.6,-1990,90,1795,0,0,0,0;
custom,cuboid,house9mat2,9,6,1,0,1,1,1,0.9,0.6,-1990,30,1305,0,0,0,0;


custom,cuboid,wood1,10.9,1.1,10.9,0,1,1,1,1.1,1.1,-1990,55,1255,0,0,0,0;
custom,cuboid,house9mat2,9,12,1,0,1,1,1,0.9,1.2,-1990,60,1205,0,0,0,0;
custom,cuboid,house9mat2,9,12,1,0,1,1,1,0.9,1.2,-1940,60,1255,0,1,0,1;

custom,cuboid,house9mat2,1,12,50,0,1,1,1,6,1.2,-2285,60,1205,0,-0.7071068,0,0.7071068;
custom,cuboid,house9mat2,1,12,50,0,1,1,1,6,1.2,-2285,60,1305,0,-0.7071068,0,0.7071068;
custom,cuboid,house9mat2,3,0.5,3,0,1,1,1,0.3,0.05,-2535,62.5,1205,0,-0.3828518,0,0.9238098;
custom,cuboid,metal1,2.9,0.6,2.9,0,1,1,1,0.3,0.3,-2535,62.5,1205,0,-0.3828518,0,0.9238098;
custom,cuboid,house9mat2,3,0.5,3,0,1,1,1,0.3,0.05,-2535,62.5,1305,0,-0.3828518,0,0.9238098;
custom,cuboid,metal1,2.9,0.6,2.9,0,1,1,1,0.3,0.3,-2535,62.5,1305,0,-0.3828518,0,0.9238098;
custom,cuboid,brick2,9,6,1,0,1,1,1,0.9,0.6,-2530,90,1255,0,-0.7071068,0,0.7071068;
custom,cuboid,house9mat2,9,6,1,0,1,1,1,0.9,0.6,-2040,30,1255,0,-0.7071068,0,0.7071068;
custom,cuboid,house9mat2,1,6,60,0,1,1,1,6,0.6,-2835,30,1205,0,-0.7071068,0,0.7071068;
custom,cuboid,house9mat2,1,6,60,0,1,1,1,6,0.6,-2835,30,1305,0,-0.7071068,0,0.7071068;

custom,killcuboid,barriereditormat,9,1,30,0,1,1,1,1.0,1.0,-1990,25,1455,0.1,0,0,1;
custom,killcuboid,barriereditormat,6,0.5,25,0,1,1,1,1.0,1.0,-1990,25,1455,0.1,0,0,1;
misc,barrier,9,1,30,-1990,25,1455,0.1,0,0,1;
custom,killcuboid,barriereditormat,9,1,30,0,1,1,1,1,1,-2190,25,1255,0.0703598,-0.7035975,0.0703598,0.7035975;
custom,killcuboid,barriereditormat,6,0.5,25,0,1,1,1,1,1,-2190,25,1255,0.0703598,-0.7035975,0.0703598,0.7035975;
misc,barrier,9,1,30,-2190,25,1255,0.0703598,-0.7035975,0.0703598,0.7035975;


custom,cuboid,metal1,8.9,0.05,0.9,0,1,1,1,0.9,0.1,-1990,60,1795,0,0,0,0;
custom,cuboid,metal1,8.9,0.05,0.9,0,1,1,1,0.9,0.1,-2530,60,1255,0,-0.7071068,0,0.7071068;


custom,cuboid,house9mat2,10,6,1,0,1,1,1,1.0,0.6,-3185,30,1305,0,0,0,0;
custom,cuboid,house9mat2,10,6,1,0,1,1,1,1.0,0.6,-3230,30,1250,0,1,0,1;
custom,cuboid,house9mat2,50,6,1,0,1,1,1,5.0,0.6,-3230,30,950,0,1,0,1;
custom,cuboid,house9mat2,50,6,1,0,1,1,1,5.0,0.6,-3130,30,950,0,1,0,1;
custom,cuboid,house9mat2,10,6,1,0,1,1,1,1,0.6,-3230,30,650,0,-0.7071068,0,0.7071068;
custom,cuboid,house9mat2,10,6,1,0,1,1,1,1,0.6,-3175,30,605,0,0,0,1;
custom,cuboid,house9mat2,50,6,1,0,1,1,1,5,0.6,-2875,30,605,0,0,0,1;
custom,cuboid,house9mat2,50,6,1,0,1,1,1,5,0.6,-2875,30,705,0,0,0,1;
custom,cuboid,house9mat2,-10,-6,-1,0,1,1,1,1,0.6,-2575,30,705,-1,0,0,0;
custom,cuboid,house9mat2,-10,-6,-1,0,1,1,1,1,0.6,-2530,30,650,-0.7071068,0,-0.7071068,0;
custom,cuboid,house9mat2,-50,-6,-1,0,1,1,1,5,0.6,-2530,30,350,-0.7071068,0,-0.7071068,0;
custom,cuboid,house9mat2,-50,-6,-1,0,1,1,1,5,0.6,-2630,30,350,-0.7071068,0,-0.7071068,0;
custom,cuboid,house9mat2,-10,-6,-1,0,1,1,1,1,0.6,-2530,30,50,-0.7071068,0,0.7071068,0;
custom,cuboid,house9mat2,-10,-6,-1,0,1,1,1,1,0.6,-2585,30,5,-1,0,0,0;

custom,cuboid,house9mat2,-50,-6,-0.9,0,1,1,1,5,0.6,-2880,5,5,1,0.05,0,0;
custom,cuboid,house9mat2,-50,-6,-0.9,0,1,1,1,5,0.6,-2880,5,105,1,0.05,0,0;




custom,cuboid,house9mat2,0.5631764,1.407941,0.5631764,0,1,1,1,0.2,0.5,-3188.443,5.73077,1283.437,0.09128796,-0.4950865,-0.1135948,0.856535;
custom,cuboid,house9mat2,1.971118,0.2815882,1.971118,0,1,1,1,0.7,0.1,-3187.563,13.81976,1285.708,0.09128796,-0.4950865,-0.1135948,0.856535;
custom,cuboid,metal1,1.942958,0.309747,1.942958,0,1,1,1,0.7,0.7,-3187.563,13.81976,1285.708,0.09128796,-0.4950865,-0.1135948,0.856535;
custom,cuboid,house9mat2,0.5631764,1.407941,0.5631764,0,1,1,1,0.2,0.5,-3208.187,5.84934,1276.286,0.1682519,0.4529301,0.05868235,0.8735572;
custom,cuboid,house9mat2,1.971118,0.2815882,1.971118,0,1,1,1,0.7,0.1,-3207.764,13.76014,1279.218,0.1682519,0.4529301,0.05868235,0.8735572;
custom,cuboid,metal1,1.942958,0.309747,1.942958,0,1,1,1,0.7,0.7,-3207.764,13.76014,1279.218,0.1682519,0.4529301,0.05868235,0.8735572;
custom,cuboid,house9mat2,0.5631764,1.407941,0.5631764,0,1,1,1,0.2,0.5,-3200.277,5.977084,1259.9,-0.04600142,-0.9293285,0.2026093,0.3052572;
custom,cuboid,house9mat2,1.971118,0.2815882,1.971118,0,1,1,1,0.7,0.1,-3200.603,13.69564,1256.48,-0.04600142,-0.9293285,0.2026093,0.3052572;
custom,cuboid,metal1,1.942958,0.309747,1.942958,0,1,1,1,0.7,0.7,-3200.603,13.69564,1256.48,-0.04600142,-0.9293285,0.2026093,0.3052572;
custom,cuboid,house9mat2,0.5631764,1.407941,0.5631764,0,1,1,1,0.2,0.5,-3204.39,5.73077,649.2001,0.1410344,-0.9083544,-0.03669484,0.3919887;
custom,cuboid,house9mat2,1.971118,0.2815882,1.971118,0,1,1,1,0.7,0.1,-3206.312,13.81976,650.6954,0.1410344,-0.9083544,-0.03669484,0.3919887;
custom,cuboid,metal1,1.942958,0.309747,1.942958,0,1,1,1,0.7,0.7,-3206.312,13.81976,650.6954,0.1410344,-0.9083544,-0.03669484,0.3919887;
custom,cuboid,house9mat2,0.5631764,1.407941,0.5631764,0,1,1,1,0.2,0.5,-3203.231,5.84934,628.233,0.1000118,-0.1577177,0.1474794,0.9712737;
custom,cuboid,house9mat2,1.971118,0.2815882,1.971118,0,1,1,1,0.7,0.1,-3205.916,13.76014,629.4828,0.1000118,-0.1577177,0.1474794,0.9712737;
custom,cuboid,metal1,1.942958,0.309747,1.942958,0,1,1,1,0.7,0.7,-3205.916,13.76014,629.4828,0.1000118,-0.1577177,0.1474794,0.9712737;
custom,cuboid,house9mat2,0.5631764,1.407941,0.5631764,0,1,1,1,0.2,0.5,-3185.261,5.977084,631.0869,-0.1578019,-0.927923,0.1351501,-0.3095027;
custom,cuboid,house9mat2,1.971118,0.2815882,1.971118,0,1,1,1,0.7,0.1,-3182.08,13.69564,629.7899,-0.1578019,-0.927923,0.1351501,-0.3095027;
custom,cuboid,metal1,1.942958,0.309747,1.942958,0,1,1,1,0.7,0.7,-3182.08,13.69564,629.7899,-0.1578019,-0.927923,0.1351501,-0.3095027;
custom,cuboid,house9mat2,0.5631764,1.407941,0.5631764,0,1,1,1,0.2,0.5,-2565.683,5.73077,657.4038,-0.06224812,0.5538605,-0.1317667,0.8197568;
custom,cuboid,house9mat2,1.971118,0.2815882,1.971118,0,1,1,1,0.7,0.1,-2564.437,13.81976,655.3097,-0.06224812,0.5538605,-0.1317667,0.8197568;
custom,cuboid,metal1,1.942958,0.309747,1.942958,0,1,1,1,0.7,0.7,-2564.437,13.81976,655.3097,-0.06224812,0.5538605,-0.1317667,0.8197568;
custom,cuboid,house9mat2,0.5631764,1.407941,0.5631764,0,1,1,1,0.2,0.5,-2559.108,5.84934,677.348,0.1263415,0.9836677,-0.125661,-0.0254001;
custom,cuboid,house9mat2,1.971118,0.2815882,1.971118,0,1,1,1,0.7,0.1,-2557.066,13.76014,675.204,0.1263415,0.9836677,-0.125661,-0.0254001;
custom,cuboid,metal1,1.942958,0.309747,1.942958,0,1,1,1,0.7,0.7,-2557.066,13.76014,675.204,0.1263415,0.9836677,-0.125661,-0.0254001;
custom,cuboid,house9mat2,0.5631764,1.407941,0.5631764,0,1,1,1,0.2,0.5,-2576.882,5.977084,681.2495,0.1621044,-0.1317941,0.1299581,0.9692593;
custom,cuboid,house9mat2,1.971118,0.2815882,1.971118,0,1,1,1,0.7,0.1,-2579.372,13.69564,683.6172,0.1621044,-0.1317941,0.1299581,0.9692593;
custom,cuboid,metal1,1.942958,0.309747,1.942958,0,1,1,1,0.7,0.7,-2579.372,13.69564,683.6172,0.1621044,-0.1317941,0.1299581,0.9692593;
custom,cuboid,house9mat2,0.5631764,1.407941,0.5631764,0,1,1,1,0.2,0.5,-2580.636,5.730755,35.10028,-0.130528,0.9427755,-0.06480532,0.299895;
custom,cuboid,house9mat2,1.971118,0.2815882,1.971118,0,1,1,1,0.7,0.1,-2582.386,13.81974,33.4042,-0.130528,0.9427755,-0.06480532,0.299895;
custom,cuboid,metal1,1.942958,0.309747,1.942958,0,1,1,1,0.7,0.7,-2582.386,13.81974,33.4042,-0.130528,0.9427755,-0.06480532,0.299895;
custom,cuboid,house9mat2,0.5631764,1.407941,0.5631764,0,1,1,1,0.2,0.5,-2559.713,5.849325,33.32042,0.0212378,0.7561101,-0.1769234,-0.6297179;
custom,cuboid,house9mat2,1.971118,0.2815882,1.971118,0,1,1,1,0.7,0.1,-2561.325,13.76012,30.83743,0.0212378,0.7561101,-0.1769234,-0.6297179;
custom,cuboid,metal1,1.942958,0.309747,1.942958,0,1,1,1,0.7,0.7,-2561.325,13.76012,30.83743,0.0212378,0.7561101,-0.1769234,-0.6297179;
custom,cuboid,house9mat2,0.5631764,1.407941,0.5631764,0,1,1,1,0.2,0.5,-2560.031,5.977068,51.51469,0.2077612,0.4974399,0.00148406,0.842251;
custom,cuboid,house9mat2,1.971118,0.2815882,1.971118,0,1,1,1,0.7,0.1,-2558.303,13.69562,54.48458,0.2077612,0.4974399,0.00148406,0.842251;
custom,cuboid,metal1,1.942958,0.309747,1.942958,0,1,1,1,0.7,0.7,-2558.303,13.69562,54.48458,0.2077612,0.4974399,0.00148406,0.842251;


custom,cuboid,wood1,11,1,2,0,1,1,1,1.1,0.2,-3245,5,55,0,1,0,1;
custom,cuboid,wood1,11,1,2,0,1,1,1,1.1,0.2,-3265,15,55,0,1,0,1;
custom,cuboid,wood1,11,1,2,0,1,1,1,1.1,0.2,-3285,25,55,0,1,0,1;
custom,cuboid,wood1,11,1,2,0,1,1,1,1.1,0.2,-3305,35,55,0,1,0,1;
custom,cuboid,wood1,11,1,2,0,1,1,1,1.1,0.2,-3325,45,55,0,1,0,1;
custom,cuboid,wood1,11,1,2,0,1,1,1,1.1,0.2,-3345,55,55,0,1,0,1;
custom,cuboid,wood1,11,1,2,0,1,1,1,1.1,0.2,-3365,65,55,0,1,0,1;
custom,cuboid,wood1,11,1,2,0,1,1,1,1.1,0.2,-3385,75,55,0,1,0,1;
custom,cuboid,wood1,11,1,2,0,1,1,1,1.1,0.2,-3405,85,55,0,1,0,1;
custom,cuboid,wood1,11,1,2,0,1,1,1,1.1,0.2,-3425,95,55,0,1,0,1;
custom,cuboid,wood1,11,1,2,0,1,1,1,1.1,0.2,-3445,105,55,0,1,0,1;
custom,cuboid,wood1,11,1,2,0,1,1,1,1.1,0.2,-3465,115,55,0,1,0,1;
custom,cuboid,wood1,11,1,2,0,1,1,1,1.1,0.2,-3485,125,55,0,1,0,1;
custom,cuboid,wood1,11,1,2,0,1,1,1,1.1,0.2,-3505,135,55,0,1,0,1;
custom,cuboid,wood1,11,1,2,0,1,1,1,1.1,0.2,-3525,145,55,0,1,0,1;
custom,cuboid,wood1,11,1,2,0,1,1,1,1.1,0.2,-3545,155,55,0,1,0,1;
custom,cuboid,wood1,11,1,2,0,1,1,1,1.1,0.2,-3565,165,55,0,1,0,1;
custom,cuboid,wood1,11,1,2,0,1,1,1,1.1,0.2,-3585,175,55,0,1,0,1;
custom,cuboid,wood1,11,1,2,0,1,1,1,1.1,0.2,-3605,185,55,0,1,0,1;
custom,cuboid,wood1,11,1,2,0,1,1,1,1.1,0.2,-3625,195,55,0,1,0,1;
custom,cuboid,wood1,11,1,2,0,1,1,1,1.1,0.2,-3645,205,55,0,1,0,1;
custom,cuboid,wood1,11,1,2,0,1,1,1,1.1,0.2,-3665,215,55,0,1,0,1;
custom,cuboid,wood1,11,1,2,0,1,1,1,1.1,0.2,-3685,225,55,0,1,0,1;
custom,cuboid,wood1,11,1,2,0,1,1,1,1.1,0.2,-3705,235,55,0,1,0,1;
custom,cuboid,wood1,11,1,2,0,1,1,1,1.1,0.2,-3725,245,55,0,1,0,1;
custom,cuboid,wood1,11,1,2,0,1,1,1,1.1,0.2,-3745,255,55,0,1,0,1;
custom,cuboid,wood1,11,1,2,0,1,1,1,1.1,0.2,-3765,265,55,0,1,0,1;
custom,cuboid,wood1,11,1,2,0,1,1,1,1.1,0.2,-3785,275,55,0,1,0,1;
custom,cuboid,wood1,11,1,2,0,1,1,1,1.1,0.2,-3805,285,55,0,1,0,1;
custom,cuboid,wood1,11,1,2,0,1,1,1,1.1,0.2,-3825,295,55,0,1,0,1;
custom,cuboid,wood1,11,1,2,0,1,1,1,1.1,0.2,-3845,305,55,0,1,0,1;
custom,cuboid,wood1,11,1,2,0,1,1,1,1.1,0.2,-3865,315,55,0,1,0,1;
custom,cuboid,wood1,11,1,2,0,1,1,1,1.1,0.2,-3885,325,55,0,1,0,1;
custom,cuboid,wood1,11,1,2,0,1,1,1,1.1,0.2,-3905,335,55,0,1,0,1;
custom,cuboid,wood1,11,1,2,0,1,1,1,1.1,0.2,-3925,345,55,0,1,0,1;
custom,cuboid,wood1,11,1,2,0,1,1,1,1.1,0.2,-3945,355,55,0,1,0,1;
custom,cuboid,wood1,11,1,2,0,1,1,1,1.1,0.2,-3965,365,55,0,1,0,1;
custom,cuboid,wood1,11,1,2,0,1,1,1,1.1,0.2,-3985,375,55,0,1,0,1;
custom,cuboid,wood1,11,1,2,0,1,1,1,1.1,0.2,-4005,385,55,0,1,0,1;
custom,cuboid,wood1,11,1,2,0,1,1,1,1.1,0.2,-4025,395,55,0,1,0,1;
custom,cuboid,wood1,11,1,2,0,1,1,1,1.1,0.2,-4045,405,55,0,1,0,1;
custom,cuboid,wood1,11,1,2,0,1,1,1,1.1,0.2,-4065,415,55,0,1,0,1;
custom,cuboid,wood1,11,1,2,0,1,1,1,1.1,0.2,-4085,425,55,0,1,0,1;
custom,cuboid,wood1,11,1,2,0,1,1,1,1.1,0.2,-4105,435,55,0,1,0,1;
custom,cuboid,wood1,11,1,2,0,1,1,1,1.1,0.2,-4125,445,55,0,1,0,1;
custom,cuboid,wood1,11,1,2,0,1,1,1,1.1,0.2,-4145,455,55,0,1,0,1;
custom,cuboid,wood1,11,1,2,0,1,1,1,1.1,0.2,-4165,465,55,0,1,0,1;
custom,cuboid,wood1,11,1,2,0,1,1,1,1.1,0.2,-4185,475,55,0,1,0,1;
custom,cuboid,wood1,11,1,2,0,1,1,1,1.1,0.2,-4205,485,55,0,1,0,1;
custom,cuboid,wood1,11,1,2,0,1,1,1,1.1,0.2,-4225,495,55,0,1,0,1;

custom,cuboid,house9mat2,9,1,2,0,1,1,1,0.9,0.2,-4245,495,55,0,1,0,1;
custom,cuboid,house9mat2,1,10,2,0,1,1,1,0.2,1,-4245,540,105,0,1,0,1;
custom,cuboid,house9mat2,1,10,2,0,1,1,1,0.2,1,-4245,540,5,0,1,0,1;

custom,cylinder,house9mat2,11.1,0.85,11.1,0,1,1,1,1.1,0.2,-4245,590,55,0,0,1,1;
custom,cylinder,house9mat2,11,0.9,11,1,0,0,0,1.1,1.1,-4245,590,55,0,0,1,1;
custom,cuboid,default,11,1.9,10,1,0,0,0,1.1,1.1,-4245,550,55,0,0,1,1;
custom,tube,house9mat2,9.5,3,9.5,0,1,1,1,1.1,3.2,-4245.25,592.5,57.5,0,0,0.6427876,0.7660444;

custom,cuboid,house9mat2,16,20,10.9,0,1,1,1,1.1,1.1,-4345,570,55,0,0,1,1;
custom,cuboid,metal1,16.1,19.9,10.8,0,1,1,1,1.1,1.6,-4345,570,55,0,0,1,1;

custom,cuboid,house9mat2,0.5631764,1.407941,0.5631764,0,1,1,1,0.2,0.5,-4291.214,655.2269,26.50157,-0.130528,0.9427755,-0.0648053,0.299895;
custom,cuboid,house9mat2,1.971118,0.2815882,1.971118,0,1,1,1,0.7,0.1,-4292.964,663.3158,24.80549,-0.130528,0.9427755,-0.0648053,0.299895;
custom,cuboid,metal1,1.942958,0.309747,1.942958,0,1,1,1,0.7,0.7,-4292.964,663.3158,24.80549,-0.130528,0.9427755,-0.0648053,0.299895;
custom,cuboid,house9mat2,0.5631764,1.407941,0.5631764,0,1,1,1,0.2,0.5,-4270.291,655.3454,24.72171,0.0212378,0.7561101,-0.1769234,-0.6297179;
custom,cuboid,house9mat2,1.971118,0.2815882,1.971118,0,1,1,1,0.7,0.1,-4271.903,663.2562,22.23872,0.0212378,0.7561101,-0.1769234,-0.6297179;
custom,cuboid,metal1,1.942958,0.309747,1.942958,0,1,1,1,0.7,0.7,-4271.903,663.2562,22.23872,0.0212378,0.7561101,-0.1769234,-0.6297179;
custom,cuboid,house9mat2,0.5631764,1.407941,0.5631764,0,1,1,1,0.2,0.5,-4270.609,655.4731,42.916,0.2077612,0.4974399,0.0014841,0.842251;
custom,cuboid,house9mat2,1.971118,0.2815882,1.971118,0,1,1,1,0.7,0.1,-4268.881,663.1918,45.8859,0.2077612,0.4974399,0.0014841,0.842251;
custom,cuboid,metal1,1.942958,0.309747,1.942958,0,1,1,1,0.7,0.7,-4268.881,663.1918,45.8859,0.2077612,0.4974399,0.0014841,0.842251;
custom,cuboid,house9mat2,0.5631764,1.407941,0.5631764,0,1,1,1,0.2,0.5,-4291.96,655.2269,88.75314,0.0819266,-0.4251075,-0.1205227,0.8933342;
custom,cuboid,house9mat2,1.971118,0.2815882,1.971118,0,1,1,1,0.7,0.1,-4290.731,663.3158,90.85824,0.0819266,-0.4251075,-0.1205227,0.8933342;
custom,cuboid,metal1,1.942958,0.309747,1.942958,0,1,1,1,0.7,0.7,-4290.731,663.3158,90.85824,0.0819266,-0.4251075,-0.1205227,0.8933342;
custom,cuboid,house9mat2,0.5631764,1.407941,0.5631764,0,1,1,1,0.2,0.5,-4312.585,655.3454,84.83835,0.1724045,0.5212368,0.0450611,0.8346007;
custom,cuboid,house9mat2,1.971118,0.2815882,1.971118,0,1,1,1,0.7,0.1,-4311.706,663.2562,87.66146,0.1724045,0.5212368,0.0450611,0.8346007;
custom,cuboid,metal1,1.942958,0.309747,1.942958,0,1,1,1,0.7,0.7,-4311.706,663.2562,87.66146,0.1724045,0.5212368,0.0450611,0.8346007;
custom,cuboid,house9mat2,0.5631764,1.407941,0.5631764,0,1,1,1,0.2,0.5,-4307.392,655.4731,67.39961,-0.0296761,-0.9019862,0.2056373,0.3784883;
custom,cuboid,house9mat2,1.971118,0.2815882,1.971118,0,1,1,1,0.7,0.1,-4308.253,663.1918,64.07746,-0.0296761,-0.9019862,0.2056373,0.3784883;
custom,cuboid,metal1,1.942958,0.309747,1.942958,0,1,1,1,0.7,0.7,-4308.253,663.1918,64.07746,-0.0296761,-0.9019862,0.2056373,0.3784883;
custom,cuboid,house9mat2,0.5631764,1.407941,0.5631764,0,1,1,1,0.2,0.5,-4369.13,655.2269,53.9468,0.1453944,-0.9652782,-0.0099121,0.2167954;
custom,cuboid,house9mat2,1.971118,0.2815882,1.971118,0,1,1,1,0.7,0.1,-4371.467,663.3158,54.6385,0.1453944,-0.9652782,-0.0099121,0.2167954;
custom,cuboid,metal1,1.942958,0.309747,1.942958,0,1,1,1,0.7,0.7,-4371.467,663.3158,54.6385,0.1453944,-0.9652782,-0.0099121,0.2167954;
custom,cuboid,house9mat2,0.5631764,1.407941,0.5631764,0,1,1,1,0.2,0.5,-4360.414,655.3454,34.84333,0.0709381,-0.3350515,0.163468,0.9251954;
custom,cuboid,house9mat2,1.971118,0.2815882,1.971118,0,1,1,1,0.7,0.1,-4363.366,663.2562,35.02582,0.0709381,-0.3350515,0.163468,0.9251954;
custom,cuboid,metal1,1.942958,0.309747,1.942958,0,1,1,1,0.7,0.7,-4363.366,663.2562,35.02582,0.0709381,-0.3350515,0.163468,0.9251954;
custom,cuboid,house9mat2,0.5631764,1.407941,0.5631764,0,1,1,1,0.2,0.5,-4344.714,655.4731,44.0474,-0.1801232,-0.8544565,0.1035526,-0.4761686;
custom,cuboid,house9mat2,1.971118,0.2815882,1.971118,0,1,1,1,0.7,0.1,-4341.282,663.1918,44.00483,-0.1801232,-0.8544565,0.1035526,-0.4761686;
custom,cuboid,metal1,1.942958,0.309747,1.942958,0,1,1,1,0.7,0.7,-4341.282,663.1918,44.00483,-0.1801232,-0.8544565,0.1035526,-0.4761686;
custom,cuboid,house9mat2,0.5631764,1.407941,0.5631764,0,1,1,1,0.2,0.5,-4388.122,655.4377,81.59106,-0.0360637,0.3879239,-0.1411966,0.9100978;
custom,cuboid,house9mat2,1.971118,0.2815882,1.971118,0,1,1,1,0.7,0.1,-4386.192,663.5266,80.10697,-0.0360637,0.3879239,-0.1411966,0.9100978;
custom,cuboid,metal1,1.942958,0.309747,1.942958,0,1,1,1,0.7,0.7,-4386.192,663.5266,80.10697,-0.0360637,0.3879239,-0.1411966,0.9100978;
custom,cuboid,house9mat2,0.5631764,1.407941,0.5631764,0,1,1,1,0.2,0.5,-4361.607,655.4377,99.18189,-0.1374017,0.972104,-0.0485583,0.1837843;
custom,cuboid,house9mat2,1.971118,0.2815882,1.971118,0,1,1,1,0.7,0.1,-4363.715,663.5266,97.96064,-0.1374017,0.972104,-0.0485583,0.1837843;
custom,cuboid,metal1,1.942958,0.309747,1.942958,0,1,1,1,0.7,0.7,-4363.715,663.5266,97.96064,-0.1374017,0.972104,-0.0485583,0.1837843;
custom,cuboid,house9mat2,0.5631764,1.407941,0.5631764,0,1,1,1,0.2,0.5,-4407.423,655.684,99.52874,0.1344435,-0.3136512,0.1584056,0.9265288;
custom,cuboid,house9mat2,1.971118,0.2815882,1.971118,0,1,1,1,0.7,0.1,-4410.609,663.4026,100.7985,0.1344435,-0.3136512,0.1584056,0.9265288;
custom,cuboid,metal1,1.942958,0.309747,1.942958,0,1,1,1,0.7,0.7,-4410.609,663.4026,100.7985,0.1344435,-0.3136512,0.1584056,0.9265288;
custom,cuboid,house9mat2,0.5631764,1.407941,0.5631764,0,1,1,1,0.2,0.5,-4399.085,655.4377,42.15676,0.1115803,-0.6517653,-0.093739,0.7442881;
custom,cuboid,house9mat2,1.971118,0.2815882,1.971118,0,1,1,1,0.7,0.1,-4399.126,663.5266,44.58337,0.1115803,-0.6517653,-0.093739,0.7442881;
custom,cuboid,metal1,1.942958,0.309747,1.942958,0,1,1,1,0.7,0.7,-4399.126,663.5266,44.58337,0.1115803,-0.6517653,-0.093739,0.7442881;
custom,cuboid,house9mat2,0.5631764,1.407941,0.5631764,0,1,1,1,0.2,0.5,-4429.373,655.4377,51.90086,-0.0158457,0.2560556,-0.1448664,0.955614;
custom,cuboid,house9mat2,1.971118,0.2815882,1.971118,0,1,1,1,0.7,0.1,-4427.102,663.5266,51.02012,-0.0158457,0.2560556,-0.1448664,0.955614;
custom,cuboid,metal1,1.942958,0.309747,1.942958,0,1,1,1,0.7,0.7,-4427.102,663.5266,51.02012,-0.0158457,0.2560556,-0.1448664,0.955614;
custom,cuboid,house9mat2,0.5631764,1.407941,0.5631764,0,1,1,1,0.2,0.5,-4401.067,655.684,15.87611,-0.0844136,-0.9708793,0.1898468,0.1192729;
custom,cuboid,house9mat2,1.971118,0.2815882,1.971118,0,1,1,1,0.7,0.1,-4400.071,663.4026,12.59289,-0.0844136,-0.9708793,0.1898468,0.1192729;
custom,cuboid,metal1,1.942958,0.309747,1.942958,0,1,1,1,0.7,0.7,-4400.071,663.4026,12.59289,-0.0844136,-0.9708793,0.1898468,0.1192729;

racing,endcuboid,9,3,5,-4245,540,55,0,0,1,1;
custom,endcylinder,default,5,0.975,5,0,1,1,1,1,1,-4245.375,585,55,0,0,0.6427876,0.7660444;




custom,cuboid,house9mat2,2,12,2,0,1,1,1,0.2,1.2,-3135,60,105,0,0,0,0;
custom,cuboid,house9mat2,2,12,2,0,1,1,1,0.2,1.2,-3135,60,5,0,0,0,0;
custom,cuboid,house9mat2,1.5,6,2,0,1,1,1,0.2,0.6,-3135,120,25,0.4,0,0,1;
custom,cuboid,house9mat2,1.5,6,2,0,1,1,1,0.2,0.6,-3135,120,85,-0.4,0,0,1;
custom,cuboid,metal1,1,12,1,0,1,1,1,0.1,1.3,-3135,120,105,0,0,0,0;
custom,cuboid,metal1,1,12,1,0,1,1,1,0.1,1.3,-3135,120,5,0,0,0,0;
custom,cuboid,metal1,0.9,4,2,0,1,1,1,0.2,0.6,-3135,130,25,0.4,0,0,1;
custom,cuboid,metal1,0.9,4,2,0,1,1,1,0.2,0.6,-3135,130,85,-0.4,0,0,1;

custom,cuboid,house9mat2,2,12,2,0,1,1,1,0.2,1.2,-3285,110,115,0,0,0,0;
custom,cuboid,house9mat2,2,12,2,0,1,1,1,0.2,1.2,-3285,110,-5,0,0,0,0;
custom,cuboid,house9mat2,1.5,6,2,0,1,1,1,0.2,0.6,-3285,170,15,0.4,0,0,1;
custom,cuboid,house9mat2,1.5,6,2,0,1,1,1,0.2,0.6,-3285,170,95,-0.4,0,0,1;
custom,cuboid,metal1,1,12,1,0,1,1,1,0.1,1.3,-3285,170,115,0,0,0,0;
custom,cuboid,metal1,1,12,1,0,1,1,1,0.1,1.3,-3285,170,-5,0,0,0,0;
custom,cuboid,metal1,0.9,4,2,0,1,1,1,0.2,0.6,-3285,180,15,0.4,0,0,1;
custom,cuboid,metal1,0.9,4,2,0,1,1,1,0.2,0.6,-3285,180,95,-0.4,0,0,1;

custom,cuboid,house9mat2,2,12,2,0,1,1,1,0.2,1.2,-3385,160,115,0,0,0,0;
custom,cuboid,house9mat2,2,12,2,0,1,1,1,0.2,1.2,-3385,160,-5,0,0,0,0;
custom,cuboid,house9mat2,1.5,6,2,0,1,1,1,0.2,0.6,-3385,220,15,0.4,0,0,1;
custom,cuboid,house9mat2,1.5,6,2,0,1,1,1,0.2,0.6,-3385,220,95,-0.4,0,0,1;
custom,cuboid,metal1,1,12,1,0,1,1,1,0.1,1.3,-3385,220,115,0,0,0,0;
custom,cuboid,metal1,1,12,1,0,1,1,1,0.1,1.3,-3385,220,-5,0,0,0,0;
custom,cuboid,metal1,0.9,4,2,0,1,1,1,0.2,0.6,-3385,230,15,0.4,0,0,1;
custom,cuboid,metal1,0.9,4,2,0,1,1,1,0.2,0.6,-3385,230,95,-0.4,0,0,1;

custom,cuboid,house9mat2,2,12,2,0,1,1,1,0.2,1.2,-3485,210,115,0,0,0,0;
custom,cuboid,house9mat2,2,12,2,0,1,1,1,0.2,1.2,-3485,210,-5,0,0,0,0;
custom,cuboid,house9mat2,1.5,6,2,0,1,1,1,0.2,0.6,-3485,270,15,0.4,0,0,1;
custom,cuboid,house9mat2,1.5,6,2,0,1,1,1,0.2,0.6,-3485,270,95,-0.4,0,0,1;
custom,cuboid,metal1,1,12,1,0,1,1,1,0.1,1.3,-3485,270,115,0,0,0,0;
custom,cuboid,metal1,1,12,1,0,1,1,1,0.1,1.3,-3485,270,-5,0,0,0,0;
custom,cuboid,metal1,0.9,4,2,0,1,1,1,0.2,0.6,-3485,280,15,0.4,0,0,1;
custom,cuboid,metal1,0.9,4,2,0,1,1,1,0.2,0.6,-3485,280,95,-0.4,0,0,1;

custom,cuboid,house9mat2,2,12,2,0,1,1,1,0.2,1.2,-3585,260,115,0,0,0,0;
custom,cuboid,house9mat2,2,12,2,0,1,1,1,0.2,1.2,-3585,260,-5,0,0,0,0;
custom,cuboid,house9mat2,1.5,6,2,0,1,1,1,0.2,0.6,-3585,320,15,0.4,0,0,1;
custom,cuboid,house9mat2,1.5,6,2,0,1,1,1,0.2,0.6,-3585,320,95,-0.4,0,0,1;
custom,cuboid,metal1,1,12,1,0,1,1,1,0.1,1.3,-3585,320,115,0,0,0,0;
custom,cuboid,metal1,1,12,1,0,1,1,1,0.1,1.3,-3585,320,-5,0,0,0,0;
custom,cuboid,metal1,0.9,4,2,0,1,1,1,0.2,0.6,-3585,330,15,0.4,0,0,1;
custom,cuboid,metal1,0.9,4,2,0,1,1,1,0.2,0.6,-3585,330,95,-0.4,0,0,1;

custom,cuboid,house9mat2,2,12,2,0,1,1,1,0.2,1.2,-3685,310,115,0,0,0,0;
custom,cuboid,house9mat2,2,12,2,0,1,1,1,0.2,1.2,-3685,310,-5,0,0,0,0;
custom,cuboid,house9mat2,1.5,6,2,0,1,1,1,0.2,0.6,-3685,370,15,0.4,0,0,1;
custom,cuboid,house9mat2,1.5,6,2,0,1,1,1,0.2,0.6,-3685,370,95,-0.4,0,0,1;
custom,cuboid,metal1,1,12,1,0,1,1,1,0.1,1.3,-3685,370,115,0,0,0,0;
custom,cuboid,metal1,1,12,1,0,1,1,1,0.1,1.3,-3685,370,-5,0,0,0,0;
custom,cuboid,metal1,0.9,4,2,0,1,1,1,0.2,0.6,-3685,380,15,0.4,0,0,1;
custom,cuboid,metal1,0.9,4,2,0,1,1,1,0.2,0.6,-3685,380,95,-0.4,0,0,1;

custom,cuboid,house9mat2,2,12,2,0,1,1,1,0.2,1.2,-3785,360,115,0,0,0,0;
custom,cuboid,house9mat2,2,12,2,0,1,1,1,0.2,1.2,-3785,360,-5,0,0,0,0;
custom,cuboid,house9mat2,1.5,6,2,0,1,1,1,0.2,0.6,-3785,420,15,0.4,0,0,1;
custom,cuboid,house9mat2,1.5,6,2,0,1,1,1,0.2,0.6,-3785,420,95,-0.4,0,0,1;
custom,cuboid,metal1,1,12,1,0,1,1,1,0.1,1.3,-3785,420,115,0,0,0,0;
custom,cuboid,metal1,1,12,1,0,1,1,1,0.1,1.3,-3785,420,-5,0,0,0,0;
custom,cuboid,metal1,0.9,4,2,0,1,1,1,0.2,0.6,-3785,430,15,0.4,0,0,1;
custom,cuboid,metal1,0.9,4,2,0,1,1,1,0.2,0.6,-3785,430,95,-0.4,0,0,1;

custom,cuboid,house9mat2,2,12,2,0,1,1,1,0.2,1.2,-3885,410,115,0,0,0,0;
custom,cuboid,house9mat2,2,12,2,0,1,1,1,0.2,1.2,-3885,410,-5,0,0,0,0;
custom,cuboid,house9mat2,1.5,6,2,0,1,1,1,0.2,0.6,-3885,470,15,0.4,0,0,1;
custom,cuboid,house9mat2,1.5,6,2,0,1,1,1,0.2,0.6,-3885,470,95,-0.4,0,0,1;
custom,cuboid,metal1,1,12,1,0,1,1,1,0.1,1.3,-3885,470,115,0,0,0,0;
custom,cuboid,metal1,1,12,1,0,1,1,1,0.1,1.3,-3885,470,-5,0,0,0,0;
custom,cuboid,metal1,0.9,4,2,0,1,1,1,0.2,0.6,-3885,480,15,0.4,0,0,1;
custom,cuboid,metal1,0.9,4,2,0,1,1,1,0.2,0.6,-3885,480,95,-0.4,0,0,1;

custom,cuboid,house9mat2,2,12,2,0,1,1,1,0.2,1.2,-3985,460,115,0,0,0,0;
custom,cuboid,house9mat2,2,12,2,0,1,1,1,0.2,1.2,-3985,460,-5,0,0,0,0;
custom,cuboid,house9mat2,1.5,6,2,0,1,1,1,0.2,0.6,-3985,520,15,0.4,0,0,1;
custom,cuboid,house9mat2,1.5,6,2,0,1,1,1,0.2,0.6,-3985,520,95,-0.4,0,0,1;
custom,cuboid,metal1,1,12,1,0,1,1,1,0.1,1.3,-3985,520,115,0,0,0,0;
custom,cuboid,metal1,1,12,1,0,1,1,1,0.1,1.3,-3985,520,-5,0,0,0,0;
custom,cuboid,metal1,0.9,4,2,0,1,1,1,0.2,0.6,-3985,530,15,0.4,0,0,1;
custom,cuboid,metal1,0.9,4,2,0,1,1,1,0.2,0.6,-3985,530,95,-0.4,0,0,1;

custom,cuboid,house9mat2,2,12,2,0,1,1,1,0.2,1.2,-4085,510,115,0,0,0,0;
custom,cuboid,house9mat2,2,12,2,0,1,1,1,0.2,1.2,-4085,510,-5,0,0,0,0;
custom,cuboid,house9mat2,1.5,6,2,0,1,1,1,0.2,0.6,-4085,570,15,0.4,0,0,1;
custom,cuboid,house9mat2,1.5,6,2,0,1,1,1,0.2,0.6,-4085,570,95,-0.4,0,0,1;
custom,cuboid,metal1,1,12,1,0,1,1,1,0.1,1.3,-4085,570,115,0,0,0,0;
custom,cuboid,metal1,1,12,1,0,1,1,1,0.1,1.3,-4085,570,-5,0,0,0,0;
custom,cuboid,metal1,0.9,4,2,0,1,1,1,0.2,0.6,-4085,580,15,0.4,0,0,1;
custom,cuboid,metal1,0.9,4,2,0,1,1,1,0.2,0.6,-4085,580,95,-0.4,0,0,1;



custom,boulder1,metal1,1,-2.5,1,0,1,1,1,-0.1,1.2,-3285,40,115,0,0,0,0;
custom,boulder1,metal1,1,-2.5,1,0,1,1,1,-0.1,1.2,-3285,40,-5,0,0,0,0;
custom,boulder1,metal1,1,-2.5,1,0,1,1,1,-0.1,1.2,-3385,90,115,0,0,0,0;
custom,boulder1,metal1,1,-2.5,1,0,1,1,1,-0.1,1.2,-3385,90,-5,0,0,0,0;
custom,boulder1,metal1,1,-2.5,1,0,1,1,1,-0.1,1.2,-3485,140,115,0,0,0,0;
custom,boulder1,metal1,1,-2.5,1,0,1,1,1,-0.1,1.2,-3485,140,-5,0,0,0,0;
custom,boulder1,metal1,1,-2.5,1,0,1,1,1,-0.1,1.2,-3585,190,115,0,0,0,0;
custom,boulder1,metal1,1,-2.5,1,0,1,1,1,-0.1,1.2,-3585,190,-5,0,0,0,0;
custom,boulder1,metal1,1,-2.5,1,0,1,1,1,-0.1,1.2,-3685,240,115,0,0,0,0;
custom,boulder1,metal1,1,-2.5,1,0,1,1,1,-0.1,1.2,-3685,240,-5,0,0,0,0;
custom,boulder1,metal1,1,-2.5,1,0,1,1,1,-0.1,1.2,-3785,290,115,0,0,0,0;
custom,boulder1,metal1,1,-2.5,1,0,1,1,1,-0.1,1.2,-3785,290,-5,0,0,0,0;
custom,boulder1,metal1,1,-2.5,1,0,1,1,1,-0.1,1.2,-3885,340,115,0,0,0,0;
custom,boulder1,metal1,1,-2.5,1,0,1,1,1,-0.1,1.2,-3885,340,-5,0,0,0,0;
custom,boulder1,metal1,1,-2.5,1,0,1,1,1,-0.1,1.2,-3985,390,115,0,0,0,0;
custom,boulder1,metal1,1,-2.5,1,0,1,1,1,-0.1,1.2,-3985,390,-5,0,0,0,0;
custom,boulder1,metal1,1,-2.5,1,0,1,1,1,-0.1,1.2,-4085,440,115,0,0,0,0;
custom,boulder1,metal1,1,-2.5,1,0,1,1,1,-0.1,1.2,-4085,440,-5,0,0,0,0;

custom,cylinder,house9mat2,10,2.5,10,0,1,1,1,1.0,0.5,-75,25,1360,0,0,0,0;
custom,cylinder,metal1,10,2.5,10,0,1,1,1,1.0,0.5,-75,25,1360,0,0.414,0,1;

custom,endcuboid,default,2,0.5,0.25,0,1,1,1,1.0,1.0,0,90,-990,0,0,0,0;
custom,endprism,default,1,0.25,-1,0,1,1,1,1.0,1.0,14,90,-990,1,1,1,1;
custom,endprism,default,1,0.25,1,0,1,1,1,1.0,1.0,-14,90,-990,1,1,1,1;

racing,checkpointCuboid,7,5,1,0,25,330,0,0,0,0;
racing,checkpointCuboid,6.5,5,1,392.5,25,910,0,0,0,0;
racing,checkpointCuboid,6,5,1,-190,25,945,0,1,0,1;
racing,checkpointCuboid,4,5,1,-1135,25,2205,0,0,0,0;
racing,checkpointCuboid,1,5,9,-1190,25,3800,0,0,0,0;
racing,checkpointCuboid,9,6.5,1,-2390,92.5,2510,0,0,0,0;
racing,checkpointCuboid,1,6,9,-2530,30,1255,0,0,0,0;


custom,cylinder,house9mat2,1,2.5,1,0,1,1,1,0.2,0.5,40,25,835,0,0,0,0;
custom,cuboid,metal1,0.75,5,0.75,0,1,1,1,0.075,0.5,40,25,835,0,0,0,1;
custom,cuboid,metal1,0.75,5,0.75,0,1,1,1,0.075,0.5,40,25,835,0,0.414,0,1;

custom,cuboid,castle1tex,1,6,12.5,0,1,1,1,0.5,-0.5,-30,90,37.5,0,0,0,0;
custom,cuboid,castle1tex,1,6,12.5,0,1,1,1,0.5,-0.5,30,90,37.5,0,0,0,0;
custom,cuboid,castle1tex,1.25,6,5.1,0,1,1,1,0.5,-0.5,-30,90,-50,0,0,0,0;
custom,cuboid,castle1tex,1.25,6,5.1,0,1,1,1,0.5,-0.5,30,90,-50,0,0,0,0;
custom,cuboid,stone3,1.1,1,17.5,0,1,1,1,1.75,0.1,30,60,12.5,0,0,0,0;
custom,cuboid,stone3,1.1,1,17.5,0,1,1,1,1.75,0.1,30,120,12.5,0,0,0,0;
custom,cuboid,stone3,1.1,1,17.5,0,1,1,1,1.75,0.1,-30,60,12.5,0,0,0,0;
custom,cuboid,stone3,1.1,1,17.5,0,1,1,1,1.75,0.1,-30,120,12.5,0,0,0,0;





custom,boulder1,default,5,-5,2,0,1,1,1,1.0,1.0,-1225,-25,1700,0,1,0,-0.414;


custom,cuboid,house9mat2,2,5,2,0,1,1,1,0.2,0.5,-1080,25,3100,0,0.414,0,1;
custom,cuboid,house9mat2,2,5,2,0,1,1,1,0.2,0.5,-1190,25,3100,0,0.414,0,1;
custom,cuboid,house9mat2,7,1,7,0,1,1,1,0.7,0.1,-1080,55,3100,0,0.414,0,1;
custom,cuboid,house9mat2,7,1,7,0,1,1,1,0.7,0.1,-1190,55,3100,0,0.414,0,1;
custom,cuboid,metal1,6.9,1.1,6.9,0,1,1,1,0.7,0.7,-1080,55,3100,0,0.414,0,1;
custom,cuboid,metal1,6.9,1.1,6.9,0,1,1,1,0.7,0.7,-1190,55,3100,0,0.414,0,1;


custom,cuboid,stone3,1.2,6,1.2,0,1,1,1,0.12,0.6,-30,90,-75,0,0,0,0;
custom,cuboid,stone3,1.2,6,1.2,0,1,1,1,0.12,0.6,30,90,-75,0,0,0,0;

misc,barrier,25,2,53,-225,60,65,0,0,0,0;
misc,barrier,100,2,72,0,60,550,0,0,0,0;
misc,barrier,38,2,8,235,60,950,0,0,0,0;
misc,barrier,22,2,7,-75,120,950,0,0,0,0;
misc,barrier,115,2,8,-770,60,945,0,0,0,0;
misc,barrier,70,2,100,-1075,60,1475,0,0,0,0;
misc,barrier,12,2,90,-1135,60,2425,0,0,0,0;
misc,barrier,110,2,110,-1135,60,3425,0,0,0,0;
misc,barrier,90,2,115,-2135,60,3425,0,0,0,0;
misc,barrier,53,2,15,-2190,130,2780,0,0,0,0;
misc,barrier,11,2,60,-1990,70,2100,0,0,0,0;
misc,barrier,80,2,80,-2135,130,1425,0,0,0,0;
misc,barrier,80,2,80,-2935,70,1000,0,0,0,0;
misc,barrier,11,2,50,-2580,70,350,0,0,0,0;

custom,cuboid,house9mat2,2,12,2,0,1,1,1,0.2,1.2,-2630,60,105,0,0,0,0;
custom,cuboid,house9mat2,2,12,2,0,1,1,1,0.2,1.2,-2530,60,105,0,0,0,0;
custom,cuboid,metal1,1,12,1,0,1,1,1,0.1,1.2,-2630,120,105,0,0,0,0;
custom,cuboid,metal1,1,12,1,0,1,1,1,0.1,1.2,-2530,120,105,0,0,0,0;

custom,cuboid,metal1,1.1,5,0.05,0,1,1,1,0.01,0.5,40,25,830,0,0,0,0;
custom,cuboid,metal1,1.1,5,0.05,0,1,1,1,0.01,0.5,40,25,822.5,0,0,0,0;
custom,cuboid,metal1,1.1,5,0.05,0,1,1,1,0.01,0.5,40,25,815,0,0,0,0;
custom,cuboid,metal1,1.1,5,0.05,0,1,1,1,0.01,0.5,40,25,807.5,0,0,0,0;
custom,cuboid,metal1,1.1,5,0.05,0,1,1,1,0.01,0.5,40,25,800,0,0,0,0;


custom,cuboid,brick2,1,6,1,0,1,1,1,0.1,0.6,-500,30,900,0,0,0,0;
custom,cuboid,brick2,1,6,1,0,1,1,1,0.1,0.6,-500,30,990,0,0,0,0;
custom,cuboid,brick2,1,8,1,0,1,1,1,0.1,0.8,-500,55,945,1,0,0,1;
custom,cuboid,metal1,0.9,9.9,1.1,0,1,1,1,0.1,1,-500,55,945,1,0,0,1;
custom,cuboid,brick2,1,6,1,0,1,1,1,0.1,0.6,-500,16.8413601,872.0190296,-0.3826834,0,0,0.9238795;
custom,cuboid,brick2,1.1,6,1,0,1,1,1,0.1,0.6,-500,80.4809704,935.6586399,-0.3826834,0,0,0.9238795;
custom,cuboid,brick2,1,8,1,0,1,1,1,0.1,0.8,-500,66.3388348,886.1611652,0.3826834,0,0,0.9238795;
custom,cuboid,metal1,0.9,9.9,1.1,0,1,1,1,0.1,1,-500,66.3388348,886.1611652,0.3826834,0,0,0.9238795;
custom,cuboid,brick2,1.15,6,1,0,1,1,1,0.1,0.6,-500,80.4809704,954.3413601,0.3826834,0,0,0.9238795;
custom,cuboid,brick2,1,6,1,0,1,1,1,0.1,0.6,-500,16.8413601,1017.9809704,0.3826834,0,0,0.9238795;
custom,cuboid,brick2,1,8,1,0,1,1,1,0.1,0.8,-500,66.3388348,1003.8388348,0.9238795,0,0,0.3826834;
custom,cuboid,metal1,0.9,9.9,1.1,0,1,1,1,0.1,1,-500,66.3388348,1003.8388348,0.9238795,0,0,0.3826834;



custom,endcuboid,default,2,0.5,0.25,0,1,1,1,1.0,1.0,-1150,30,1225,0,0,0,0;
custom,endprism,default,1,0.25,-1,0,1,1,1,1.0,1.0,-1136,30,1225,1,1,1,1;

custom,endcuboid,default,2,0.5,0.25,0,1,1,1,1,1,-1143,30,1768,0,-0.7071068,0,0.7071068;
custom,endprism,default,1,0.25,-1,0,1,1,1,1,1,-1143,30,1782,0,0,0.7071068,0.7071068;


custom,cuboid,brick2,1.1,6,1.1,0,1,1,1,0.11,0.5,-2040,90,1305,0,0,0,0;

custom,cuboid,house9mat2,1.1,2,10,0,1,1,1,1.0,0.2,-1190,25,3150,0,0,0,0;
custom,cuboid,house9mat2,1.1,2,10,0,1,1,1,1.0,0.2,-1080,25,3150,0,0,0,0;
custom,cuboid,house9mat2,1.1,2,30,0,1,1,1,3.0,0.2,-1135,25,3300,0,1,0,1;
custom,cuboid,house9mat2,1.1,2,10,0,1,1,1,1.0,0.2,-1285,25,3250,0,0,0,0;
custom,cuboid,house9mat2,1.1,2,10,0,1,1,1,1.0,0.2,-985,25,3250,0,0,0,0;
custom,cuboid,house9mat2,1.1,2,10,0,1,1,1,1.0,0.2,-1035,25,3450,0,1,0,1;
custom,cuboid,house9mat2,1.1,2,10,0,1,1,1,1.0,0.2,-1235,25,3450,0,1,0,1;

custom,killcuboid,transparent0.05,2000,0.5,2000,1,0,1,0,1,1,0,0,0,0,0,0,0;
