custom,cuboid,metal1,1,10,1000,0,1,1,1,0.01,0.01,0,50,-5425,0,1,0,1;
custom,cuboid,metal1,1,10,1000,0,1,1,1,0.01,0.01,0,50,4460,0,1,0,1;
custom,cuboid,metal1,1,10,1000,0,1,1,1,0.01,0.01,4900,50,-425,0,0,0,0;
custom,cuboid,metal1,1,10,1000,0,1,1,1,0.01,0.01,-5000,50,-425,0,0,0,0;
map,disablebounds;
racing,startCuboid,10,6,1,0,30,200,0,0,0,0;
racing,endCuboid,10,6,2,2600,100,1890,0,0,0,0;
spawnpoint,playerC,0,5,50,0,0,0,0;
spawnpoint,playerM,0,5,50,0,0,0,0;
custom,cylinder,metal4,1,3,1,0,1,1,1,0.01,1,2850,30,1300,0,0,0,0;
custom,cylinder,metal4,1,3,1,0,1,1,1,0.01,1,2950,30,1100,0,0,0,0;
custom,cylinder,metal4,1,3,1,0,1,1,1,0.01,1,2850,30,1000,0,0,0,0;
custom,cylinder,metal4,1,3,1,0,1,1,1,0.01,1,2750,30,1200,0,0,0,0;
custom,cylinder,metal4,1,3,1,0,1,1,1,0.01,1,2650,30,1100,0,0,0,0;
custom,cylinder,metal4,1,3,1,0,1,1,1,0.01,1,2550,30,1000,0,0,0,0;
custom,cylinder,metal4,1,3,1,0,1,1,1,0.01,1,2750,30,900,0,0,0,0;
custom,cylinder,metal4,1,3,1,0,1,1,1,0.01,1,2650,30,800,0,0,0,0;
custom,cylinder,metal4,1,3,1,0,1,1,1,0.01,1,2250,30,1200,0,0,0,0;
custom,cylinder,metal4,1,3,1,0,1,1,1,0.01,1,2050,30,1200,0,0,0,0;
custom,cylinder,metal4,1,3,1,0,1,1,1,0.01,1,1950,30,1300,0,0,0,0;
custom,cylinder,metal4,1,3,1,0,1,1,1,0.01,1,1550,30,1300,0,0,0,0;
custom,cylinder,metal4,1,3,1,0,1,1,1,0.01,1,1550,30,1100,0,0,0,0;
custom,cylinder,metal4,1,3,1,0,1,1,1,0.01,1,1550,30,900,0,0,0,0;
custom,cylinder,metal4,1,3,1,0,1,1,1,0.01,1,1650,30,600,0,0,0,0;
custom,cylinder,metal4,1,3,1,0,1,1,1,0.01,1,1150,30,700,0,0,0,0;
custom,cylinder,metal4,1,3,1,0,1,1,1,0.01,1,750,30,500,0,0,0,0;
custom,cylinder,metal4,1,3.5,1,0,1,1,1,0.01,1,750,95,400,0,0,0,0;
custom,cylinder,metal4,1,3.5,1,0,1,1,1,0.01,1,850,95,400,0,0,0,0;
custom,cylinder,metal4,1,6.5,1,0,1,1,1,0.01,2,550,65,200,0,0,0,0;
custom,cylinder,metal4,1,6.5,1,0,1,1,1,0.01,2,1050,65,-200,0,0,0,0;
custom,cylinder,metal4,1,3.5,1,0,1,1,1,0.01,1,1050,95,200,0,0,0,0;
custom,cylinder,metal4,1,3.5,1,0,1,1,1,0.01,1,550,95,-200,0,0,0,0;
custom,cylinder,metal4,1,3.5,1,0,1,1,1,0.01,1,750,95,-400,0,0,0,0;
custom,cylinder,metal4,1,3.5,1,0,1,1,1,0.01,1,850,95,-400,0,0,0,0;
custom,cylinder,metal4,1,3,1,0,1,1,1,0.01,1,750,30,-500,0,0,0,0;
custom,cylinder,metal4,1,3,1,0,1,1,1,0.01,1,1650,30,-500,0,0,0,0;
custom,cylinder,metal4,1,3,1,0,1,1,1,0.01,1,1650,30,400,0,0,0,0;
custom,cylinder,metal4,1,3,1,0,1,1,1,0.01,1,1350,30,400,0,0,0,0;
custom,cylinder,metal4,1,3,1,0,1,1,1,0.01,1,1450,30,-100,0,0,0,0;
custom,cylinder,metal4,1,3,1,0,1,1,1,0.01,1,1150,30,-100,0,0,0,0;
custom,cylinder,metal4,1,3,1,0,1,1,1,0.01,1,650,30,-300,0,0,0,0;
custom,cylinder,metal4,1,3,1,0,1,1,1,0.01,1,350,30,-300,0,0,0,0;
custom,cylinder,metal4,1,3,1,0,1,1,1,0.01,1,250,30,-100,0,0,0,0;
custom,cylinder,metal4,1,3,1,0,1,1,1,0.01,1,450,30,200,0,0,0,0;
custom,cylinder,metal4,1,3,1,0,1,1,1,0.01,1,150,30,300,0,0,0,0;
custom,cylinder,metal4,1,3,1,0,1,1,1,0.01,1,-250,30,300,0,0,0,0;
custom,cylinder,metal4,1,3,1,0,1,1,1,0.01,1,-250,30,-100,0,0,0,0;
custom,cylinder,metal4,1,3,1,0,1,1,1,0.01,1.0,50,30,200,0,0,0,0;
custom,cylinder,metal4,1,3,1,0,1,1,1,0.01,1.0,-50,30,200,0,0,0,0;
custom,cylinder,metal4,1,3,1,0,1,1,1,0.01,1.0,-150,30,200,0,0,0,0;
custom,cylinder,metal4,1,3.5,1,0,1,1,1,0.01,1,2550,95,1600,0,0,0,0;
custom,cylinder,metal4,1,3.5,1,0,1,1,1,0.01,1,2650,95,1600,0,0,0,0;
custom,cylinder,metal4,1,6.5,1,0,1,1,1,0.01,1,2350,65,1900,0,0,0,0;
custom,cylinder,metal4,1,6.5,1,0,1,1,1,0.01,1,2850,65,1900,0,0,0,0;
custom,cylinder,metal4,1,6.5,1,0,1,1,1,0.01,1,2850,65,2400,0,0,0,0;
custom,cylinder,metal4,1,6.5,1,0,1,1,1,0.01,1,2350,65,2400,0,0,0,0;
custom,cylinder,metal4,1,3,1,0,1,1,1,0.01,1,2550,30,1500,0,0,0,0;
custom,cylinder,metal4,1,3,1,0,1,1,1,0.01,1,2650,30,1600,0,0,0,0;
custom,cylinder,metal4,1,3,1,0,1,1,1,0.01,1,2950,30,1500,0,0,0,0;
custom,cylinder,metal4,1,3,1,0,1,1,1,0.01,1,3050,30,1600,0,0,0,0;
custom,cylinder,metal4,1,3,1,0,1,1,1,0.01,1,2950,30,1300,0,0,0,0;
custom,cylinder,metal4,1,3,1,0,1,1,1,0.01,1,3050,30,1200,0,0,0,0;
custom,cylinder,metal4,1,3,1,0,1,1,1,0.01,1,2950,30,1200,0,0,0,0;
custom,cylinder,metal4,1,3,1,0,1,1,1,0.01,1,2850,30,1200,0,0,0,0;
custom,cylinder,metal4,1,3,1,0,1,1,1,0.01,1,2850,30,1100,0,0,0,0;
custom,cylinder,metal4,1,3,1,0,1,1,1,0.01,1,2750,30,1100,0,0,0,0;
custom,cylinder,metal4,1,3,1,0,1,1,1,0.01,1,2750,30,1000,0,0,0,0;
custom,cylinder,metal4,1,3,1,0,1,1,1,0.01,1,2650,30,1000,0,0,0,0;
custom,cylinder,metal4,1,3,1,0,1,1,1,0.01,1,2650,30,900,0,0,0,0;
custom,cylinder,metal4,1,3,1,0,1,1,1,0.01,1,2550,30,900,0,0,0,0;
custom,cylinder,metal4,1,3,1,0,1,1,1,0.01,1,2250,30,900,0,0,0,0;
custom,cylinder,metal4,1,3,1,0,1,1,1,0.01,1,2200,30,1150,0,0,0,0;
custom,cylinder,metal4,1,3,1,0,1,1,1,0.01,1,2100,30,1150,0,0,0,0;
custom,cylinder,metal4,1,3,1,0,1,1,1,0.01,1,2050,30,900,0,0,0,0;
custom,cylinder,metal4,1,3,1,0,1,1,1,0.01,1,1950,30,900,0,0,0,0;
custom,cylinder,metal4,1,3,1,0,1,1,1,0.01,1,1850,30,1200,0,0,0,0;
custom,cylinder,metal4,1,3,1,0,1,1,1,0.01,1,1650,30,1200,0,0,0,0;
custom,cylinder,metal4,1,3,1,0,1,1,1,0.01,1,1750,30,1100,0,0,0,0;
custom,cylinder,metal4,1,3,1,0,1,1,1,0.01,1,1750,30,900,0,0,0,0;
custom,cylinder,metal4,1,3,1,0,1,1,1,0.01,1,1650,30,800,0,0,0,0;
custom,cylinder,metal4,1,3,1,0,1,1,1,0.01,1,1550,30,700,0,0,0,0;
custom,cylinder,metal4,1,3,1,0,1,1,1,0.01,1,1250,30,600,0,0,0,0;
custom,cylinder,metal4,1,3,1,0,1,1,1,0.01,1,1150,30,500,0,0,0,0;
custom,cylinder,metal4,1,3,1,0,1,1,1,0.01,1,850,30,400,0,0,0,0;
custom,cylinder,metal4,1,3,1,0,1,1,1,0.01,1,850,100,200,0,0,0,0;
custom,cylinder,metal4,1,3,1,0,1,1,1,0.01,1,750,100,200,0,0,0,0;
custom,cylinder,metal4,1,3,1,0,1,1,1,0.01,1,850,100,-200,0,0,0,0;
custom,cylinder,metal4,1,3,1,0,1,1,1,0.01,1,750,100,-200,0,0,0,0;
custom,cylinder,metal4,1,3,1,0,1,1,1,0.01,1,850,30,-400,0,0,0,0;
custom,cylinder,metal4,1,3,1,0,1,1,1,0.01,1,1550,30,-400,0,0,0,0;
custom,cylinder,metal4,1,3,1,0,1,1,1,0.01,1,1550,30,300,0,0,0,0;
custom,cylinder,metal4,1,3,1,0,1,1,1,0.01,1,1450,30,300,0,0,0,0;
custom,cylinder,metal4,1,3,1,0,1,1,1,0.01,1,1350,30,0,0,0,0,0;
custom,cylinder,metal4,1,3,1,0,1,1,1,0.01,1,1250,30,0,0,0,0,0;
custom,cylinder,metal4,1,3,1,0,1,1,1,0.01,1,1150,30,300,0,0,0,0;
custom,cylinder,metal4,1,3,1,0,1,1,1,0.01,1,1050,30,300,0,0,0,0;
custom,cylinder,metal4,1,3,1,0,1,1,1,0.01,1,950,30,200,0,0,0,0;
custom,cylinder,metal4,1,3,1,0,1,1,1,0.01,1,650,30,-200,0,0,0,0;
custom,cylinder,metal4,1,3,1,0,1,1,1,0.01,1,550,30,-200,0,0,0,0;
custom,cylinder,metal4,1,3,1,0,1,1,1,0.01,1,450,30,-200,0,0,0,0;
custom,cylinder,metal4,1,3,1,0,1,1,1,0.01,1,350,30,100,0,0,0,0;
custom,cylinder,metal4,1,3,1,0,1,1,1,0.01,1,250,30,100,0,0,0,0;
custom,cylinder,metal4,1,3,1,0,1,1,1,0.01,1,150,30,0,0,0,0,0;
custom,cylinder,metal4,1,3,1,0,1,1,1,0.01,1,-150,30,0,0,0,0,0;
custom,cylinder,metal4,1,6.5,1,0,1,1,1,0.01,2.165,2550,65,1900,0,0,0,0;
custom,cylinder,metal4,1,6.5,1,0,1,1,1,0.01,2.165,2650,65,1900,0,0,0,0;
custom,cylinder,stone4,2,0.5,2,0,1,1,1,0.01,1.0,145,30,250,0,0,1,1;
custom,cylinder,stone1,1.75,0.55,1.75,0,1,1,1,0.01,0.01,145,30,250,0,0,1,1;
custom,cuboid,metal1,700,1,700,0,1,1,1,0.01,70.0,0,-4.5,0,0,0,0,0;
custom,cuboid,stone4,20,6,1,0,1,1,1,0.01,1.0,50,30,100,0,1,0,1;
custom,cuboid,stone4,20,6,1,0,1,1,1,0.01,1.0,-50,30,100,0,1,0,1;
custom,cuboid,stone4,10,6,1,0,1,1,1,0.01,1.0,100,30,200,0,0,0,0;
custom,cuboid,stone4,40,6,1,0,1,1,1,0.01,1.0,-50,30,300,0,0,0,0;
custom,cuboid,stone4,10,6,1,0,1,1,1,0.01,1.0,150,30,250,0,1,0,1;
custom,cuboid,stone4,10,6,1,0,1,1,1,0.01,1.0,-100,30,200,0,0,0,0;
custom,cuboid,stone4,20,6,1,0,1,1,1,0.01,1.0,-150,30,100,0,1,0,1;
custom,cuboid,stone4,40,6,1,0,1,1,1,0.01,1.0,-250,30,100,0,1,0,1;
custom,cuboid,stone4,50,6,1,0,1,1,1,0.01,1.0,0,30,-100,0,0,0,0;
custom,cuboid,stone4,30,6,1,0,1,1,1,0.01,1.0,0,30,0,0,0,0,0;
custom,cuboid,stone4,20,6,1,0,1,1,1,0.01,1.0,150,30,100,0,1,0,1;
custom,cuboid,stone4,20,6,1,0,1,1,1,0.01,1.0,250,30,0,0,1,0,1;
custom,cuboid,stone4,40,6,1,0,1,1,1,0.01,1.0,350,30,-100,0,1,0,1;
custom,cuboid,stone4,10,6,1,0,1,1,1,0.01,1.0,300,30,100,0,0,0,1;
custom,cuboid,stone4,30,6,1,0,1,1,1,0.01,1.0,300,30,200,0,0,0,1;
custom,cuboid,stone4,40,6,1,0,1,1,1,0.01,1.0,450,30,0,0,1,0,1;
custom,cuboid,stone4,10,6,1,0,1,1,1,0.01,1.0,500,30,-200,0,0,0,1;
custom,cuboid,stone4,30,6,1,0,1,1,1,0.01,1.0,500,30,-300,0,0,0,1;
custom,cuboid,stone4,10,6,1,0,1,1,1,0.01,1.0,650,30,-250,0,1,0,1;
custom,cuboid,stone4,40,13,1,0,1,1,1,0.01,2.165,550,65,0,0,1,0,1;
custom,cuboid,stone4,40,6,1,0,1,1,1,0.01,1.0,850,30,-200,0,0,0,1;
custom,cuboid,stone4,20,7,1,0,1,1,1,0.01,1.1,950,95,-200,0,0,0,1;
custom,cuboid,stone4,10,7,1,0,1,1,1,0.01,1.1,700,95,-200,0,0,0,1;
custom,cuboid,stone4,40,6,1,0,1,1,1,0.01,1.0,750,30,200,0,0,0,1;
custom,cuboid,stone4,10,7,1,0,1,1,1,0.01,1.1,900,95,200,0,0,0,1;
custom,cuboid,stone4,20,7,1,0,1,1,1,0.01,1.1,650,95,200,0,0,0,1;
custom,cuboid,stone4,20,6,1,0,1,1,1,0.01,1.0,950,30,300,0,1,0,1;
custom,cuboid,stone4,10,7,1,0,1,1,1,0.01,1.1,600,95,-200,0,0,0,0;
custom,cuboid,stone4,10,7,1,0,1,1,1,0.01,1.1,1000,95,200,0,0,0,0;
custom,cuboid,stone4,40,13,1,0,1,1,1,0.01,2.165,1050,65,0,0,1,0,1;
custom,cuboid,metal1,10,0.5,40,0,1,1,1,0.01,4.0,800,67.5,0,0,0,0,0;
custom,cuboid,stone4,10,6,1,0,1,1,1,0.01,1.0,1050,30,250,0,1,0,1;
custom,cuboid,stone4,40,6,1,0,1,1,1,0.01,1.0,1150,30,100,0,1,0,1;
custom,cuboid,stone4,10,6,1,0,1,1,1,0.01,1.0,1100,30,300,0,0,0,1;
custom,cuboid,stone4,30,6,1,0,1,1,1,0.01,1.0,1100,30,400,0,0,0,1;
custom,cuboid,stone4,30,6,1,0,1,1,1,0.01,1.0,1300,30,-100,0,0,0,1;
custom,cuboid,stone4,10,6,1,0,1,1,1,0.01,1.0,1300,30,0,0,0,0,1;
custom,cuboid,stone4,40,6,1,0,1,1,1,0.01,1.0,1250,30,200,0,1,0,1;
custom,cuboid,stone4,40,6,1,0,1,1,1,0.01,1.0,1350,30,200,0,1,0,1;
custom,cuboid,stone4,30,6,1,0,1,1,1,0.01,1.0,1500,30,400,0,0,0,1;
custom,cuboid,stone4,10,6,1,0,1,1,1,0.01,1.0,1500,30,300,0,0,0,1;
custom,cuboid,stone4,40,6,1,0,1,1,1,0.01,1.0,1450,30,100,0,1,0,1;
custom,cuboid,stone4,70,6,1,0,1,1,1,0.01,1.0,1550,30,-50,0,1,0,1;
custom,cuboid,stone4,90,6,1,0,1,1,1,0.01,1.0,1650,30,-50,0,1,0,1;
custom,cuboid,metal1,10,7,1,0,1,1,1,0.01,1.0,800,35,-205,0,0,0,0;
custom,cuboid,metal1,10,6,1,0,1,1,1,0.01,1.0,800,30,-215,0,0,0,0;
custom,cuboid,metal1,10,5,1,0,1,1,1,0.01,1.0,800,25,-225,0,0,0,0;
custom,cuboid,metal1,10,4,1,0,1,1,1,0.01,1.0,800,20,-235,0,0,0,0;
custom,cuboid,metal1,10,3,1,0,1,1,1,0.01,1.0,800,15,-245,0,0,0,0;
custom,cuboid,metal1,10,2,1,0,1,1,1,0.01,1.0,800,10,-255,0,0,0,0;
custom,cuboid,metal1,10,1,1,0,1,1,1,0.01,1.0,800,5,-265,0,0,0,0;
custom,cuboid,metal1,10,7,1,0,1,1,1,0.01,1.0,800,35,205,0,0,0,0;
custom,cuboid,metal1,10,6,1,0,1,1,1,0.01,1.0,800,30,215,0,0,0,0;
custom,cuboid,metal1,10,5,1,0,1,1,1,0.01,1.0,800,25,225,0,0,0,0;
custom,cuboid,metal1,10,4,1,0,1,1,1,0.01,1.0,800,20,235,0,0,0,0;
custom,cuboid,metal1,10,3,1,0,1,1,1,0.01,1.0,800,15,245,0,0,0,0;
custom,cuboid,metal1,10,2,1,0,1,1,1,0.01,1.0,800,10,255,0,0,0,0;
custom,cuboid,metal1,10,1,1,0,1,1,1,0.01,1.0,800,5,265,0,0,0,0;
custom,cuboid,stone4,20,13,1,0,1,1,1,0.01,2.165,850,65,-300,0,1,0,1;
custom,cuboid,stone4,20,13,1,0,1,1,1,0.01,2.165,750,65,-300,0,1,0,1;
custom,cuboid,stone4,20,13,1,0,1,1,1,0.01,2.165,850,65,300,0,1,0,1;
custom,cuboid,stone4,20,13,1,0,1,1,1,0.01,2.165,750,65,300,0,1,0,1;
custom,cuboid,stone4,70,6,1,0,1,1,1,0.01,1.0,1200,30,-400,0,0,0,1;
custom,cuboid,stone4,90,6,1,0,1,1,1,0.01,1.0,1200,30,-500,0,0,0,1;
custom,cuboid,stone4,10,6,1,0,1,1,1,0.01,1.0,750,30,-450,0,1,0,1;
custom,cuboid,stone4,10,7,1,0,1,1,1,0.01,1.0,800,95,-400,0,0,0,1;
custom,cuboid,stone4,10,7,1,0,1,1,1,0.01,1.0,800,95,400,0,0,0,1;
custom,cuboid,stone4,10,6,1,0,1,1,1,0.01,1.0,900,30,400,0,0,0,0;
custom,cuboid,stone4,40,6,1,0,1,1,1,0.01,1.0,950,30,500,0,0,0,0;
custom,cuboid,stone4,10,6,1,0,1,1,1,0.01,1.0,750,30,450,0,1,0,1;
custom,cuboid,stone4,20,6,1,0,1,1,1,0.01,1.0,1250,30,500,0,1,0,1;
custom,cuboid,stone4,40,6,1,0,1,1,1,0.01,1.0,1450,30,600,0,0,0,0;
custom,cuboid,stone4,20,6,1,0,1,1,1,0.01,1.0,1150,30,600,0,1,0,1;
custom,cuboid,stone4,40,6,1,0,1,1,1,0.01,1.0,1350,30,700,0,0,0,0;
custom,cuboid,stone4,20,6,1,0,1,1,1,0.01,1.0,1650,30,700,0,1,0,1;
custom,cuboid,stone4,20,6,1,0,1,1,1,0.01,1.0,1550,30,800,0,1,0,1;
custom,cuboid,stone4,20,6,1,0,1,1,1,0.01,1.0,1650,30,900,0,0,0,1;
custom,cuboid,stone4,20,6,1,0,1,1,1,0.01,1.0,1750,30,1000,0,1,0,1;
custom,cuboid,stone4,20,6,1,0,1,1,1,0.01,1.0,1650,30,1100,0,0,0,1;
custom,cuboid,stone4,40,6,1,0,1,1,1,0.01,1.0,1850,30,1000,0,1,0,1;
custom,cuboid,stone4,20,6,1,0,1,1,1,0.01,1.0,1750,30,800,0,0,0,0;
custom,cuboid,stone4,20,6,1,0,1,1,1,0.01,1.0,1750,30,1200,0,0,0,0;
custom,cuboid,stone4,20,6,1,0,1,1,1,0.01,1.0,1550,30,1200,0,1,0,1;
custom,cuboid,stone4,40,6,1,0,1,1,1,0.01,1.0,1750,30,1300,0,0,0,1;
custom,cuboid,stone4,40,6,1,0,1,1,1,0.01,1.0,1950,30,1100,0,1,0,1;
custom,cuboid,stone4,30,6,1,0,1,1,1,0.01,1.0,2050,30,1050,0,1,0,1;
custom,cuboid,stone4,10,6,1,0,1,1,1,0.01,1.0,2000,30,900,0,0,0,1;
custom,cuboid,stone4,30,6,1,0,1,1,1,0.01,1.0,2000,30,800,0,0,0,1;
custom,cuboid,stone4,30,6,1,0,1,1,1,0.01,1.0,2250,30,1050,0,1,0,1;
custom,cuboid,stone4,20,6,1,0,1,1,1,0.01,1.0,2150,30,1200,0,0,0,1;
custom,cuboid,stone4,10,6,1,0,1,1,1,0.01,1.0,2150,30,1150,0,0,0,1;
custom,cuboid,stone4,35,6,1,0,1,1,1,0.01,1.0,2200,30,975,0,1,0,1;
custom,cuboid,stone4,35,6,1,0,1,1,1,0.01,1.0,2100,30,975,0,1,0,1;
custom,cuboid,stone4,50,6,1,0,1,1,1,0.01,1.0,2400,30,800,0,0,0,1;
custom,cuboid,stone4,30,6,1,0,1,1,1,0.01,1.0,2400,30,900,0,0,0,1;
custom,cuboid,stone4,10,6,1,0,1,1,1,0.01,1.0,2650,30,850,0,1,0,1;
custom,cuboid,stone4,10,6,1,0,1,1,1,0.01,1.0,2550,30,950,0,1,0,1;
custom,cuboid,stone4,10,6,1,0,1,1,1,0.01,1.0,2700,30,900,0,0,0,1;
custom,cuboid,stone4,10,6,1,0,1,1,1,0.01,1.0,2600,30,1000,0,0,0,1;
custom,cuboid,stone4,10,6,1,0,1,1,1,0.01,1,2750,30,950,0,1,0,1;
custom,cuboid,stone4,10,6,1,0,1,1,1,0.01,1,2650,30,1050,0,1,0,1;
custom,cuboid,stone4,10,6,1,0,1,1,1,0.01,1,2800,30,1000,0,0,0,1;
custom,cuboid,stone4,10,6,1,0,1,1,1,0.01,1,2700,30,1100,0,0,0,1;
custom,cuboid,stone4,10,6,1,0,1,1,1,0.01,1,2850,30,1050,0,1,0,1;
custom,cuboid,stone4,10,6,1,0,1,1,1,0.01,1,2750,30,1150,0,1,0,1;
custom,cuboid,stone4,10,6,1,0,1,1,1,0.01,1,2900,30,1100,0,0,0,1;
custom,cuboid,stone4,10,6,1,0,1,1,1,0.01,1,2800,30,1200,0,0,0,1;
custom,cuboid,stone4,10,6,1,0,1,1,1,0.01,1,2950,30,1150,0,1,0,1;
custom,cuboid,stone4,10,6,1,0,1,1,1,0.01,1,2850,30,1250,0,1,0,1;
custom,cuboid,stone4,10,6,1,0,1,1,1,0.01,1,3000,30,1200,0,0,0,1;
custom,cuboid,stone4,10,6,1,0,1,1,1,0.01,1,2900,30,1300,0,0,0,1;
custom,cuboid,stone4,40,6,1,0,1,1,1,0.01,1,3050,30,1400,0,1,0,1;
custom,cuboid,stone4,20,6,1,0,1,1,1,0.01,1,2950,30,1400,0,1,0,1;
custom,cuboid,stone4,40,6,1,0,1,1,1,0.01,1,2750,30,1500,0,0,0,1;
custom,cuboid,stone4,40,6,1,0,1,1,1,0.01,1,2850,30,1600,0,0,0,1;
custom,cuboid,stone4,10,6,1,0,1,1,1,0.01,1.0,2550,30,1550,0,1,0,1;
custom,cuboid,stone4,30,13,1,0,1,1,1,0.01,2.165,2550,65,1750,0,1,0,1;
custom,cuboid,stone4,30,13,1,0,1,1,1,0.01,2.165,2650,65,1750,0,1,0,1;
custom,cuboid,stone4,10,7,1,0,1,1,1,0.01,1.0,2600,95,1600,0,0,0,0;
custom,cuboid,metal1,10,7,2,0,1,1,1,0.01,1.0,2600,35,1890,0,0,0,0;
custom,cuboid,metal1,10,6,2,0,1,1,1,0.01,1.0,2600,30,1870,0,0,0,0;
custom,cuboid,metal1,10,5,2,0,1,1,1,0.01,1.0,2600,25,1850,0,0,0,0;
custom,cuboid,metal1,10,4,2,0,1,1,1,0.01,1.0,2600,20,1830,0,0,0,0;
custom,cuboid,metal1,10,3,2,0,1,1,1,0.01,1.0,2600,15,1810,0,0,0,0;
custom,cuboid,metal1,10,2,2,0,1,1,1,0.01,1.0,2600,10,1790,0,0,0,0;
custom,cuboid,metal1,10,1,2,0,1,1,1,0.01,1.0,2600,5,1770,0,0,0,0;
custom,cuboid,metal1,10,6,2,0,1,1,1,0.01,1.0,2600,30,1910,0,0,0,0;
custom,cuboid,metal1,10,5,2,0,1,1,1,0.01,1.0,2600,25,1930,0,0,0,0;
custom,cuboid,metal1,10,4,2,0,1,1,1,0.01,1.0,2600,20,1950,0,0,0,0;
custom,cuboid,metal1,10,3,2,0,1,1,1,0.01,1.0,2600,15,1970,0,0,0,0;
custom,cuboid,metal1,10,2,2,0,1,1,1,0.01,1.0,2600,10,1990,0,0,0,0;
custom,cuboid,metal1,10,1,2,0,1,1,1,0.01,1.0,2600,5,2010,0,0,0,0;
custom,cuboid,grass3,50,1,50,0,1,1,1,5.0,5.0,2600,0,2150,0,0,0,0;
custom,cuboid,stone4,20,13,1,0,1,1,1,0.01,1.0,2750,65,1900,0,0,0,0;
custom,cuboid,stone4,20,13,1,0,1,1,1,0.01,1.0,2450,65,1900,0,0,0,0;
custom,cuboid,stone4,50,13,1,0,1,1,1,0.01,1.0,2600,65,2400,0,0,0,0;
custom,cuboid,stone4,50,13,1,0,1,1,1,0.01,1.0,2850,65,2150,0,1,0,1;
custom,cuboid,stone4,50,13,1,0,1,1,1,0.01,1.0,2350,65,2150,0,1,0,1;
custom,tree2,default,0.75,0.75,0.75,0,1,1,1,1.0,1.0,2450,55,2350,0,0,0,0;
custom,tree2,default,0.75,0.75,-0.75,0,1,1,1,1.0,1.0,2550,55,2350,0,0,0,0;
custom,tree2,default,0.75,0.75,0.75,0,1,1,1,1.0,1.0,2650,55,2350,0,0,0,0;
custom,tree2,default,0.75,0.75,-0.75,0,1,1,1,1.0,1.0,2750,55,2350,0,0,0,0;
custom,field2,default,2,2,1,1,0,1,0,1.0,1.0,2400,5,1950,0,1,0,1;
custom,field2,default,2,2,1,1,0,1,0,1.0,1.0,2400,5,2050,0,1,0,1;
custom,field2,default,2,2,1,1,0,1,0,1.0,1.0,2400,5,2150,0,1,0,1;
custom,field2,default,2,2,1,1,0,1,0,1.0,1.0,2400,5,2250,0,1,0,1;
custom,field2,default,2,2,1,1,0,1,0,1.0,1.0,2400,5,2350,0,1,0,1;
custom,field2,default,2,2,1,1,0,1,0,1.0,1.0,2800,5,1950,0,1,0,1;
custom,field2,default,2,2,1,1,0,1,0,1.0,1.0,2800,5,2050,0,1,0,1;
custom,field2,default,2,2,1,1,0,1,0,1.0,1.0,2800,5,2150,0,1,0,1;
custom,field2,default,2,2,1,1,0,1,0,1.0,1.0,2800,5,2250,0,1,0,1;
custom,field2,default,2,2,1,1,0,1,0,1.0,1.0,2800,5,2350,0,1,0,1;
custom,trunk1,metal1,1.25,1.25,1.25,0,1,1,1,0.01,1.0,2600,5,2350,0,0,0,0;
custom,trunk1,metal3,1,1,1,0,1,1,1,0.01,1.0,2500,5,2350,0,0,0,0;
custom,trunk1,brick1,0.75,0.75,0.75,0,1,1,1,0.01,1.0,2700,5,2350,0,0,0,0;
misc,barrier,51,1,51,2600,135,2150,0,0,0,0;

custom,cuboid,stone1,49,0.5,39,0,1,1,1,0.01,4.0,800,62.5,0,0,0,0,0;
custom,cuboid,stone1,51,1,41,0,1,1,1,0.01,5.0,800,135,0,0,0,0,0;
custom,cuboid,stone1,11,1,20,0,1,1,1,0.01,2.0,800,135,305,0,0,0,0;
custom,cuboid,stone1,11,1,20,0,1,1,1,0.01,2.0,800,135,-305,0,0,0,0;
custom,cuboid,stone1,11,1,69.5,0,1,1,1,0.01,9.0,1197.5,65,-450,0,1,0,1;
custom,cuboid,stone1,10,1,10.5,0,1,1,1,0.01,1.0,797.5,65,-455,0,1,0,1;
custom,cuboid,stone1,11,1,91,0,1,1,1,0.01,9.0,1600,65,-50,0,0,0,0;
custom,cuboid,stone1,11,1,9,0,1,1,1,0.01,0.9,1500,65,350,0,1,0,1;
custom,cuboid,stone1,11,1,51,0,1,1,1,0.01,5.0,1400,65,150,0,0,0,0;
custom,cuboid,stone1,11,1,51,0,1,1,1,0.01,5.0,1200,65,150,0,0,0,0;
custom,cuboid,stone1,11,1,9,0,1,1,1,0.01,0.9,1300,65,-50,0,1,0,1;
custom,cuboid,stone1,11,1,9,0,1,1,1,0.01,0.9,1100,65,350,0,1,0,1;
custom,cuboid,stone1,11,1,20,0,1,1,1,0.01,2.0,1000,65,305,0,0,0,0;
custom,cuboid,stone1,41,1,41,0,1,1,1,0.01,4.0,-50,65,100,0,0,0,0;
custom,cuboid,stone1,10,1,31,0,1,1,1,0.01,4.0,205,65,50,0,0,0,0;
custom,cuboid,stone1,9,1,11,0,1,1,1,0.01,1.1,300,65,150,0,0,0,0;
custom,cuboid,stone1,11,1,51,0,1,1,1,0.01,5.1,400,65,-50,0,0,0,0;
custom,cuboid,stone1,9.5,1,11,0,1,1,1,0.01,1.1,502.5,65,-250,0,0,0,0;
custom,cuboid,stone1,10.5,1,10,0,1,1,1,0.01,1.0,602.5,65,-255,0,0,0,0;
custom,cuboid,stone1,10,1,51,0,1,1,1,0.01,5.1,1000,65,455,0,1,0,1;
custom,cuboid,stone1,11,1,9,0,1,1,1,0.01,1.0,1200,65,550,0,0,0,0;
custom,cuboid,stone1,11,1,51,0,1,1,1,0.01,5.1,1400,65,650,0,1,0,1;
custom,cuboid,stone1,11,1,9,0,1,1,1,0.01,1.0,1600,65,750,0,0,0,0;
custom,cuboid,stone1,11,1,31,0,1,1,1,0.01,3.1,1700,65,850,0,1,0,1;
custom,cuboid,stone1,11,1,30,0,1,1,1,0.01,3.0,1800,65,1055,0,0,0,0;
custom,cuboid,stone1,21,1,20,0,1,1,1,0.01,2.0,1645,65,1200,0,1,0,1;
custom,cuboid,stone1,11,1,10,0,1,1,1,0.01,1.0,1800,65,1255,0,0,0,0;
custom,cuboid,stone1,10,1,51,0,1,1,1,0.01,5.1,1905,65,1050,0,0,0,0;
custom,cuboid,stone1,9,1,11,0,1,1,1,0.01,1.1,2000,65,850,0,0,0,0;
custom,cuboid,stone1,21,1,41,0,1,1,1,0.01,4.1,2150,65,1000,0,0,0,0;
custom,cuboid,stone1,11,1,29,0,1,1,1,0.01,3.0,2400,65,850,0,1,0,1;
custom,cuboid,stone1,11,1,21,0,1,1,1,0.01,2.1,2600,65,900,0,0,0,0;
custom,cuboid,stone1,10,1,21,0,1,1,1,0.01,2.1,2705,65,1000,0,0,0,0;
custom,cuboid,stone1,10,1,21,0,1,1,1,0.01,2.1,2805,65,1100,0,0,0,0;
custom,cuboid,stone1,10,1,21,0,1,1,1,0.01,2.1,2905,65,1200,0,0,0,0;
custom,cuboid,stone1,10,1,31,0,1,1,1,0.01,3.1,3005,65,1350,0,0,0,0;
custom,cuboid,stone1,1,1,10,0,1,1,1,0.01,1.0,2650,65,1055,0,0,0,0;
custom,cuboid,stone1,1,1,10,0,1,1,1,0.01,1,2750,65,1155,0,0,0,0;
custom,cuboid,stone1,1,1,10,0,1,1,1,0.01,1,2850,65,1255,0,0,0,0;
custom,cuboid,stone1,1,1,20,0,1,1,1,0.01,2,2950,65,1405,0,0,0,0;
custom,cuboid,stone1,11,1,29.5,0,1,1,1,0.01,3.0,2797.5,65,1550,0,1,0,1;
custom,cuboid,stone1,10,1,11,0,1,1,1,0.01,1.1,3000,65,1555,0,1,0,1;
custom,cuboid,stone1,10,1,10.5,0,1,1,1,0.01,1.1,2597.5,65,1545,0,1,0,1;
custom,cuboid,stone1,9.5,1,1,0,1,1,1,0.01,0.95,897.5,65,400,0,0,0,0;
custom,cuboid,stone1,11,1,31,0,1,1,1,0.01,3.1,2600,135,1750,0,0,0,0;



custom,killcuboid,bombtex,9.9,1,10.4,0,1,1,1,50,52.5,797.5,64,-455,0,1,0,1;
custom,killcuboid,bombtex,9.9,1,10.4,0,1,1,1,50,52.5,2597.5,64,1545,0,1,0,1;
custom,killcuboid,bombtex,9.9,1,10.9,0,1,1,1,50,55,3000,64,1555,0,1,0,1;
custom,killcuboid,bombtex,9.9,1,20.9,0,1,1,1,50,105,2705,64,1000,0,0,0,0;
custom,killcuboid,bombtex,9.9,1,20.9,0,1,1,1,50,105,2805,64,1100,0,0,0,0;
custom,killcuboid,bombtex,9.9,1,20.9,0,1,1,1,50,105,2905,64,1200,0,0,0,0;
custom,killcuboid,bombtex,9.9,1,30.9,0,1,1,1,50,155,3005,64,1350,0,0,0,0;
custom,killcuboid,bombtex,9.9,1,30.9,0,1,1,1,50,155,205,64,50,0,0,0,0;
custom,killcuboid,bombtex,9.9,1,50.9,0,1,1,1,50,255,1000,64,455,0,1,0,1;
custom,killcuboid,bombtex,9.9,1,50.9,0,1,1,1,50,255,1905,64,1050,0,0,0,0;
custom,killcuboid,bombtex,10.4,1,9.9,0,1,1,1,52.5,50,602.5,64,-255,0,0,0,0;
custom,killcuboid,bombtex,10.9,1,9.9,0,1,1,1,55,50,1800,64,1255,0,0,0,0;
custom,killcuboid,bombtex,10.9,1,19.9,0,1,1,1,55,100,1000,64,305,0,0,0,0;
custom,killcuboid,bombtex,10.9,1,19.9,0,1,1,1,55,100,800,134,-305,0,0,0,0;
custom,killcuboid,bombtex,10.9,1,19.9,0,1,1,1,55,100,800,134,305,0,0,0,0;
custom,killcuboid,bombtex,10.9,1,20.9,0,1,1,1,55,105,2600,64,900,0,0,0,0;
custom,killcuboid,bombtex,10.9,1,28.9,0,1,1,1,55,145,2400,64,850,0,1,0,1;
custom,killcuboid,bombtex,10.9,1,29.4,0,1,1,1,55,145,2797.5,64,1550,0,1,0,1;
custom,killcuboid,bombtex,10.9,1,29.9,0,1,1,1,55,150,1800,64,1055,0,0,0,0;
custom,killcuboid,bombtex,10.9,1,30.9,0,1,1,1,55,155,1700,64,850,0,1,0,1;
custom,killcuboid,bombtex,10.9,1,30.9,0,1,1,1,55,155,2600,134,1750,0,0,0,0;
custom,killcuboid,bombtex,10.9,1,50.9,0,1,1,1,55,255,1200,64,150,0,0,0,0;
custom,killcuboid,bombtex,10.9,1,50.9,0,1,1,1,55,255,1400,64,150,0,0,0,0;
custom,killcuboid,bombtex,10.9,1,50.9,0,1,1,1,55,255,1400,64,650,0,1,0,1;
custom,killcuboid,bombtex,10.9,1,50.9,0,1,1,1,55,255,400,64,-50,0,0,0,0;
custom,killcuboid,bombtex,10.9,1,69.4,0,1,1,1,55,347.5,1197.5,64,-450,0,1,0,1;
custom,killcuboid,bombtex,10.9,1,8.9,0,1,1,1,55,45,1100,64,350,0,1,0,1;
custom,killcuboid,bombtex,10.9,1,8.9,0,1,1,1,55,45,1300,64,-50,0,1,0,1;
custom,killcuboid,bombtex,10.9,1,8.9,0,1,1,1,55,45,1500,64,350,0,1,0,1;
custom,killcuboid,bombtex,10.9,1,8.9,0,1,1,1,55,45,1200,64,550,0,0,0,0;
custom,killcuboid,bombtex,10.9,1,8.9,0,1,1,1,55,45,1600,64,750,0,0,0,0;
custom,killcuboid,bombtex,10.9,1,90.9,0,1,1,1,55,455,1600,64,-50,0,0,0,0;
custom,killcuboid,bombtex,20.9,1,19.9,0,1,1,1,105,100,1645,64,1200,0,1,0,1;
custom,killcuboid,bombtex,20.9,1,40.9,0,1,1,1,105,205,2150,64,1000,0,0,0,0;
custom,killcuboid,bombtex,40.9,1,40.9,0,1,1,1,205,205,-50,64,100,0,0,0,0;
custom,killcuboid,bombtex,48.9,0.5,38.9,0,1,1,1,245,195,800,61.5,0,0,0,0,0;
custom,killcuboid,bombtex,50.9,1,40.9,0,1,1,1,255,205,800,134,0,0,0,0,0;
custom,killcuboid,bombtex,8.9,1,10.9,0,1,1,1,45,55,2000,64,850,0,0,0,0;
custom,killcuboid,bombtex,8.9,1,10.9,0,1,1,1,45,55,300,64,150,0,0,0,0;
custom,killcuboid,bombtex,9.4,1,10.9,0,1,1,1,47.5,55,502.5,64,-250,0,0,0,0;


racing,killCylinder,1,17.5,1,-30,30,250,0,0,1,1;
racing,killCylinder,1,15.5,1,-200,30,100,1,0,0,1;
racing,killCylinder,1,20.5,1,0,30,-50,0,0,1,1;
racing,killCylinder,1,10.5,1,200,30,50,1,0,0,1;
racing,killCylinder,1,10.5,1,300,30,150,0,0,1,1;
racing,killCylinder,1,20.5,1,400,30,-50,1,0,0,1;




