map,disablebounds;
spawnpoint,playerC,0,5,-40,0,0,0,1;
spawnpoint,playerM,0,5,-40,0,0,0,1;
base,levelBottom,default,0.5,1.666667,0.05,0,1,1,1,1,1,0,-45.39,975,0,1,0,0;
racing,killCuboid,500,10,0.5,0,-45.39,1193.151,0,1,0,0;
racing,killCuboid,500,10,0.5,0,-45.39,755,0,1,0,0;
custom,cuboid,metal1,500.25,10.25,0.5,1,1,0.75,0.75,0.01,0.01,0,-45.39,1195.651,0,1,0,0;
custom,cuboid,metal1,500.25,10.25,0.5,1,1,0.75,0.75,0.01,0.01,0,-45.39,752.5,0,1,0,0;
custom,cuboid,earth2,500,10,150,1,1,0.875,0.875,100,30,0,-45.39,0,0,1,0,0;
custom,cuboid,earth2,500,10,300,1,1,0.875,0.875,100,60,0,-45.39,2695.651,0,1,0,0;
custom,cuboid,earth2,500,10,50,1,1,0.875,0.875,100,10,0,-145.39,975,0,1,0,0;
misc,barrier,395,5,430,0,100,2000,0,1,0,0;
racing,startCuboid,6,10,3.5,0,24.52,48.47431,0,1,0,0;
racing,startCuboid,4,3.5,12,0,41.634,-20,0,1,0,0;
racing,endCuboid,3.5,10,10,2042.853,24.52,3047.114,0,0.04026031,0,-0.9991893;







custom,cuboid,house9mat2,1,5,10.2,1,1,0.875,0.875,1.02,0.5,14.79,0,-20,0,1,0,0;
custom,cuboid,house9mat2,1,5,10.2,1,1,0.875,0.875,1.02,0.5,-14.79,0,-20,0,1,0,0;
custom,cuboid,house9mat2,1,5,3.75,1,1,0.875,0.875,0.375,0.5,0,0,-66.03,0,0.7071068,0,0.7071068;
custom,cuboid,house9mat2,0.125,0.125,3.75,1,1,0.875,0.875,0.375,0.0125,0,15.85015,26.75026,0,0.7071068,0,0.7071068;
custom,cuboid,house9mat2,0.125,0.0625,3.75,1,1,0.875,0.875,0.375,0.00625,0,24.19466,26.75026,0,0.7071068,0,0.7071068;
custom,cuboid,cannonregionmat,1,10,11,1,0,0,0,1,1,20,24.52,-20,0,1,0,0;
custom,cuboid,cannonregionmat,1,10,11,1,0,0,0,1,1,-20,24.52,-20,0,1,0,0;
custom,cuboid,cannonregionmat,1,10,5,1,0,0,0,1,1,0,24.52,-70,0,0.7071068,0,0.7071068;
custom,cuboid,cannonregionmat,1.5,10,5,1,0,0,0,1,1,800.1561,24.52,3655,0,1,0,0;
racing,killCuboid,1.5,10,0.2,-65.34441,24.52,3623,0,1,0,0;
racing,killCuboid,1.5,10,0.2,-65.34441,24.52,3675,0,1,0,0;
racing,killCuboid,1.5,10,0.2,321.3266,24.52,3611,0,1,0,0;
racing,killCuboid,1.5,10,0.2,321.3266,24.52,3663,0,1,0,0;
racing,killCuboid,1.5,10,0.2,391,24.52,3639,0,1,0,0;
racing,killCuboid,1.5,10,0.2,391,24.52,3691,0,1,0,0;
racing,killCuboid,1.5,10,0.2,452.3228,24.52,3614,0,1,0,0;
racing,killCuboid,1.5,10,0.2,452.3228,24.52,3666,0,1,0,0;
racing,killCuboid,1.5,10,0.2,852.5388,24.52,3597,0,1,0,0;
racing,killCuboid,1.5,10,0.2,852.5388,24.52,3649,0,1,0,0;
racing,killCuboid,1.5,10,0.2,89.07111,24.52,3649,0,1,0,0;
racing,killCuboid,1.5,10,0.2,89.07111,24.52,3701,0,1,0,0;
racing,killcuboid,48.91001,0.5,1.5,41.2,7.5,274,0,0.7451156,0,0.6669354;
racing,killcuboid,30.11125,0.5,1.5,-30.6,7.5,178.46,0,0.6727089,0,0.7399072;
racing,killcuboid,7.499532,0.5,1.5,-36.6,7.5,333.4,0,0.8216383,0,0.5700092;
racing,killcuboid,29.75739,0.5,1.5,-168,7.5,337.3,0,0.0998473,0,-0.9950028;
racing,killcuboid,32.93113,0.5,1.5,-59.9,7.5,471.86,0,0.1608909,0,-0.9869722;
racing,killcuboid,25.74979,0.5,1.5,-264.4,7.5,529.9,0,0.5653447,0,0.8248548;
racing,killcuboid,13.71977,0.5,1.5,-336.8,7.5,347.6,0,0.5073318,0,0.8617508;
racing,killcuboid,29.77809,0.5,1.5,-375.96,7.5,549.1,0,0.6732352,0,0.7394284;
racing,killcuboid,13.35042,0.5,1.5,-328.72,7.5,716.34,0,0.9929018,0,0.1189374;
racing,killcuboid,23.71805,0.5,1.5,-222.8,7.5,624.56,0,0.8341675,0,-0.5515112;
racing,killcuboid,32.9647,0.5,1.5,-11.76,7.5,550.5,0,0.9931589,0,0.1167705;
racing,killcuboid,7.347703,0.5,1.5,158,7.5,553.8,0,0.7550524,0,-0.6556645;
racing,killcuboid,20.59426,0.5,1.5,159.56,7.5,463.6,0,0.9933014,0,0.1155526;
racing,killcuboid,24.50438,0.5,1.5,224.42,7.5,596,0,0.5926554,0,0.8054561;
racing,killcuboid,64.83542,0.5,1.5,24.58,7.5,977.72,0,0.4833584,0,0.8754226;
racing,killcuboid,32.76807,0.5,1.5,-421,7.5,865.42,0,0.541527,0,0.8406834;
racing,killcuboid,28.45376,0.5,1.5,-441.2,7.5,1126.4,0,0.8129058,0,0.5823952;
racing,killcuboid,25.50933,0.5,1.5,-146.82,7.5,1257.2,0,0.1335542,0,-0.9910415;
racing,killcuboid,31.15792,0.5,1.5,-323.1,7.5,1365.6,0,0.5657272,0,0.8245925;
racing,killcuboid,30.9766,0.5,1.5,-435.1,7.5,1408.5,0,0.6093162,0,0.7929274;
racing,killcuboid,14.80326,0.5,1.5,-408.22,7.5,1586.515,0,0.9745506,0,0.2241678;
racing,killcuboid,20.20865,0.5,1.5,-303.505,7.5,1526.275,0,0.8415852,0,-0.5401245;
racing,killcuboid,26.65706,0.5,1.5,-149.365,7.5,1384.725,0,0.5394018,0,0.8420486;
racing,killcuboid,61.14797,0.5,1.5,61.105,7.5,1645.78,0,0.9715094,0,0.2370011;
racing,killcuboid,58.08701,0.5,1.5,-66.505,7.5,1703.005,0,0.9605529,0,0.2780974;
racing,killcuboid,58.31527,0.5,1.5,-108.175,7.5,1867.98,0,0.0187417,0,0.9998243;
racing,killcuboid,25.03227,0.5,1.5,373.34,7.5,1900.565,0,0.8298823,0,0.5579386;
racing,killcuboid,24.96875,0.5,1.5,295.52,7.5,2013.345,0,0.0325387,0,0.9994705;
racing,killcuboid,69.9062,0.5,1.5,-163.655,7.5,1999.665,0,0.0303813,0,-0.9995384;
racing,killcuboid,20.83241,0.5,1.5,-494.055,7.5,1881.095,0,0.7448383,0,-0.6672451;
racing,killcuboid,15.98029,0.5,1.5,-397.08,7.5,1794.935,0,0.6790795,0,-0.7340648;
racing,killcuboid,14.76229,0.5,1.5,-479.5,7.5,1706.485,0,0.1088778,0,-0.9940552;
racing,killcuboid,36.72528,0.5,1.5,-574.195,7.5,1870.125,0,0.6665667,0,0.7454454;
racing,killcuboid,88.58709,0.5,1.5,-183.165,7.5,2190.94,0,0.9868057,0,0.1619086;
racing,killcuboid,107.4169,0.5,1.5,17.73,7.5,2116.045,0,0.9920304,0,0.1259984;
racing,killcuboid,34.62291,0.5,1.5,710.035,7.5,2253.655,0,0.9998966,0,0.0143815;
racing,killcuboid,17.82147,0.5,1.5,868.94,7.5,2339.085,0,0.6855066,0,0.7280664;
racing,killcuboid,55.51545,0.5,1.5,591.4,7.5,2415.76,0,0.0133552,0,-0.9999108;
racing,killcuboid,55.53644,0.5,1.5,512.945,7.5,2341.055,0,0.9999017,0,0.0140195;
racing,killcuboid,11.10274,0.5,1.5,231.33,7.5,2389.38,0,0.6346642,0,0.772788;
racing,killcuboid,43.74024,0.5,1.5,11.025,7.5,2481.12,0,0.100841,0,0.9949026;
racing,killcuboid,11.30315,0.5,1.5,316.01,7.5,2455.125,0,0.7192192,0,0.6947832;
racing,killcuboid,45.58398,0.5,1.5,99.1,7.5,2549.83,0,0.09740381,0,0.995245;
racing,killcuboid,6.132093,0.5,1.5,158.395,7.5,1719.16,0,0.4876743,0,0.8730257;
racing,killcuboid,7.972795,0.5,1.5,118.84,7.5,1901.605,0,0.7186742,0,0.695347;
racing,killcuboid,8.354914,0.5,1.5,-19.39,7.5,1969.1,0,0.7242993,0,-0.6894858;
racing,killcuboid,5.718009,0.5,1.5,-212.975,7.5,1967.827,0,0.7343823,0,-0.678736;
racing,killcuboid,38.04074,0.5,1.5,-198.765,7.5,2709.635,0,0.7191173,0,0.6948887;
racing,killcuboid,17.73642,0.5,1.5,-107.435,7.5,2912.535,0,0.9956675,0,0.09298541;
racing,killcuboid,25.86946,0.5,1.5,-136.22,7.5,2715.035,0,0.6699649,0,0.7423928;
racing,killcuboid,20.15807,0.5,1.5,-106.64,7.5,2813.95,0,0.7436616,0,-0.6685563;
racing,killcuboid,20.3127,0.5,1.5,-55.255,7.5,2783.45,0,0.6697055,0,0.7426268;
racing,killcuboid,20.4273,0.5,1.5,-12.145,7.5,2826.87,0,0.7432885,0,-0.6689711;
racing,killcuboid,25.87997,0.5,1.5,47.59,7.5,2812.175,0,0.6693208,0,0.7429736;
racing,killcuboid,20.57986,0.5,1.5,-29.29,7.5,2678.915,0,0.9995165,0,0.0310928;
racing,killcuboid,24.9455,0.5,1.5,89.07,7.5,3050.265,0,0.8475184,0,0.5307661;
racing,killcuboid,17.29083,0.5,1.5,164.175,7.5,3075.155,0,0.7904587,0,-0.6125154;
racing,killcuboid,32.65855,0.5,1.5,28.085,7.5,3080.515,0,0.8187853,0,0.5741;
racing,killcuboid,46.5296,0.5,1.5,298.495,7.5,3268.02,0,0.9954963,0,0.0948009;
racing,killcuboid,19.592,0.5,1.5,238,7.5,3156.69,0,0.7071068,0,-0.7071068;
racing,killcuboid,18.35144,0.5,1.5,277.66,7.5,2999.3,0,0.999547,0,0.0300976;
racing,killcuboid,19.601,0.5,1.5,360.5,7.5,3102.115,0,0.7071068,0,0.7071068;
racing,killcuboid,35.62782,0.5,1.5,535.37,7.5,3226.6,0,0.9956892,0,0.09275331;
racing,killcuboid,14.4965,0.5,1.5,699.185,7.5,3333.36,0,0.6684595,0,0.7437485;
racing,killcuboid,103.9535,0.5,1.5,191.835,7.5,3508.605,0,0.1041718,0,0.9945593;
racing,killcuboid,101.388,0.5,1.5,44.725,7.5,3433.55,0,0.1194144,0,0.9928445;
racing,killcuboid,18.71413,0.5,1.5,-439.84,7.5,3642.865,0,0.7385036,0,0.6742496;
racing,killcuboid,158.9939,0.5,1.5,367.51,7.5,3702.7,0,0.9998862,0,-0.0150845;
racing,killcuboid,132.1572,0.5,1.5,337.585,7.5,3600.28,0,0.999889,0,-0.0148998;
racing,killcuboid,52.62225,0.5,1.5,992.76,7.5,3316.205,0,0.7095681,0,-0.7046369;
racing,killcuboid,49.16206,0.5,1.5,1156.275,7.5,3429.145,0,0.7094446,0,-0.7047611;
racing,killcuboid,52.61821,0.5,1.5,1412.13,7.5,3243.375,0,0.9961071,0,0.08815131;
racing,killcuboid,24.42786,0.5,1.5,1110.67,7.5,3078.77,0,0.9974799,0,0.0709492;
racing,killcuboid,24.40071,0.5,1.5,1285.745,7.5,2991.63,0,0.8620024,0,-0.5069042;
racing,killcuboid,89.17619,0.5,1.5,1595.005,7.5,2937.925,0,0.9959909,0,0.08945461;
racing,killcuboid,24.56138,0.5,1.5,1356.44,7.5,3111.065,0,0.8622105,0,-0.5065503;
racing,killcuboid,23.45502,0.5,1.5,1509.975,7.5,3042.175,0,0.5911469,0,0.806564;
racing,killcuboid,11.1632,0.5,1.5,1526.53,7.5,3161.975,0,0.9939501,0,0.1098328;
racing,killcuboid,24.74706,0.5,1.5,1611.755,7.5,3061.2,0,0.8060284,0,-0.591877;
racing,killcuboid,25.34946,0.5,1.5,1723.68,7.5,3175.685,0,0.86138,0,-0.507961;
racing,killcuboid,25.82904,0.5,1.5,1902.14,7.5,3065.83,0,0.9999889,0,0.004715201;
racing,killcuboid,48.91001,0.5,1.5,41.2,72.5,274,0,0.7451156,0,0.6669354;
racing,killcuboid,30.11125,0.5,1.5,-30.6,72.5,178.46,0,0.6727089,0,0.7399072;
racing,killcuboid,7.499532,0.5,1.5,-36.6,72.5,333.4,0,0.8216383,0,0.5700092;
racing,killcuboid,29.75739,0.5,1.5,-168,72.5,337.3,0,0.0998473,0,-0.9950028;
racing,killcuboid,32.93113,0.5,1.5,-59.9,72.5,471.86,0,0.1608909,0,-0.9869722;
racing,killcuboid,25.74979,0.5,1.5,-264.4,72.5,529.9,0,0.5653447,0,0.8248548;
racing,killcuboid,13.71977,0.5,1.5,-336.8,72.5,347.6,0,0.5073318,0,0.8617508;
racing,killcuboid,29.77809,0.5,1.5,-375.96,72.5,549.1,0,0.6732352,0,0.7394284;
racing,killcuboid,13.35042,0.5,1.5,-328.72,72.5,716.34,0,0.9929018,0,0.1189374;
racing,killcuboid,23.71805,0.5,1.5,-222.8,72.5,624.56,0,0.8341675,0,-0.5515112;
racing,killcuboid,32.9647,0.5,1.5,-11.76,72.5,550.5,0,0.9931589,0,0.1167705;
racing,killcuboid,7.347703,0.5,1.5,158,72.5,553.8,0,0.7550524,0,-0.6556645;
racing,killcuboid,20.59426,0.5,1.5,159.56,72.5,463.6,0,0.9933014,0,0.1155526;
racing,killcuboid,24.50438,0.5,1.5,224.42,72.5,596,0,0.5926554,0,0.8054561;
racing,killcuboid,64.83542,0.5,1.5,24.58,72.5,977.72,0,0.4833584,0,0.8754226;
racing,killcuboid,32.76807,0.5,1.5,-421,72.5,865.42,0,0.541527,0,0.8406834;
racing,killcuboid,28.45376,0.5,1.5,-441.2,72.5,1126.4,0,0.8129058,0,0.5823952;
racing,killcuboid,25.50933,0.5,1.5,-146.82,72.5,1257.2,0,0.1335542,0,-0.9910415;
racing,killcuboid,31.15792,0.5,1.5,-323.1,72.5,1365.6,0,0.5657272,0,0.8245925;
racing,killcuboid,30.9766,0.5,1.5,-435.1,72.5,1408.5,0,0.6093162,0,0.7929274;
racing,killcuboid,14.80326,0.5,1.5,-408.22,72.5,1586.515,0,0.9745506,0,0.2241678;
racing,killcuboid,20.20865,0.5,1.5,-303.505,72.5,1526.275,0,0.8415852,0,-0.5401245;
racing,killcuboid,26.65706,0.5,1.5,-149.365,72.5,1384.725,0,0.5394018,0,0.8420486;
racing,killcuboid,61.14797,0.5,1.5,61.105,72.5,1645.78,0,0.9715094,0,0.2370011;
racing,killcuboid,58.08701,0.5,1.5,-66.505,72.5,1703.005,0,0.9605529,0,0.2780974;
racing,killcuboid,58.31527,0.5,1.5,-108.175,72.5,1867.98,0,0.0187417,0,0.9998243;
racing,killcuboid,25.03227,0.5,1.5,373.34,72.5,1900.565,0,0.8298823,0,0.5579386;
racing,killcuboid,24.96875,0.5,1.5,295.52,72.5,2013.345,0,0.0325387,0,0.9994705;
racing,killcuboid,69.9062,0.5,1.5,-163.655,72.5,1999.665,0,0.0303813,0,-0.9995384;
racing,killcuboid,20.83241,0.5,1.5,-494.055,72.5,1881.095,0,0.7448383,0,-0.6672451;
racing,killcuboid,15.98029,0.5,1.5,-397.08,72.5,1794.935,0,0.6790795,0,-0.7340648;
racing,killcuboid,14.76229,0.5,1.5,-479.5,72.5,1706.485,0,0.1088778,0,-0.9940552;
racing,killcuboid,36.72528,0.5,1.5,-574.195,72.5,1870.125,0,0.6665667,0,0.7454454;
racing,killcuboid,88.58709,0.5,1.5,-183.165,72.5,2190.94,0,0.9868057,0,0.1619086;
racing,killcuboid,107.4169,0.5,1.5,17.73,72.5,2116.045,0,0.9920304,0,0.1259984;
racing,killcuboid,34.62291,0.5,1.5,710.035,72.5,2253.655,0,0.9998966,0,0.0143815;
racing,killcuboid,17.82147,0.5,1.5,868.94,72.5,2339.085,0,0.6855066,0,0.7280664;
racing,killcuboid,55.51545,0.5,1.5,591.4,72.5,2415.76,0,0.0133552,0,-0.9999108;
racing,killcuboid,55.53644,0.5,1.5,512.945,72.5,2341.055,0,0.9999017,0,0.0140195;
racing,killcuboid,11.10274,0.5,1.5,231.33,72.5,2389.38,0,0.6346642,0,0.772788;
racing,killcuboid,43.74024,0.5,1.5,11.025,72.5,2481.12,0,0.100841,0,0.9949026;
racing,killcuboid,11.30315,0.5,1.5,316.01,72.5,2455.125,0,0.7192192,0,0.6947832;
racing,killcuboid,45.58398,0.5,1.5,99.1,72.5,2549.83,0,0.09740381,0,0.995245;
racing,killcuboid,6.132093,0.5,1.5,158.395,72.5,1719.16,0,0.4876743,0,0.8730257;
racing,killcuboid,7.972795,0.5,1.5,118.84,72.5,1901.605,0,0.7186742,0,0.695347;
racing,killcuboid,8.354914,0.5,1.5,-19.39,72.5,1969.1,0,0.7242993,0,-0.6894858;
racing,killcuboid,5.718009,0.5,1.5,-212.975,72.5,1967.827,0,0.7343823,0,-0.678736;
racing,killcuboid,38.04074,0.5,1.5,-198.765,72.5,2709.635,0,0.7191173,0,0.6948887;
racing,killcuboid,17.73642,0.5,1.5,-107.435,72.5,2912.535,0,0.9956675,0,0.09298541;
racing,killcuboid,25.86946,0.5,1.5,-136.22,72.5,2715.035,0,0.6699649,0,0.7423928;
racing,killcuboid,20.15807,0.5,1.5,-106.64,72.5,2813.95,0,0.7436616,0,-0.6685563;
racing,killcuboid,20.3127,0.5,1.5,-55.255,72.5,2783.45,0,0.6697055,0,0.7426268;
racing,killcuboid,20.4273,0.5,1.5,-12.145,72.5,2826.87,0,0.7432885,0,-0.6689711;
racing,killcuboid,25.87997,0.5,1.5,47.59,72.5,2812.175,0,0.6693208,0,0.7429736;
racing,killcuboid,20.57986,0.5,1.5,-29.29,72.5,2678.915,0,0.9995165,0,0.0310928;
racing,killcuboid,24.9455,0.5,1.5,89.07,72.5,3050.265,0,0.8475184,0,0.5307661;
racing,killcuboid,17.29083,0.5,1.5,164.175,72.5,3075.155,0,0.7904587,0,-0.6125154;
racing,killcuboid,32.65855,0.5,1.5,28.085,72.5,3080.515,0,0.8187853,0,0.5741;
racing,killcuboid,46.5296,0.5,1.5,298.495,72.5,3268.02,0,0.9954963,0,0.0948009;
racing,killcuboid,19.592,0.5,1.5,238,72.5,3156.69,0,0.7071068,0,-0.7071068;
racing,killcuboid,18.35144,0.5,1.5,277.66,72.5,2999.3,0,0.999547,0,0.0300976;
racing,killcuboid,19.601,0.5,1.5,360.5,72.5,3102.115,0,0.7071068,0,0.7071068;
racing,killcuboid,35.62782,0.5,1.5,535.37,72.5,3226.6,0,0.9956892,0,0.09275331;
racing,killcuboid,14.4965,0.5,1.5,699.185,72.5,3333.36,0,0.6684595,0,0.7437485;
racing,killcuboid,103.9535,0.5,1.5,191.835,72.5,3508.605,0,0.1041718,0,0.9945593;
racing,killcuboid,101.388,0.5,1.5,44.725,72.5,3433.55,0,0.1194144,0,0.9928445;
racing,killcuboid,18.71413,0.5,1.5,-439.84,72.5,3642.865,0,0.7385036,0,0.6742496;
racing,killcuboid,158.9939,0.5,1.5,367.51,72.5,3702.7,0,0.9998862,0,-0.0150845;
racing,killcuboid,132.1572,0.5,1.5,337.585,72.5,3600.28,0,0.999889,0,-0.0148998;
racing,killcuboid,52.62225,0.5,1.5,992.76,72.5,3316.205,0,0.7095681,0,-0.7046369;
racing,killcuboid,49.16206,0.5,1.5,1156.275,72.5,3429.145,0,0.7094446,0,-0.7047611;
racing,killcuboid,52.61821,0.5,1.5,1412.13,72.5,3243.375,0,0.9961071,0,0.08815131;
racing,killcuboid,24.42786,0.5,1.5,1110.67,72.5,3078.77,0,0.9974799,0,0.0709492;
racing,killcuboid,24.40071,0.5,1.5,1285.745,72.5,2991.63,0,0.8620024,0,-0.5069042;
racing,killcuboid,89.17619,0.5,1.5,1595.005,72.5,2937.925,0,0.9959909,0,0.08945461;
racing,killcuboid,24.56138,0.5,1.5,1356.44,72.5,3111.065,0,0.8622105,0,-0.5065503;
racing,killcuboid,23.45502,0.5,1.5,1509.975,72.5,3042.175,0,0.5911469,0,0.806564;
racing,killcuboid,11.1632,0.5,1.5,1526.53,72.5,3161.975,0,0.9939501,0,0.1098328;
racing,killcuboid,24.74706,0.5,1.5,1611.755,72.5,3061.2,0,0.8060284,0,-0.591877;
racing,killcuboid,25.34946,0.5,1.5,1723.68,72.5,3175.685,0,0.86138,0,-0.507961;
racing,killcuboid,25.82904,0.5,1.5,1902.14,72.5,3065.83,0,0.9999889,0,0.004715201;
custom,cuboid,metal1,48.91001,0.5,1.75,1,1,0.75,0.75,0.01,0.01,41.2,5,274,0,0.7451156,0,0.6669354;
custom,cuboid,metal1,30.11125,0.5,1.75,1,1,0.75,0.75,0.01,0.01,-30.6,5,178.46,0,0.6727089,0,0.7399072;
custom,cuboid,metal1,7.499532,0.5,1.75,1,1,0.75,0.75,0.01,0.01,-36.6,5,333.4,0,0.8216383,0,0.5700092;
custom,cuboid,metal1,29.75739,0.5,1.75,1,1,0.75,0.75,0.01,0.01,-168,5,337.3,0,0.0998473,0,-0.9950028;
custom,cuboid,metal1,32.93113,0.5,1.75,1,1,0.75,0.75,0.01,0.01,-59.9,5,471.86,0,0.1608909,0,-0.9869722;
custom,cuboid,metal1,25.74979,0.5,1.75,1,1,0.75,0.75,0.01,0.01,-264.4,5,529.9,0,0.5653447,0,0.8248548;
custom,cuboid,metal1,13.71977,0.5,1.75,1,1,0.75,0.75,0.01,0.01,-336.8,5,347.6,0,0.5073318,0,0.8617508;
custom,cuboid,metal1,29.77809,0.5,1.75,1,1,0.75,0.75,0.01,0.01,-375.96,5,549.1,0,0.6732352,0,0.7394284;
custom,cuboid,metal1,13.35042,0.5,1.75,1,1,0.75,0.75,0.01,0.01,-328.72,5,716.34,0,0.9929018,0,0.1189374;
custom,cuboid,metal1,23.71805,0.5,1.75,1,1,0.75,0.75,0.01,0.01,-222.8,5,624.56,0,0.8341675,0,-0.5515112;
custom,cuboid,metal1,32.9647,0.5,1.75,1,1,0.75,0.75,0.01,0.01,-11.76,5,550.5,0,0.9931589,0,0.1167705;
custom,cuboid,metal1,7.347703,0.5,1.75,1,1,0.75,0.75,0.01,0.01,158,5,553.8,0,0.7550524,0,-0.6556645;
custom,cuboid,metal1,20.59426,0.5,1.75,1,1,0.75,0.75,0.01,0.01,159.56,5,463.6,0,0.9933014,0,0.1155526;
custom,cuboid,metal1,24.50438,0.5,1.75,1,1,0.75,0.75,0.01,0.01,224.42,5,596,0,0.5926554,0,0.8054561;
custom,cuboid,metal1,64.83542,0.5,1.75,1,1,0.75,0.75,0.01,0.01,24.58,5,977.72,0,0.4833584,0,0.8754226;
custom,cuboid,metal1,32.76807,0.5,1.75,1,1,0.75,0.75,0.01,0.01,-421,5,865.42,0,0.541527,0,0.8406834;
custom,cuboid,metal1,28.45376,0.5,1.75,1,1,0.75,0.75,0.01,0.01,-441.2,5,1126.4,0,0.8129058,0,0.5823952;
custom,cuboid,metal1,25.50933,0.5,1.75,1,1,0.75,0.75,0.01,0.01,-146.82,5,1257.2,0,0.1335542,0,-0.9910415;
custom,cuboid,metal1,31.15792,0.5,1.75,1,1,0.75,0.75,0.01,0.01,-323.1,5,1365.6,0,0.5657272,0,0.8245925;
custom,cuboid,metal1,30.9766,0.5,1.75,1,1,0.75,0.75,0.01,0.01,-435.1,5,1408.5,0,0.6093162,0,0.7929274;
custom,cuboid,metal1,14.80326,0.5,1.75,1,1,0.75,0.75,0.01,0.01,-408.22,5,1586.515,0,0.9745506,0,0.2241678;
custom,cuboid,metal1,20.20865,0.5,1.75,1,1,0.75,0.75,0.01,0.01,-303.505,5,1526.275,0,0.8415852,0,-0.5401245;
custom,cuboid,metal1,26.65706,0.5,1.75,1,1,0.75,0.75,0.01,0.01,-149.365,5,1384.725,0,0.5394018,0,0.8420486;
custom,cuboid,metal1,61.14797,0.5,1.75,1,1,0.75,0.75,0.01,0.01,61.105,5,1645.78,0,0.9715094,0,0.2370011;
custom,cuboid,metal1,58.08701,0.5,1.75,1,1,0.75,0.75,0.01,0.01,-66.505,5,1703.005,0,0.9605529,0,0.2780974;
custom,cuboid,metal1,58.31527,0.5,1.75,1,1,0.75,0.75,0.01,0.01,-108.175,5,1867.98,0,0.0187417,0,0.9998243;
custom,cuboid,metal1,25.03227,0.5,1.75,1,1,0.75,0.75,0.01,0.01,373.34,5,1900.565,0,0.8298823,0,0.5579386;
custom,cuboid,metal1,24.96875,0.5,1.75,1,1,0.75,0.75,0.01,0.01,295.52,5,2013.345,0,0.0325387,0,0.9994705;
custom,cuboid,metal1,69.9062,0.5,1.75,1,1,0.75,0.75,0.01,0.01,-163.655,5,1999.665,0,0.0303813,0,-0.9995384;
custom,cuboid,metal1,20.83241,0.5,1.75,1,1,0.75,0.75,0.01,0.01,-494.055,5,1881.095,0,0.7448383,0,-0.6672451;
custom,cuboid,metal1,15.98029,0.5,1.75,1,1,0.75,0.75,0.01,0.01,-397.08,5,1794.935,0,0.6790795,0,-0.7340648;
custom,cuboid,metal1,14.76229,0.5,1.75,1,1,0.75,0.75,0.01,0.01,-479.5,5,1706.485,0,0.1088778,0,-0.9940552;
custom,cuboid,metal1,36.72528,0.5,1.75,1,1,0.75,0.75,0.01,0.01,-574.195,5,1870.125,0,0.6665667,0,0.7454454;
custom,cuboid,metal1,88.58709,0.5,1.75,1,1,0.75,0.75,0.01,0.01,-183.165,5,2190.94,0,0.9868057,0,0.1619086;
custom,cuboid,metal1,107.4169,0.5,1.75,1,1,0.75,0.75,0.01,0.01,17.73,5,2116.045,0,0.9920304,0,0.1259984;
custom,cuboid,metal1,34.62291,0.5,1.75,1,1,0.75,0.75,0.01,0.01,710.035,5,2253.655,0,0.9998966,0,0.0143815;
custom,cuboid,metal1,17.82147,0.5,1.75,1,1,0.75,0.75,0.01,0.01,868.94,5,2339.085,0,0.6855066,0,0.7280664;
custom,cuboid,metal1,55.51545,0.5,1.75,1,1,0.75,0.75,0.01,0.01,591.4,5,2415.76,0,0.0133552,0,-0.9999108;
custom,cuboid,metal1,55.53644,0.5,1.75,1,1,0.75,0.75,0.01,0.01,512.945,5,2341.055,0,0.9999017,0,0.0140195;
custom,cuboid,metal1,11.10274,0.5,1.75,1,1,0.75,0.75,0.01,0.01,231.33,5,2389.38,0,0.6346642,0,0.772788;
custom,cuboid,metal1,43.74024,0.5,1.75,1,1,0.75,0.75,0.01,0.01,11.025,5,2481.12,0,0.100841,0,0.9949026;
custom,cuboid,metal1,11.30315,0.5,1.75,1,1,0.75,0.75,0.01,0.01,316.01,5,2455.125,0,0.7192192,0,0.6947832;
custom,cuboid,metal1,45.58398,0.5,1.75,1,1,0.75,0.75,0.01,0.01,99.1,5,2549.83,0,0.09740381,0,0.995245;
custom,cuboid,metal1,6.132093,0.5,1.75,1,1,0.75,0.75,0.01,0.01,158.395,5,1719.16,0,0.4876743,0,0.8730257;
custom,cuboid,metal1,7.972795,0.5,1.75,1,1,0.75,0.75,0.01,0.01,118.84,5,1901.605,0,0.7186742,0,0.695347;
custom,cuboid,metal1,8.354914,0.5,1.75,1,1,0.75,0.75,0.01,0.01,-19.39,5,1969.1,0,0.7242993,0,-0.6894858;
custom,cuboid,metal1,5.718009,0.5,1.75,1,1,0.75,0.75,0.01,0.01,-212.975,5,1967.827,0,0.7343823,0,-0.678736;
custom,cuboid,metal1,38.04074,0.5,1.75,1,1,0.75,0.75,0.01,0.01,-198.765,5,2709.635,0,0.7191173,0,0.6948887;
custom,cuboid,metal1,17.73642,0.5,1.75,1,1,0.75,0.75,0.01,0.01,-107.435,5,2912.535,0,0.9956675,0,0.09298541;
custom,cuboid,metal1,25.86946,0.5,1.75,1,1,0.75,0.75,0.01,0.01,-136.22,5,2715.035,0,0.6699649,0,0.7423928;
custom,cuboid,metal1,20.15807,0.5,1.75,1,1,0.75,0.75,0.01,0.01,-106.64,5,2813.95,0,0.7436616,0,-0.6685563;
custom,cuboid,metal1,20.3127,0.5,1.75,1,1,0.75,0.75,0.01,0.01,-55.255,5,2783.45,0,0.6697055,0,0.7426268;
custom,cuboid,metal1,20.4273,0.5,1.75,1,1,0.75,0.75,0.01,0.01,-12.145,5,2826.87,0,0.7432885,0,-0.6689711;
custom,cuboid,metal1,25.87997,0.5,1.75,1,1,0.75,0.75,0.01,0.01,47.59,5,2812.175,0,0.6693208,0,0.7429736;
custom,cuboid,metal1,20.57986,0.5,1.75,1,1,0.75,0.75,0.01,0.01,-29.29,5,2678.915,0,0.9995165,0,0.0310928;
custom,cuboid,metal1,24.9455,0.5,1.75,1,1,0.75,0.75,0.01,0.01,89.07,5,3050.265,0,0.8475184,0,0.5307661;
custom,cuboid,metal1,17.29083,0.5,1.75,1,1,0.75,0.75,0.01,0.01,164.175,5,3075.155,0,0.7904587,0,-0.6125154;
custom,cuboid,metal1,32.65855,0.5,1.75,1,1,0.75,0.75,0.01,0.01,28.085,5,3080.515,0,0.8187853,0,0.5741;
custom,cuboid,metal1,46.5296,0.5,1.75,1,1,0.75,0.75,0.01,0.01,298.495,5,3268.02,0,0.9954963,0,0.0948009;
custom,cuboid,metal1,19.592,0.5,1.75,1,1,0.75,0.75,0.01,0.01,238,5,3156.69,0,0.7071068,0,-0.7071068;
custom,cuboid,metal1,18.35144,0.5,1.75,1,1,0.75,0.75,0.01,0.01,277.66,5,2999.3,0,0.999547,0,0.0300976;
custom,cuboid,metal1,19.601,0.5,1.75,1,1,0.75,0.75,0.01,0.01,360.5,5,3102.115,0,0.7071068,0,0.7071068;
custom,cuboid,metal1,35.62782,0.5,1.75,1,1,0.75,0.75,0.01,0.01,535.37,5,3226.6,0,0.9956892,0,0.09275331;
custom,cuboid,metal1,14.4965,0.5,1.75,1,1,0.75,0.75,0.01,0.01,699.185,5,3333.36,0,0.6684595,0,0.7437485;
custom,cuboid,metal1,103.9535,0.5,1.75,1,1,0.75,0.75,0.01,0.01,191.835,5,3508.605,0,0.1041718,0,0.9945593;
custom,cuboid,metal1,101.388,0.5,1.75,1,1,0.75,0.75,0.01,0.01,44.725,5,3433.55,0,0.1194144,0,0.9928445;
custom,cuboid,metal1,18.71413,0.5,1.75,1,1,0.75,0.75,0.01,0.01,-439.84,5,3642.865,0,0.7385036,0,0.6742496;
custom,cuboid,metal1,158.9939,0.5,1.75,1,1,0.75,0.75,0.01,0.01,367.51,5,3702.7,0,0.9998862,0,-0.0150845;
custom,cuboid,metal1,132.1572,0.5,1.75,1,1,0.75,0.75,0.01,0.01,337.585,5,3600.28,0,0.999889,0,-0.0148998;
custom,cuboid,metal1,52.62225,0.5,1.75,1,1,0.75,0.75,0.01,0.01,992.76,5,3316.205,0,0.7095681,0,-0.7046369;
custom,cuboid,metal1,49.16206,0.5,1.75,1,1,0.75,0.75,0.01,0.01,1156.275,5,3429.145,0,0.7094446,0,-0.7047611;
custom,cuboid,metal1,52.61821,0.5,1.75,1,1,0.75,0.75,0.01,0.01,1412.13,5,3243.375,0,0.9961071,0,0.08815131;
custom,cuboid,metal1,24.42786,0.5,1.75,1,1,0.75,0.75,0.01,0.01,1110.67,5,3078.77,0,0.9974799,0,0.0709492;
custom,cuboid,metal1,24.40071,0.5,1.75,1,1,0.75,0.75,0.01,0.01,1285.745,5,2991.63,0,0.8620024,0,-0.5069042;
custom,cuboid,metal1,89.17619,0.5,1.75,1,1,0.75,0.75,0.01,0.01,1595.005,5,2937.925,0,0.9959909,0,0.08945461;
custom,cuboid,metal1,24.56138,0.5,1.75,1,1,0.75,0.75,0.01,0.01,1356.44,5,3111.065,0,0.8622105,0,-0.5065503;
custom,cuboid,metal1,23.45502,0.5,1.75,1,1,0.75,0.75,0.01,0.01,1509.975,5,3042.175,0,0.5911469,0,0.806564;
custom,cuboid,metal1,11.1632,0.5,1.75,1,1,0.75,0.75,0.01,0.01,1526.53,5,3161.975,0,0.9939501,0,0.1098328;
custom,cuboid,metal1,24.74706,0.5,1.75,1,1,0.75,0.75,0.01,0.01,1611.755,5,3061.2,0,0.8060284,0,-0.591877;
custom,cuboid,metal1,25.34946,0.5,1.75,1,1,0.75,0.75,0.01,0.01,1723.68,5,3175.685,0,0.86138,0,-0.507961;
custom,cuboid,metal1,25.82904,0.5,1.75,1,1,0.75,0.75,0.01,0.01,1902.14,5,3065.83,0,0.9999889,0,0.004715201;
custom,cuboid,metal1,48.91001,0.5,1.75,1,1,0.75,0.75,0.01,0.01,41.2,75,274,0,0.7451156,0,0.6669354;
custom,cuboid,metal1,30.11125,0.5,1.75,1,1,0.75,0.75,0.01,0.01,-30.6,75,178.46,0,0.6727089,0,0.7399072;
custom,cuboid,metal1,7.499532,0.5,1.75,1,1,0.75,0.75,0.01,0.01,-36.6,75,333.4,0,0.8216383,0,0.5700092;
custom,cuboid,metal1,29.75739,0.5,1.75,1,1,0.75,0.75,0.01,0.01,-168,75,337.3,0,0.0998473,0,-0.9950028;
custom,cuboid,metal1,32.93113,0.5,1.75,1,1,0.75,0.75,0.01,0.01,-59.9,75,471.86,0,0.1608909,0,-0.9869722;
custom,cuboid,metal1,25.74979,0.5,1.75,1,1,0.75,0.75,0.01,0.01,-264.4,75,529.9,0,0.5653447,0,0.8248548;
custom,cuboid,metal1,13.71977,0.5,1.75,1,1,0.75,0.75,0.01,0.01,-336.8,75,347.6,0,0.5073318,0,0.8617508;
custom,cuboid,metal1,29.77809,0.5,1.75,1,1,0.75,0.75,0.01,0.01,-375.96,75,549.1,0,0.6732352,0,0.7394284;
custom,cuboid,metal1,13.35042,0.5,1.75,1,1,0.75,0.75,0.01,0.01,-328.72,75,716.34,0,0.9929018,0,0.1189374;
custom,cuboid,metal1,23.71805,0.5,1.75,1,1,0.75,0.75,0.01,0.01,-222.8,75,624.56,0,0.8341675,0,-0.5515112;
custom,cuboid,metal1,32.9647,0.5,1.75,1,1,0.75,0.75,0.01,0.01,-11.76,75,550.5,0,0.9931589,0,0.1167705;
custom,cuboid,metal1,7.347703,0.5,1.75,1,1,0.75,0.75,0.01,0.01,158,75,553.8,0,0.7550524,0,-0.6556645;
custom,cuboid,metal1,20.59426,0.5,1.75,1,1,0.75,0.75,0.01,0.01,159.56,75,463.6,0,0.9933014,0,0.1155526;
custom,cuboid,metal1,24.50438,0.5,1.75,1,1,0.75,0.75,0.01,0.01,224.42,75,596,0,0.5926554,0,0.8054561;
custom,cuboid,metal1,64.83542,0.5,1.75,1,1,0.75,0.75,0.01,0.01,24.58,75,977.72,0,0.4833584,0,0.8754226;
custom,cuboid,metal1,32.76807,0.5,1.75,1,1,0.75,0.75,0.01,0.01,-421,75,865.42,0,0.541527,0,0.8406834;
custom,cuboid,metal1,28.45376,0.5,1.75,1,1,0.75,0.75,0.01,0.01,-441.2,75,1126.4,0,0.8129058,0,0.5823952;
custom,cuboid,metal1,25.50933,0.5,1.75,1,1,0.75,0.75,0.01,0.01,-146.82,75,1257.2,0,0.1335542,0,-0.9910415;
custom,cuboid,metal1,31.15792,0.5,1.75,1,1,0.75,0.75,0.01,0.01,-323.1,75,1365.6,0,0.5657272,0,0.8245925;
custom,cuboid,metal1,30.9766,0.5,1.75,1,1,0.75,0.75,0.01,0.01,-435.1,75,1408.5,0,0.6093162,0,0.7929274;
custom,cuboid,metal1,14.80326,0.5,1.75,1,1,0.75,0.75,0.01,0.01,-408.22,75,1586.515,0,0.9745506,0,0.2241678;
custom,cuboid,metal1,20.20865,0.5,1.75,1,1,0.75,0.75,0.01,0.01,-303.505,75,1526.275,0,0.8415852,0,-0.5401245;
custom,cuboid,metal1,26.65706,0.5,1.75,1,1,0.75,0.75,0.01,0.01,-149.365,75,1384.725,0,0.5394018,0,0.8420486;
custom,cuboid,metal1,61.14797,0.5,1.75,1,1,0.75,0.75,0.01,0.01,61.105,75,1645.78,0,0.9715094,0,0.2370011;
custom,cuboid,metal1,58.08701,0.5,1.75,1,1,0.75,0.75,0.01,0.01,-66.505,75,1703.005,0,0.9605529,0,0.2780974;
custom,cuboid,metal1,58.31527,0.5,1.75,1,1,0.75,0.75,0.01,0.01,-108.175,75,1867.98,0,0.0187417,0,0.9998243;
custom,cuboid,metal1,25.03227,0.5,1.75,1,1,0.75,0.75,0.01,0.01,373.34,75,1900.565,0,0.8298823,0,0.5579386;
custom,cuboid,metal1,24.96875,0.5,1.75,1,1,0.75,0.75,0.01,0.01,295.52,75,2013.345,0,0.0325387,0,0.9994705;
custom,cuboid,metal1,69.9062,0.5,1.75,1,1,0.75,0.75,0.01,0.01,-163.655,75,1999.665,0,0.0303813,0,-0.9995384;
custom,cuboid,metal1,20.83241,0.5,1.75,1,1,0.75,0.75,0.01,0.01,-494.055,75,1881.095,0,0.7448383,0,-0.6672451;
custom,cuboid,metal1,15.98029,0.5,1.75,1,1,0.75,0.75,0.01,0.01,-397.08,75,1794.935,0,0.6790795,0,-0.7340648;
custom,cuboid,metal1,14.76229,0.5,1.75,1,1,0.75,0.75,0.01,0.01,-479.5,75,1706.485,0,0.1088778,0,-0.9940552;
custom,cuboid,metal1,36.72528,0.5,1.75,1,1,0.75,0.75,0.01,0.01,-574.195,75,1870.125,0,0.6665667,0,0.7454454;
custom,cuboid,metal1,88.58709,0.5,1.75,1,1,0.75,0.75,0.01,0.01,-183.165,75,2190.94,0,0.9868057,0,0.1619086;
custom,cuboid,metal1,107.4169,0.5,1.75,1,1,0.75,0.75,0.01,0.01,17.73,75,2116.045,0,0.9920304,0,0.1259984;
custom,cuboid,metal1,34.62291,0.5,1.75,1,1,0.75,0.75,0.01,0.01,710.035,75,2253.655,0,0.9998966,0,0.0143815;
custom,cuboid,metal1,17.82147,0.5,1.75,1,1,0.75,0.75,0.01,0.01,868.94,75,2339.085,0,0.6855066,0,0.7280664;
custom,cuboid,metal1,55.51545,0.5,1.75,1,1,0.75,0.75,0.01,0.01,591.4,75,2415.76,0,0.0133552,0,-0.9999108;
custom,cuboid,metal1,55.53644,0.5,1.75,1,1,0.75,0.75,0.01,0.01,512.945,75,2341.055,0,0.9999017,0,0.0140195;
custom,cuboid,metal1,11.10274,0.5,1.75,1,1,0.75,0.75,0.01,0.01,231.33,75,2389.38,0,0.6346642,0,0.772788;
custom,cuboid,metal1,43.74024,0.5,1.75,1,1,0.75,0.75,0.01,0.01,11.025,75,2481.12,0,0.100841,0,0.9949026;
custom,cuboid,metal1,11.30315,0.5,1.75,1,1,0.75,0.75,0.01,0.01,316.01,75,2455.125,0,0.7192192,0,0.6947832;
custom,cuboid,metal1,45.58398,0.5,1.75,1,1,0.75,0.75,0.01,0.01,99.1,75,2549.83,0,0.09740381,0,0.995245;
custom,cuboid,metal1,6.132093,0.5,1.75,1,1,0.75,0.75,0.01,0.01,158.395,75,1719.16,0,0.4876743,0,0.8730257;
custom,cuboid,metal1,7.972795,0.5,1.75,1,1,0.75,0.75,0.01,0.01,118.84,75,1901.605,0,0.7186742,0,0.695347;
custom,cuboid,metal1,8.354914,0.5,1.75,1,1,0.75,0.75,0.01,0.01,-19.39,75,1969.1,0,0.7242993,0,-0.6894858;
custom,cuboid,metal1,5.718009,0.5,1.75,1,1,0.75,0.75,0.01,0.01,-212.975,75,1967.827,0,0.7343823,0,-0.678736;
custom,cuboid,metal1,38.04074,0.5,1.75,1,1,0.75,0.75,0.01,0.01,-198.765,75,2709.635,0,0.7191173,0,0.6948887;
custom,cuboid,metal1,17.73642,0.5,1.75,1,1,0.75,0.75,0.01,0.01,-107.435,75,2912.535,0,0.9956675,0,0.09298541;
custom,cuboid,metal1,25.86946,0.5,1.75,1,1,0.75,0.75,0.01,0.01,-136.22,75,2715.035,0,0.6699649,0,0.7423928;
custom,cuboid,metal1,20.15807,0.5,1.75,1,1,0.75,0.75,0.01,0.01,-106.64,75,2813.95,0,0.7436616,0,-0.6685563;
custom,cuboid,metal1,20.3127,0.5,1.75,1,1,0.75,0.75,0.01,0.01,-55.255,75,2783.45,0,0.6697055,0,0.7426268;
custom,cuboid,metal1,20.4273,0.5,1.75,1,1,0.75,0.75,0.01,0.01,-12.145,75,2826.87,0,0.7432885,0,-0.6689711;
custom,cuboid,metal1,25.87997,0.5,1.75,1,1,0.75,0.75,0.01,0.01,47.59,75,2812.175,0,0.6693208,0,0.7429736;
custom,cuboid,metal1,20.57986,0.5,1.75,1,1,0.75,0.75,0.01,0.01,-29.29,75,2678.915,0,0.9995165,0,0.0310928;
custom,cuboid,metal1,24.9455,0.5,1.75,1,1,0.75,0.75,0.01,0.01,89.07,75,3050.265,0,0.8475184,0,0.5307661;
custom,cuboid,metal1,17.29083,0.5,1.75,1,1,0.75,0.75,0.01,0.01,164.175,75,3075.155,0,0.7904587,0,-0.6125154;
custom,cuboid,metal1,32.65855,0.5,1.75,1,1,0.75,0.75,0.01,0.01,28.085,75,3080.515,0,0.8187853,0,0.5741;
custom,cuboid,metal1,46.5296,0.5,1.75,1,1,0.75,0.75,0.01,0.01,298.495,75,3268.02,0,0.9954963,0,0.0948009;
custom,cuboid,metal1,19.592,0.5,1.75,1,1,0.75,0.75,0.01,0.01,238,75,3156.69,0,0.7071068,0,-0.7071068;
custom,cuboid,metal1,18.35144,0.5,1.75,1,1,0.75,0.75,0.01,0.01,277.66,75,2999.3,0,0.999547,0,0.0300976;
custom,cuboid,metal1,19.601,0.5,1.75,1,1,0.75,0.75,0.01,0.01,360.5,75,3102.115,0,0.7071068,0,0.7071068;
custom,cuboid,metal1,35.62782,0.5,1.75,1,1,0.75,0.75,0.01,0.01,535.37,75,3226.6,0,0.9956892,0,0.09275331;
custom,cuboid,metal1,14.4965,0.5,1.75,1,1,0.75,0.75,0.01,0.01,699.185,75,3333.36,0,0.6684595,0,0.7437485;
custom,cuboid,metal1,103.9535,0.5,1.75,1,1,0.75,0.75,0.01,0.01,191.835,75,3508.605,0,0.1041718,0,0.9945593;
custom,cuboid,metal1,101.388,0.5,1.75,1,1,0.75,0.75,0.01,0.01,44.725,75,3433.55,0,0.1194144,0,0.9928445;
custom,cuboid,metal1,18.71413,0.5,1.75,1,1,0.75,0.75,0.01,0.01,-439.84,75,3642.865,0,0.7385036,0,0.6742496;
custom,cuboid,metal1,158.9939,0.5,1.75,1,1,0.75,0.75,0.01,0.01,367.51,75,3702.7,0,0.9998862,0,-0.0150845;
custom,cuboid,metal1,132.1572,0.5,1.75,1,1,0.75,0.75,0.01,0.01,337.585,75,3600.28,0,0.999889,0,-0.0148998;
custom,cuboid,metal1,52.62225,0.5,1.75,1,1,0.75,0.75,0.01,0.01,992.76,75,3316.205,0,0.7095681,0,-0.7046369;
custom,cuboid,metal1,49.16206,0.5,1.75,1,1,0.75,0.75,0.01,0.01,1156.275,75,3429.145,0,0.7094446,0,-0.7047611;
custom,cuboid,metal1,52.61821,0.5,1.75,1,1,0.75,0.75,0.01,0.01,1412.13,75,3243.375,0,0.9961071,0,0.08815131;
custom,cuboid,metal1,24.42786,0.5,1.75,1,1,0.75,0.75,0.01,0.01,1110.67,75,3078.77,0,0.9974799,0,0.0709492;
custom,cuboid,metal1,24.40071,0.5,1.75,1,1,0.75,0.75,0.01,0.01,1285.745,75,2991.63,0,0.8620024,0,-0.5069042;
custom,cuboid,metal1,89.17619,0.5,1.75,1,1,0.75,0.75,0.01,0.01,1595.005,75,2937.925,0,0.9959909,0,0.08945461;
custom,cuboid,metal1,24.56138,0.5,1.75,1,1,0.75,0.75,0.01,0.01,1356.44,75,3111.065,0,0.8622105,0,-0.5065503;
custom,cuboid,metal1,23.45502,0.5,1.75,1,1,0.75,0.75,0.01,0.01,1509.975,75,3042.175,0,0.5911469,0,0.806564;
custom,cuboid,metal1,11.1632,0.5,1.75,1,1,0.75,0.75,0.01,0.01,1526.53,75,3161.975,0,0.9939501,0,0.1098328;
custom,cuboid,metal1,24.74706,0.5,1.75,1,1,0.75,0.75,0.01,0.01,1611.755,75,3061.2,0,0.8060284,0,-0.591877;
custom,cuboid,metal1,25.34946,0.5,1.75,1,1,0.75,0.75,0.01,0.01,1723.68,75,3175.685,0,0.86138,0,-0.507961;
custom,cuboid,metal1,25.82904,0.5,1.75,1,1,0.75,0.75,0.01,0.01,1902.14,75,3065.83,0,0.9999889,0,0.004715201;
base,levelBottom,default,0.101388,1.666667,0.0015,0,1,1,1,1,1,44.725,24.52,3433.55,0,0.1194144,0,0.9928445;
base,levelBottom,default,0.1039535,1.666667,0.0015,0,1,1,1,1,1,191.835,24.52,3508.605,0,0.1041718,0,0.9945593;
base,levelBottom,default,0.1074169,1.666667,0.0015,0,1,1,1,1,1,17.73,24.52,2116.045,0,0.9920304,0,0.1259984;
base,levelBottom,default,0.01110274,1.666667,0.0015,0,1,1,1,1,1,231.33,24.52,2389.38,0,0.6346642,0,0.772788;
base,levelBottom,default,0.0111632,1.666667,0.0015,0,1,1,1,1,1,1526.53,24.52,3161.975,0,0.9939501,0,0.1098328;
base,levelBottom,default,0.01130315,1.666667,0.0015,0,1,1,1,1,1,316.01,24.52,2455.125,0,0.7192192,0,0.6947832;
base,levelBottom,default,0.01335042,1.666667,0.0015,0,1,1,1,1,1,-328.72,24.52,716.34,0,0.9929018,0,0.1189374;
base,levelBottom,default,0.01371977,1.666667,0.0015,0,1,1,1,1,1,-336.8,24.52,347.6,0,0.5073318,0,0.8617508;
base,levelBottom,default,0.1321572,1.666667,0.0015,0,1,1,1,1,1,337.585,24.52,3600.28,0,0.999889,0,-0.0148998;
base,levelBottom,default,0.0144965,1.666667,0.0015,0,1,1,1,1,1,699.185,24.52,3333.36,0,0.6684595,0,0.7437485;
base,levelBottom,default,0.01476229,1.666667,0.0015,0,1,1,1,1,1,-479.5,24.52,1706.485,0,0.1088778,0,-0.9940552;
base,levelBottom,default,0.01480326,1.666667,0.0015,0,1,1,1,1,1,-408.22,24.52,1586.515,0,0.9745506,0,0.2241678;
base,levelBottom,default,0.01598029,1.666667,0.0015,0,1,1,1,1,1,-397.08,24.52,1794.935,0,0.6790795,0,-0.7340648;
base,levelBottom,default,0.1589939,1.666667,0.0015,0,1,1,1,1,1,367.51,24.52,3702.7,0,0.9998862,0,-0.0150845;
base,levelBottom,default,0.01729083,1.666667,0.0015,0,1,1,1,1,1,164.175,24.52,3075.155,0,0.7904587,0,-0.6125154;
base,levelBottom,default,0.01773642,1.666667,0.0015,0,1,1,1,1,1,-107.435,24.52,2912.535,0,0.9956675,0,0.09298541;
base,levelBottom,default,0.01782147,1.666667,0.0015,0,1,1,1,1,1,868.94,24.52,2339.085,0,0.6855066,0,0.7280664;
base,levelBottom,default,0.01835144,1.666667,0.0015,0,1,1,1,1,1,277.66,24.52,2999.3,0,0.999547,0,0.0300976;
base,levelBottom,default,0.01871413,1.666667,0.0015,0,1,1,1,1,1,-439.84,24.52,3642.865,0,0.7385036,0,0.6742496;
base,levelBottom,default,0.019592,1.666667,0.0015,0,1,1,1,1,1,238,24.52,3156.69,0,0.7071068,0,-0.7071068;
base,levelBottom,default,0.019601,1.666667,0.0015,0,1,1,1,1,1,360.5,24.52,3102.115,0,0.7071068,0,0.7071068;
base,levelBottom,default,0.02015807,1.666667,0.0015,0,1,1,1,1,1,-106.64,24.52,2813.95,0,0.7436616,0,-0.6685563;
base,levelBottom,default,0.02020865,1.666667,0.0015,0,1,1,1,1,1,-303.505,24.52,1526.275,0,0.8415852,0,-0.5401245;
base,levelBottom,default,0.0203127,1.666667,0.0015,0,1,1,1,1,1,-55.255,24.52,2783.45,0,0.6697055,0,0.7426268;
base,levelBottom,default,0.0204273,1.666667,0.0015,0,1,1,1,1,1,-12.145,24.52,2826.87,0,0.7432885,0,-0.6689711;
base,levelBottom,default,0.02057986,1.666667,0.0015,0,1,1,1,1,1,-29.29,24.52,2678.915,0,0.9995165,0,0.0310928;
base,levelBottom,default,0.02059426,1.666667,0.0015,0,1,1,1,1,1,159.56,24.52,463.6,0,0.9933014,0,0.1155526;
base,levelBottom,default,0.0208324,1.666667,0.0015,0,1,1,1,1,1,-494.055,24.52,1881.095,0,0.7448383,0,-0.6672451;
base,levelBottom,default,0.02345501,1.666667,0.0015,0,1,1,1,1,1,1509.975,24.52,3042.175,0,0.5911469,0,0.806564;
base,levelBottom,default,0.02371805,1.666667,0.0015,0,1,1,1,1,1,-222.8,24.52,624.56,0,0.8341675,0,-0.5515112;
base,levelBottom,default,0.02440071,1.666667,0.0015,0,1,1,1,1,1,1285.745,24.52,2991.63,0,0.8620024,0,-0.5069042;
base,levelBottom,default,0.02442786,1.666667,0.0015,0,1,1,1,1,1,1110.67,24.52,3078.77,0,0.9974799,0,0.0709492;
base,levelBottom,default,0.02450437,1.666667,0.0015,0,1,1,1,1,1,224.42,24.52,596,0,0.5926554,0,0.8054561;
base,levelBottom,default,0.02456138,1.666667,0.0015,0,1,1,1,1,1,1356.44,24.52,3111.065,0,0.8622105,0,-0.5065503;
base,levelBottom,default,0.02474706,1.666667,0.0015,0,1,1,1,1,1,1611.755,24.52,3061.2,0,0.8060284,0,-0.591877;
base,levelBottom,default,0.0249455,1.666667,0.0015,0,1,1,1,1,1,89.07,24.52,3050.265,0,0.8475184,0,0.5307661;
base,levelBottom,default,0.02496875,1.666667,0.0015,0,1,1,1,1,1,295.52,24.52,2013.345,0,0.0325387,0,0.9994705;
base,levelBottom,default,0.02503227,1.666667,0.0015,0,1,1,1,1,1,373.34,24.52,1900.565,0,0.8298823,0,0.5579386;
base,levelBottom,default,0.02534946,1.666667,0.0015,0,1,1,1,1,1,1723.68,24.52,3175.685,0,0.86138,0,-0.507961;
base,levelBottom,default,0.02550933,1.666667,0.0015,0,1,1,1,1,1,-146.82,24.52,1257.2,0,0.1335542,0,-0.9910415;
base,levelBottom,default,0.02574979,1.666667,0.0015,0,1,1,1,1,1,-264.4,24.52,529.9,0,0.5653447,0,0.8248548;
base,levelBottom,default,0.02582904,1.666667,0.0015,0,1,1,1,1,1,1902.14,24.52,3065.83,0,0.9999889,0,0.004715201;
base,levelBottom,default,0.02586946,1.666667,0.0015,0,1,1,1,1,1,-136.22,24.52,2715.035,0,0.6699649,0,0.7423928;
base,levelBottom,default,0.02587997,1.666667,0.0015,0,1,1,1,1,1,47.59,24.52,2812.175,0,0.6693208,0,0.7429736;
base,levelBottom,default,0.02665706,1.666667,0.0015,0,1,1,1,1,1,-149.365,24.52,1384.725,0,0.5394018,0,0.8420486;
base,levelBottom,default,0.02845376,1.666667,0.0015,0,1,1,1,1,1,-441.2,24.52,1126.4,0,0.8129058,0,0.5823952;
base,levelBottom,default,0.02975739,1.666667,0.0015,0,1,1,1,1,1,-168,24.52,337.3,0,0.0998473,0,-0.9950028;
base,levelBottom,default,0.02977809,1.666667,0.0015,0,1,1,1,1,1,-375.96,24.52,549.1,0,0.6732352,0,0.7394284;
base,levelBottom,default,0.03011125,1.666667,0.0015,0,1,1,1,1,1,-30.6,24.52,178.46,0,0.6727089,0,0.7399072;
base,levelBottom,default,0.0309766,1.666667,0.0015,0,1,1,1,1,1,-435.1,24.52,1408.5,0,0.6093162,0,0.7929274;
base,levelBottom,default,0.03115792,1.666667,0.0015,0,1,1,1,1,1,-323.1,24.52,1365.6,0,0.5657272,0,0.8245925;
base,levelBottom,default,0.03265855,1.666667,0.0015,0,1,1,1,1,1,28.085,24.52,3080.515,0,0.8187853,0,0.5741;
base,levelBottom,default,0.03276807,1.666667,0.0015,0,1,1,1,1,1,-421,24.52,865.42,0,0.541527,0,0.8406834;
base,levelBottom,default,0.03293113,1.666667,0.0015,0,1,1,1,1,1,-59.9,24.52,471.86,0,0.1608909,0,-0.9869722;
base,levelBottom,default,0.0329647,1.666667,0.0015,0,1,1,1,1,1,-11.76,24.52,550.5,0,0.9931589,0,0.1167705;
base,levelBottom,default,0.03462291,1.666667,0.0015,0,1,1,1,1,1,710.035,24.52,2253.655,0,0.9998966,0,0.0143815;
base,levelBottom,default,0.03562782,1.666667,0.0015,0,1,1,1,1,1,535.37,24.52,3226.6,0,0.9956892,0,0.09275331;
base,levelBottom,default,0.03672528,1.666667,0.0015,0,1,1,1,1,1,-574.195,24.52,1870.125,0,0.6665667,0,0.7454454;
base,levelBottom,default,0.03804074,1.666667,0.0015,0,1,1,1,1,1,-198.765,24.52,2709.635,0,0.7191173,0,0.6948887;
base,levelBottom,default,0.04374024,1.666667,0.0015,0,1,1,1,1,1,11.025,24.52,2481.12,0,0.100841,0,0.9949026;
base,levelBottom,default,0.04558398,1.666667,0.0015,0,1,1,1,1,1,99.1,24.52,2549.83,0,0.09740381,0,0.995245;
base,levelBottom,default,0.0465296,1.666667,0.0015,0,1,1,1,1,1,298.495,24.52,3268.02,0,0.9954963,0,0.0948009;
base,levelBottom,default,0.04891001,1.666667,0.0015,0,1,1,1,1,1,41.2,24.52,274,0,0.7451156,0,0.6669354;
base,levelBottom,default,0.04916206,1.666667,0.0015,0,1,1,1,1,1,1156.275,24.52,3429.145,0,0.7094446,0,-0.7047611;
base,levelBottom,default,0.005718009,1.666667,0.0015,0,1,1,1,1,1,-212.975,24.52,1967.827,0,0.7343823,0,-0.678736;
base,levelBottom,default,0.05261821,1.666667,0.0015,0,1,1,1,1,1,1412.13,24.52,3243.375,0,0.9961071,0,0.08815131;
base,levelBottom,default,0.05262225,1.666667,0.0015,0,1,1,1,1,1,992.76,24.52,3316.205,0,0.7095681,0,-0.7046369;
base,levelBottom,default,0.05551545,1.666667,0.0015,0,1,1,1,1,1,591.4,24.52,2415.76,0,0.0133552,0,-0.9999108;
base,levelBottom,default,0.05553644,1.666667,0.0015,0,1,1,1,1,1,512.945,24.52,2341.055,0,0.9999017,0,0.0140195;
base,levelBottom,default,0.05808701,1.666667,0.0015,0,1,1,1,1,1,-66.505,24.52,1703.005,0,0.9605529,0,0.2780974;
base,levelBottom,default,0.05831527,1.666667,0.0015,0,1,1,1,1,1,-108.175,24.52,1867.98,0,0.0187417,0,0.9998243;
base,levelBottom,default,0.006132093,1.666667,0.0015,0,1,1,1,1,1,158.395,24.52,1719.16,0,0.4876743,0,0.8730257;
base,levelBottom,default,0.06114797,1.666667,0.0015,0,1,1,1,1,1,61.105,24.52,1645.78,0,0.9715094,0,0.2370011;
base,levelBottom,default,0.06483541,1.666667,0.0015,0,1,1,1,1,1,24.58,24.52,977.72,0,0.4833584,0,0.8754226;
base,levelBottom,default,0.0699062,1.666667,0.0015,0,1,1,1,1,1,-163.655,24.52,1999.665,0,0.0303813,0,-0.9995384;
base,levelBottom,default,0.007347703,1.666667,0.0015,0,1,1,1,1,1,158,24.52,553.8,0,0.7550524,0,-0.6556645;
base,levelBottom,default,0.007499532,1.666667,0.0015,0,1,1,1,1,1,-36.6,24.52,333.4,0,0.8216383,0,0.5700092;
base,levelBottom,default,0.007972795,1.666667,0.0015,0,1,1,1,1,1,118.84,24.52,1901.605,0,0.7186742,0,0.695347;
base,levelBottom,default,0.008354914,1.666667,0.0015,0,1,1,1,1,1,-19.39,24.52,1969.1,0,0.7242993,0,-0.6894858;
base,levelBottom,default,0.08858709,1.666667,0.0015,0,1,1,1,1,1,-183.165,24.52,2190.94,0,0.9868057,0,0.1619086;
base,levelBottom,default,0.08917619,1.666667,0.0015,0,1,1,1,1,1,1595.005,24.52,2937.925,0,0.9959909,0,0.08945461;
custom,cylinder,earth2,5,-150,1,1,1,0.875,0.875,1.5,60,-1050,1.5,2695.651,0,0.7071068,-0.7071068,0;
custom,cylinder,earth2,5,-150,1,1,1,0.875,0.875,1.5,60,-1150,1.5,2695.651,0,0.7071068,-0.7071068,0;
custom,cylinder,earth2,5,-150,1,1,1,0.875,0.875,1.5,60,-1250,1.5,2695.651,0,0.7071068,-0.7071068,0;
custom,cylinder,earth2,5,-150,1,1,1,0.875,0.875,1.5,60,-1350,1.5,2695.651,0,0.7071068,-0.7071068,0;
custom,cylinder,earth2,5,-150,1,1,1,0.875,0.875,1.5,60,-1450,1.5,2695.651,0,0.7071068,-0.7071068,0;
custom,cylinder,earth2,5,-150,1,1,1,0.875,0.875,1.5,60,-150,1.5,2695.651,0,0.7071068,-0.7071068,0;
custom,cylinder,earth2,5,-150,1,1,1,0.875,0.875,1.5,60,-1550,1.5,2695.651,0,0.7071068,-0.7071068,0;
custom,cylinder,earth2,5,-150,1,1,1,0.875,0.875,1.5,60,-1650,1.5,2695.651,0,0.7071068,-0.7071068,0;
custom,cylinder,earth2,5,-150,1,1,1,0.875,0.875,1.5,60,-1750,1.5,2695.651,0,0.7071068,-0.7071068,0;
custom,cylinder,earth2,5,-150,1,1,1,0.875,0.875,1.5,60,-1850,1.5,2695.651,0,0.7071068,-0.7071068,0;
custom,cylinder,earth2,5,-150,1,1,1,0.875,0.875,1.5,60,-1950,1.5,2695.651,0,0.7071068,-0.7071068,0;
custom,cylinder,earth2,5,-150,1,1,1,0.875,0.875,1.5,60,-2050,1.5,2695.651,0,0.7071068,-0.7071068,0;
custom,cylinder,earth2,5,-150,1,1,1,0.875,0.875,1.5,60,-2150,1.5,2695.651,0,0.7071068,-0.7071068,0;
custom,cylinder,earth2,5,-150,1,1,1,0.875,0.875,1.5,60,-2250,1.5,2695.651,0,0.7071068,-0.7071068,0;
custom,cylinder,earth2,5,-150,1,1,1,0.875,0.875,1.5,60,-2350,1.5,2695.651,0,0.7071068,-0.7071068,0;
custom,cylinder,earth2,5,-150,1,1,1,0.875,0.875,1.5,60,-2450,1.5,2695.651,0,0.7071068,-0.7071068,0;
custom,cylinder,earth2,5,-150,1,1,1,0.875,0.875,1.5,60,-250,1.5,2695.651,0,0.7071068,-0.7071068,0;
custom,cylinder,earth2,5,-150,1,1,1,0.875,0.875,1.5,60,-350,1.5,2695.651,0,0.7071068,-0.7071068,0;
custom,cylinder,earth2,5,-150,1,1,1,0.875,0.875,1.5,60,-450,1.5,2695.651,0,0.7071068,-0.7071068,0;
custom,cylinder,earth2,5,-150,1,1,1,0.875,0.875,1.5,60,-50,1.5,2695.651,0,0.7071068,-0.7071068,0;
custom,cylinder,earth2,5,-150,1,1,1,0.875,0.875,1.5,60,-550,1.5,2695.651,0,0.7071068,-0.7071068,0;
custom,cylinder,earth2,5,-150,1,1,1,0.875,0.875,1.5,60,-650,1.5,2695.651,0,0.7071068,-0.7071068,0;
custom,cylinder,earth2,5,-150,1,1,1,0.875,0.875,1.5,60,-750,1.5,2695.651,0,0.7071068,-0.7071068,0;
custom,cylinder,earth2,5,-150,1,1,1,0.875,0.875,1.5,60,-850,1.5,2695.651,0,0.7071068,-0.7071068,0;
custom,cylinder,earth2,5,-150,1,1,1,0.875,0.875,1.5,60,-950,1.5,2695.651,0,0.7071068,-0.7071068,0;
custom,cylinder,earth2,5,150,1,1,1,0.875,0.875,1.5,60,1050,1.5,2695.651,0.7071068,0,0,0.7071068;
custom,cylinder,earth2,5,150,1,1,1,0.875,0.875,1.5,60,1150,1.5,2695.651,0.7071068,0,0,0.7071068;
custom,cylinder,earth2,5,150,1,1,1,0.875,0.875,1.5,60,1250,1.5,2695.651,0.7071068,0,0,0.7071068;
custom,cylinder,earth2,5,150,1,1,1,0.875,0.875,1.5,60,1350,1.5,2695.651,0.7071068,0,0,0.7071068;
custom,cylinder,earth2,5,150,1,1,1,0.875,0.875,1.5,60,1450,1.5,2695.651,0.7071068,0,0,0.7071068;
custom,cylinder,earth2,5,150,1,1,1,0.875,0.875,1.5,60,150,1.5,2695.651,0.7071068,0,0,0.7071068;
custom,cylinder,earth2,5,150,1,1,1,0.875,0.875,1.5,60,1550,1.5,2695.651,0.7071068,0,0,0.7071068;
custom,cylinder,earth2,5,150,1,1,1,0.875,0.875,1.5,60,1650,1.5,2695.651,0.7071068,0,0,0.7071068;
custom,cylinder,earth2,5,150,1,1,1,0.875,0.875,1.5,60,1750,1.5,2695.651,0.7071068,0,0,0.7071068;
custom,cylinder,earth2,5,150,1,1,1,0.875,0.875,1.5,60,1850,1.5,2695.651,0.7071068,0,0,0.7071068;
custom,cylinder,earth2,5,150,1,1,1,0.875,0.875,1.5,60,1950,1.5,2695.651,0.7071068,0,0,0.7071068;
custom,cylinder,earth2,5,150,1,1,1,0.875,0.875,1.5,60,2050,1.5,2695.651,0.7071068,0,0,0.7071068;
custom,cylinder,earth2,5,150,1,1,1,0.875,0.875,1.5,60,2150,1.5,2695.651,0.7071068,0,0,0.7071068;
custom,cylinder,earth2,5,150,1,1,1,0.875,0.875,1.5,60,2250,1.5,2695.651,0.7071068,0,0,0.7071068;
custom,cylinder,earth2,5,150,1,1,1,0.875,0.875,1.5,60,2350,1.5,2695.651,0.7071068,0,0,0.7071068;
custom,cylinder,earth2,5,150,1,1,1,0.875,0.875,1.5,60,2450,1.5,2695.651,0.7071068,0,0,0.7071068;
custom,cylinder,earth2,5,150,1,1,1,0.875,0.875,1.5,60,250,1.5,2695.651,0.7071068,0,0,0.7071068;
custom,cylinder,earth2,5,150,1,1,1,0.875,0.875,1.5,60,350,1.5,2695.651,0.7071068,0,0,0.7071068;
custom,cylinder,earth2,5,150,1,1,1,0.875,0.875,1.5,60,450,1.5,2695.651,0.7071068,0,0,0.7071068;
custom,cylinder,earth2,5,150,1,1,1,0.875,0.875,1.5,60,50,1.5,2695.651,0.7071068,0,0,0.7071068;
custom,cylinder,earth2,5,150,1,1,1,0.875,0.875,1.5,60,550,1.5,2695.651,0.7071068,0,0,0.7071068;
custom,cylinder,earth2,5,150,1,1,1,0.875,0.875,1.5,60,650,1.5,2695.651,0.7071068,0,0,0.7071068;
custom,cylinder,earth2,5,150,1,1,1,0.875,0.875,1.5,60,750,1.5,2695.651,0.7071068,0,0,0.7071068;
custom,cylinder,earth2,5,150,1,1,1,0.875,0.875,1.5,60,850,1.5,2695.651,0.7071068,0,0,0.7071068;
custom,cylinder,earth2,5,150,1,1,1,0.875,0.875,1.5,60,950,1.5,2695.651,0.7071068,0,0,0.7071068;
custom,cylinder,earth2,5,-75,1,1,1,0.875,0.875,1.5,30,-1050,1.5,0,0,0.7071068,-0.7071068,0;
custom,cylinder,earth2,5,-75,1,1,1,0.875,0.875,1.5,30,-1150,1.5,0,0,0.7071068,-0.7071068,0;
custom,cylinder,earth2,5,-75,1,1,1,0.875,0.875,1.5,30,-1250,1.5,0,0,0.7071068,-0.7071068,0;
custom,cylinder,earth2,5,-75,1,1,1,0.875,0.875,1.5,30,-1350,1.5,0,0,0.7071068,-0.7071068,0;
custom,cylinder,earth2,5,-75,1,1,1,0.875,0.875,1.5,30,-1450,1.5,0,0,0.7071068,-0.7071068,0;
custom,cylinder,earth2,5,-75,1,1,1,0.875,0.875,1.5,30,-150,1.5,0,0,0.7071068,-0.7071068,0;
custom,cylinder,earth2,5,-75,1,1,1,0.875,0.875,1.5,30,-1550,1.5,0,0,0.7071068,-0.7071068,0;
custom,cylinder,earth2,5,-75,1,1,1,0.875,0.875,1.5,30,-1650,1.5,0,0,0.7071068,-0.7071068,0;
custom,cylinder,earth2,5,-75,1,1,1,0.875,0.875,1.5,30,-1750,1.5,0,0,0.7071068,-0.7071068,0;
custom,cylinder,earth2,5,-75,1,1,1,0.875,0.875,1.5,30,-1850,1.5,0,0,0.7071068,-0.7071068,0;
custom,cylinder,earth2,5,-75,1,1,1,0.875,0.875,1.5,30,-1950,1.5,0,0,0.7071068,-0.7071068,0;
custom,cylinder,earth2,5,-75,1,1,1,0.875,0.875,1.5,30,-2050,1.5,0,0,0.7071068,-0.7071068,0;
custom,cylinder,earth2,5,-75,1,1,1,0.875,0.875,1.5,30,-2150,1.5,0,0,0.7071068,-0.7071068,0;
custom,cylinder,earth2,5,-75,1,1,1,0.875,0.875,1.5,30,-2250,1.5,0,0,0.7071068,-0.7071068,0;
custom,cylinder,earth2,5,-75,1,1,1,0.875,0.875,1.5,30,-2350,1.5,0,0,0.7071068,-0.7071068,0;
custom,cylinder,earth2,5,-75,1,1,1,0.875,0.875,1.5,30,-2450,1.5,0,0,0.7071068,-0.7071068,0;
custom,cylinder,earth2,5,-75,1,1,1,0.875,0.875,1.5,30,-250,1.5,0,0,0.7071068,-0.7071068,0;
custom,cylinder,earth2,5,-75,1,1,1,0.875,0.875,1.5,30,-350,1.5,0,0,0.7071068,-0.7071068,0;
custom,cylinder,earth2,5,-75,1,1,1,0.875,0.875,1.5,30,-450,1.5,0,0,0.7071068,-0.7071068,0;
custom,cylinder,earth2,5,-75,1,1,1,0.875,0.875,1.5,30,-50,1.5,0,0,0.7071068,-0.7071068,0;
custom,cylinder,earth2,5,-75,1,1,1,0.875,0.875,1.5,30,-550,1.5,0,0,0.7071068,-0.7071068,0;
custom,cylinder,earth2,5,-75,1,1,1,0.875,0.875,1.5,30,-650,1.5,0,0,0.7071068,-0.7071068,0;
custom,cylinder,earth2,5,-75,1,1,1,0.875,0.875,1.5,30,-750,1.5,0,0,0.7071068,-0.7071068,0;
custom,cylinder,earth2,5,-75,1,1,1,0.875,0.875,1.5,30,-850,1.5,0,0,0.7071068,-0.7071068,0;
custom,cylinder,earth2,5,-75,1,1,1,0.875,0.875,1.5,30,-950,1.5,0,0,0.7071068,-0.7071068,0;
custom,cylinder,earth2,5,75,1,1,1,0.875,0.875,1.5,30,1050,1.5,0,0.7071068,0,0,0.7071068;
custom,cylinder,earth2,5,75,1,1,1,0.875,0.875,1.5,30,1150,1.5,0,0.7071068,0,0,0.7071068;
custom,cylinder,earth2,5,75,1,1,1,0.875,0.875,1.5,30,1250,1.5,0,0.7071068,0,0,0.7071068;
custom,cylinder,earth2,5,75,1,1,1,0.875,0.875,1.5,30,1350,1.5,0,0.7071068,0,0,0.7071068;
custom,cylinder,earth2,5,75,1,1,1,0.875,0.875,1.5,30,1450,1.5,0,0.7071068,0,0,0.7071068;
custom,cylinder,earth2,5,75,1,1,1,0.875,0.875,1.5,30,150,1.5,0,0.7071068,0,0,0.7071068;
custom,cylinder,earth2,5,75,1,1,1,0.875,0.875,1.5,30,1550,1.5,0,0.7071068,0,0,0.7071068;
custom,cylinder,earth2,5,75,1,1,1,0.875,0.875,1.5,30,1650,1.5,0,0.7071068,0,0,0.7071068;
custom,cylinder,earth2,5,75,1,1,1,0.875,0.875,1.5,30,1750,1.5,0,0.7071068,0,0,0.7071068;
custom,cylinder,earth2,5,75,1,1,1,0.875,0.875,1.5,30,1850,1.5,0,0.7071068,0,0,0.7071068;
custom,cylinder,earth2,5,75,1,1,1,0.875,0.875,1.5,30,1950,1.5,0,0.7071068,0,0,0.7071068;
custom,cylinder,earth2,5,75,1,1,1,0.875,0.875,1.5,30,2050,1.5,0,0.7071068,0,0,0.7071068;
custom,cylinder,earth2,5,75,1,1,1,0.875,0.875,1.5,30,2150,1.5,0,0.7071068,0,0,0.7071068;
custom,cylinder,earth2,5,75,1,1,1,0.875,0.875,1.5,30,2250,1.5,0,0.7071068,0,0,0.7071068;
custom,cylinder,earth2,5,75,1,1,1,0.875,0.875,1.5,30,2350,1.5,0,0.7071068,0,0,0.7071068;
custom,cylinder,earth2,5,75,1,1,1,0.875,0.875,1.5,30,2450,1.5,0,0.7071068,0,0,0.7071068;
custom,cylinder,earth2,5,75,1,1,1,0.875,0.875,1.5,30,250,1.5,0,0.7071068,0,0,0.7071068;
custom,cylinder,earth2,5,75,1,1,1,0.875,0.875,1.5,30,350,1.5,0,0.7071068,0,0,0.7071068;
custom,cylinder,earth2,5,75,1,1,1,0.875,0.875,1.5,30,450,1.5,0,0.7071068,0,0,0.7071068;
custom,cylinder,earth2,5,75,1,1,1,0.875,0.875,1.5,30,50,1.5,0,0.7071068,0,0,0.7071068;
custom,cylinder,earth2,5,75,1,1,1,0.875,0.875,1.5,30,550,1.5,0,0.7071068,0,0,0.7071068;
custom,cylinder,earth2,5,75,1,1,1,0.875,0.875,1.5,30,650,1.5,0,0.7071068,0,0,0.7071068;
custom,cylinder,earth2,5,75,1,1,1,0.875,0.875,1.5,30,750,1.5,0,0.7071068,0,0,0.7071068;
custom,cylinder,earth2,5,75,1,1,1,0.875,0.875,1.5,30,850,1.5,0,0.7071068,0,0,0.7071068;
custom,cylinder,earth2,5,75,1,1,1,0.875,0.875,1.5,30,950,1.5,0,0.7071068,0,0,0.7071068;
custom,cylinder,earth2,1,250,5,1,1,0.875,0.875,1.5,100,0,1.5,0,0,0,0.7071068,0.7071068;
custom,cylinder,earth2,1,250,5,1,1,0.875,0.875,1.5,100,0,1.5,100,0,0,0.7071068,0.7071068;
custom,cylinder,earth2,1,250,5,1,1,0.875,0.875,1.5,100,0,1.5,200,0,0,0.7071068,0.7071068;
custom,cylinder,earth2,1,250,5,1,1,0.875,0.875,1.5,100,0,1.5,300,0,0,0.7071068,0.7071068;
custom,cylinder,earth2,1,250,5,1,1,0.875,0.875,1.5,100,0,1.5,400,0,0,0.7071068,0.7071068;
custom,cylinder,earth2,1,250,5,1,1,0.875,0.875,1.5,100,0,1.5,500,0,0,0.7071068,0.7071068;
custom,cylinder,earth2,1,250,5,1,1,0.875,0.875,1.5,100,0,1.5,600,0,0,0.7071068,0.7071068;
custom,cylinder,earth2,1,250,5,1,1,0.875,0.875,1.5,100,0,1.5,700,0,0,0.7071068,0.7071068;
custom,cylinder,earth2,1,250,5,1,1,0.875,0.875,1.5,100,0,1.5,-100,0,0,0.7071068,0.7071068;
custom,cylinder,earth2,1,250,5,1,1,0.875,0.875,1.5,100,0,1.5,-200,0,0,0.7071068,0.7071068;
custom,cylinder,earth2,1,250,5,1,1,0.875,0.875,1.5,100,0,1.5,-300,0,0,0.7071068,0.7071068;
custom,cylinder,earth2,1,250,5,1,1,0.875,0.875,1.5,100,0,1.5,-400,0,0,0.7071068,0.7071068;
custom,cylinder,earth2,1,250,5,1,1,0.875,0.875,1.5,100,0,1.5,-500,0,0,0.7071068,0.7071068;
custom,cylinder,earth2,1,250,5,1,1,0.875,0.875,1.5,100,0,1.5,-600,0,0,0.7071068,0.7071068;
custom,cylinder,earth2,1,250,5,1,1,0.875,0.875,1.5,100,0,1.5,-700,0,0,0.7071068,0.7071068;
custom,cylinder,earth2,1,250,5,1,1,0.875,0.875,1.5,100,0,1.5,2795.651,0,0,0.7071068,0.7071068;
custom,cylinder,earth2,1,250,5,1,1,0.875,0.875,1.5,100,0,1.5,2895.651,0,0,0.7071068,0.7071068;
custom,cylinder,earth2,1,250,5,1,1,0.875,0.875,1.5,100,0,1.5,2995.651,0,0,0.7071068,0.7071068;
custom,cylinder,earth2,1,250,5,1,1,0.875,0.875,1.5,100,0,1.5,3095.651,0,0,0.7071068,0.7071068;
custom,cylinder,earth2,1,250,5,1,1,0.875,0.875,1.5,100,0,1.5,3195.651,0,0,0.7071068,0.7071068;
custom,cylinder,earth2,1,250,5,1,1,0.875,0.875,1.5,100,0,1.5,3295.651,0,0,0.7071068,0.7071068;
custom,cylinder,earth2,1,250,5,1,1,0.875,0.875,1.5,100,0,1.5,3395.651,0,0,0.7071068,0.7071068;
custom,cylinder,earth2,1,250,5,1,1,0.875,0.875,1.5,100,0,1.5,3495.651,0,0,0.7071068,0.7071068;
custom,cylinder,earth2,1,250,5,1,1,0.875,0.875,1.5,100,0,1.5,3595.651,0,0,0.7071068,0.7071068;
custom,cylinder,earth2,1,250,5,1,1,0.875,0.875,1.5,100,0,1.5,3695.651,0,0,0.7071068,0.7071068;
custom,cylinder,earth2,1,250,5,1,1,0.875,0.875,1.5,100,0,1.5,3795.651,0,0,0.7071068,0.7071068;
custom,cylinder,earth2,1,250,5,1,1,0.875,0.875,1.5,100,0,1.5,3895.651,0,0,0.7071068,0.7071068;
custom,cylinder,earth2,1,250,5,1,1,0.875,0.875,1.5,100,0,1.5,3995.651,0,0,0.7071068,0.7071068;
custom,cylinder,earth2,1,250,5,1,1,0.875,0.875,1.5,100,0,1.5,4095.651,0,0,0.7071068,0.7071068;
custom,cylinder,earth2,1,250,5,1,1,0.875,0.875,1.5,100,0,1.5,2695.651,0,0,0.7071068,0.7071068;
custom,cylinder,earth2,1,250,5,1,1,0.875,0.875,1.5,100,0,1.5,2595.651,0,0,0.7071068,0.7071068;
custom,cylinder,earth2,1,250,5,1,1,0.875,0.875,1.5,100,0,1.5,2495.651,0,0,0.7071068,0.7071068;
custom,cylinder,earth2,1,250,5,1,1,0.875,0.875,1.5,100,0,1.5,2395.651,0,0,0.7071068,0.7071068;
custom,cylinder,earth2,1,250,5,1,1,0.875,0.875,1.5,100,0,1.5,2295.651,0,0,0.7071068,0.7071068;
custom,cylinder,earth2,1,250,5,1,1,0.875,0.875,1.5,100,0,1.5,2195.651,0,0,0.7071068,0.7071068;
custom,cylinder,earth2,1,250,5,1,1,0.875,0.875,1.5,100,0,1.5,2095.651,0,0,0.7071068,0.7071068;
custom,cylinder,earth2,1,250,5,1,1,0.875,0.875,1.5,100,0,1.5,1995.651,0,0,0.7071068,0.7071068;
custom,cylinder,earth2,1,250,5,1,1,0.875,0.875,1.5,100,0,1.5,1895.651,0,0,0.7071068,0.7071068;
custom,cylinder,earth2,1,250,5,1,1,0.875,0.875,1.5,100,0,1.5,1795.651,0,0,0.7071068,0.7071068;
custom,cylinder,earth2,1,250,5,1,1,0.875,0.875,1.5,100,0,1.5,1695.651,0,0,0.7071068,0.7071068;
custom,cylinder,earth2,1,250,5,1,1,0.875,0.875,1.5,100,0,1.5,1595.651,0,0,0.7071068,0.7071068;
custom,cylinder,earth2,1,250,5,1,1,0.875,0.875,1.5,100,0,1.5,1495.651,0,0,0.7071068,0.7071068;
custom,cylinder,earth2,1,250,5,1,1,0.875,0.875,1.5,100,0,1.5,1395.651,0,0,0.7071068,0.7071068;
custom,cylinder,earth2,1,250,5,1,1,0.875,0.875,1.5,100,0,1.5,1295.651,0,0,0.7071068,0.7071068;
custom,cylinder,castle1tex,1.5,5,1.5,1,0.5235294,0.6039215,0.6313725,0.01,0.5,-20.31026,24.52,370.6614,0,1,0,0;
custom,cylinder,castle1tex,1.5,5,1.5,1,0.5235294,0.6039215,0.6313725,0.01,0.5,-221.2726,24.52,413.7243,0,0.9831274,0,0.1829222;
custom,cylinder,castle1tex,1.5,5,1.5,1,0.5235294,0.6039215,0.6313725,0.01,0.5,-310.6862,24.52,650.2746,0,0.9885992,0,0.150571;
custom,cylinder,castle1tex,1.5,5,1.5,1,0.5235294,0.6039215,0.6313725,0.01,0.5,-176.2056,24.52,509.3195,0,0.9894754,0,0.1447017;
custom,cylinder,castle1tex,1.5,5,1.5,1,0.5235294,0.6039215,0.6313725,0.01,0.5,97.5835,24.52,524.7806,0,0.987192,0,0.1595369;
custom,cylinder,castle1tex,1.5,5,1.5,1,0.5235294,0.6039215,0.6313725,0.01,0.5,162.9762,24.52,518.215,0,0.99734,0,0.07289013;
custom,cylinder,castle1tex,1.5,5,1.5,1,0.5235294,0.6039215,0.6313725,0.01,0.5,153.5714,24.52,593.2776,0,0.9962251,0,0.08680805;
custom,cylinder,castle1tex,1.5,5,1.5,1,0.5235294,0.6039215,0.6313725,0.01,0.5,-275,24.52,1109,0,1,0,0;
custom,cylinder,castle1tex,1.5,5,1.5,1,0.5235294,0.6039215,0.6313725,0.01,0.5,-131.9,24.52,1014.8,0,1,0,0;
custom,cylinder,castle1tex,1.5,5,1.5,1,0.5235294,0.6039215,0.6313725,0.01,0.5,-144.77,24.52,866.85,0,1,0,0;
custom,cylinder,castle1tex,1.5,5,1.5,1,0.5235294,0.6039215,0.6313725,0.01,0.5,9.38,24.52,812.77,0,1,0,0;
custom,cylinder,castle1tex,1.5,5,1.5,1,0.5235294,0.6039215,0.6313725,0.01,0.5,102.76,24.52,678.98,0,1,0,0;
custom,cylinder,castle1tex,1.5,5,1.5,1,0.5235294,0.6039215,0.6313725,0.01,0.5,181.0284,24.52,1856.192,0,1,0,0;
custom,cylinder,castle1tex,1.5,5,1.5,1,0.5235294,0.6039215,0.6313725,0.01,0.5,120.2345,24.52,1943.241,0,1,0,0;
custom,cylinder,castle1tex,1.5,5,1.5,1,0.5235294,0.6039215,0.6313725,0.01,0.5,-17.47776,24.52,1932.796,0,0.9998537,0,0.01710339;
custom,cylinder,castle1tex,1.5,5,1.5,1,0.5235294,0.6039215,0.6313725,0.01,0.5,-210.1458,24.52,1934.698,0,0.9991944,0,0.04013183;
custom,cylinder,castle1tex,1.5,5,1.5,1,0.5235294,0.6039215,0.6313725,0.01,0.5,-113.75,24.52,1932.2,0,1,0,0;
custom,cylinder,castle1tex,1.5,5,1.5,1,0.5235294,0.6039215,0.6313725,0.01,0.5,-394.6451,24.52,1880.65,0,1,0,0;
custom,cylinder,castle1tex,1.5,5,1.5,1,0.5235294,0.6039215,0.6313725,0.01,0.5,793.4971,24.52,2348.775,0,1,0,0;
custom,cylinder,castle1tex,1.5,5,1.5,1,0.5235294,0.6039215,0.6313725,0.01,0.5,313.4185,24.52,2402.01,0,1,0,0;
custom,cylinder,castle1tex,1.5,5,1.5,1,0.5235294,0.6039215,0.6313725,0.01,0.5,-113.75,24.52,1932.2,0,1,0,0;
custom,cylinder,castle1tex,1.5,5,1.5,1,0.5235294,0.6039215,0.6313725,0.01,0.5,-380.8024,24.52,1515.257,0,0.176227,0,-0.9843495;
custom,cylinder,castle1tex,1.5,5,1.5,1,0.5235294,0.6039215,0.6313725,0.01,0.5,-261.8611,24.52,1434.905,0,0.559438,0,0.8288722;
custom,cylinder,castle1tex,1.5,5,1.5,1,0.5235294,0.6039215,0.6313725,0.01,0.5,-207.6127,24.52,1506.133,0,0.5543072,0,0.8323122;
custom,cylinder,castle1tex,1.5,5,1.5,1,0.5235294,0.6039215,0.6313725,0.01,0.5,143.6788,24.52,1742.997,0,0.9645885,0,0.2637596;
custom,cylinder,castle1tex,1.5,5,1.5,1,0.5235294,0.6039215,0.6313725,0.01,0.5,-482.4302,24.52,1776.218,0,0.04914249,0,-0.9987918;
custom,cylinder,castle1tex,1.5,5,1.5,1,0.5235294,0.6039215,0.6313725,0.01,0.5,-507.3282,24.52,1983.483,0,0.68036,0,0.7328781;
custom,cylinder,castle1tex,1.5,5,1.5,1,0.5235294,0.6039215,0.6313725,0.01,0.5,-215.31,24.52,2090.29,0,1,0,0;
custom,cylinder,castle1tex,1.5,5,1.5,1,0.5235294,0.6039215,0.6313725,0.01,0.5,-230.606,24.52,2132.33,0,1,0,0;
custom,cylinder,castle1tex,1.5,5,1.5,1,0.5235294,0.6039215,0.6313725,0.01,0.5,-125.3031,24.52,2590.92,0,1,0,0;
custom,cylinder,castle1tex,1.5,5,1.5,1,0.5235294,0.6039215,0.6313725,0.01,0.5,238.2264,24.52,3054.041,0,1,0,0;
custom,cylinder,castle1tex,1.5,5,1.5,1,0.5235294,0.6039215,0.6313725,0.01,0.5,358.2798,24.52,3195.14,0,1,0,0;
custom,cylinder,castle1tex,1.5,5,1.5,1,0.5235294,0.6039215,0.6313725,0.01,0.5,531.6502,24.52,3312.572,0,1,0,0;
custom,cylinder,castle1tex,1.5,5,1.5,1,0.5235294,0.6039215,0.6313725,0.01,0.5,-320.7607,24.52,3618.132,0,1,0,0;
custom,cylinder,castle1tex,1.5,5,1.5,1,0.5235294,0.6039215,0.6313725,0.01,0.5,-150.04,24.52,2846.408,0,0.7532142,0,-0.6577753;
custom,cylinder,castle1tex,1.5,5,1.5,1,0.5235294,0.6039215,0.6313725,0.01,0.5,-96.81914,24.52,2716.031,0,0.7185676,0,-0.6954572;
custom,cylinder,castle1tex,1.5,5,1.5,1,0.5235294,0.6039215,0.6313725,0.01,0.5,-65.64983,24.52,2881.282,0,0.7496583,0,-0.6618251;
custom,cylinder,castle1tex,1.5,5,1.5,1,0.5235294,0.6039215,0.6313725,0.01,0.5,-1.349836,24.52,2727.779,0,0.6639169,0,0.7478064;
custom,cylinder,castle1tex,1.5,5,1.5,1,0.5235294,0.6039215,0.6313725,0.01,0.5,142.8256,24.52,3161.977,0,0.03365064,0,-0.9994337;
custom,cylinder,castle1tex,1.5,5,1.5,1,0.5235294,0.6039215,0.6313725,0.01,0.5,463.8,24.52,3410.689,0,1,0,0;
custom,cylinder,castle1tex,1.5,5,1.5,1,0.5235294,0.6039215,0.6313725,0.01,0.5,356.74,24.52,3391.32,0,1,0,0;
custom,cylinder,castle1tex,1.5,5,1.5,1,0.5235294,0.6039215,0.6313725,0.01,0.5,251.32,24.52,3460.42,0,1,0,0;
custom,cylinder,castle1tex,1.5,5,1.5,1,0.5235294,0.6039215,0.6313725,0.01,0.5,148.1,24.52,3440.52,0,1,0,0;
custom,cylinder,castle1tex,1.5,5,1.5,1,0.5235294,0.6039215,0.6313725,0.01,0.5,67.41,24.52,3500.98,0,1,0,0;
custom,cylinder,castle1tex,1.5,5,1.5,1,0.5235294,0.6039215,0.6313725,0.01,0.5,-42.51,24.52,3484.67,0,1,0,0;
custom,cylinder,castle1tex,1.5,5,1.5,1,0.5235294,0.6039215,0.6313725,0.01,0.5,-136.71,24.52,3549.1,0,1,0,0;
custom,cylinder,castle1tex,1.5,5,1.5,1,0.5235294,0.6039215,0.6313725,0.01,0.5,-238.1,24.52,3527.9,0,1,0,0;
custom,cylinder,castle1tex,1.5,5,1.5,1,0.5235294,0.6039215,0.6313725,0.01,0.5,1157.271,24.52,3188.028,0,1,0,0;
custom,cylinder,castle1tex,1.5,5,1.5,1,0.5235294,0.6039215,0.6313725,0.01,0.5,1414.341,24.52,3006.541,0,0.8461658,0,-0.5329198;
custom,cylinder,castle1tex,1.5,5,1.5,1,0.5235294,0.6039215,0.6313725,0.01,0.5,1472.828,24.52,3152.911,0,0.6208809,0,0.7839049;
custom,cylinder,castle1tex,1.5,5,1.5,1,0.5235294,0.6039215,0.6313725,0.01,0.5,1577.341,24.52,3176.915,0,0.617402,0,0.7866478;
custom,cylinder,castle1tex,1.5,5,1.5,1,0.5235294,0.6039215,0.6313725,0.01,0.5,1779.903,24.52,3064.14,0,0.702462,0,0.7117213;
custom,cylinder,castle1tex,1.5,5,1.5,1,0.5235294,0.6039215,0.6313725,0.01,0.5,188.666,24.52,3665.94,0,1,0,0;
custom,cylinder,castle1tex,1.5,5,1.5,1,0.5235294,0.6039215,0.6313725,0.01,0.5,583.595,24.52,3647.2,0,1,0,0;
custom,cylinder,castle1tex,1.5,5,1.5,1,0.5235294,0.6039215,0.6313725,0.01,0.5,1042.46,24.52,3617.45,0,1,0,0;
custom,cylinder,castle1tex,1.5,5,1.5,1,0.5235294,0.6039215,0.6313725,0.01,0.5,1027.87,24.52,3205.54,0,1,0,0;
custom,cuboid,house9mat2,1,32,1,1,1,0.875,0.875,0.1,3.2,1017.854,68.94305,3445.365,-0.4472087,0.5448179,-0.2968207,-0.6442634;
custom,cuboid,house9mat2,1,32,1,1,1,0.875,0.875,0.1,3.2,1023.702,25.6136,3470.575,0.2715378,0.8965849,0.2315054,0.2623127;
custom,cuboid,house9mat2,1,32,1,1,1,0.875,0.875,0.1,3.2,1036.094,71.55375,3303.826,-0.04003176,0.8942838,0.1749577,-0.4099315;
custom,cuboid,house9mat2,1,32,1,1,1,0.875,0.875,0.1,3.2,1044.404,58.28067,3287.118,0.2347829,0.8994858,-0.2570843,0.2640265;
custom,cuboid,house9mat2,1,32,1,1,1,0.875,0.875,0.1,3.2,1048.828,53.58458,3436.823,0.1376607,-0.698247,0.5641846,0.4185648;
custom,cuboid,house9mat2,1,32,1,1,1,0.875,0.875,0.1,3.2,1067.771,18.04455,3564.478,0.1716565,0.9669029,-0.08235596,-0.1698538;
custom,cuboid,house9mat2,1,32,1,1,1,0.875,0.875,0.1,3.2,1073.39,94.1693,3347.387,-0.1846838,0.9045572,-0.1447358,-0.3559772;
custom,cuboid,house9mat2,1,32,1,1,1,0.875,0.875,0.1,3.2,1078.415,39.17315,3384.26,0.1520572,0.9667687,0.04930649,-0.1995136;
custom,cuboid,house9mat2,1,32,1,1,1,0.875,0.875,0.1,3.2,1081.99,43.70051,3317.503,-0.1937388,0.9084674,-0.3526845,0.1129866;
custom,cuboid,house9mat2,1,32,1,1,1,0.875,0.875,0.1,3.2,1091.386,38.7057,3540.558,-0.3282587,0.930353,-0.0186242,-0.1623044;
custom,cuboid,house9mat2,1,32,1,1,1,0.875,0.875,0.1,3.2,1096.876,88.05912,3183.832,-0.0956935,0.9222488,0.05235574,-0.3708893;
custom,cuboid,house9mat2,1,32,1,1,1,0.875,0.875,0.1,3.2,1116.098,58.53778,3420.726,0.3355343,0.9116348,0.04637634,0.2327831;
custom,cuboid,house9mat2,1.5,1.5,15,1,1,0.875,0.875,1.5,0.15,-109.3535,40.85305,2147.496,-0.08286721,0.938795,0.171778,0.2868614;
custom,cuboid,house9mat2,1.5,1.5,15,1,1,0.875,0.875,1.5,0.15,-110.4916,40.96824,2153.46,-0.1298931,0.01268987,-0.06295034,0.9894463;
custom,cuboid,house9mat2,1.5,1.5,15,1,1,0.875,0.875,1.5,0.15,-342.3731,41.56454,2075.883,0.02797495,0.9726481,0.23054,-0.004949151;
custom,cuboid,house9mat2,1.5,1.5,15,1,1,0.875,0.875,1.5,0.15,-436.5017,30.91963,2049.258,-0.07501627,-0.3189539,-0.05134197,0.9434008;
custom,cuboid,house9mat2,1.5,10,5,1,1,0.875,0.875,0.5,1,-65.34441,24.52,3649,0,1,0,0;
custom,cuboid,house9mat2,1.5,10,5,1,1,0.875,0.875,0.5,1,321.3266,24.52,3637,0,1,0,0;
custom,cuboid,house9mat2,1.5,10,5,1,1,0.875,0.875,0.5,1,391,24.52,3665,0,1,0,0;
custom,cuboid,house9mat2,1.5,10,5,1,1,0.875,0.875,0.5,1,452.3228,24.52,3640,0,1,0,0;
custom,cuboid,house9mat2,1.5,10,5,1,1,0.875,0.875,0.5,1,852.5388,24.52,3623,0,1,0,0;
custom,cuboid,house9mat2,1.5,10,5,1,1,0.875,0.875,0.5,1,89.07111,24.52,3675,0,1,0,0;
custom,cuboid,house9mat2,11,2.25,1.5,1,1,0.875,0.875,1.1,0.225,-357.8214,64.5465,1312.14,0,0.9892865,0,0.1459871;
custom,cuboid,house9mat2,11,3,1.5,1,1,0.875,0.875,1.1,0.3,-357.8214,3.3898,1312.14,0,0.9892865,0,0.1459871;
custom,cuboid,house9mat2,11.37428,3.5,1.4,1,1,0.875,0.875,1.1,0.35,1297.306,57.46435,3094.012,0,0.9703964,0,0.2415178;
custom,cuboid,house9mat2,11.37428,5,1.4,1,1,0.875,0.875,1.1,0.5,1297.306,-6.61019,3094.012,0,0.9703964,0,0.2415178;
custom,cuboid,house9mat2,11.66381,1.5,1.5,1,1,0.875,0.875,1.1,0.15,396.0411,54.66614,2277.064,0,0.7519069,0,-0.6592693;
custom,cuboid,house9mat2,12,1.8,1.4,1,1,0.875,0.875,1.2,0.18,1657.846,66.13235,3148.754,0,0.9864471,0,0.1640798;
custom,cuboid,house9mat2,12,5,1.4,1,1,0.875,0.875,1.2,0.5,1657.846,11.43873,3148.754,0,0.9864471,0,0.1640798;
custom,cuboid,house9mat2,13.19458,1.5,1.5,1,1,0.875,0.875,1.3,0.15,32.50148,39.1711,2191.19,0,0.796812,0,-0.6042273;
custom,cuboid,house9mat2,14.84666,1.5,1.5,1,1,0.875,0.875,1.4,0.15,257.925,24.76319,2258.011,0,0.7724207,0,-0.6351112;
custom,cuboid,house9mat2,3.2,8,1.4,1,1,0.875,0.875,0.32,0.8,-320.9624,33.96775,1323.261,0,0.9892865,0,0.1459871;
custom,cuboid,house9mat2,3.5,8,1.4,1,1,0.875,0.875,0.35,0.8,-395.6377,33.96775,1300.731,0,0.9892865,0,0.1459871;
custom,cuboid,house9mat2,4,10,1.5,1,1,0.875,0.875,0.4,1,1263.339,24.52,3075.988,0,0.9703964,0,0.2415178;
custom,cuboid,house9mat2,4,10,1.5,1,1,0.875,0.875,0.4,1,1329.246,24.52,3110.961,0,0.9703964,0,0.2415178;
custom,cuboid,house9mat2,4.2704,10,1.5,1,1,0.875,0.875,0.42,1,1694.413,24.52,3161.265,0,0.9864471,0,0.1640798;
custom,cuboid,house9mat2,4.3073,10,1.5,1,1,0.875,0.875,0.43,1,1621.454,24.52,3136.303,0,0.9864471,0,0.1640798;
custom,cuboid,house9mat2,49.18535,10,1.5,1,1,0.875,0.875,4.9,1,259.4553,24.52,2240.938,0,0.09695191,0,-0.9952891;
base,levelBottom,default,0.0015,1.666667,0.005,0,1,1,1,1,1,800.1561,24.52,3655,0,1,0,0;
base,levelBottom,default,0.002,1.666667,0.0065,0,1,1,1,1,1,-113.75,24.6,1900.2,0,1,0,0;
racing,killCuboid,1.5,0.5,5,800.1561,72.5,3655,0,1,0,0;
racing,killCuboid,2,0.5,6.5,-113.75,72.5,1900.2,0,1,0,0;
racing,killCuboid,1.5,0.5,5,800.1561,7.5,3655,0,1,0,0;
racing,killCuboid,2,0.5,6.5,-113.75,7.5,1900.2,0,1,0,0;
custom,cuboid,metal1,1.75,0.5,5.25,1,1,0.75,0.75,0.01,0.01,800.1561,75,3655,0,1,0,0;
custom,cuboid,metal1,2.25,0.5,6.75,1,1,0.75,0.75,0.01,0.01,-113.75,75,1900.2,0,1,0,0;
custom,cuboid,metal1,1.75,0.5,5.25,1,1,0.75,0.75,0.01,0.01,800.1561,5,3655,0,1,0,0;
custom,cuboid,metal1,2.25,0.5,6.75,1,1,0.75,0.75,0.01,0.01,-113.75,5,1900.2,0,1,0,0;
base,levelBottom,default,0.002,0.25,0.006,0,1,1,1,1,1,560.9069,67.41451,2378.969,0,1,0,0;
base,levelBottom,default,0.002,0.3333333,0.006,0,1,1,1,1,1,560.9069,8.42314,2378.969,0,1,0,0;
racing,killCuboid,2,1.5,0.5,560.9069,67.41451,2406.469,0,1,0,0;
racing,killCuboid,2,2,0.5,560.9069,8.42314,2406.469,0,1,0,0;
racing,killCuboid,2,1.5,0.5,560.9069,67.41451,2351.469,0,1,0,0;
racing,killCuboid,2,2,0.5,560.9069,8.42314,2351.469,0,1,0,0;
custom,cuboid,metal1,2.25,1.75,0.5,1,1,0.75,0.75,0.01,0.01,560.9069,67.41451,2408.969,0,1,0,0;
custom,cuboid,metal1,2.25,2.25,0.5,1,1,0.75,0.75,0.01,0.01,560.9069,8.42314,2408.969,0,1,0,0;
custom,cuboid,metal1,2.25,1.75,0.5,1,1,0.75,0.75,0.01,0.01,560.9069,67.41451,2348.969,0,1,0,0;
custom,cuboid,metal1,2.25,2.25,0.5,1,1,0.75,0.75,0.01,0.01,560.9069,8.42314,2348.969,0,1,0,0;
custom,cylinder,castle1tex,1.5,5,1.5,1,0.5235294,0.6039215,0.6313725,0.01,0.5,-275,-74.52,1109,0,1,0,0;
custom,cylinder,castle1tex,1.5,5,1.5,1,0.5235294,0.6039215,0.6313725,0.01,0.5,-131.9,-74.52,1014.8,0,1,0,0;
custom,cylinder,castle1tex,1.5,5,1.5,1,0.5235294,0.6039215,0.6313725,0.01,0.5,-144.77,-74.52,866.85,0,1,0,0;
custom,cylinder,castle1tex,1.5,5,1.5,1,0.5235294,0.6039215,0.6313725,0.01,0.5,9.38,-74.52,812.77,0,1,0,0;
custom,cylinder,castle1tex,1.5,5,1.5,1,0.5235294,0.6039215,0.6313725,0.01,0.5,-18.48636,24.52,39.77456,0,1,0,0;
custom,cylinder,castle1tex,1.5,5,1.5,1,0.5235294,0.6039215,0.6313725,0.01,0.5,16.23054,24.52,39.77456,0,1,0,0;
custom,cylinder,castle1tex,1.5,5,1.5,1,0.5235294,0.6039215,0.6313725,0.01,0.5,180.7963,24.52,2387.269,0,1,0,0;
custom,cylinder,castle1tex,1.5,5,1.5,1,0.5235294,0.6039215,0.6313725,0.01,0.5,77.53107,24.52,2930.803,0,0.7496583,0,-0.6618251;
custom,cylinder,castle1tex,1.5,5,1.5,1,0.5235294,0.6039215,0.6313725,0.01,0.5,800.4083,24.52,3654.555,0,1,0,0;
custom,cylinder,castle1tex,1.5,5,1.5,1,0.5235294,0.6039215,0.6313725,0.01,0.5,1175.822,24.52,3045.292,0,1,0,0;
custom,cylinder,castle1tex,1.5,5,1.5,1,0.5235294,0.6039215,0.6313725,0.01,0.5,1788.497,24.52,3176.915,0,0.617402,0,0.7866478;
custom,cylinder,castle1tex,1.5,5,1.5,1,0.5235294,0.6039215,0.6313725,0.01,0.5,2095.975,24.52,3097.909,0,0.617402,0,0.7866478;
custom,cylinder,castle1tex,1.5,5,1.5,1,0.5235294,0.6039215,0.6313725,0.01,0.5,2095.975,24.52,2994.709,0,0.617402,0,0.7866478;

racing,checkpointCuboid,4,4,1,185.2053,37.5,600.3502,0,0,0.414,1;
racing,checkpointCuboid,1,4,4,220.961,37.5,1949.539,0.414,0,0,1;
racing,checkpointCuboid,1,4,4,726.5995,37.5,2385.041,0.414,0,0,1;
racing,checkpointCuboid,1,4,4,-212.2757,37.5,3669.012,0.414,0,0,1;
custom,checkpointCuboid,default,2,2,0.5,0,1,1,1,1,1,185.2053,37.5,600.3502,0,0,0.414,1;
custom,checkpointCuboid,default,0.5,2,2,0,1,1,1,1,1,220.961,37.5,1949.539,0.414,0,0,1;
custom,checkpointCuboid,default,0.5,2,2,0,1,1,1,1,1,726.5995,37.5,2385.041,0.414,0,0,1;
custom,checkpointCuboid,default,0.5,2,2,0,1,1,1,1,1,-212.2757,37.5,3669.012,0.414,0,0,1;
custom,cuboid,metal1,4,1,4,1,1,0.875,0.875,0.01,0.01,185.2053,5,600.3502,0,0.414,0,1;
custom,cuboid,metal1,4,1,4,1,1,0.875,0.875,0.01,0.01,220.961,5,1949.539,0,0.414,0,1;
custom,cuboid,metal1,4,1,4,1,1,0.875,0.875,0.01,0.01,726.5995,5,2385.041,0,0.414,0,1;
custom,cuboid,metal1,4,1,4,1,1,0.875,0.875,0.01,0.01,-212.2757,5,3669.012,0,0.414,0,1;
custom,cuboid,cannonballtex,3.75,1.1,3.75,1,0.875,0.875,1,4,4,185.2053,5,600.3502,0,0.414,0,1;
custom,cuboid,cannonballtex,3.75,1.1,3.75,1,0.875,0.875,1,4,4,220.961,5,1949.539,0,0.414,0,1;
custom,cuboid,cannonballtex,3.75,1.1,3.75,1,0.875,0.875,1,4,4,726.5995,5,2385.041,0,0.414,0,1;
custom,cuboid,cannonballtex,3.75,1.1,3.75,1,0.875,0.875,1,4,4,-212.2757,5,3669.012,0,0.414,0,1;
