base,aot_supply,default,0.5,0.5,0.5,0,1,1,1,1,1,-172.3453,-4793.845,3055.074,3.878955E-07,0.5365685,4.218023E-07,-0.8438568;
base,aot_supply,default,0.5,0.5,0.5,0,1,1,1,1,1,-186.3403,-4793.846,819.8209,-7.953572E-10,0.05691659,-6.720194E-10,0.998379;
base,aot_supply,default,0.5,0.5,0.5,0,1,1,1,1,1,-194.0703,-4793.845,3059.98,-4.278789E-10,0.6782016,1.837387E-10,0.734876;
base,aot_supply,default,0.5,0.5,0.5,0,1,1,1,1,1,-862.302,-4808.466,-684.706,0,-0.3231617,0,0.9463438;
base,aot_supply,default,0.5,0.5,0.5,0,1,1,1,1,1,1199.405,-4808.466,-779.6171,0,-0.9259483,0,0.3776503;
base,aot_supply,default,0.5,0.5,0.5,0,1,1,1,1,1,310.9562,-4808.466,-610.0807,0,0.008237858,0,0.9999661;
base,aot_supply,default,0.5,0.5,0.5,0,1,1,1,1,1,318.6763,-4808.449,-1763.37,0,0.008237858,0,0.9999661;
base,aot_supply,default,0.5,0.5,0.5,0,1,1,1,1,1,462.4946,-4793.846,1856.645,1.535379E-10,0.1714982,9.476275E-10,0.9851845;
base,aot_supply,default,0.5142567,0.5142567,0.5142567,0,1,1,1,1,1,1757.64,-4804.037,1777.428,-0.01030043,-0.934256,-0.02707536,0.3554245;
base,aot_supply,default,0.5142567,0.5142567,0.5142567,0,1,1,1,1,1,1824.829,-4804.037,1849.397,-0.01030043,-0.934256,-0.02707536,0.3554245;





custom,boulder1,earth2,24,1.371458,24,0,1,1,1,5,5,-335.1577,-4809.6,753.1156,0,0.05061323,0,0.9987183;
custom,boulder1,earth2,24,23.7547,24,0,1,1,1,5,5,-145.554,-4726.109,4309.129,1.987126E-09,0.9995812,-9.313706E-11,-0.02893935;
custom,boulder1,earth2,24,23.7547,24,0,1,1,1,5,5,-556.91,-4726.108,4281.477,1.834854E-09,0.597448,7.324222E-10,-0.8019077;
custom,boulder1,earth2,24,38.21347,24,0,1,1,1,5,5,-376.4105,-5036.976,3615.208,0,0.285525,0,-0.9583713;
custom,boulder1,earth2,24,40,24,0,1,1,1,5,5,-1032.209,-4533.602,1220.87,-1.590715E-09,-0.06616707,-1.344039E-09,0.9978086;
custom,boulder1,earth2,24,40,24,0,1,1,1,5,5,-187.4163,-4533.602,327.8381,0,0.05061323,0,0.9987183;
custom,boulder1,earth2,24,40,24,0,1,1,1,5,5,-192.408,-4533.601,2786.215,-2.690616E-09,-0.5961643,-3.649432E-10,0.8028625;
custom,boulder1,earth2,24,40,24,0,1,1,1,5,5,-444.6212,-4533.602,1577.771,0,0.05061323,0,0.9987183;
custom,boulder1,earth2,24,40,24,0,1,1,1,5,5,109.2089,-4533.602,839.3346,0,0.05061323,0,0.9987183;
custom,boulder1,earth2,24,40,24,0,1,1,1,5,5,136.3791,-4533.601,3339.015,1.406975E-09,0.5282457,9.1616E-10,-0.8490916;
custom,boulder1,earth2,24,40,24,0,1,1,1,5,5,156.8737,-4533.602,1763.309,0,0.05061323,0,0.9987183;
custom,boulder1,earth2,24,40,24,0,1,1,1,5,5,207.4614,-4533.601,3349.41,-2.197264E-09,0.9559052,5.504561E-09,0.2936754;
custom,boulder1,earth2,24,40,24,0,1,1,1,5,5,297.9538,-4726.109,4021.892,1.406975E-09,0.5282457,9.1616E-10,-0.8490916;
custom,boulder1,earth2,24,40,24,0,1,1,1,5,5,308.1983,-4533.602,2437.808,-7.117231E-08,0.8809377,-2.176238E-08,-0.4732323;
custom,boulder1,earth2,24,40,24,0,1,1,1,5,5,527.5562,-4533.602,2296.406,6.116181E-10,0.9164978,2.441402E-10,0.4000399;
custom,boulder1,earth2,24,40,24,0,1,1,1,5,5,661.4062,-4533.601,3063.379,-7.242128E-08,0.9950467,6.013336E-09,-0.09940851;
custom,boulder1,earth2,24,40,24,0,1,1,1,5,5,664.7897,-4533.602,1649.263,3.055555E-09,0.9975181,-2.32567E-09,-0.07041135;
custom,boulder1,earth2,32.75264,1.162811,24,0,1,1,1,5,5,-642.8856,-4804.714,3672.678,-0.007297058,0.5695751,0.0105289,-0.8218395;
custom,boulder1,earth2,32.75264,1.162811,24,0,1,1,1,5,5,-96.70204,-4804.714,3685.877,-0.01263436,-0.5009297,-0.002116985,-0.8653932;
custom,boulder1,earth2,7.246642,23.19234,10.7335,0,1,1,1,5,5,-223.8484,-4976.013,3852.069,5.814176E-10,-0.2687966,7.638888E-10,-0.963197;
custom,boulder1,earth2,7.246642,23.19234,10.7335,0,1,1,1,5,5,-55.46959,-4976.013,3932.873,0,0.285525,0,-0.9583713;
custom,boulder1,earth2,7.246642,23.19234,10.7335,0,1,1,1,5,5,-586.9603,-4976.012,3578.938,5.814176E-10,-0.2687966,7.638888E-10,-0.963197;
custom,boulder1,earth2,7.246642,23.19234,10.7335,0,1,1,1,5,5,-656.9576,-4976.012,3767.507,0,0.285525,0,-0.9583713;
custom,boulder1,earth2,7.246642,23.19234,10.7335,0,1,1,1,5,5,20.72151,-5013.62,3733.624,-9.765606E-10,-0.8045722,2.446474E-09,-0.5938549;
custom,boulder1,earth2,9.293211,23.19234,6.200482,0,1,1,1,5,5,-761.9296,-4976.012,3526.568,0,0.285525,0,-0.9583713;




custom,boulder1,grass4,15.38306,2.34783,15.38306,0,1,1,1,1,1,-1591.293,-4808.584,-912.1945,0,0.9942469,0,-0.1071129;
custom,boulder1,grass4,15.38306,2.34783,15.38306,0,1,1,1,1,1,2167.943,-4821.702,-288.1258,0,0.1285813,0,0.991699;
custom,boulder1,grass4,15.38306,2.34783,15.38306,0,1,1,1,1,1,551.9786,-4823.872,-2438.33,0,0.7887543,0,0.6147086;
custom,boulder1,grass4,15.75592,1.586817,15.75592,0,1,1,1,1,1,-1012.349,-4811.056,-841.2777,0,0.6851661,0,0.7283869;
custom,boulder1,grass4,15.75592,1.586817,15.75592,0,1,1,1,1,1,1586.48,-4824.174,-333.9514,0,-0.7134057,0,0.7007513;
custom,boulder1,grass4,15.75592,1.586817,15.75592,0,1,1,1,1,1,499.695,-4826.344,-1857.408,0,-0.0145047,0,0.9998948;
custom,boulder1,grass4,20.26534,3.073814,30.5207,0,1,1,1,1,1,-1437.556,-4811.056,-152.5286,0,0.6851661,0,0.7283869;
custom,boulder1,grass4,20.26534,3.073814,30.5207,0,1,1,1,1,1,-202.3571,-4826.344,-2260.271,0,-0.0145047,0,0.9998948;
custom,boulder1,grass4,20.26534,3.073814,30.5207,0,1,1,1,1,1,1981.515,-4824.174,-1040.436,0,-0.7134057,0,0.7007513;
custom,boulder1,grass4,32.45927,59.05142,59.46772,0,1,1,1,1,1,872.1879,-4801.074,1803.793,0,-0.9946239,0,0.103554;
custom,boulder1,grass4,38.42329,3.073814,21.92692,0,1,1,1,1,1,-1389.958,-4811.056,-1085.867,0,0.998813,0,0.04871067;
custom,boulder1,grass4,38.42329,3.073814,21.92692,0,1,1,1,1,1,1974.307,-4824.174,-105.9137,0,-0.02710712,0,0.9996325;
custom,boulder1,grass4,38.42329,3.073814,21.92692,0,1,1,1,1,1,732.0254,-4826.344,-2242.677,0,0.6836352,0,0.7298239;
custom,boulder1,grass4,40,40,54.41938,0,1,1,1,1,1,305.6461,-4898.767,338.5705,0,0.784725,0,-0.619844;
custom,boulder1,grass4,69.06189,69.06189,66.78127,0,1,1,1,1,1,-1239.146,-4897.166,-2165.215,0,0.9601917,0,0.2793421;


custom,boulder2,earth2,24,24,24,0,1,1,1,5,5,-383.506,-4551.333,1384.485,2.001745E-07,0.7429256,-5.960597E-08,0.669374;
custom,boulder2,earth2,24,24,24,0,1,1,1,5,5,-405.0778,-4550.601,3246.079,-7.578906E-08,-0.03994296,2.129589E-07,-0.999202;
custom,boulder2,earth2,24,24,24,0,1,1,1,5,5,-435.9833,-4551.333,870.4982,0,0.05061323,0,0.9987183;
custom,boulder2,earth2,24,24,24,0,1,1,1,5,5,-528.2683,-4551.333,1029.389,1.756931E-07,0.5346678,-1.13961E-07,0.8450623;
custom,boulder2,earth2,24,24,24,0,1,1,1,5,5,-591.4974,-4550.601,3177.177,-1.99619E-07,-0.9906586,-6.124635E-08,-0.1363652;
custom,boulder2,earth2,24,24,24,0,1,1,1,5,5,-841.9373,-4641.458,4069.196,-0.1983297,-0.1523897,0.6879156,0.6813332;
custom,boulder2,earth2,24,24,24,0,1,1,1,5,5,-843.0851,-4550.6,3301.229,-1.497532E-07,-0.4259365,1.616083E-07,-0.9047531;
custom,boulder2,earth2,24,24,24,0,1,1,1,5,5,-882.3448,-4551.333,1607.234,-1.651114E-09,-0.6021258,-3.045419E-10,0.7984013;
custom,boulder2,earth2,24,24,24,0,1,1,1,5,5,-994.6304,-4641.458,3685.369,-0.456419,-0.4874093,-0.5088052,-0.5433518;
custom,boulder2,earth2,24,24,24,0,1,1,1,5,5,140.1535,-4551.333,1461.726,9.476282E-10,0.8707672,-1.535381E-10,-0.4916955;
custom,boulder2,earth2,24,24,24,0,1,1,1,5,5,174.8702,-4550.601,2821.728,-1.99619E-07,-0.9906586,-6.124635E-08,-0.1363652;
custom,boulder2,earth2,24,24,24,0,1,1,1,5,5,407.1152,-4569.702,1150.357,1.837387E-10,0.6373448,4.278791E-10,-0.7705787;
custom,boulder2,earth2,24,24,24,0,1,1,1,5,5,797.7874,-4550.601,2679.048,-4.869367E-08,-0.6226979,-2.030866E-07,0.7824624;
custom,boulder2,earth2,5.649598,5.649598,15.68537,0,1,1,1,5,5,-103.5435,-4783.885,1407.605,0.3322295,0.6419239,0.5883619,-0.3624742;





custom,boulder2,grass4,15.47992,3.020363,23.21988,0,1,1,1,1,1,-1322.973,-4819.205,-260.1142,0,0.990528,0,0.1373112;
custom,boulder2,grass4,15.47992,3.020363,23.21988,0,1,1,1,1,1,-91.14778,-4834.492,-2149.204,0,0.6160473,0,0.7877092;
custom,boulder2,grass4,15.47992,3.020363,23.21988,0,1,1,1,1,1,1871.692,-4832.323,-928.0009,0,-0.1158663,0,0.9932649;
custom,boulder2,grass4,15.74761,2.691298,23.6214,0,1,1,1,1,1,-1661.631,-4819.205,-301.4563,0,0.3431246,0,-0.9392899;
custom,boulder2,grass4,15.74761,2.691298,23.6214,0,1,1,1,1,1,-60.70131,-4856.985,-2489.016,0,0.8999158,0,-0.4360637;
custom,boulder2,grass4,15.74761,2.691298,23.6214,0,1,1,1,1,1,2211.817,-4832.323,-901.3323,0,0.9464881,0,0.3227389;
custom,boulder2,grass4,17.11338,1.985143,25.67007,0,1,1,1,1,1,-1442.379,-4819.205,-481.1156,0,0.6851661,0,0.7283869;
custom,boulder2,grass4,17.11338,1.985143,25.67007,0,1,1,1,1,1,125.9085,-4834.493,-2275.645,0,-0.0145047,0,0.9998948;
custom,boulder2,grass4,17.11338,1.985143,25.67007,0,1,1,1,1,1,2000.539,-4832.323,-712.3638,0,-0.7134057,0,0.7007513;
custom,boulder2,grass4,42.71435,42.71435,42.71435,0,1,1,1,1,1,2644.366,-4802.673,259.5221,0,-0.9474994,0,0.3197578;
custom,boulder2,grass4,57.90306,57.90306,57.90306,0,1,1,1,1,1,1595.259,-4746.874,-1934.404,-0.275281,0.6501379,0.6521454,0.2761296;


custom,boulder3,earth2,17.73797,29.56328,29.56328,0,1,1,1,5,5,-444.6006,-4697.792,1771.331,-3.674773E-10,-0.3099805,-8.557579E-10,0.9507429;
custom,boulder3,earth2,17.73797,29.56328,29.56328,0,1,1,1,5,5,-584.609,-4666.981,2107.785,2.567278E-09,0.9838586,-1.102434E-09,0.1789478;
custom,boulder3,earth2,17.73797,29.56328,29.56328,0,1,1,1,5,5,-925.3593,-4666.981,2179.368,1.771918E-09,0.8040095,-1.774452E-09,0.5946166;
custom,boulder3,earth2,23.8265,3.244812,39.71083,0,1,1,1,5,5,-579.4602,-4819.043,376.2128,5.791854E-11,-0.7499239,5.794254E-12,-0.6615242;
custom,boulder3,earth2,24,40,40,0,1,1,1,5,5,-1000.475,-4697.792,1040.281,5.814174E-10,-0.1547301,7.638885E-10,-0.9879568;
custom,boulder3,earth2,24,40,40,0,1,1,1,5,5,-130.6676,-4697.792,1127.174,5.814174E-10,-0.1547301,7.638885E-10,-0.9879568;
custom,boulder3,earth2,24,40,40,0,1,1,1,5,5,-680.7247,-4697.791,2485.483,2.202333E-09,0.2939055,1.588181E-09,-0.9558345;
custom,boulder3,earth2,24,40,40,0,1,1,1,5,5,-819.8303,-4697.792,663.7469,5.348488E-11,-0.3359669,-2.296734E-11,-0.9418738;
custom,boulder3,earth2,24,40,40,0,1,1,1,5,5,-822.9133,-4697.791,1921.781,-1.160301E-09,-0.9882625,2.018593E-09,-0.1527658;
custom,boulder3,earth2,30.45115,50.75191,50.75191,0,1,1,1,5,5,-251.4553,-4666.98,2168.826,2.411052E-08,0.9099742,-9.941719E-09,-0.4146649;
custom,boulder3,earth2,32.95858,24.52923,29.56328,0,1,1,1,5,5,-866.6229,-4666.98,2891.673,1.987126E-09,-0.6889645,-9.313728E-11,0.7247951;
custom,boulder3,earth2,6.862859,22.16145,18.31859,0,1,1,1,5,5,-593.4722,-4706.423,2950.225,-1.535378E-10,0.05343394,-9.476279E-10,0.9985714;
custom,boulder3,earth2,8.093678,16.81253,40,0,1,1,1,5,5,-663.0504,-4780.239,14.3985,5.097005E-11,-0.9496873,2.811023E-11,-0.3131998;
custom,boulder3,earth2,8.093678,29.49897,40,0,1,1,1,5,5,-769.4022,-4780.239,343.6331,3.826732E-11,-0.9995246,4.386049E-11,0.03083356;
custom,boulder3,earth2,8.690444,14.48408,14.48408,0,1,1,1,5,5,-666.9105,-4506.624,1298.63,-7.953569E-10,-0.4740024,-6.720192E-10,0.8805236;






custom,boulder3,grass4,16.24422,4.968403,27.0737,0,1,1,1,1,1,-1277.468,-4813.685,-820.5066,0,-0.806431,0,-0.5913283;
custom,boulder3,grass4,16.24422,4.968403,27.0737,0,1,1,1,1,1,1850.452,-4826.803,-366.1625,0,0.573757,0,-0.8190256;
custom,boulder3,grass4,16.24422,4.968403,27.0737,0,1,1,1,1,1,470.42,-4828.973,-2121.719,0,-0.1679549,0,-0.9857947;
custom,boulder3,grass4,19.50797,3.300667,32.51328,0,1,1,1,1,1,-1010.997,-4816.877,-265.8894,0,-0.8181747,0,0.5749698;
custom,boulder3,grass4,19.50797,3.300667,32.51328,0,1,1,1,1,1,-75.35359,-4832.165,-1837.573,0,-0.9877368,0,-0.1561284;
custom,boulder3,grass4,19.50797,3.300667,32.51328,0,1,1,1,1,1,1560.258,-4829.995,-908.745,0,-0.5925221,0,-0.8055542;
custom,boulder3,grass4,35.86473,35.86473,35.86473,0,1,1,1,1,1,1911.984,-4800.509,1156.789,-0.06023907,-0.8090194,-0.5785879,0.08423155;
custom,boulder3,grass4,40,40,40,0,1,1,1,1,1,-419.424,-4790.539,-537.1117,-0.4454949,0.5551245,0.5478075,0.4396341;
custom,boulder4,grass4,40,40,40,0,1,1,1,1,1,1391.167,-4889.655,129.6287,0,0.9999999,0,0.000442355;
custom,boulder4,grass4,55.55394,29.11293,29.11293,0,1,1,1,1,1,1977.725,-4810.314,573.1135,0,-0.9989951,0,0.04482043;
custom,boulder4,grass4,55.55394,29.11293,29.11293,0,1,1,1,1,1,2486.617,-4810.314,1818.672,0,-0.7675132,0,-0.6410332;
custom,boulder5,grass4,40,13.72414,62.80053,0,1,1,1,1,1,1028.187,-4814.952,-402.8281,0,0.9999999,0,0.000442355;
custom,boulder5,grass4,73.29204,21.36064,73.29204,0,1,1,1,1,1,2420.922,-4809.609,707.8303,0,-0.9989951,0,0.04482043;
custom,boulder5,grass4,73.29204,21.36064,73.29204,0,1,1,1,1,1,935.1913,-4809.609,1125.992,0,-0.9989951,0,0.04482043;
custom,cuboid,bark,0.1,0.075,0.01,0,1,1,1,0.005,0.0005,-175.977,-4793.582,3054.949,-3.121027E-09,-0.2063666,-3.727576E-09,-0.9784747;
custom,cuboid,bark,0.1,0.075,0.01,0,1,1,1,0.005,0.0005,-178.1456,-4793.582,3055.905,-3.121027E-09,-0.2063666,-3.727576E-09,-0.9784747;
custom,cuboid,bark,0.1,0.075,0.01,0,1,1,1,0.005,0.0005,-180.2585,-4793.582,3056.837,-3.121027E-09,-0.2063666,-3.727576E-09,-0.9784747;
custom,cuboid,bark,0.1,0.075,0.01,0,1,1,1,0.005,0.0005,-183.9757,-4793.583,827.3163,1.406975E-09,0.658175,9.161591E-10,-0.752865;
custom,cuboid,bark,0.1,0.075,0.01,0,1,1,1,0.005,0.0005,-184.2927,-4793.583,824.9684,1.406975E-09,0.658175,9.161591E-10,-0.752865;
custom,cuboid,bark,0.1,0.075,0.01,0,1,1,1,0.005,0.0005,-184.5991,-4793.583,822.6814,1.406975E-09,0.658175,9.161591E-10,-0.752865;
custom,cuboid,bark,0.1,0.075,0.01,0,1,1,1,0.005,0.0005,-186.2592,-4793.582,3059.106,0,0.03002211,0,-0.9995493;
custom,cuboid,bark,0.1,0.075,0.01,0,1,1,1,0.005,0.0005,-188.6258,-4793.582,3058.964,0,0.03002211,0,-0.9995493;
custom,cuboid,bark,0.1,0.075,0.01,0,1,1,1,0.005,0.0005,-190.9304,-4793.582,3058.823,0,0.03002211,0,-0.9995493;
custom,cuboid,bark,0.1,0.075,0.01,0,1,1,1,0.005,0.0005,-862.9492,-4808.165,-681.4667,0,-0.8990785,0,0.4377876;
custom,cuboid,bark,0.1,0.075,0.01,0,1,1,1,0.005,0.0005,-865.8347,-4808.165,-677.7838,0,-0.8990785,0,0.4377876;
custom,cuboid,bark,0.1,0.075,0.01,0,1,1,1,0.005,0.0005,1193.034,-4808.165,-784.0696,0,-0.9205404,0,-0.3906475;
custom,cuboid,bark,0.1,0.075,0.01,0,1,1,1,0.005,0.0005,1196.285,-4808.165,-780.704,0,-0.9205404,0,-0.3906475;
custom,cuboid,bark,0.1,0.075,0.01,0,1,1,1,0.005,0.0005,312.4741,-4808.165,-607.1462,0,-0.7035308,0,0.7106648;
custom,cuboid,bark,0.1,0.075,0.01,0,1,1,1,0.005,0.0005,312.5212,-4808.165,-602.4674,0,-0.7035308,0,0.7106648;
custom,cuboid,bark,0.1,0.075,0.01,0,1,1,1,0.005,0.0005,320.1948,-4808.147,-1760.435,0,-0.7035308,0,0.7106648;
custom,cuboid,bark,0.1,0.075,0.01,0,1,1,1,0.005,0.0005,320.2414,-4808.147,-1755.757,0,-0.7035308,0,0.7106648;
custom,cuboid,bark,0.1,0.075,0.01,0,1,1,1,0.005,0.0005,387.0993,-4808.368,156.8138,0,-0.5152676,0,0.8570293;
custom,cuboid,bark,0.1,0.075,0.01,0,1,1,1,0.005,0.0005,389.2931,-4808.368,160.946,0,-0.5152676,0,0.8570293;
custom,cuboid,bark,0.1,0.075,0.01,0,1,1,1,0.005,0.0005,464.8436,-4793.583,1859.03,7.953563E-10,0.5671074,6.720191E-10,-0.8236439;
custom,cuboid,bark,0.1,0.075,0.01,0,1,1,1,0.005,0.0005,465.6662,-4793.583,1861.187,7.953563E-10,0.5671074,6.720191E-10,-0.8236439;
custom,cuboid,bark,0.1,0.075,0.01,0,1,1,1,0.005,0.0005,466.5128,-4793.583,1863.401,7.953563E-10,0.5671074,6.720191E-10,-0.8236439;




custom,cuboid,cannonregionmat,0.5,0.1,15.81783,1,0,1,0,1,1,-447.4741,-4793.931,1126.35,0,0.9750738,0,0.2218807;
custom,cuboid,cannonregionmat,0.5,0.1,23.68743,1,0,1,0,1,1,-663.8575,-4793.931,1316.473,0,0.8303092,0,0.5573031;
custom,cuboid,cannonregionmat,0.5,0.1,23.68743,1,0,1,0,1,1,-769.1459,-4793.931,1479.941,0,0.01860563,0,0.9998269;
custom,cuboid,cannonregionmat,0.5,0.1,35.02905,1,0,1,0,1,1,16.45804,-4793.931,2280.388,0.000005516747,0.3707927,-0.000005712902,-0.9287156;
custom,cuboid,cannonregionmat,0.5,0.1,5.350293,1,0,1,0,1,1,-495.4264,-4793.931,1220.712,0,0.9634812,0,0.2677762;
custom,cuboid,cannonregionmat,0.5,0.1,5.350293,1,0,1,0,1,1,-531.6768,-4793.931,1257.573,0,0.8752378,0,0.4836929;
custom,cuboid,cannonregionmat,0.5,0.1,6.824648,1,0,1,0,1,1,-194.2522,-4793.931,879.058,0,0.9999389,0,-0.01105433;
custom,cuboid,cannonregionmat,0.5,0.1,6.824648,1,0,1,0,1,1,-224.876,-4793.931,926.5174,0,0.8344749,0,0.5510461;
custom,cuboid,cannonregionmat,0.5,0.1,6.824648,1,0,1,0,1,1,-288.2225,-4793.931,951.5244,0,0.8186806,0,0.5742491;
custom,cuboid,cannonregionmat,0.5,0.1,6.824648,1,0,1,0,1,1,-350.2352,-4793.931,979.2589,0,0.8586007,0,0.5126451;
custom,cuboid,cannonregionmat,0.5,0.1,6.824648,1,0,1,0,1,1,-396.8036,-4793.931,1025.275,0,0.968174,0,0.2502782;
custom,cuboid,cannonregionmat,0.5,0.1,7.468338,1,0,1,0,1,1,-130.4145,-4793.931,2433.573,0.000005436044,0.3837868,-0.000005789742,-0.9234217;
custom,cuboid,cannonregionmat,0.5,0.1,10.04007,1,0,1,0,1,1,368.1389,-4793.931,2069.171,0.000005563323,0.3631775,-0.000005667567,-0.93172;
custom,cuboid,cannonregionmat,0.5,0.1,11.09327,1,0,1,0,1,1,-439.657,-4793.931,1996.56,0,-0.6814748,0,0.7318416;
custom,cuboid,cannonregionmat,0.5,0.1,11.71471,1,0,1,0,1,1,-46.43039,-4793.931,1497.15,-0.000004125912,-0.5658823,0.000006785895,0.8244861;
custom,cuboid,cannonregionmat,0.5,0.1,13.39702,1,0,1,0,1,1,-518.9724,-4793.931,1938.176,0,0.1825556,0,0.9831956;
custom,cuboid,cannonregionmat,0.5,0.1,13.41084,1,0,1,0,1,1,429.051,-4793.931,1970.469,0.000006426342,0.2036008,-0.00000466626,-0.979054;
custom,cuboid,cannonregionmat,0.5,0.1,16.00481,1,0,1,0,1,1,139.403,-4793.931,1274.794,-0.000005938628,-0.2984734,0.00000527298,0.954418;
custom,cuboid,cannonregionmat,0.5,0.1,16.00481,1,0,1,0,1,1,254.5053,-4793.931,1248.875,-0.0000008052553,-0.8655378,0.000007900839,0.5008436;
custom,cuboid,cannonregionmat,0.5,0.1,16.00481,1,0,1,0,1,1,352.8312,-4793.931,1362.907,0.000001871381,-0.9829125,0.000007718132,0.1840734;
custom,cuboid,cannonregionmat,0.5,0.1,16.00481,1,0,1,0,1,1,384.1252,-4793.931,1517.771,0.000003154675,-0.9998947,0.000007288334,0.0145118;
custom,cuboid,cannonregionmat,0.5,0.1,16.00481,1,0,1,0,1,1,50.9358,-4793.931,1408.529,-0.000006052896,-0.277461,0.000005141409,0.9607369;
custom,cuboid,cannonregionmat,0.5,0.1,18.66032,1,0,1,0,1,1,-620.4021,-4793.931,1823.804,0,0.4707328,0,0.8822758;
custom,cuboid,cannonregionmat,0.5,0.1,18.66032,1,0,1,0,1,1,-731.2509,-4793.931,1685.361,0,0.1838309,0,0.9829579;
custom,cuboid,cannonregionmat,0.5,0.1,20.25855,1,0,1,0,1,1,235.5115,-4793.931,2129.698,0.000003663074,0.6197311,-0.000007046529,-0.7848143;
custom,cuboid,cannonregionmat,0.5,0.1,28.24067,1,0,1,0,1,1,-159.2035,-4793.931,1691.858,0,0.02769092,0,0.9996166;
custom,cuboid,cannonregionmat,0.5,0.1,28.24067,1,0,1,0,1,1,-268.1005,-4793.931,1912.778,0,-0.4662516,0,0.8846522;
custom,cuboid,cannonregionmat,0.5,0.1,31.91156,1,0,1,0,1,1,421.2032,-4793.931,1753.472,0.00000755373,-0.1088951,-0.000002452132,-0.9940532;
custom,cuboid,cannonregionmat,0.5,0.1,7.316974,1,0,1,0,1,1,-134.2656,-4793.931,1534.662,0,-0.526186,0,0.8503695;
custom,cuboid,cannonregionmat,0.5,0.1,13.59319,1,0,1,0,1,1,-221.7117,-4793.931,2478.844,0.000003850403,0.5984994,-0.000006945938,-0.8011233;
custom,cuboid,cannonregionmat,0.5,0.1,27.63401,1,0,1,0,1,1,-449.315,-4793.931,2601.684,0.000005851499,0.3140627,-0.000005369511,-0.9494023;
custom,cuboid,cannonregionmat,0.5,0.1,31.04184,1,0,1,0,1,1,-324.018,-4793.931,3108.782,0.00000215257,0.7664635,-0.000007644501,-0.6422879;
custom,cuboid,cannonregionmat,0.5,0.1,37.10693,1,0,1,0,1,1,-504.6978,-4793.931,2897.279,0.000007460907,-0.07316547,-0.000002721506,-0.9973198;
custom,cuboid,cannonregionmat,0.5,0.1,8.074384,1,0,1,0,1,1,-326.7509,-4793.931,2494.28,0.000002479549,0.7381134,-0.000007544764,-0.6746767;



custom,cuboid,earth2,150.2954,1.156119,291.5688,0,1,1,1,7.51477,14.57844,-95.39531,-4799.642,2104.479,0,0.05061323,0,0.9987183;
custom,cuboid,grass,4,1,30,0,1,1,1,0.2,1.5,-100.8168,-4813.564,-1386.925,0,0.9029174,0,0.429814;
custom,cuboid,grass,4,1,30,0,1,1,1,0.2,1.5,-139.671,-4813.564,-955.9517,0,0.8986022,0,-0.4387644;
custom,cuboid,grass,4,1,30,0,1,1,1,0.2,1.5,-248.044,-4813.564,-93.51233,0,0.8825095,0,0.4702946;
custom,cuboid,grass,4,1,30,0,1,1,1,0.2,1.5,-34.85127,-4813.564,-290.1393,0,0.9439622,0,0.3300537;
custom,cuboid,grass,4,1,30,0,1,1,1,0.2,1.5,-351.1732,-4813.564,-1240.519,0,0.8267154,0,0.5626203;
custom,cuboid,grass,4,1,30,0,1,1,1,0.2,1.5,-392.9414,-4813.564,-1097.253,0,0.821084,0,-0.5708075;
custom,cuboid,grass,4,1,30,0,1,1,1,0.2,1.5,-483.7804,-4813.564,86.80106,0,0.909808,0,0.4150295;
custom,cuboid,grass,4,1,30,0,1,1,1,0.2,1.5,-602.8893,-4813.564,-1038.133,0,0.3195556,0,-0.9475676;
custom,cuboid,grass,4,1,30,0,1,1,1,0.2,1.5,-787.7012,-4813.564,-803.5182,0,0.9424275,0,0.3344107;
custom,cuboid,grass,4,1,30,0,1,1,1,0.2,1.5,1010.712,-4813.564,-854.4362,0,0.6792523,0,0.7339048;
custom,cuboid,grass,4,1,30,0,1,1,1,0.2,1.5,1101.854,-4813.564,-892.7252,0,0.4019818,0,0.9156477;
custom,cuboid,grass,4,1,30,0,1,1,1,0.2,1.5,132.8002,-4813.564,-854.7864,0,0.7041037,0,0.7100972;
custom,cuboid,grass,4,1,30,0,1,1,1,0.2,1.5,147.3875,-4813.564,-1541.213,0,0.841728,0,0.5399019;
custom,cuboid,grass,4,1,30,0,1,1,1,0.2,1.5,174.5462,-4813.564,-494.0034,0,0.8949873,0,0.4460917;
custom,cuboid,grass,4,1,30,0,1,1,1,0.2,1.5,291.9182,-4813.564,-1617.263,0,0.999313,0,0.03706199;
custom,cuboid,grass,4,1,30,0,1,1,1,0.2,1.5,294.3505,-4813.574,-739.3544,0,0.9999965,0,0.002652084;
custom,cuboid,grass,4,1,30,0,1,1,1,0.2,1.5,307.0677,-4813.574,-1325.409,0,0.9960454,0,-0.08884682;
custom,cuboid,grass,4,1,30,0,1,1,1,0.2,1.5,314.2749,-4813.564,-1035.474,0,0.9979334,0,0.0642575;
custom,cuboid,grass,4,1,30,0,1,1,1,0.2,1.5,376.4043,-4813.564,-477.432,0,0.945155,0,-0.3266221;
custom,cuboid,grass,4,1,30,0,1,1,1,0.2,1.5,411.8364,-4813.574,-1435.503,0,0.4332522,0,0.9012728;
custom,cuboid,grass,4,1,30,0,1,1,1,0.2,1.5,428.8545,-4813.564,-833.923,0,0.6590177,0,0.7521275;
custom,cuboid,grass,4,1,30,0,1,1,1,0.2,1.5,584.3015,-4813.564,-272.0386,0,0.8966016,0,-0.4428381;
custom,cuboid,grass,4,1,30,0,1,1,1,0.2,1.5,631.7085,-4813.564,-1236.155,0,0.3769015,0,0.9262534;
custom,cuboid,grass,4,1,30,0,1,1,1,0.2,1.5,718.8088,-4813.564,-840.2103,0,0.7661167,0,0.6427015;
custom,cuboid,grass,4,1,30,0,1,1,1,0.2,1.5,863.5625,-4813.564,-1061.922,0,0.5138904,0,0.8578559;
custom,cuboid,grass,7.5,1.5,60,0,1,1,1,0.375,3,1517.338,-4816.097,1165.116,0,0.9998724,0,0.01597217;
custom,cuboid,grass,7.5,1.5,60,0,1,1,1,0.375,3,1593.557,-4815.986,2200.786,0,0.825901,0,0.5638152;
custom,cuboid,grass,7.5,1.5,60,0,1,1,1,0.375,3,1686.151,-4816.011,1675.513,0,0.9441517,0,-0.3295111;
custom,cuboid,grass,7.5,1.5,60,0,1,1,1,0.375,3,2024.192,-4816.097,1691.976,0,0.9657368,0,0.2595237;
custom,cuboid,grass,7.5,1.5,60,0,1,1,1,0.375,3,2160.071,-4816.097,2200.409,0,0.5618135,0,0.827264;
custom,cuboid,grass4,210,1.5,210,0,1,1,1,10.5,10.5,1743.639,-4816.164,1321.722,0,-0.9999836,0,0.005723821;
custom,cuboid,grass4,476.9999,1,317.9959,0,1,1,1,23.84999,15.89979,277.0742,-4813.664,-1295.907,0,-0.9999956,0,0.002953333;
custom,cuboid,wood2,3,0.1,5,0,1,1,1,0.15,0.25,1822.422,-4809.068,1995.977,0,0.005723821,0,0.9999836;
custom,cuboid,wood3,0.1,1.5,4.5,0,1,1,1,0.005,0.225,1837.015,-4801.956,1998.323,0,0.005723821,0,0.9999836;
custom,cuboid,wood3,0.1,1.5,5,0,1,1,1,0.005,0.25,1808.011,-4801.962,1996.136,0,0.005723821,0,0.9999836;
custom,cuboid,wood3,2.128495,0.1,5.206524,0,1,1,1,0.1064247,0.2603262,1813.9,-4790.894,1996.087,0.001655615,0.005478095,0.2891734,0.9572597;
custom,cuboid,wood3,2.128495,0.1,5.206524,0,1,1,1,0.1064247,0.2603262,1831.108,-4790.876,1995.888,-0.001652784,0.0054797,-0.2886423,0.9574199;
custom,cuboid,wood3,3,0.1,5,0,1,1,1,0.15,0.25,1822.531,-4794.938,1995.994,0,0.005723821,0,0.9999836;
custom,cuboid,wood3,3,1.5,0.1,0,1,1,1,0.15,0.005,1822.273,-4801.958,1971.479,0,0.005723821,0,0.9999836;
custom,cuboid,wood3,3,1.5,0.1,0,1,1,1,0.15,0.005,1822.731,-4801.925,2020.472,0,0.005723821,0,0.9999836;
custom,cuboid,wood4,1.75,0.1,1,0,1,1,1,0.0875,0.05,1822.006,-4807.963,1975.99,0,0.005723821,0,0.9999836;
custom,house2,default,0.2,0.2,0.2,0,1,1,1,1,1,-177.5303,-4794.182,3057.301,-3.121027E-09,-0.2063666,-3.727576E-09,-0.9784747;
custom,house2,default,0.2,0.2,0.2,0,1,1,1,1,1,-185.804,-4794.183,825.1714,1.406975E-09,0.658175,9.161591E-10,-0.752865;
custom,house2,default,0.2,0.2,0.2,0,1,1,1,1,1,-188.7165,-4794.182,3060.486,0,0.03002211,0,-0.9995493;
custom,house2,default,0.2,0.2,0.2,0,1,1,1,1,1,-865.5745,-4808.765,-680.5892,0,-0.8990785,0,0.4377876;
custom,house2,default,0.2,0.2,0.2,0,1,1,1,1,1,1195.777,-4808.765,-783.4246,0,-0.9205404,0,-0.3906475;
custom,house2,default,0.2,0.2,0.2,0,1,1,1,1,1,310.9727,-4808.765,-604.8217,0,-0.7035308,0,0.7106648;
custom,house2,default,0.2,0.2,0.2,0,1,1,1,1,1,318.6933,-4808.748,-1758.11,0,-0.7035308,0,0.7106648;
custom,house2,default,0.2,0.2,0.2,0,1,1,1,1,1,464.2418,-4794.183,1861.733,7.953563E-10,0.5671074,6.720191E-10,-0.8236439;
custom,house5,default,1,1,1,0,1,1,1,1,1,-714.7391,-4792.675,-965.7063,0,-0.29848,0,0.9544159;
custom,house5,default,1,1,1,0,1,1,1,1,1,1269.884,-4792.675,-798.1799,0,-0.9606831,0,0.2776473;
custom,house5,default,1,1,1,0,1,1,1,1,1,237.7419,-4792.675,-614.2482,0,-0.1999795,0,0.9798001;
custom,house5,default,1,1,1,0,1,1,1,1,1,239.1247,-4792.675,-807.2721,0,-0.7049767,0,0.7092305;
custom,house5,default,1,1,1,0,1,1,1,1,1,239.82,-4792.675,-1520,0,-0.00948546,0,0.999955;
custom,house5,default,1,1,1,0,1,1,1,1,1,270.9667,-4792.675,-509.6597,0,-0.8627435,0,-0.5056419;
custom,house5,default,1,1,1,0,1,1,1,1,1,342.0449,-4792.675,-617.876,0,-0.9960648,0,0.08862807;
custom,house5,default,1,1,1,0,1,1,1,1,1,344.866,-4792.675,-1589.146,0,-0.9874084,0,0.158192;
custom,house5,default,1,1,1,0,1,1,1,1,1,689.4406,-4792.675,-880.735,0,-0.6757841,0,0.7370996;
custom,prism,default,0.1242244,0.01635952,0.3601919,1,0,1,0,1,1,-169.1815,-4793.928,3147.471,0,0.9965948,0,-0.08245414;
custom,prism,default,0.1242244,0.01635952,0.3601919,1,0,1,0,1,1,-169.8141,-4793.928,3143.469,0,0.9965948,0,-0.08245414;
custom,prism,default,0.1242244,0.01635952,0.3601919,1,0,1,0,1,1,-170.4247,-4793.928,3139.507,0,0.9965948,0,-0.08245414;
custom,prism,default,0.1242244,0.01635952,0.3601919,1,0,1,0,1,1,-187.4374,-4781.497,831.5704,-0.8616539,0.5035214,-0.04326132,0.04633966;
custom,prism,default,0.1242244,0.01635952,0.3601919,1,0,1,0,1,1,-187.9083,-4781.664,835.5479,-0.8616539,0.5035214,-0.04326132,0.04633966;
custom,prism,default,0.1242244,0.01635952,0.3601919,1,0,1,0,1,1,-188.3692,-4781.828,839.5654,-0.8616539,0.5035214,-0.04326132,0.04633966;
custom,prism,default,0.1242244,0.01635952,0.3601919,1,0,1,0,1,1,-195.1054,-4793.928,842.4077,0,0.9998026,0,-0.01986537;
custom,prism,default,0.1242244,0.01635952,0.3601919,1,0,1,0,1,1,-195.2327,-4793.928,838.3585,0,0.9998026,0,-0.01986537;
custom,prism,default,0.1242244,0.01635952,0.3601919,1,0,1,0,1,1,-195.343,-4793.928,834.3491,0,0.9998026,0,-0.01986537;
custom,prism,wood3,3,0.1,1.15,0,1,1,1,1,1,1821.974,-4789.904,1971.532,0.7070952,0.004049294,-0.004049294,0.7070952;
custom,prism,wood3,3,0.1,1.15,0,1,1,1,1,1,1822.535,-4789.904,2020.469,0.7070952,0.004049294,-0.004049294,0.7070952;
custom,tower2,default,1,1,1,0,1,1,1,1,1,-718.3549,-4818.864,-906.9207,0,-0.8165602,0,0.5772603;
custom,tower2,default,1,1,1,0,1,1,1,1,1,1324.937,-4818.864,-758.7953,0,-0.7049767,0,0.7092305;
custom,tower2,default,1,1,1,0,1,1,1,1,1,209.0302,-4818.864,-806.2352,0,-0.7049767,0,0.7092305;
custom,tree2,default,1,1,1,0,1,1,1,1,1,1651.923,-4743.102,-37.76193,0,0.2887674,0,0.9573993;
custom,tree2,default,1,1,1,0,1,1,1,1,1,1665.198,-4746.31,-1122.985,0,-0.2294091,0,0.9733301;
custom,tree2,default,1,1,1,0,1,1,1,1,1,1693.24,-4755.832,-1204.781,0,0.6089284,0,0.7932252;
custom,tree2,default,1,1,1,0,1,1,1,1,1,1728.422,-4741.615,2.179703,0,-0.6948282,0,0.7191758;
custom,tree2,default,1,1,1,0,1,1,1,1,1,1731.402,-4738.196,-84.23982,0,-0.9965107,0,-0.08346564;
custom,tree2,default,1,1,1,0,1,1,1,1,1,1754.774,-4742.457,-1144.275,0,0.9895012,0,-0.1445247;
custom,tree2,default,1,1,1,0,1,1,1,1,1,1840.032,-4733.404,-53.31479,0,-0.79175,0,0.6108453;
custom,tree2,default,1,1,1,0,1,1,1,1,1,1879.227,-4732.806,29.99573,0,0.8591616,0,0.5117043;
custom,tree2,default,1,1,1,0,1,1,1,1,1,1897.27,-4739.348,-1161.324,0,-0.7167945,0,0.6972845;
custom,tree2,default,1,1,1,0,1,1,1,1,1,1925.84,-4724.025,-42.62993,0,-0.02748793,0,0.9996222;
custom,tree2,default,1,1,1,0,1,1,1,1,1,1954.35,-4731.652,-1089.083,0,0.9119877,0,0.4102176;
custom,tree2,default,1,1,1,0,1,1,1,1,1,1983.263,-4733.329,-1170.392,0,0.08687326,0,0.9962194;
custom,tree2,default,1,1,1,0,1,1,1,1,1,2023.943,-4727.291,24.9805,0,-0.181612,0,0.9833703;
custom,tree2,default,1,1,1,0,1,1,1,1,1,2043.873,-4755.832,-59.1611,0,0.6469316,0,0.7625481;
custom,tree2,default,1,1,1,0,1,1,1,1,1,2050.891,-4730.221,-1154.08,0,-0.79175,0,0.6108453;
custom,tree2,default,1,1,1,0,1,1,1,1,1,2090.084,-4725.828,-1070.768,0,0.8591616,0,0.5117043;
custom,tree2,default,1,1,1,0,1,1,1,1,1,2111.01,-4728.635,-4.945206,0,0.9812648,0,-0.192664;
custom,tree2,default,1,1,1,0,1,1,1,1,1,2136.698,-4733.919,-1143.395,0,-0.02748793,0,0.9996222;
custom,tree2,default,1,1,1,0,1,1,1,1,1,2164.875,-4729.32,-32.69086,0,-0.79175,0,0.6108453;
custom,tree2,default,1,1,1,0,1,1,1,1,1,2204.071,-4737.919,50.62036,0,0.8591616,0,0.5117043;
custom,tree2,default,1,1,1,0,1,1,1,1,1,2250.682,-4739.928,-22.0052,0,-0.02748793,0,0.9996222;
custom,tree2,default,1,1,1,0,1,1,1,1,1,2280.228,-4755.832,-1139.162,0,-0.7167945,0,0.6972845;
custom,tree2,default,1,1,1,0,1,1,1,1,1,2337.237,-4755.832,-1066.854,0,0.9119877,0,0.4102176;
custom,tree2,default,1,1,1,0,1,1,1,1,1,2339.184,-4744.278,-113.9401,0,0.05619312,0,0.9984199;
custom,tree2,default,1,1,1,0,1,1,1,1,1,2366.15,-4755.832,-1148.163,0,0.08687326,0,0.9962194;
custom,tree2,default,1,1,1,0,1,1,1,1,1,2389.057,-4755.832,-43.51381,0,-0.8441067,0,0.5361753;
custom,tree2,default,1,1,1,0,1,1,1,1,1,2431.111,-4755.832,-119.0698,0,-0.9491477,0,-0.3148313;
custom,tree2,default,1.5,1.25,1.5,0,1,1,1,1,1,1486.527,-4725.298,-299.3026,0,-0.9596274,0,-0.2812743;
custom,tree2,default,1.5,1.25,1.5,0,1,1,1,1,1,1493.086,-4727.239,-358.5052,0,-0.7126093,0,-0.7015612;
custom,tree2,default,1.5,1.25,1.5,0,1,1,1,1,1,1552.193,-4723.509,-293.7696,0,0.09276697,0,-0.9956878;
custom,tree2,default,1.5,1.25,1.5,0,1,1,1,1,1,1568.822,-4725.693,-140.8593,0,0.6134101,0,0.7897646;
custom,tree2,default,1.5,1.25,1.5,0,1,1,1,1,1,1587.808,-4722.481,-1002.585,0,-0.9596274,0,-0.2812743;
custom,tree2,default,1.5,1.25,1.5,0,1,1,1,1,1,1594.367,-4728.923,-1061.789,0,-0.7126093,0,-0.7015612;
custom,tree2,default,1.5,1.25,1.5,0,1,1,1,1,1,1599.814,-4723.63,-365.9028,0,-0.7954983,0,0.6059558;
custom,tree2,default,1.5,1.25,1.5,0,1,1,1,1,1,1615.078,-4720.196,-213.8757,0,-0.9965163,0,-0.08339842;
custom,tree2,default,1.5,1.25,1.5,0,1,1,1,1,1,1653.476,-4720.753,-997.0532,0,0.09276697,0,-0.9956878;
custom,tree2,default,1.5,1.25,1.5,0,1,1,1,1,1,1675.393,-4715.355,-150.2622,0,-0.6948282,0,0.7191758;
custom,tree2,default,1.5,1.25,1.5,0,1,1,1,1,1,1680.838,-4715.718,-209.5785,0,-0.2722373,0,0.9622301;
custom,tree2,default,1.5,1.25,1.5,0,1,1,1,1,1,1701.095,-4719.786,-1069.186,0,-0.7954983,0,0.6059558;
custom,tree2,default,1.5,1.25,1.5,0,1,1,1,1,1,1780.808,-4709.605,-191.7966,0,0.6134101,0,0.7897646;
custom,tree2,default,1.5,1.25,1.5,0,1,1,1,1,1,1789.235,-4716.373,-1078.753,0,0.04652385,0,0.9989172;
custom,tree2,default,1.5,1.25,1.5,0,1,1,1,1,1,1827.063,-4713.851,-264.8125,0,-0.9965163,0,-0.08339842;
custom,tree2,default,1.5,1.25,1.5,0,1,1,1,1,1,1833.947,-4711.425,-981.5596,0,-0.982233,0,0.1876653;
custom,tree2,default,1.5,1.25,1.5,0,1,1,1,1,1,1873.558,-4707.969,-1059.76,0,-0.766562,0,-0.6421703;
custom,tree2,default,1.5,1.25,1.5,0,1,1,1,1,1,1887.379,-4707.819,-201.1992,0,-0.6948282,0,0.7191758;
custom,tree2,default,1.5,1.25,1.5,0,1,1,1,1,1,1891.636,-4704.086,-996.3876,0,-0.7767866,0,0.629764;
custom,tree2,default,1.5,1.25,1.5,0,1,1,1,1,1,1906.842,-4706.273,-294.2042,0,-0.2722373,0,0.9622301;
custom,tree2,default,1.5,1.25,1.5,0,1,1,1,1,1,1972.793,-4705.495,-193.6312,0,0.6134101,0,0.7897646;
custom,tree2,default,1.5,1.25,1.5,0,1,1,1,1,1,1977.892,-4706.53,-998.8785,0,0.9398709,0,-0.34153;
custom,tree2,default,1.5,1.25,1.5,0,1,1,1,1,1,2003.384,-4714.246,-916.2889,0,-0.8877389,0,-0.4603474;
custom,tree2,default,1.5,1.25,1.5,0,1,1,1,1,1,2019.049,-4713.32,-266.6466,0,-0.9965163,0,-0.08339842;
custom,tree2,default,1.5,1.25,1.5,0,1,1,1,1,1,2023.859,-4705.792,-1046.098,0,-0.1556854,0,-0.9878067;
custom,tree2,default,1.5,1.25,1.5,0,1,1,1,1,1,2064.738,-4740.032,-290.5729,0,-0.2722373,0,0.9622301;
custom,tree2,default,1.5,1.25,1.5,0,1,1,1,1,1,2065.432,-4707.98,-1003.44,0,0.3298489,0,-0.9440337;
custom,tree2,default,1.5,1.25,1.5,0,1,1,1,1,1,2079.36,-4710.46,-203.0355,0,-0.6948282,0,0.7191758;
custom,tree2,default,1.5,1.25,1.5,0,1,1,1,1,1,2134.566,-4712.195,-175.0547,0,0.5582128,0,0.8296978;
custom,tree2,default,1.5,1.25,1.5,0,1,1,1,1,1,2136.384,-4710.123,-1015.681,0,-0.5011932,0,-0.8653355;
custom,tree2,default,1.5,1.25,1.5,0,1,1,1,1,1,2141.136,-4707.934,-109.4835,0,-0.7077765,0,0.7064365;
custom,tree2,default,1.5,1.25,1.5,0,1,1,1,1,1,2193.971,-4715.954,-179.4319,0,0.0995995,0,0.9950276;
custom,tree2,default,1.5,1.25,1.5,0,1,1,1,1,1,2200.486,-4713.88,-1073.662,0,0.9761392,0,0.2171459;
custom,tree2,default,1.5,1.25,1.5,0,1,1,1,1,1,2220.763,-4711.425,-75.85681,0,0.9990979,0,0.04246712;
custom,tree2,default,1.5,1.25,1.5,0,1,1,1,1,1,2241.586,-4715.468,-996.2334,0,0.785544,0,-0.6188058;
custom,tree2,default,1.5,1.25,1.5,0,1,1,1,1,1,2262.7,-4718.402,-1051.932,0,0.3996286,0,-0.9166772;
custom,tree2,default,1.5,1.25,1.5,0,1,1,1,1,1,2327.154,-4724.045,-942.3181,0,0.9398709,0,-0.34153;
custom,tree2,default,1.5,1.25,1.5,0,1,1,1,1,1,2352.644,-4740.032,-859.7267,0,-0.8877389,0,-0.4603474;
custom,tree2,default,1.5,1.25,1.5,0,1,1,1,1,1,2373.12,-4740.032,-989.5369,0,-0.1556854,0,-0.9878067;
custom,tree2,default,1.5,1.25,1.5,0,1,1,1,1,1,2414.694,-4740.032,-946.8801,0,0.3298489,0,-0.9440337;
custom,tree2,default,2,1.5,2,0,1,1,1,1,1,1499.57,-4721.631,-725.928,0,-0.6948282,0,0.7191758;
custom,tree2,default,2,1.5,2,0,1,1,1,1,1,1532.467,-4700.158,-968.1245,0,-0.6948282,0,0.7191758;
custom,tree2,default,2,1.5,2,0,1,1,1,1,1,1538.96,-4721.631,-595.4879,0,-0.6948282,0,0.7191758;
custom,tree2,default,2,1.5,2,0,1,1,1,1,1,1548.674,-4721.631,-476.1881,0,-0.6948282,0,0.7191758;
custom,tree2,default,2,1.5,2,0,1,1,1,1,1,1571.86,-4701.537,-837.6849,0,-0.6948282,0,0.7191758;
custom,tree2,default,2,1.5,2,0,1,1,1,1,1,1618.511,-4707.091,-298.4125,0,-0.104964,0,0.994476;
custom,tree2,default,2,1.5,2,0,1,1,1,1,1,1634.571,-4721.631,-685.042,0,-0.6948282,0,0.7191758;
custom,tree2,default,2,1.5,2,0,1,1,1,1,1,1635.384,-4720.812,-517.4018,0,-0.6948282,0,0.7191758;
custom,tree2,default,2,1.5,2,0,1,1,1,1,1,1667.469,-4721.631,-927.2394,0,-0.6948282,0,0.7191758;
custom,tree2,default,2,1.5,2,0,1,1,1,1,1,1668.283,-4720.812,-759.598,0,-0.6948282,0,0.7191758;
custom,tree2,default,2,1.5,2,0,1,1,1,1,1,1689.763,-4721.631,-515.1514,0,-0.104964,0,0.994476;
custom,tree2,default,2,1.5,2,0,1,1,1,1,1,1690.893,-4714.503,-419.4835,0,-0.104964,0,0.994476;
custom,tree2,default,2,1.5,2,0,1,1,1,1,1,1727.112,-4721.631,-709.3193,0,-0.6948282,0,0.7191758;
custom,tree2,default,2,1.5,2,0,1,1,1,1,1,1754.611,-4703.765,-305.0217,0,-0.104964,0,0.994476;
custom,tree2,default,2,1.5,2,0,1,1,1,1,1,1760.012,-4699.607,-951.5175,0,-0.6948282,0,0.7191758;
custom,tree2,default,2,1.5,2,0,1,1,1,1,1,1760.553,-4721.631,-627.2338,0,-0.6948282,0,0.7191758;
custom,tree2,default,2,1.5,2,0,1,1,1,1,1,1790.334,-4711.127,-481.6469,0,-0.6948282,0,0.7191758;
custom,tree2,default,2,1.5,2,0,1,1,1,1,1,1846.425,-4721.631,-698.1097,0,-0.6948282,0,0.7191758;
custom,tree2,default,2,1.5,2,0,1,1,1,1,1,1850.469,-4695.016,-892.3286,0,-0.6948282,0,0.7191758;
custom,tree2,default,2,1.5,2,0,1,1,1,1,1,1853.734,-4720.812,-379.6512,0,-0.104964,0,0.994476;
custom,tree2,default,2,1.5,2,0,1,1,1,1,1,1889.862,-4709.926,-761.8894,0,-0.6948282,0,0.7191758;
custom,tree2,default,2,1.5,2,0,1,1,1,1,1,1891.081,-4703.417,-489.9025,0,-0.6948282,0,0.7191758;
custom,tree2,default,2,1.5,2,0,1,1,1,1,1,1935.861,-4713.981,-612.0986,0,-0.6948282,0,0.7191758;
custom,tree2,default,2,1.5,2,0,1,1,1,1,1,1949.197,-4721.631,-435.7036,0,-0.6948282,0,0.7191758;
custom,tree2,default,2,1.5,2,0,1,1,1,1,1,1985.473,-4710.176,-851.4419,0,-0.6948282,0,0.7191758;
custom,tree2,default,2,1.5,2,0,1,1,1,1,1,1986.285,-4704.98,-683.8016,0,-0.6948282,0,0.7191758;
custom,tree2,default,2,1.5,2,0,1,1,1,1,1,2035.121,-4703.978,-615.3276,0,-0.6948282,0,0.7191758;
custom,tree2,default,2,1.5,2,0,1,1,1,1,1,2049.718,-4702.157,-676.5711,0,-0.492373,0,0.8703843;
custom,tree2,default,2,1.5,2,0,1,1,1,1,1,2078.012,-4700.667,-875.7205,0,-0.6948282,0,0.7191758;
custom,tree2,default,2,1.5,2,0,1,1,1,1,1,2080.213,-4704.885,-791.6967,0,-0.492373,0,0.8703843;
custom,tree2,default,2,1.5,2,0,1,1,1,1,1,2086.44,-4721.631,-408.2104,0,-0.6948282,0,0.7191758;
custom,tree2,default,2,1.5,2,0,1,1,1,1,1,2143.789,-4721.631,-600.5931,0,-0.6948282,0,0.7191758;
custom,tree2,default,2,1.5,2,0,1,1,1,1,1,2163.019,-4696.755,-857.0389,0,-0.492373,0,0.8703843;
custom,tree2,default,2,1.5,2,0,1,1,1,1,1,2174.03,-4721.631,-450.0229,0,-0.6948282,0,0.7191758;
custom,tree2,default,2,1.5,2,0,1,1,1,1,1,2180.606,-4721.631,-688.4476,0,-0.9948351,0,0.1015041;
custom,tree2,default,2,1.5,2,0,1,1,1,1,1,2182.629,-4703.974,-403.7135,0,-0.01675381,0,0.9998597;
custom,tree2,default,2,1.5,2,0,1,1,1,1,1,2192.465,-4695.939,-298.6904,0,-0.01675381,0,0.9998597;
custom,tree2,default,2,1.5,2,0,1,1,1,1,1,2194.71,-4721.631,-494.2525,0,-0.01675381,0,0.9998597;
custom,tree2,default,2,1.5,2,0,1,1,1,1,1,2226.326,-4721.631,-686.45,0,-0.6948282,0,0.7191758;
custom,tree2,default,2,1.5,2,0,1,1,1,1,1,2245.581,-4701.915,-896.1128,0,-0.492373,0,0.8703843;
custom,tree2,default,2,1.5,2,0,1,1,1,1,1,2272.521,-4706.592,-210.5152,0,-0.01675381,0,0.9998597;
custom,tree2,default,2,1.5,2,0,1,1,1,1,1,2275.519,-4721.631,-541.3101,0,-0.6948282,0,0.7191758;
custom,tree2,default,2,1.5,2,0,1,1,1,1,1,2323.201,-4721.631,-653.9833,0,-0.9569527,0,0.2902442;
custom,tree2,default,2,1.5,2,0,1,1,1,1,1,2330.441,-4721.631,-703.3931,0,-0.6948282,0,0.7191758;
custom,tree2,default,2,1.5,2,0,1,1,1,1,1,2340.614,-4721.631,-337.9152,0,-0.01675381,0,0.9998597;
custom,tree2,default,2,1.5,2,0,1,1,1,1,1,2342.725,-4721.631,-779.1332,0,-0.492373,0,0.8703843;
custom,tree2,default,2,1.5,2,0,1,1,1,1,1,2345.705,-4721.631,-512.2051,0,-0.01675381,0,0.9998597;
custom,tree2,default,2,1.5,2,0,1,1,1,1,1,2366.289,-4721.631,-466.6204,0,-0.6948282,0,0.7191758;
custom,tree2,default,2,1.5,2,0,1,1,1,1,1,2421.29,-4721.631,-423.4024,0,-0.01675381,0,0.9998597;
custom,tree2,default,2,1.5,2,0,1,1,1,1,1,2421.591,-4721.631,-697.4875,0,-0.6948282,0,0.7191758;
custom,tree2,default,2,1.5,2,0,1,1,1,1,1,2449.754,-4721.631,-548.0625,0,-0.6948282,0,0.7191758;
custom,tree3,default,1.5,1.25,1.5,0,1,1,1,1,1,-1027.052,-4710.513,-809.9315,0,0.5886171,0,0.808412;
custom,tree3,default,1.5,1.25,1.5,0,1,1,1,1,1,-1035.73,-4707.079,-962.4769,0,-0.1049221,0,0.9944805;
custom,tree3,default,1.5,1.25,1.5,0,1,1,1,1,1,-1042.579,-4709.363,-173.3267,0,-0.3019553,0,0.9533221;
custom,tree3,default,1.5,1.25,1.5,0,1,1,1,1,1,-1051.761,-4715.806,-114.5358,0,-0.7168018,0,0.697277;
custom,tree3,default,1.5,1.25,1.5,0,1,1,1,1,1,-1093.24,-4702.238,-1028.637,0,0.7039878,0,0.7102122;
custom,tree3,default,1.5,1.25,1.5,0,1,1,1,1,1,-1101.242,-4702.6,-969.6121,0,0.9561201,0,0.2929752;
custom,tree3,default,1.5,1.25,1.5,0,1,1,1,1,1,-1107.947,-4707.635,-181.6924,0,-0.9934497,0,-0.1142701;
custom,tree3,default,1.5,1.25,1.5,0,1,1,1,1,1,-1158.641,-4706.667,-111.6854,0,0.5886171,0,0.808412;
custom,tree3,default,1.5,1.25,1.5,0,1,1,1,1,1,-1200.352,-4696.487,-991.699,0,0.8028396,0,-0.596195;
custom,tree3,default,1.5,1.25,1.5,0,1,1,1,1,1,-1247.112,-4703.254,-105.937,0,0.9996895,0,-0.02491792;
custom,tree3,default,1.5,1.25,1.5,0,1,1,1,1,1,-1249.72,-4700.733,-920.751,0,-0.1049221,0,0.9944805;
custom,tree3,default,1.5,1.25,1.5,0,1,1,1,1,1,-1287.578,-4698.307,-204.9721,0,0.1663876,0,0.9860604;
custom,tree3,default,1.5,1.25,1.5,0,1,1,1,1,1,-1307.228,-4694.701,-986.9115,0,0.7039878,0,0.7102122;
custom,tree3,default,1.5,1.25,1.5,0,1,1,1,1,1,-1330.532,-4694.75,-128.5576,0,-0.6585909,0,0.7525012;
custom,tree3,default,1.5,1.25,1.5,0,1,1,1,1,1,-1330.695,-4693.156,-894.8362,0,0.9561201,0,0.2929752;
custom,tree3,default,1.5,1.25,1.5,0,1,1,1,1,1,-1345.854,-4690.968,-192.6514,0,0.6128247,0,0.7902189;
custom,tree3,default,1.5,1.25,1.5,0,1,1,1,1,1,-1392.236,-4692.377,-998.1653,0,0.8028396,0,-0.596195;
custom,tree3,default,1.5,1.25,1.5,0,1,1,1,1,1,-1432.139,-4693.412,-193.8919,0,-0.3211323,0,-0.9470344;
custom,tree3,default,1.5,1.25,1.5,0,1,1,1,1,1,-1441.605,-4700.202,-927.2158,0,-0.1049221,0,0.9944805;
custom,tree3,default,1.5,1.25,1.5,0,1,1,1,1,1,-1454.038,-4701.128,-277.5049,0,-0.4794303,0,0.87758;
custom,tree3,default,1.5,1.25,1.5,0,1,1,1,1,1,-1480.105,-4692.673,-148.702,0,-0.9909414,0,0.1342951;
custom,tree3,default,1.5,1.25,1.5,0,1,1,1,1,1,-1488.287,-4726.914,-905.2881,0,0.9561201,0,0.2929752;
custom,tree3,default,1.5,1.25,1.5,0,1,1,1,1,1,-1499.113,-4697.343,-993.3773,0,0.7039878,0,0.7102122;
custom,tree3,default,1.5,1.25,1.5,0,1,1,1,1,1,-1519.796,-4694.762,-193.1167,0,-0.9366828,0,-0.3501789;
custom,tree3,default,1.5,1.25,1.5,0,1,1,1,1,1,-1553.061,-4699.078,-1023.718,0,0.8415715,0,-0.5401458;
custom,tree3,default,1.5,1.25,1.5,0,1,1,1,1,1,-1556.789,-4694.716,-1089.511,0,0.6909716,0,0.722882;
custom,tree3,default,1.5,1.25,1.5,0,1,1,1,1,1,-1591.21,-4697.005,-183.9558,0,-0.875968,0,0.4823692;
custom,tree3,default,1.5,1.25,1.5,0,1,1,1,1,1,-1612.596,-4702.835,-1021.911,0,0.9969482,0,-0.07806569;
custom,tree3,default,1.5,1.25,1.5,0,1,1,1,1,1,-1634.886,-4698.307,-1126.548,0,0.06405503,0,-0.9979464;
custom,tree3,default,1.5,1.25,1.5,0,1,1,1,1,1,-1657.76,-4700.762,-128.7996,0,0.2381978,0,-0.9712167;
custom,tree3,default,1.5,1.25,1.5,0,1,1,1,1,1,-1695.475,-4702.351,-207.9301,0,-0.6016796,0,-0.7987375;
custom,tree3,default,1.5,1.25,1.5,0,1,1,1,1,1,-1718.975,-4705.284,-153.1984,0,-0.9078239,0,-0.4193518;
custom,tree3,default,1.5,1.25,1.5,0,1,1,1,1,1,-1778.625,-4710.928,-265.4964,0,-0.3211323,0,-0.9470344;
custom,tree3,default,1.5,1.25,1.5,0,1,1,1,1,1,-1800.525,-4726.914,-349.1118,0,-0.4794303,0,0.87758;
custom,tree3,default,1.5,1.25,1.5,0,1,1,1,1,1,-1826.592,-4726.914,-220.3083,0,-0.9909414,0,0.1342951;
custom,tree3,default,1.5,1.25,1.5,0,1,1,1,1,1,-1866.286,-4726.914,-264.723,0,-0.9366828,0,-0.3501789;
custom,tree3,default,1.5,1.25,1.5,0,1,1,1,1,1,-910.9899,-4712.18,-871.573,0,-0.3019553,0,0.9533221;
custom,tree3,default,1.5,1.25,1.5,0,1,1,1,1,1,-920.1039,-4714.121,-812.7089,0,-0.7168018,0,0.697277;
custom,tree3,default,1.5,1.25,1.5,0,1,1,1,1,1,-976.3567,-4710.391,-879.9387,0,-0.9934497,0,-0.1142701;
custom,tree3,default,1.5,1.25,1.5,0,1,1,1,1,1,-986.3618,-4712.576,-1033.425,0,0.8028396,0,-0.596195;
custom,tree3,default,2,1.5,2,0,1,1,1,1,1,-1019.519,-4688.419,-337.3844,0,0.7039878,0,0.7102122;
custom,tree3,default,2,1.5,2,0,1,1,1,1,1,-1042.815,-4693.974,-878.1677,0,0.9919745,0,0.1264383;
custom,tree3,default,2,1.5,2,0,1,1,1,1,1,-1069.138,-4707.694,-660.1138,0,0.7039878,0,0.7102122;
custom,tree3,default,2,1.5,2,0,1,1,1,1,1,-1075.574,-4708.514,-492.5953,0,0.7039878,0,0.7102122;
custom,tree3,default,2,1.5,2,0,1,1,1,1,1,-1112.476,-4707.694,-419.5659,0,0.7039878,0,0.7102122;
custom,tree3,default,2,1.5,2,0,1,1,1,1,1,-1118.911,-4708.514,-252.0455,0,0.7039878,0,0.7102122;
custom,tree3,default,2,1.5,2,0,1,1,1,1,1,-1120.361,-4701.385,-760.3373,0,0.9919745,0,0.1264383;
custom,tree3,default,2,1.5,2,0,1,1,1,1,1,-1123.367,-4708.514,-664.7115,0,0.9919745,0,0.1264383;
custom,tree3,default,2,1.5,2,0,1,1,1,1,1,-1169.076,-4708.514,-472.3392,0,0.7039878,0,0.7102122;
custom,tree3,default,2,1.5,2,0,1,1,1,1,1,-1179.071,-4690.647,-877.4463,0,0.9919745,0,0.1264383;
custom,tree3,default,2,1.5,2,0,1,1,1,1,1,-1198.937,-4708.514,-555.7936,0,0.7039878,0,0.7102122;
custom,tree3,default,2,1.5,2,0,1,1,1,1,1,-1212.416,-4686.49,-231.7914,0,0.7039878,0,0.7102122;
custom,tree3,default,2,1.5,2,0,1,1,1,1,1,-1222.399,-4698.009,-702.5309,0,0.7039878,0,0.7102122;
custom,tree3,default,2,1.5,2,0,1,1,1,1,1,-1281.331,-4707.694,-807.1732,0,0.9919745,0,0.1264383;
custom,tree3,default,2,1.5,2,0,1,1,1,1,1,-1287.866,-4708.514,-488.6269,0,0.7039878,0,0.7102122;
custom,tree3,default,2,1.5,2,0,1,1,1,1,1,-1300.229,-4681.898,-294.833,0,0.7039878,0,0.7102122;
custom,tree3,default,2,1.5,2,0,1,1,1,1,1,-1323.407,-4690.299,-698.6375,0,0.7039878,0,0.7102122;
custom,tree3,default,2,1.5,2,0,1,1,1,1,1,-1333.945,-4696.808,-426.8549,0,0.7039878,0,0.7102122;
custom,tree3,default,2,1.5,2,0,1,1,1,1,1,-1373.429,-4700.863,-578.4924,0,0.7039878,0,0.7102122;
custom,tree3,default,2,1.5,2,0,1,1,1,1,1,-1379.125,-4708.514,-755.2987,0,0.7039878,0,0.7102122;
custom,tree3,default,2,1.5,2,0,1,1,1,1,1,-1426.905,-4691.862,-509.0376,0,0.7039878,0,0.7102122;
custom,tree3,default,2,1.5,2,0,1,1,1,1,1,-1433.339,-4697.058,-341.5169,0,0.7039878,0,0.7102122;
custom,tree3,default,2,1.5,2,0,1,1,1,1,1,-1472.735,-4690.86,-579.5558,0,0.7039878,0,0.7102122;
custom,tree3,default,2,1.5,2,0,1,1,1,1,1,-1489.965,-4689.039,-519.0015,0,0.859537,0,0.5110735;
custom,tree3,default,2,1.5,2,0,1,1,1,1,1,-1515.054,-4708.514,-788.6985,0,0.7039878,0,0.7102122;
custom,tree3,default,2,1.5,2,0,1,1,1,1,1,-1525.409,-4691.768,-405.303,0,0.859537,0,0.5110735;
custom,tree3,default,2,1.5,2,0,1,1,1,1,1,-1526.842,-4687.548,-321.2616,0,0.7039878,0,0.7102122;
custom,tree3,default,2,1.5,2,0,1,1,1,1,1,-1580.666,-4708.514,-598.9762,0,0.7039878,0,0.7102122;
custom,tree3,default,2,1.5,2,0,1,1,1,1,1,-1604.372,-4708.514,-750.7118,0,0.7039878,0,0.7102122;
custom,tree3,default,2,1.5,2,0,1,1,1,1,1,-1610.961,-4690.856,-797.3507,0,0.9992638,0,0.0383646;
custom,tree3,default,2,1.5,2,0,1,1,1,1,1,-1610.962,-4683.637,-343.5996,0,0.859537,0,0.5110735;
custom,tree3,default,2,1.5,2,0,1,1,1,1,1,-1616.249,-4682.821,-902.7002,0,0.9992638,0,0.0383646;
custom,tree3,default,2,1.5,2,0,1,1,1,1,1,-1621.246,-4708.514,-512.7942,0,0.07997476,0,0.9967969;
custom,tree3,default,2,1.5,2,0,1,1,1,1,1,-1626.945,-4708.514,-707.4175,0,0.9992638,0,0.0383646;
custom,tree3,default,2,1.5,2,0,1,1,1,1,1,-1666.837,-4708.514,-516.7667,0,0.7039878,0,0.7102122;
custom,tree3,default,2,1.5,2,0,1,1,1,1,1,-1692.416,-4693.474,-994.2524,0,0.9992638,0,0.0383646;
custom,tree3,default,2,1.5,2,0,1,1,1,1,1,-1695.136,-4688.796,-308.1317,0,0.859537,0,0.5110735;
custom,tree3,default,2,1.5,2,0,1,1,1,1,1,-1709.709,-4708.514,-663.8979,0,0.7039878,0,0.7102122;
custom,tree3,default,2,1.5,2,0,1,1,1,1,1,-1762.216,-4708.514,-553.39,0,0.2694891,0,0.9630035;
custom,tree3,default,2,1.5,2,0,1,1,1,1,1,-1765.949,-4708.514,-869.9149,0,0.9992638,0,0.0383646;
custom,tree3,default,2,1.5,2,0,1,1,1,1,1,-1771.586,-4708.514,-504.3388,0,0.7039878,0,0.7102122;
custom,tree3,default,2,1.5,2,0,1,1,1,1,1,-1778.572,-4708.514,-696.0095,0,0.9992638,0,0.0383646;
custom,tree3,default,2,1.5,2,0,1,1,1,1,1,-1787.133,-4708.514,-429.2014,0,0.859537,0,0.5110735;
custom,tree3,default,2,1.5,2,0,1,1,1,1,1,-1797.165,-4708.514,-742.4407,0,0.7039878,0,0.7102122;
custom,tree3,default,2,1.5,2,0,1,1,1,1,1,-1850.25,-4708.514,-787.9958,0,0.9992638,0,0.0383646;
custom,tree3,default,2,1.5,2,0,1,1,1,1,1,-1862.398,-4708.514,-514.1802,0,0.7039878,0,0.7102122;
custom,tree3,default,2,1.5,2,0,1,1,1,1,1,-1884.074,-4708.514,-664.6818,0,0.7039878,0,0.7102122;
custom,tree3,default,2,1.5,2,0,1,1,1,1,1,-942.4636,-4708.514,-445.9118,0,0.7039878,0,0.7102122;
custom,tree3,default,2,1.5,2,0,1,1,1,1,1,-976.1801,-4708.514,-577.9319,0,0.7039878,0,0.7102122;
custom,tree3,default,2,1.5,2,0,1,1,1,1,1,-980.7274,-4708.514,-697.5396,0,0.7039878,0,0.7102122;
custom,tree3,default,2,1.5,2,0,1,1,1,1,1,-985.8018,-4687.04,-205.3631,0,0.7039878,0,0.7102122;
custom,tree4,default,1,1,1,0,1,1,1,1,1,-1064.927,-4729.983,-1140.02,0,0.963418,0,-0.2680034;
custom,tree4,default,1,1,1,0,1,1,1,1,1,-1125.103,-4733.192,-56.38579,0,0.9681434,0,0.2503966;
custom,tree4,default,1,1,1,0,1,1,1,1,1,-1139.63,-4728.498,-1183.231,0,0.7039878,0,0.7102122;
custom,tree4,default,1,1,1,0,1,1,1,1,1,-1146.342,-4725.079,-1097.019,0,-0.1049887,0,0.9944735;
custom,tree4,default,1,1,1,0,1,1,1,1,1,-1156.654,-4742.714,24.1217,0,0.8062035,0,-0.5916384;
custom,tree4,default,1,1,1,0,1,1,1,1,1,-1215.514,-4729.338,-38.98596,0,-0.1230998,0,-0.9923943;
custom,tree4,default,1,1,1,0,1,1,1,1,1,-1253.535,-4720.286,-1132.611,0,0.5935867,0,0.8047701;
custom,tree4,default,1,1,1,0,1,1,1,1,1,-1289.094,-4719.688,-1217.539,0,0.5301583,0,-0.8478987;
custom,tree4,default,1,1,1,0,1,1,1,1,1,-1338.8,-4710.908,-1146.995,0,0.9987943,0,0.04909132;
custom,tree4,default,1,1,1,0,1,1,1,1,1,-1358.612,-4726.23,-28.11253,0,0.6816263,0,0.7317005;
custom,tree4,default,1,1,1,0,1,1,1,1,1,-1412.517,-4718.534,-102.7531,0,0.4298368,0,-0.9029066;
custom,tree4,default,1,1,1,0,1,1,1,1,1,-1433.889,-4714.173,-1218.784,0,0.9792144,0,0.2028284;
custom,tree4,default,1,1,1,0,1,1,1,1,1,-1444.918,-4720.211,-22.76981,0,0.9978645,0,-0.06531722;
custom,tree4,default,1,1,1,0,1,1,1,1,1,-1457.438,-4742.714,-1135.583,0,0.776355,0,-0.630296;
custom,tree4,default,1,1,1,0,1,1,1,1,1,-1511.781,-4717.104,-41.98969,0,0.5935867,0,0.8047701;
custom,tree4,default,1,1,1,0,1,1,1,1,1,-1522.173,-4715.517,-1192.652,0,-0.1714062,0,-0.9852005;
custom,tree4,default,1,1,1,0,1,1,1,1,1,-1547.337,-4712.71,-126.9173,0,0.5301583,0,-0.8478987;
custom,tree4,default,1,1,1,0,1,1,1,1,1,-1577.185,-4716.203,-1167.258,0,0.5935867,0,0.8047701;
custom,tree4,default,1,1,1,0,1,1,1,1,1,-1597.043,-4720.801,-56.37563,0,0.9987943,0,0.04909132;
custom,tree4,default,1,1,1,0,1,1,1,1,1,-1612.74,-4724.701,-1252.185,0,0.5301583,0,-0.8478987;
custom,tree4,default,1,1,1,0,1,1,1,1,1,-1662.448,-4726.81,-1181.642,0,0.9987943,0,0.04909132;
custom,tree4,default,1,1,1,0,1,1,1,1,1,-1740.181,-4742.714,-66.87247,0,0.6816263,0,0.7317005;
custom,tree4,default,1,1,1,0,1,1,1,1,1,-1754.84,-4731.161,-1093.618,0,0.9994014,0,-0.03459661;
custom,tree4,default,1,1,1,0,1,1,1,1,1,-1794.086,-4742.714,-141.5126,0,0.4298368,0,-0.9029066;
custom,tree4,default,1,1,1,0,1,1,1,1,1,-1801.622,-4742.714,-1166.134,0,0.5178027,0,0.8555001;
custom,tree4,default,1,1,1,0,1,1,1,1,1,-1826.485,-4742.714,-61.53021,0,0.9978645,0,-0.06531722;
custom,tree4,default,1,1,1,0,1,1,1,1,1,-1846.904,-4742.714,-1092.468,0,-0.3352767,0,0.9421197;
custom,tree4,default,1,1,1,0,1,1,1,1,1,-224.8189,-4780.494,-2616.265,0,0.9368974,0,-0.3496045;
custom,tree4,default,1,1,1,0,1,1,1,1,1,-231.4807,-4750.49,-2369.175,0,0.970699,0,-0.2402986;
custom,tree4,default,1,1,1,0,1,1,1,1,1,-251.3721,-4756.313,-2233.721,0,0.9368974,0,-0.3496045;
custom,tree4,default,1,1,1,0,1,1,1,1,1,-288.4138,-4770.972,-1944.89,0,0.5212986,0,0.8533744;
custom,tree4,default,1,1,1,0,1,1,1,1,1,-297.6904,-4780.494,-2559.99,0,-0.01935309,0,0.9998127;
custom,tree4,default,1,1,1,0,1,1,1,1,1,-303.5845,-4758.581,-2416.59,0,0.6833569,0,0.7300845;
custom,tree4,default,1,1,1,0,1,1,1,1,1,-305.8015,-4780.494,-2646.077,0,0.7622773,0,0.6472507;
custom,tree4,default,1,1,1,0,1,1,1,1,1,-308.7094,-4767.118,-2034.697,0,0.6019353,0,-0.7985448;
custom,tree4,default,1,1,1,0,1,1,1,1,1,-315.223,-4754.883,-2330.907,0,-0.1334301,0,0.9910583;
custom,tree4,default,1,1,1,0,1,1,1,1,1,-324.173,-4764.01,-2177.372,0,-0.01935309,0,0.9998127;
custom,tree4,default,1,1,1,0,1,1,1,1,1,-332.2853,-4757.991,-2263.461,0,0.7622773,0,0.6472507;
custom,tree4,default,1,1,1,0,1,1,1,1,1,-369.963,-4780.494,-1973.915,0,0.9907327,0,0.1358261;
custom,tree4,default,1,1,1,0,1,1,1,1,1,723.9516,-4780.494,-2699.599,0,-0.8962467,0,0.443556;
custom,tree4,default,1,1,1,0,1,1,1,1,1,728.0573,-4768.94,-2607.62,0,0.7420108,0,0.670388;
custom,tree4,default,1,1,1,0,1,1,1,1,1,750.9996,-4762.858,-1999.545,0,-0.7672334,0,0.641368;
custom,tree4,default,1,1,1,0,1,1,1,1,1,779.5519,-4780.494,-2311.719,0,0.9961829,0,0.08729117;
custom,tree4,default,1,1,1,0,1,1,1,1,1,783.1295,-4758.065,-2107.825,0,-0.1334301,0,0.9910583;
custom,tree4,default,1,1,1,0,1,1,1,1,1,794.7686,-4748.688,-2193.508,0,0.6833569,0,0.7300845;
custom,tree4,default,1,1,1,0,1,1,1,1,1,796.5936,-4767.763,-1919.556,0,0.8785322,0,0.4776832;
custom,tree4,default,1,1,1,0,1,1,1,1,1,799.0337,-4780.494,-2656.709,0,-0.2231622,0,0.9747814;
custom,tree4,default,1,1,1,0,1,1,1,1,1,807.3643,-4753.982,-2432.422,0,-0.1334301,0,0.9910583;
custom,tree4,default,1,1,1,0,1,1,1,1,1,819.003,-4764.59,-2518.107,0,0.6833569,0,0.7300845;
custom,tree4,default,1,1,1,0,1,1,1,1,1,834.5095,-4753.297,-2378.252,0,0.5622282,0,-0.8269822;
custom,tree4,default,1,1,1,0,1,1,1,1,1,837.3801,-4766.277,-1995.605,0,0.01165962,0,0.9999321;
custom,tree4,default,1,1,1,0,1,1,1,1,1,863.4666,-4751.953,-2290.854,0,0.5623428,0,0.8269042;
custom,tree4,default,1,1,1,0,1,1,1,1,1,866.8723,-4757.468,-2146.092,0,0.970699,0,-0.2402986;
custom,tree4,default,1,1,1,0,1,1,1,1,1,891.1061,-4762.581,-2470.689,0,0.970699,0,-0.2402986;
custom,tree5,default,1.5,1.25,1.5,0,1,1,1,1,1,-100.4027,-4748.708,-2604.797,0,0.42812,0,-0.9037219;
custom,tree5,default,1.5,1.25,1.5,0,1,1,1,1,1,-103.9917,-4764.694,-2692.384,0,-0.429283,0,-0.90317;
custom,tree5,default,1.5,1.25,1.5,0,1,1,1,1,1,-145.1218,-4736.087,-2112.054,0,-0.5664319,0,0.8241086;
custom,tree5,default,1.5,1.25,1.5,0,1,1,1,1,1,-147.1077,-4764.694,-2651.283,0,-0.8052892,0,-0.5928822;
custom,tree5,default,1.5,1.25,1.5,0,1,1,1,1,1,-155.2673,-4740.13,-2519.839,0,0.1234199,0,-0.9923546;
custom,tree5,default,1.5,1.25,1.5,0,1,1,1,1,1,-159.31,-4728.749,-2169.907,0,-0.1094876,0,0.9939882;
custom,tree5,default,1.5,1.25,1.5,0,1,1,1,1,1,-160.8421,-4731.192,-2256.186,0,0.42812,0,-0.9037219;
custom,tree5,default,1.5,1.25,1.5,0,1,1,1,1,1,-162.6193,-4745.416,-1931.766,0,-0.6341757,0,-0.773189;
custom,tree5,default,1.5,1.25,1.5,0,1,1,1,1,1,-164.4312,-4732.642,-2343.773,0,-0.429283,0,-0.90317;
custom,tree5,default,1.5,1.25,1.5,0,1,1,1,1,1,-168.8816,-4747.143,-1866.164,0,-0.8801019,0,0.4747849;
custom,tree5,default,1.5,1.25,1.5,0,1,1,1,1,1,-17.53453,-4764.694,-2629.37,0,-0.9549056,0,0.2969097;
custom,tree5,default,1.5,1.25,1.5,0,1,1,1,1,1,-175.8811,-4734.685,-2414.86,0,-0.9648357,0,-0.262854;
custom,tree5,default,1.5,1.25,1.5,0,1,1,1,1,1,-207.5488,-4730.454,-2302.677,0,-0.8052892,0,-0.5928822;
custom,tree5,default,1.5,1.25,1.5,0,1,1,1,1,1,-210.7278,-4743.064,-2541.571,0,-0.360431,0,-0.9327859;
custom,tree5,default,1.5,1.25,1.5,0,1,1,1,1,1,-222.8784,-4732.63,-2152.533,0,-0.9965976,0,0.08242091;
custom,tree5,default,1.5,1.25,1.5,0,1,1,1,1,1,-228.0088,-4753.586,-1873.382,0,-0.9999975,0,0.00225537;
custom,tree5,default,1.5,1.25,1.5,0,1,1,1,1,1,-233.1472,-4738.542,-2479.601,0,0.8467486,0,-0.5319933;
custom,tree5,default,1.5,1.25,1.5,0,1,1,1,1,1,-234.22,-4744.447,-1980.187,0,-0.1395337,0,0.9902174;
custom,tree5,default,1.5,1.25,1.5,0,1,1,1,1,1,-242.8076,-4741.035,-2068.429,0,0.7354851,0,0.6775409;
custom,tree5,default,1.5,1.25,1.5,0,1,1,1,1,1,-77.97368,-4738.908,-2280.759,0,-0.9549056,0,0.2969097;
custom,tree5,default,1.5,1.25,1.5,0,1,1,1,1,1,467.8937,-4748.293,-1871.097,0,-0.1395337,0,0.9902174;
custom,tree5,default,1.5,1.25,1.5,0,1,1,1,1,1,474.1039,-4751.9,-1764.293,0,-0.9999975,0,0.00225537;
custom,tree5,default,1.5,1.25,1.5,0,1,1,1,1,1,533.2296,-4749.96,-1757.077,0,-0.8801019,0,0.4747849;
custom,tree5,default,1.5,1.25,1.5,0,1,1,1,1,1,539.4921,-4748.171,-1822.677,0,-0.6341757,0,-0.773189;
custom,tree5,default,1.5,1.25,1.5,0,1,1,1,1,1,543.0002,-4730.935,-2177.308,0,0.4830414,0,0.8755975;
custom,tree5,default,1.5,1.25,1.5,0,1,1,1,1,1,548.3852,-4764.694,-2335.153,0,0.4830414,0,0.8755975;
custom,tree5,default,1.5,1.25,1.5,0,1,1,1,1,1,571.5018,-4738.514,-2097.207,0,-0.7671901,0,0.6414199;
custom,tree5,default,1.5,1.25,1.5,0,1,1,1,1,1,571.8029,-4737.981,-2289.2,0,-0.7671901,0,0.6414199;
custom,tree5,default,1.5,1.25,1.5,0,1,1,1,1,1,620.081,-4744.758,-1884.671,0,-0.7671901,0,0.6414199;
custom,tree5,default,1.5,1.25,1.5,0,1,1,1,1,1,625.1068,-4740.38,-1950.379,0,0.4830414,0,0.8755975;
custom,tree5,default,1.5,1.25,1.5,0,1,1,1,1,1,635.7807,-4732.481,-2156.81,0,0.01165962,0,0.9999321;
custom,tree5,default,1.5,1.25,1.5,0,1,1,1,1,1,636.0807,-4735.123,-2348.804,0,0.01165962,0,0.9999321;
custom,tree5,default,1.5,1.25,1.5,0,1,1,1,1,1,643.999,-4734.267,-2050.143,0,0.991486,0,0.1302138;
custom,tree5,default,1.5,1.25,1.5,0,1,1,1,1,1,644.2989,-4730.157,-2242.135,0,0.991486,0,0.1302138;
custom,tree5,default,1.5,1.25,1.5,0,1,1,1,1,1,660.9567,-4740.615,-2463.146,0,0.7704881,0,0.6374545;
custom,tree5,default,1.5,1.25,1.5,0,1,1,1,1,1,664.6726,-4736.857,-2403.696,0,0.9803187,0,0.1974216;
custom,tree5,default,1.5,1.25,1.5,0,1,1,1,1,1,684.3589,-4740.018,-1944.274,0,0.01165962,0,0.9999321;
custom,tree5,default,1.5,1.25,1.5,0,1,1,1,1,1,692.5773,-4750.355,-1837.607,0,0.991486,0,0.1302138;
custom,tree5,default,1.5,1.25,1.5,0,1,1,1,1,1,730.3118,-4732.596,-2409.539,0,-0.006504652,0,0.9999789;
custom,tree5,default,1.5,1.25,1.5,0,1,1,1,1,1,764.823,-4736.087,-2488.784,0,0.7402444,0,-0.6723379;
custom,tree5,default,2,1.5,2,0,1,1,1,1,1,-115.9023,-4724.269,-2037.791,0,0.01165962,0,0.9999321;
custom,tree5,default,2,1.5,2,0,1,1,1,1,1,-13.32872,-4734.738,-2262.126,0,0.01165962,0,0.9999321;
custom,tree5,default,2,1.5,2,0,1,1,1,1,1,-135.0384,-4724.719,-1810.445,0,0.01165962,0,0.9999321;
custom,tree5,default,2,1.5,2,0,1,1,1,1,1,-16.95497,-4721.417,-2439.728,0,0.2619347,0,0.9650856;
custom,tree5,default,2,1.5,2,0,1,1,1,1,1,-36.57762,-4725.329,-2354.934,0,0.01165962,0,0.9999321;
custom,tree5,default,2,1.5,2,0,1,1,1,1,1,-4.1689,-4726.199,-1848.385,0,0.01165962,0,0.9999321;
custom,tree5,default,2,1.5,2,0,1,1,1,1,1,-55.10811,-4726.577,-2522.719,0,0.2619347,0,0.9650856;
custom,tree5,default,2,1.5,2,0,1,1,1,1,1,-55.713,-4719.678,-2127.585,0,0.7059034,0,0.7083082;
custom,tree5,default,2,1.5,2,0,1,1,1,1,1,-92.6544,-4746.294,-1944.986,0,0.01165962,0,0.9999321;
custom,tree5,default,2,1.5,2,0,1,1,1,1,1,106.7783,-4746.294,-1774.855,0,0.4844508,0,0.8748185;
custom,tree5,default,2,1.5,2,0,1,1,1,1,1,125.9144,-4746.294,-2002.202,0,-0.3065009,0,0.9518704;
custom,tree5,default,2,1.5,2,0,1,1,1,1,1,138.4497,-4746.294,-2121.381,0,-0.4909124,0,0.871209;
custom,tree5,default,2,1.5,2,0,1,1,1,1,1,138.5426,-4746.294,-2605.43,0,0.01165962,0,0.9999321;
custom,tree5,default,2,1.5,2,0,1,1,1,1,1,145.4619,-4746.294,-2696.508,0,0.01165962,0,0.9999321;
custom,tree5,default,2,1.5,2,0,1,1,1,1,1,149.1634,-4746.294,-1909.395,0,-0.3489711,0,0.9371335;
custom,tree5,default,2,1.5,2,0,1,1,1,1,1,151.8228,-4746.294,-2455.438,0,-0.6359777,0,0.7717075;
custom,tree5,default,2,1.5,2,0,1,1,1,1,1,154.3114,-4729.642,-2261.074,0,-0.6173335,0,0.7867016;
custom,tree5,default,2,1.5,2,0,1,1,1,1,1,154.3297,-4746.294,-2501.134,0,0.01165962,0,0.9999321;
custom,tree5,default,2,1.5,2,0,1,1,1,1,1,162.2446,-4726.819,-2324.424,0,0.2619347,0,0.9650856;
custom,tree5,default,2,1.5,2,0,1,1,1,1,1,187.8691,-4746.294,-2597.641,0,-0.4763277,0,0.8792679;
custom,tree5,default,2,1.5,2,0,1,1,1,1,1,208.3684,-4746.294,-2034.726,0,0.2982234,0,0.9544961;
custom,tree5,default,2,1.5,2,0,1,1,1,1,1,223.3216,-4728.64,-2309.148,0,0.01165962,0,0.9999321;
custom,tree5,default,2,1.5,2,0,1,1,1,1,1,225.4483,-4738.643,-2209.856,0,-0.9693815,0,0.2455599;
custom,tree5,default,2,1.5,2,0,1,1,1,1,1,237.6456,-4746.294,-1812.798,0,-0.6724709,0,0.7401236;
custom,tree5,default,2,1.5,2,0,1,1,1,1,1,239.2654,-4746.294,-2417.646,0,-0.3377631,0,0.9412312;
custom,tree5,default,2,1.5,2,0,1,1,1,1,1,295.1906,-4746.294,-2723.008,0,0.01165962,0,0.9999321;
custom,tree5,default,2,1.5,2,0,1,1,1,1,1,300.0061,-4746.294,-2548.71,0,0.01165962,0,0.9999321;
custom,tree5,default,2,1.5,2,0,1,1,1,1,1,316.8004,-4745.634,-1908.348,-0.0929471,-0.3553032,-0.03742728,-0.9293652;
custom,tree5,default,2,1.5,2,0,1,1,1,1,1,319.6552,-4746.294,-1962.697,0,0.6246508,0,0.7809042;
custom,tree5,default,2,1.5,2,0,1,1,1,1,1,329.8889,-4746.294,-2618.567,0,0.6911555,0,0.7227061;
custom,tree5,default,2,1.5,2,0,1,1,1,1,1,346.1633,-4746.294,-2467.385,0,0.6911555,0,0.7227061;
custom,tree5,default,2,1.5,2,0,1,1,1,1,1,347.1403,-4728.08,-2163.721,0,0.4202734,0,0.9073976;
custom,tree5,default,2,1.5,2,0,1,1,1,1,1,354.2758,-4735.789,-2062.889,0,0.01165962,0,0.9999321;
custom,tree5,default,2,1.5,2,0,1,1,1,1,1,357.0459,-4746.294,-1821.187,0,0.01165962,0,0.9999321;
custom,tree5,default,2,1.5,2,0,1,1,1,1,1,375.7004,-4746.294,-2638.643,0,0.01165962,0,0.9999321;
custom,tree5,default,2,1.5,2,0,1,1,1,1,1,390.1608,-4746.294,-2446.213,0,0.01165962,0,0.9999321;
custom,tree5,default,2,1.5,2,0,1,1,1,1,1,401.9821,-4746.294,-2221.228,0,0.01165962,0,0.9999321;
custom,tree5,default,2,1.5,2,0,1,1,1,1,1,415.3276,-4739.165,-1962.765,0,-0.3642074,0,0.9313179;
custom,tree5,default,2,1.5,2,0,1,1,1,1,1,419.5276,-4746.294,-2693.16,0,0.6911555,0,0.7227061;
custom,tree5,default,2,1.5,2,0,1,1,1,1,1,430.9984,-4746.294,-2358.162,0,-0.3888429,0,0.9213041;
custom,tree5,default,2,1.5,2,0,1,1,1,1,1,436.5637,-4728.636,-2454.299,0,0.6911555,0,0.7227061;
custom,tree5,default,2,1.5,2,0,1,1,1,1,1,456.9689,-4745.474,-2125.151,0,0.8912705,0,0.4534722;
custom,tree5,default,2,1.5,2,0,1,1,1,1,1,47.46614,-4729.547,-2356.2,0,0.2619347,0,0.9650856;
custom,tree5,default,2,1.5,2,0,1,1,1,1,1,504.1126,-4746.294,-2611.537,0,0.6911555,0,0.7227061;
custom,tree5,default,2,1.5,2,0,1,1,1,1,1,530.4895,-4728.427,-2025.206,0,0.9642799,0,-0.2648855;
custom,tree5,default,2,1.5,2,0,1,1,1,1,1,535.5869,-4731.753,-1889.043,0,0.6246508,0,0.7809042;
custom,tree5,default,2,1.5,2,0,1,1,1,1,1,541.688,-4720.601,-2462.966,0,0.6911555,0,0.7227061;
custom,tree5,default,2,1.5,2,0,1,1,1,1,1,62.94418,-4746.294,-2618.556,0,0.2619347,0,0.9650856;
custom,tree5,default,2,1.5,2,0,1,1,1,1,1,630.7491,-4731.253,-2542.038,0,0.6911555,0,0.7227061;
custom,tree5,default,2,1.5,2,0,1,1,1,1,1,75.05823,-4745.474,-1944.003,0,-0.4172701,0,0.9087825;
custom,tree5,default,2,1.5,2,0,1,1,1,1,1,75.1572,-4734.588,-2165.525,0,0.9524671,0,0.3046416;
custom,wagon1,default,0.6723788,0.6723788,0.6723788,0,1,1,1,1,1,1740.08,-4804.966,1744.76,0.01664798,0.3540747,-0.006304096,0.9350477;
custom,wagon1,default,0.6723788,0.6723788,0.6723788,0,1,1,1,1,1,1757.54,-4804.966,1777.389,0.01664798,0.3540747,-0.006304096,0.9350477;
custom,wagon1,default,0.6723788,0.6723788,0.6723788,0,1,1,1,1,1,1762.344,-4804.966,1799.715,0.01664798,0.3540747,-0.006304096,0.9350477;
custom,wagon1,default,0.6723788,0.6723788,0.6723788,0,1,1,1,1,1,1786.407,-4804.966,1791.365,0.01664798,0.3540747,-0.006304096,0.9350477;
custom,wagon1,default,0.6723788,0.6723788,0.6723788,0,1,1,1,1,1,1789.36,-4804.966,1820.781,0.01664798,0.3540747,-0.006304096,0.9350477;
custom,wagon1,default,0.6723788,0.6723788,0.6723788,0,1,1,1,1,1,1802.906,-4804.966,1854.9,0.01664798,0.3540747,-0.006304096,0.9350477;
custom,wagon1,default,0.6723788,0.6723788,0.6723788,0,1,1,1,1,1,1807.27,-4804.966,1816.73,0.01664798,0.3540747,-0.006304096,0.9350477;
custom,wagon1,default,0.6723788,0.6723788,0.6723788,0,1,1,1,1,1,1824.732,-4804.966,1849.359,0.01664798,0.3540747,-0.006304096,0.9350477;
custom,wagon1,default,0.6723788,0.6723788,0.6723788,0,1,1,1,1,1,1835.933,-4804.966,1873.939,0.01664798,0.3540747,-0.006304096,0.9350477;
custom,wagon1,default,0.6723788,0.6723788,0.6723788,0,1,1,1,1,1,1836.669,-4804.966,1837.061,0.01664798,0.3540747,-0.006304096,0.9350477;
custom,wall3,default,2,2,2,0,1,1,1,1,1,1864.502,-4809.471,2061.036,0,0.005723821,0,0.9999836;
custom,wall4,default,2,2,2,0,1,1,1,1,1,1213.232,-4725.279,2046.758,0,0.9999836,0,-0.005723821;
custom,wall4,default,2,2,2,0,1,1,1,1,1,2527.219,-4725.279,2031.731,0,0.9999836,0,-0.005723821;
customb,house1,default,1,1,1,0,1,1,1,1,1,-772.7185,-4792.999,-764.1025,0,-0.339065,0,0.940763;
customb,house1,default,1,1,1,0,1,1,1,1,1,1257.754,-4792.999,-704.8964,0,-0.8698274,0,0.4933561;
customb,house1,default,1,1,1,0,1,1,1,1,1,238.7107,-4792.999,-885.6362,0,-0.7049767,0,0.7092305;
map,disablebounds;
misc,barrier,1.5,210,110.0756,1889.74,-3834.164,2062.323,0,-0.7050148,0,0.7091926;
misc,barrier,1.5,210,110.0756,2005.337,-3834.164,256.1885,0,-0.7050148,0,0.7091926;
misc,barrier,1.5,210,127.9857,-1324.931,-3834.164,200.575,0,-0.7050148,0,0.7091926;
misc,barrier,1.5,210,348.8662,2495.012,-3834.164,-1273.686,0,0.002953333,0,0.9999956;
misc,barrier,1.5,210,420,-1963.664,-3834.164,-1390.876,0,0.002953333,0,0.9999956;
misc,barrier,1.5,210,491.3651,325.1634,-3834.164,-2779.281,0,-0.7050148,0,0.7091926;
misc,barrier,328.5544,-1.579794,190.125,-125.2557,-4473.466,1909.805,0,-0.7050148,0,0.7091926;
photon,spawnCrawler,2,0,381.3975,-4807.629,-2282.305,0,0,0,1;
photon,spawnCrawler,3,0,-1446.827,-4807.736,-739.4584,0,0,0,1;
photon,spawnCrawler,3,0,-1673.553,-4807.801,-581.6335,0,0,0,1;
photon,spawnJumper,1,0,1525.561,-4803.699,-333.4677,0,0,0,1;
photon,spawnJumper,1,0,1698.76,-4796.929,-257.5802,0,0,0,1;
photon,spawnJumper,1,0,1758.794,-4794.529,-1000.718,0,0,0,1;
photon,spawnJumper,1,0,1875.602,-4791.221,-250.3856,0,0,0,1;
photon,spawnJumper,1,0,2130.081,-4801.932,-767.1857,0,0,0,1;
photon,spawnJumper,2,0,-202.7463,-4788.019,-2241.21,0,0,0,1;
photon,spawnJumper,2,0,-766.8143,-4792.339,2174.312,0,0,0,1;
photon,spawnJumper,2,0,-798.4335,-4792.619,2217.568,0,0,0,1;
photon,spawnJumper,2,0,112.6673,-4793.048,2666.626,0,0,0,1;
photon,spawnJumper,2,0,536.5643,-4784.313,-2216.616,0,0,0,1;
photon,spawnJumper,2,0,558.2115,-4804.68,-1932.766,0,0,0,1;
photon,spawnJumper,2,0,56.17407,-4807.83,-2211.74,0,0,0,1;
photon,spawnJumper,2,0,594.1137,-4791.868,2723.925,0,0,0,1;
photon,spawnJumper,2,0,611.2298,-4792.309,2659.213,0,0,0,1;
photon,spawnJumper,2,0,679.3261,-4791.233,-2069.607,0,0,0,1;
photon,spawnJumper,3,0,-1154.282,-4784.071,-217.3604,0,0,0,1;
photon,spawnJumper,3,0,-1290.488,-4785.943,-46.55103,0,0,0,1;
photon,spawnJumper,3,0,-1290.83,-4778.226,-942.0894,0,0,0,1;
photon,spawnJumper,3,0,-1454.839,-4773.842,-1019.301,0,0,0,1;
photon,spawnJumper,3,0,-1511.483,-4775.586,-84.9326,0,0,0,1;
photon,spawnPunk,1,0,2146.216,-4793.014,-955.4773,0,0,0,1;
photon,spawnPunk,1,0,2372.791,-4807.877,-657.5129,0,0,0,1;
photon,spawnPunk,2,0,-323.0495,-4808.201,-2594.249,0,0,0,1;
photon,spawnPunk,2,0,203.1846,-4807.414,-2551.224,0,0,0,1;
photon,spawnPunk,3,0,-1669.062,-4781.021,-354.1739,0,0,0,1;
photon,spawnPunk,3,0,-1680.686,-4783.332,-1075.777,0,0,0,1;
photon,spawnTitan,1,0,1600.904,-4808.102,-621.9194,0,0,0,1;
photon,spawnTitan,1,0,1810.548,-4807.933,-614.1823,0,0,0,1;
photon,spawnTitan,1,0,2030.065,-4807.831,-442.1031,0,0,0,1;
photon,spawnTitan,1,0,2210.398,-4793.151,-253.3533,0,0,0,1;
photon,spawnTitan,1,0,2253.467,-4807.749,-471.7682,0,0,0,1;
photon,spawnTitan,2,0,-51.48106,-4807.848,-2568.022,0,0,0,1;
photon,spawnTitan,2,0,-70.61913,-4798.788,-2364.729,0,0,0,1;
photon,spawnTitan,2,0,13.14592,-4807.307,-1938.562,0,0,0,1;
photon,spawnTitan,2,0,145.9243,-4801.416,-2365.821,0,0,0,1;
photon,spawnTitan,2,0,197.65,-4807.75,-2100.937,0,0,0,1;
photon,spawnTitan,2,0,205.5985,-4793.019,2696.298,0,0,0,1;
photon,spawnTitan,2,0,364.9404,-4792.693,2986.263,0,0,0,1;
photon,spawnTitan,2,0,381.4728,-4793.029,2897.417,0,0,0,1;
photon,spawnTitan,3,0,-1010.601,-4808.038,-542.5685,0,0,0,1;
photon,spawnTitan,3,0,-1199.106,-4807.464,-428.4536,0,0,0,1;
photon,spawnTitan,3,0,-1255.236,-4807.696,-561.7233,0,0,0,1;
photon,spawnTitan,3,0,-1539.506,-4789.942,-544.7401,0,0,0,1;
photon,spawnTitan,3,0,-1650.449,-4789.546,-762.0006,0,0,0,1;
racing,checkpointPlane,0.1,0.075,0.2,-175.5636,-4793.557,3055.885,-0.2063666,-1.89779E-09,-0.9784747,-3.239294E-09;
racing,checkpointPlane,0.1,0.075,0.2,-177.7313,-4793.557,3056.844,-0.2063666,-1.89779E-09,-0.9784747,-3.239294E-09;
racing,checkpointPlane,0.1,0.075,0.2,-179.8447,-4793.557,3057.773,-0.2063666,-1.89779E-09,-0.9784747,-3.239294E-09;
racing,checkpointPlane,0.1,0.075,0.2,-184.9897,-4793.558,827.4539,0.658175,-1.406975E-09,-0.752865,-9.161591E-10;
racing,checkpointPlane,0.1,0.075,0.2,-185.3072,-4793.558,825.1038,0.658175,-1.406975E-09,-0.752865,-9.161591E-10;
racing,checkpointPlane,0.1,0.075,0.2,-185.6148,-4793.558,822.8169,0.658175,-1.406975E-09,-0.752865,-9.161591E-10;
racing,checkpointPlane,0.1,0.075,0.2,-186.3212,-4793.557,3060.127,0.03002211,-7.953574E-10,-0.9995493,-6.720195E-10;
racing,checkpointPlane,0.1,0.075,0.2,-188.6871,-4793.557,3059.988,0.03002211,-7.953574E-10,-0.9995493,-6.720195E-10;
racing,checkpointPlane,0.1,0.075,0.2,-190.9902,-4793.557,3059.848,0.03002211,-7.953574E-10,-0.9995493,-6.720195E-10;
racing,checkpointPlane,0.1,0.075,0.2,-863.7565,-4808.14,-682.0986,-0.8990785,0,0.4377876,0;
racing,checkpointPlane,0.1,0.075,0.2,-866.6416,-4808.14,-678.4161,-0.8990785,0,0.4377876,0;
racing,checkpointPlane,0.1,0.075,0.2,1193.772,-4808.14,-784.7817,-0.9205404,0,-0.3906475,0;
racing,checkpointPlane,0.1,0.075,0.2,1197.022,-4808.14,-781.4165,-0.9205404,0,-0.3906475,0;
racing,checkpointPlane,0.1,0.075,0.2,311.449,-4808.14,-607.1353,-0.7035308,0,0.7106648,0;
racing,checkpointPlane,0.1,0.075,0.2,311.4958,-4808.14,-602.4574,-0.7035308,0,0.7106648,0;
racing,checkpointPlane,0.1,0.075,0.2,319.1701,-4808.123,-1760.423,-0.7035308,0,0.7106648,0;
racing,checkpointPlane,0.1,0.075,0.2,319.2166,-4808.123,-1755.747,-0.7035308,0,0.7106648,0;
racing,checkpointPlane,0.1,0.075,0.2,386.194,-4808.343,157.2946,-0.5152676,0,0.8570293,0;
racing,checkpointPlane,0.1,0.075,0.2,388.3883,-4808.343,161.4271,-0.5152676,0,0.8570293,0;
racing,checkpointPlane,0.1,0.075,0.2,463.8842,-4793.558,1859.394,0.5671073,4.278787E-10,-0.823644,-1.837386E-10;
racing,checkpointPlane,0.1,0.075,0.2,464.7081,-4793.558,1861.551,0.5671073,4.278787E-10,-0.823644,-1.837386E-10;
racing,checkpointPlane,0.1,0.075,0.2,465.5537,-4793.558,1863.766,0.5671073,4.278787E-10,-0.823644,-1.837386E-10;
racing,endCuboid,6.50971,31.50971,1,-161.6285,-4638.857,3253.786,0,0.005186608,0,0.9999866;
racing,startCuboid,8.925699,11.41976,1,-197.8706,-4737.854,854.8477,0,0.08359407,0,0.9964999;
spawnpoint,playerC,-204.6734,-4792.892,794.1624,0,0,0,1;
spawnpoint,playerM,-220.8894,-4792.691,796.7767,0,0,0,1;
spawnpoint,titan,-492.9484,-4807.633,-1181.515,0,0,0,1;
spawnpoint,titan,-678.4398,-4793.212,893.9211,0,0,0,1;
spawnpoint,titan,-708.0207,-4793.12,943.2311,0,0,0,1;
spawnpoint,titan,-713.694,-4793.112,1016.687,0,0,0,1;
spawnpoint,titan,191.7504,-4807.599,-855.1163,0,0,0,1;
spawnpoint,titan,247.4607,-4807.988,-1446.845,0,0,0,1;
spawnpoint,titan,252.6279,-4808.012,-914.954,0,0,0,1;
spawnpoint,titan,743.6738,-4808.129,-897.9039,0,0,0,1;
