//SAC Feng City Run 4;

map,disablebounds;
custom,cuboid,statuemat,144.4568,8.449808,149.4182,1,1,1,1,70,70,22.11218,-32.19391,13.03547,0,0,0,1;
customb,arch1,default,1,0.531,1,0,1,1,1,1,1,-282.996,38.71395,-280.733,0,0.4039109,0,-0.9147983;
customb,arch1,default,1,0.531,1,0,1,1,1,1,1,275.367,40.40298,-274.627,0,0.9290274,0,-0.3700109;
customb,arch1,default,1,0.531,1.042,0,1,1,1,1,1,-0.675,60.12596,-310.627,0,0.7071068,0,-0.7071068;
customb,arch1,default,1,0.531,1.073,0,1,1,1,1,1,-200.36,47.27602,-5.471,0,1,0,0;
customb,arch1,default,1,0.531,1.073,0,1,1,1,1,1,199.663,44.83596,-5.471,0,1,0,0;
customb,house1,default,0.807,0.488,0.807,0,1,1,1,1,1,-181.037,17.803,563.458,0,0.9985422,0,-0.0539753;
customb,house1,default,0.807,0.488,0.807,0,1,1,1,1,1,-302.702,17.803,342.92,0,0.985627,0,0.1689361;
customb,house1,default,0.807,0.488,0.807,0,1,1,1,1,1,-336.668,17.803,490.549,0,1,0,0;
customb,house1,default,0.807,0.488,0.807,0,1,1,1,1,1,-379.295,17.803,430.925,0,0.9997581,0,-0.0219947;
customb,house1,default,0.807,0.488,0.807,0,1,1,1,1,1,-478.26,17.803,267.669,0,0.9832886,0,-0.1820534;
customb,house1,default,0.807,0.488,0.807,0,1,1,1,1,1,-489.771,17.803,-108.561,0,1,0,0;
customb,house1,default,0.807,0.488,0.807,0,1,1,1,1,1,-521.636,17.803,322.036,0,1,0,0;
customb,house1,default,0.807,0.488,0.807,0,1,1,1,1,1,-95.271,17.803,438.119,0,1,0,0;
customb,house1,default,0.807,0.488,0.807,0,1,1,1,1,1,176.192,17.803,407.66,0,1,0,0;
customb,house1,default,0.807,0.488,0.807,0,1,1,1,1,1,197.461,17.803,577.205,0,1,0,0;
customb,house1,default,0.807,0.488,0.807,0,1,1,1,1,1,232.676,17.803,560.341,0,1,0,0;
customb,house1,default,0.807,0.488,0.807,0,1,1,1,1,1,246.468,17.803,486.479,0,0.9972569,0,0.0740191;
customb,house1,default,0.807,0.488,0.807,0,1,1,1,1,1,342.112,17.803,-521.697,0,1,0,0;
customb,house1,default,0.807,0.488,0.807,0,1,1,1,1,1,444.503,17.803,280.311,0,0.997474,0,0.0710338;
customb,house1,default,0.807,0.488,0.807,0,1,1,1,1,1,525.673,17.803,328.898,0,0.9991589,0,0.0410065;
customb,house1,default,0.807,0.488,0.807,0,1,1,1,1,1,548.746,17.803,379.289,0,0.9933607,0,0.1150418;
customb,house1,default,0.807,0.488,0.807,0,1,1,1,1,1,550.145,17.803,-347.34,0,1,0,0;
customb,house1,default,0.807,0.488,0.807,0,1,1,1,1,1,556.793,17.803,-169.633,0,1,0,0;
customb,house1,default,0.807,0.488,0.807,0,1,1,1,1,1,566.627,17.803,299.413,0,0.9984295,0,-0.0560241;
customb,house1,default,0.91,0.55,0.785,0,1,1,1,1,1,-341.812,18.799,387.07,0,0.9986481,0,0.0519817;
customb,house1,default,0.91,0.55,0.785,0,1,1,1,1,1,-371.88,18.799,549.399,0,1,0,0;
customb,house1,default,0.91,0.55,0.785,0,1,1,1,1,1,-546.197,18.799,249.147,0,1,0,0;
customb,house1,default,0.91,0.55,0.785,0,1,1,1,1,1,120.379,18.799,458.164,0,1,0,0;
customb,house1,default,0.91,0.55,0.785,0,1,1,1,1,1,408.056,18.799,354.127,0,1,0,0;
customb,house1,default,0.91,0.55,0.785,0,1,1,1,1,1,449.304,18.799,396.499,0,1,0,0;
customb,house1,default,0.91,0.55,0.785,0,1,1,1,1,1,470.234,18.799,195.332,0,1,0,0;
customb,house1,default,0.91,0.55,0.785,0,1,1,1,1,1,474.784,18.799,-275.634,0,1,0,0;
customb,house1,default,0.91,0.55,0.785,0,1,1,1,1,1,490.327,18.799,307.111,0,1,0,0;
customb,house1,default,0.91,0.55,0.785,0,1,1,1,1,1,506.982,18.799,23.591,0,1,0,0;
customb,house1,default,0.91,0.55,0.785,0,1,1,1,1,1,523.636,18.799,-222.816,0,1,0,0;
customb,house1,default,0.91,0.55,0.785,0,1,1,1,1,1,77.918,18.799,439.657,0,1,0,0;
customb,house1,default,1,0.604,1,0,1,1,1,1,1,-117.216,19.67,200.687,0,0.9799995,0,0.1989999;
customb,house1,default,1,0.604,1,0,1,1,1,1,1,-139.414,19.67,581.815,0,1,0,0;
customb,house1,default,1,0.604,1,0,1,1,1,1,1,-144.53,19.67,465.013,0,0.9926576,0,0.1209583;
customb,house1,default,1,0.604,1,0,1,1,1,1,1,-144.607,19.67,338.074,0,0.9779193,0,0.2089828;
customb,house1,default,1,0.604,1,0,1,1,1,1,1,-178.14,19.67,413.069,0,0.9779193,0,0.2089828;
customb,house1,default,1,0.604,1,0,1,1,1,1,1,-194.099,19.67,314.854,0,0.9779193,0,0.2089828;
customb,house1,default,1,0.604,1,0,1,1,1,1,1,-211.793,19.67,488.335,0,0.9779193,0,0.2089828;
customb,house1,default,1,0.604,1,0,1,1,1,1,1,-227.631,19.67,389.849,0,0.9779193,0,0.2089828;
customb,house1,default,1,0.604,1,0,1,1,1,1,1,-245.983,19.67,564.801,0,0.9779193,0,0.2089828;
customb,house1,default,1,0.604,1,0,1,1,1,1,1,-255.956,19.67,-528.016,0,1,0,0;
customb,house1,default,1,0.604,1,0,1,1,1,1,1,-258.424,19.67,337.024,0,1,0,0;
customb,house1,default,1,0.604,1,0,1,1,1,1,1,-261.285,19.67,465.115,0,0.9779193,0,0.2089828;
customb,house1,default,1,0.604,1,0,1,1,1,1,1,-279.227,19.67,243.07,0,0.913894,0,0.4059529;
customb,house1,default,1,0.604,1,0,1,1,1,1,1,-295.475,19.67,541.581,0,0.9779193,0,0.2089828;
customb,house1,default,1,0.604,1,0,1,1,1,1,1,-308.664,19.67,-528.016,0,1,0,0;
customb,house1,default,1,0.604,1,0,1,1,1,1,1,-317.229,19.67,206.976,0,0.9051584,0,0.4250744;
customb,house1,default,1,0.604,1,0,1,1,1,1,1,-33.951,19.67,351.951,0,1,0,0;
customb,house1,default,1,0.604,1,0,1,1,1,1,1,-33.951,19.67,434.399,0,1,0,0;
customb,house1,default,1,0.604,1,0,1,1,1,1,1,-33.951,19.67,515.688,0,1,0,0;
customb,house1,default,1,0.604,1,0,1,1,1,1,1,-340.153,19.67,298.177,0,0.913894,0,0.4059529;
customb,house1,default,1,0.604,1,0,1,1,1,1,1,-368.8622,19.55,250.0223,0,0.9051584,0,0.4250744;
customb,house1,default,1,0.604,1,0,1,1,1,1,1,-401.3,19.67,353.482,0,0.913894,0,0.4059529;
customb,house1,default,1,0.604,1,0,1,1,1,1,1,-420.339,19.67,462.559,0,0.9990749,0,0.0430032;
customb,house1,default,1,0.604,1,0,1,1,1,1,1,-436.6929,19.34999,-307.5279,0,1,0,0;
customb,house1,default,1,0.604,1,0,1,1,1,1,1,-443.83,19.67,312.166,0,0.9051584,0,0.4250744;
customb,house1,default,1,0.604,1,0,1,1,1,1,1,-446.955,19.67,219.614,0,1,0,0;
customb,house1,default,1,0.604,1,0,1,1,1,1,1,-461.587,19.67,408.01,0,0.913894,0,0.4059529;
customb,house1,default,1,0.604,1,0,1,1,1,1,1,-479.888,19.67,-329.779,0,1,0,0;
customb,house1,default,1,0.604,1,0,1,1,1,1,1,-489.296,19.67,-228.397,0,0.9951847,0,0.0980182;
customb,house1,default,1,0.604,1,0,1,1,1,1,1,-492.831,19.67,-12.704,0,1,0,0;
customb,house1,default,1,0.604,1,0,1,1,1,1,1,-504.07,19.67,182.13,0,1,0,0;
customb,house1,default,1,0.604,1,0,1,1,1,1,1,-495.7982,19.42999,355.6041,0,0.9051584,0,0.4250744;
customb,house1,default,1,0.604,1,0,1,1,1,1,1,-529.905,19.67,-78.817,0,1,0,0;
customb,house1,default,1,0.604,1,0,1,1,1,1,1,-532.763,19.67,-273.704,0,1,0,0;
customb,house1,default,1,0.604,1,0,1,1,1,1,1,-535.848,19.67,-163.656,0,1,0,0;
customb,house1,default,1,0.604,1,0,1,1,1,1,1,-536.654,19.67,-381.784,0,0.9943621,0,0.1060386;
customb,house1,default,1,0.604,1,0,1,1,1,1,1,-540.735,19.67,4.009,0,1,0,0;
customb,house1,default,1,0.604,1,0,1,1,1,1,1,-542.096,19.67,85.86,0,1,0,0;
customb,house1,default,1,0.604,1,0,1,1,1,1,1,-549.294,19.67,169.434,0,1,0,0;
customb,house1,default,1,0.604,1,0,1,1,1,1,1,-78.693,19.67,352.863,0,0.9984879,0,0.0549718;
customb,house1,default,1,0.604,1,0,1,1,1,1,1,-79.886,19.67,212.67,0,0.9971825,0,0.0750138;
customb,house1,default,1,0.604,1,0,1,1,1,1,1,-98.765,19.67,516.994,0,1,0,0;
customb,house1,default,1,0.604,1,0,1,1,1,1,1,111.571,19.67,350.154,0,1,0,0;
customb,house1,default,1,0.604,1,0,1,1,1,1,1,114.569,19.67,201.624,0,0.9793698,0,-0.2020763;
customb,house1,default,1,0.604,1,0,1,1,1,1,1,136.264,19.67,571.367,0,1,0,0;
customb,house1,default,1,0.604,1,0,1,1,1,1,1,154.809,19.67,345.771,0,1,0,0;
customb,house1,default,1,0.604,1,0,1,1,1,1,1,162.486,19.67,492.933,0,1,0,0;
customb,house1,default,1,0.604,1,0,1,1,1,1,1,215.866,19.67,339.121,0,0.9602684,0,-0.279078;
customb,house1,default,1,0.604,1,0,1,1,1,1,1,245.217,19.67,-429.323,0,1,0,0;
customb,house1,default,1,0.604,1,0,1,1,1,1,1,245.217,19.67,-528.016,0,1,0,0;
customb,house1,default,1,0.604,1,0,1,1,1,1,1,259.887,19.67,408.482,0,0.9602684,0,-0.279078;
customb,house1,default,1,0.604,1,0,1,1,1,1,1,265.324,19.67,306.265,0,0.9602684,0,-0.279078;
customb,house1,default,1,0.604,1,0,1,1,1,1,1,27.431,19.67,351.951,0,1,0,0;
customb,house1,default,1,0.604,1,0,1,1,1,1,1,27.431,19.67,434.399,0,1,0,0;
customb,house1,default,1,0.604,1,0,1,1,1,1,1,27.431,19.67,515.688,0,1,0,0;
customb,house1,default,1,0.604,1,0,1,1,1,1,1,286.569,19.67,553.456,0,1,0,0;
customb,house1,default,1,0.604,1,0,1,1,1,1,1,293.728,19.67,-528.016,0,1,0,0;
customb,house1,default,1,0.604,1,0,1,1,1,1,1,304.066,19.67,478.093,0,0.9602684,0,-0.279078;
customb,house1,default,1,0.604,1,0,1,1,1,1,1,302.4478,19.63,364.0439,0,0.9602684,0,-0.279078;
customb,house1,default,1,0.604,1,0,1,1,1,1,1,313.216,19.67,225.574,0,1,0,0;
customb,house1,default,1,0.604,1,0,1,1,1,1,1,348.607,19.67,548.274,0,0.9602684,0,-0.279078;
customb,house1,default,1,0.604,1,0,1,1,1,1,1,349.98,19.67,266.168,0,0.9988477,0,0.0479927;
customb,house1,default,1,0.604,1,0,1,1,1,1,1,353.525,19.67,445.238,0,0.9602684,0,-0.279078;
customb,house1,default,1,0.604,1,0,1,1,1,1,1,367.218,19.67,345.51,0,1,0,0;
customb,house1,default,1,0.604,1,0,1,1,1,1,1,389.6371,19.47,502.8148,0,0.9602684,0,-0.279078;
customb,house1,default,1,0.604,1,0,1,1,1,1,1,406.566,19.67,269.25,0,0.990424,0,0.1380591;
customb,house1,default,1,0.604,1,0,1,1,1,1,1,434.465,19.67,-274.615,0,1,0,0;
customb,house1,default,1,0.604,1,0,1,1,1,1,1,455.502,19.67,490.595,0,1,0,0;
customb,house1,default,1,0.604,1,0,1,1,1,1,1,481.64,19.67,-65.883,0,1,0,0;
customb,house1,default,1,0.604,1,0,1,1,1,1,1,487.551,19.67,-176.851,0,1,0,0;
customb,house1,default,1,0.604,1,0,1,1,1,1,1,492.579,19.67,117.23,0,0.998987,0,0.0449994;
customb,house1,default,1,0.604,1,0,1,1,1,1,1,496.945,19.67,412.684,0,0.9983155,0,-0.0580183;
customb,house1,default,1,0.604,1,0,1,1,1,1,1,507.975,19.67,-308.892,0,1,0,0;
customb,house1,default,1,0.604,1,0,1,1,1,1,1,519.344,19.67,219.008,0,1,0,0;
customb,house1,default,1,0.604,1,0,1,1,1,1,1,523.624,19.67,-95.187,0,1,0,0;
customb,house1,default,1,0.604,1,0,1,1,1,1,1,544.368,19.67,112.51,0,1,0,0;
customb,house1,default,1,0.604,1,0,1,1,1,1,1,552.822,19.67,27.887,0,0.9967962,0,-0.0799836;
customb,house1,default,1,0.604,1,0,1,1,1,1,1,554.388,19.67,211.305,0,1,0,0;
customb,house1,default,1,0.604,1,0,1,1,1,1,1,559.003,19.67,-70.073,0,1,0,0;
customb,house1,default,1,0.604,1,0,1,1,1,1,1,572.651,19.67,-270.052,0,1,0,0;
customb,house1,default,1,0.604,1,0,1,1,1,1,1,71.537,19.67,351.159,0,1,0,0;
customb,house1,default,1,0.604,1,0,1,1,1,1,1,80.608,19.67,209.526,0,0.9933607,0,-0.1150418;
customb,house1,default,1,0.604,1,0,1,1,1,1,1,83.202,19.67,533.112,0,1,0,0;
customb,house1,default,1,0.604,1.438,0,1,1,1,1,1,-97.948,19.67,71.82,0,1,0,0;
customb,house1,default,1,0.604,1.438,0,1,1,1,1,1,-98.767,19.67,-79.416,0,1,0,0;
customb,house1,default,1,0.604,1.438,0,1,1,1,1,1,89.547,19.67,71.163,0,1,0,0;
customb,house1,default,1,0.604,1.438,0,1,1,1,1,1,91.412,19.67,-79.445,0,1,0,0;
customb,house1,default,1.365,0.895,1,0,1,1,1,1,1,-155.656,24.318,-188.004,0,0.8835688,0,0.4683014;
customb,house1,default,1.365,0.895,1,0,1,1,1,1,1,-165.039,24.318,191.077,0,0.926183,0,-0.3770745;
customb,house1,default,1.365,0.895,1,0,1,1,1,1,1,-196.613,24.318,-110.667,0,1,0,0;
customb,house1,default,1.365,0.895,1,0,1,1,1,1,1,-196.613,24.318,101.731,0,1,0,0;
customb,house1,default,1.365,0.895,1,0,1,1,1,1,1,-232.515,24.318,278.162,0,0.9089227,0,-0.4169646;
customb,house1,default,1.365,0.895,1,0,1,1,1,1,1,-285.0992,24.158,-168.2812,0,1,0,0;
customb,house1,default,1.365,0.895,1,0,1,1,1,1,1,-285.576,24.318,-61.406,0,1,0,0;
customb,house1,default,1.365,0.895,1,0,1,1,1,1,1,-285.5703,24.238,74.24351,0,1,0,0;
customb,house1,default,1.365,0.895,1,0,1,1,1,1,1,-285.5732,24.318,6.709964,0,1,0,0;
customb,house1,default,1.365,0.895,1,0,1,1,1,1,1,-45.451,24.318,142.634,0,1,0,0;
customb,house1,default,1.365,0.895,1,0,1,1,1,1,1,-45.451,24.318,211.296,0,1,0,0;
customb,house1,default,1.365,0.895,1,0,1,1,1,1,1,152.577,24.318,-181.548,0,0.8869056,0,-0.4619508;
customb,house1,default,1.365,0.895,1,0,1,1,1,1,1,162.125,24.318,183.044,0,0.9266735,0,0.3758675;
customb,house1,default,1.365,0.895,1,0,1,1,1,1,1,189.293,24.318,-110.667,0,1,0,0;
customb,house1,default,1.365,0.895,1,0,1,1,1,1,1,189.293,24.318,101.731,0,1,0,0;
customb,house1,default,1.365,0.895,1,0,1,1,1,1,1,270.65,24.318,226.279,0,0.991114,0,0.1330153;
customb,house1,default,1.365,0.895,1,0,1,1,1,1,1,281.241,24.318,-15.572,0,1,0,0;
customb,house1,default,1.365,0.895,1,0,1,1,1,1,1,281.241,24.318,-177.355,0,1,0,0;
customb,house1,default,1.365,0.895,1,0,1,1,1,1,1,281.241,24.318,-96.165,0,1,0,0;
customb,house1,default,1.365,0.895,1,0,1,1,1,1,1,281.241,24.318,147.974,0,1,0,0;
customb,house1,default,1.365,0.895,1,0,1,1,1,1,1,281.241,24.318,65.918,0,1,0,0;
customb,house1,default,1.365,0.895,1,0,1,1,1,1,1,37.429,24.318,142.634,0,1,0,0;
customb,house1,default,1.365,0.895,1,0,1,1,1,1,1,37.429,24.318,211.296,0,1,0,0;
customb,house1,default,1.365,0.895,1.187,0,1,1,1,1,1,-165.117,24.318,-43.489,0,0.7071068,0,-0.7071068;
customb,house1,default,1.365,0.895,1.187,0,1,1,1,1,1,-165.117,24.318,39.644,0,0.7071068,0,-0.7071068;
customb,house1,default,1.365,0.895,1.187,0,1,1,1,1,1,170.039,24.318,-43.489,0,0.7071068,0,-0.7071068;
customb,house1,default,1.365,0.895,1.187,0,1,1,1,1,1,170.039,24.318,39.644,0,0.7071068,0,-0.7071068;
customb,house1,default,1.479,0.91,1.191,0,1,1,1,1,1,-331.0013,24.352,-172.6927,0,0.9882284,0,0.1529859;
customb,house1,default,1.479,0.91,1.191,0,1,1,1,1,1,-336.7038,24.512,-100.8559,0,1,0,0;
customb,house1,default,1.479,0.91,1.191,0,1,1,1,1,1,-337.0446,24.392,-19.95288,0,1,0,0;
customb,house1,default,1.479,0.91,1.191,0,1,1,1,1,1,-385.78,24.552,120.188,0,1,0,0;
customb,house1,default,1.479,0.91,1.191,0,1,1,1,1,1,-394.258,24.07199,41.07679,0,0.9925886,0,-0.1215229;
customb,house1,default,1.479,0.91,1.191,0,1,1,1,1,1,-401.8672,24.352,-173.266,0,0.9983818,0,0.05686705;
customb,house1,default,1.479,0.91,1.191,0,1,1,1,1,1,-366.1598,24.07199,-76.39986,0,0.9992222,0,0.03943423;
customb,house1,default,1.479,0.91,1.191,0,1,1,1,1,1,-436.871,24.552,-173.382,0,1,0,0;
customb,house1,default,1.479,0.91,1.191,0,1,1,1,1,1,-436.871,24.552,-76.256,0,1,0,0;
customb,house1,default,1.479,0.91,1.191,0,1,1,1,1,1,-436.871,24.552,120.188,0,1,0,0;
customb,house1,default,1.479,0.91,1.191,0,1,1,1,1,1,-436.871,24.552,21.966,0,1,0,0;
customb,house1,default,1.479,0.91,1.191,0,1,1,1,1,1,327.644,24.552,-173.382,0,1,0,0;
customb,house1,default,1.479,0.91,1.191,0,1,1,1,1,1,327.644,24.552,-76.256,0,1,0,0;
customb,house1,default,1.479,0.91,1.191,0,1,1,1,1,1,327.644,24.552,120.188,0,1,0,0;
customb,house1,default,1.479,0.91,1.191,0,1,1,1,1,1,327.644,24.552,21.966,0,1,0,0;
customb,house1,default,1.479,0.91,1.191,0,1,1,1,1,1,378.403,24.552,-173.382,0,1,0,0;
customb,house1,default,1.479,0.91,1.191,0,1,1,1,1,1,378.403,24.552,-76.256,0,1,0,0;
customb,house1,default,1.479,0.91,1.191,0,1,1,1,1,1,378.569,24.552,21.966,0,1,0,0;
customb,house1,default,1.479,0.91,1.191,0,1,1,1,1,1,378.734,24.552,120.188,0,1,0,0;
customb,house1,default,1.479,0.91,1.191,0,1,1,1,1,1,427.779,24.552,-173.382,0,1,0,0;
customb,house1,default,1.479,0.91,1.191,0,1,1,1,1,1,427.779,24.552,-76.256,0,1,0,0;
customb,house1,default,1.479,0.91,1.191,0,1,1,1,1,1,427.779,24.552,120.188,0,1,0,0;
customb,house1,default,1.479,0.91,1.191,0,1,1,1,1,1,427.779,24.552,21.966,0,1,0,0;
customb,house1,default,1.479,1.162,1.191,0,1,1,1,1,1,-119.6929,27.67001,-390.3372,0,1,0,0;
customb,house1,default,1.479,1.162,1.191,0,1,1,1,1,1,-88.37902,28.39,-507.6008,0,1,0,0;
customb,house1,default,1.479,1.162,1.191,0,1,1,1,1,1,-151.913,28.59,-408.942,0,1,0,0;
customb,house1,default,1.479,1.162,1.191,0,1,1,1,1,1,-152.0277,28.30999,-490.1147,0,1,0,0;
customb,house1,default,1.479,1.162,1.191,0,1,1,1,1,1,-199.57,28.59,-408.942,0,1,0,0;
customb,house1,default,1.479,1.162,1.191,0,1,1,1,1,1,-230.079,22.94987,-567.7181,0,0.9979156,0.06453232,0;
customb,house1,default,1.479,1.162,1.191,0,1,1,1,1,1,137.566,28.59,-408.942,0,1,0,0;
customb,house1,default,1.479,1.162,1.191,0,1,1,1,1,1,137.566,28.59,-507.634,0,1,0,0;
customb,house1,default,1.479,1.162,1.191,0,1,1,1,1,1,185.94,28.59,-408.942,0,1,0,0;
customb,house1,default,1.479,1.162,1.191,0,1,1,1,1,1,185.94,28.59,-507.634,0,1,0,0;
customb,house1,default,1.479,1.162,1.191,0,1,1,1,1,1,89.909,28.59,-408.942,0,1,0,0;
customb,house1,default,1.479,1.162,1.191,0,1,1,1,1,1,89.909,28.59,-507.634,0,1,0,0;
customb,house1,default,1.489,2.264,1.437,0,1,1,1,1,1,-3.916,46.229,-3.786,0,1,0,0;
customb,house1,default,1.593,1.69,0.7,0,1,1,1,1,1,-148.807,37.047,111.567,0,1,0,0;
customb,house1,default,1.593,1.69,0.7,0,1,1,1,1,1,-149.214,37.047,-121.123,0,1,0,0;
customb,house1,default,1.593,1.69,0.7,0,1,1,1,1,1,139.598,37.047,110.541,0,1,0,0;
customb,house1,default,1.593,1.69,0.7,0,1,1,1,1,1,140.618,37.047,-121.003,0,1,0,0;
customb,house1,default,1.67,0.912,1,0,1,1,1,1,1,-96.271,24.584,-183.839,0,1,0,0;
customb,house1,default,1.67,0.912,1,0,1,1,1,1,1,84.823,24.584,-183.839,0,1,0,0;
customb,house1,default,1.672,0.895,1,0,1,1,1,1,1,-42.871,24.318,-183.839,0,1,0,0;
customb,house1,default,1.672,0.895,1,0,1,1,1,1,1,32.151,24.318,-183.839,0,1,0,0;
customb,house1,default,1.744,0.766,1.13,0,1,1,1,1,1,-277.354,22.256,-326.646,0,0.932492,0,-0.3611906;
customb,house1,default,1.744,0.766,1.13,0,1,1,1,1,1,-337.177,22.256,-272.056,0,0.932492,0,-0.3611906;
customb,house1,default,1.744,0.766,1.13,0,1,1,1,1,1,-329.2075,22.296,-383.5647,0,0.932492,0,-0.3611906;
customb,house1,default,1.744,0.766,1.13,0,1,1,1,1,1,-399.782,22.256,-340.663,0,0.932492,0,-0.3611906;
customb,house1,default,1.744,0.766,1.13,0,1,1,1,1,1,-414.9651,22.176,-477.3454,0,0.932492,0,-0.3611906;
customb,house1,default,1.744,0.766,1.13,0,1,1,1,1,1,-474.8888,22.336,-423.0971,0,0.932492,0,-0.3611906;
customb,house1,default,1.744,0.766,1.13,0,1,1,1,1,1,-463.6387,17.17588,-530.5872,0.02154679,0.9308312,0.05562763,-0.3605478;
customb,house1,default,1.744,0.766,1.13,0,1,1,1,1,1,-526.462,22.256,-479.488,0,0.932492,0,-0.3611906;
customb,house1,default,1.744,0.766,1.13,0,1,1,1,1,1,265.63,22.336,-328.642,0,0.9182112,0,0.3960911;
customb,house1,default,1.744,0.766,1.13,0,1,1,1,1,1,321.275,22.256,-269.799,0,0.9182112,0,0.3960911;
customb,house1,default,1.744,0.766,1.13,0,1,1,1,1,1,321.2724,22.296,-381.1659,0,0.9182112,0,0.3960911;
customb,house1,default,1.744,0.766,1.13,0,1,1,1,1,1,376.9174,22.216,-322.3219,0,0.9182112,0,0.3960911;
customb,house1,default,1.744,0.766,1.13,0,1,1,1,1,1,377.0885,22.176,-433.8554,0,0.9182112,0,0.3960911;
customb,house1,default,1.744,0.766,1.13,0,1,1,1,1,1,432.6756,22.016,-374.9572,0,0.9182112,0,0.3960911;
customb,house1,default,1.744,0.766,1.13,0,1,1,1,1,1,474.374,22.256,-526.043,0,0.9182112,0,0.3960911;
customb,house1,default,1.744,0.766,1.13,0,1,1,1,1,1,530.019,22.256,-467.199,0,0.9182112,0,0.3960911;
customb,house1,default,2.011,1.255,1.1,0,1,1,1,1,1,-50.738,30.088,-335.825,0,1,0,0;
customb,house1,default,2.011,1.255,1.1,0,1,1,1,1,1,-51.09658,29.968,-435.8015,0,1,0,0;
customb,house1,default,2.011,1.255,1.1,0,1,1,1,1,1,-51.188,30.088,-510.608,0,1,0,0;
customb,house1,default,2.011,1.255,1.1,0,1,1,1,1,1,34.574,30.088,-510.608,0,1,0,0;
customb,house1,default,2.011,1.255,1.1,0,1,1,1,1,1,34.8,30.088,-335.825,0,1,0,0;
customb,house1,default,2.011,1.255,1.1,0,1,1,1,1,1,34.8,30.088,-423.841,0,1,0,0;
customb,house1,default,2.349,0.91,1.886,0,1,1,1,1,1,-150.269,24.672,-333.466,0,0.7071068,0,0.7071068;
customb,house1,default,2.349,0.91,1.886,0,1,1,1,1,1,139.21,24.79201,-333.466,0,0.7071068,0,0.7071068;
customb,house1,default,3.686,1.568,1.85,0,1,1,1,1,1,-10.594,35.094,-3.092,0,1,0,0;
customb,tower1,default,1,0.759,1,0,1,1,1,1,1,-41.166,51.729,-68.294,0,1,0,0;
customb,tower1,default,1,0.759,1,0,1,1,1,1,1,-41.923,51.729,60.363,0,1,0,0;
customb,tower1,default,1,0.759,1,0,1,1,1,1,1,42.461,51.729,59.606,0,1,0,0;
customb,tower1,default,1,0.759,1,0,1,1,1,1,1,42.461,51.729,-68.294,0,1,0,0;
customb,tower1,default,2.48,0.371,2.385,0,1,1,1,1,1,321.51,30.393,579.736,0,1,0,0;
customb,tower1,default,2.48,0.373,2.385,0,1,1,1,1,1,-496.98,30.518,328.879,0,1,0,0;
customb,tower1,default,2.48,0.42,2.385,0,1,1,1,1,1,-335.845,33.075,548.608,0,1,0,0;
customb,tower1,default,2.48,0.51,2.385,0,1,1,1,1,1,-330.944,38.037,185.229,0,1,0,0;
customb,tower1,default,2.48,0.51,2.385,0,1,1,1,1,1,416.275,38.034,-535.4,0,1,0,0;
customb,tower1,default,2.48,0.533,2.385,0,1,1,1,1,1,183.374,39.288,357.561,0,1,0,0;
customb,tower1,default,2.48,0.533,2.385,0,1,1,1,1,1,215.468,39.291,-303.548,0,1,0,0;
customb,tower1,default,2.48,0.555,2.385,0,1,1,1,1,1,-398.539,40.541,-524.471,0,1,0,0;
customb,tower1,default,2.48,0.601,2.385,0,1,1,1,1,1,-199.256,43.05,146.86,0,1,0,0;
customb,tower1,default,2.48,0.601,2.385,0,1,1,1,1,1,-496.98,43.051,-383.408,0,1,0,0;
customb,tower1,default,2.48,0.601,2.385,0,1,1,1,1,1,545.798,43.049,-412.73,0,1,0,0;
customb,tower1,default,2.48,0.624,2.385,0,1,1,1,1,1,200.536,44.302,147.308,0,1,0,0;
customb,tower1,default,2.48,0.624,2.385,0,1,1,1,1,1,320.088,44.303,177.331,0,1,0,0;
customb,tower1,default,2.48,0.646,2.385,0,1,1,1,1,1,-108.312,45.556,350.852,0,1,0,0;
customb,tower1,default,2.48,0.646,2.385,0,1,1,1,1,1,-220.514,45.557,-303.548,0,1,0,0;
customb,tower1,default,2.48,0.669,2.385,0,1,1,1,1,1,-199.256,46.81,-150.427,0,1,0,0;
customb,tower1,default,2.48,0.783,2.385,0,1,1,1,1,1,200.397,53.077,-150.427,0,1,0,0;
customb,tower1,default,2.48,0.852,2.385,0,1,1,1,1,1,429.543,56.837,497.338,0,1,0,0;
custom,pillar1,default,4,0.1,4,0,1,1,1,1.0,1.0,-2.400209,10.11568,-560.3259,0,0.9999973,0,0.002340629;
customb,house1,default,1,0.6,1,0,1,1,1,1,1,217.8155,19.638322,453.1814,0,-0.016414,0,0.9998653;
customb,house1,default,1,0.6,1,0,1,1,1,1,1,-288.2834,19.177635,414.4238,0,-0.0008133,0,0.9999997;
customb,house1,default,1.5,0.9,1.2,0,1,1,1,1,1,-337.1049,24.78279,119.8937,0,0.9999974,0,0.0022604;
customb,house1,default,1,0.6,1,0,1,1,1,1,1,-494.0628,19.107579,84.40763,0,0.9999995,0,-0.0009892;
customb,house1,default,1,0.6,1,0,1,1,1,1,1,-255.9945,19.129844,-430.3184,0,1,0,-0.0001485;
spawnpoint,titan,-66.86816,22.2505,-131.0714,0,0,0,1;
spawnpoint,titan,-69.62139,26.33748,43.73843,0,0,0,1;
spawnpoint,titan,-167.126,22.87813,-6.512352,0,0,0,1;
spawnpoint,titan,55.72274,22.97455,-126.3325,0,0,0,1;
spawnpoint,titan,67.9489,22.24349,89.0145,0,0,0,1;
spawnpoint,titan,172.101,26.61591,-8.184544,0,0,0,1;
spawnpoint,titan,-142.8271,23.1687,267.5121,0,0,0,1;
spawnpoint,titan,1.568989,26.51988,277.7758,0,0,0,1;
spawnpoint,titan,200.3878,32.27983,254.4868,0,0,0,1;
spawnpoint,titan,-377.8481,13.810467,68.01484,0,0,0,1;
spawnpoint,titan,-208.5553,20.62711,421.7258,0,0,0,1;
spawnpoint,titan,-273.8312,24.09379,570.3094,0,0,0,1;
spawnpoint,titan,-481.252,23.19721,383.1521,0,0,0,1;
spawnpoint,titan,-3.092647,16.433617,533.4126,0,0,0,1;
spawnpoint,titan,-0.4774712,19.467499,615.559,0,0,0,1;
spawnpoint,titan,361.0801,23.67493,507.9611,0,0,0,1;
spawnpoint,titan,459.2102,15.218475,537.4586,0,0,0,1;
spawnpoint,titan,392.4635,27.41096,403.8609,0,0,0,1;
spawnpoint,titan,388.9539,20.33827,197.2674,0,0,0,1;
spawnpoint,titan,319.5822,19.829053,280.3834,0,0,0,1;
spawnpoint,titan,467.4715,24.09721,58.70765,0,0,0,1;
spawnpoint,titan,468.6282,29.88495,24.59393,0,0,0,1;
spawnpoint,titan,422.8264,28.16087,190.3936,0,0,0,1;
spawnpoint,titan,382.0954,18.753269,-283.3909,0,0,0,1;
spawnpoint,titan,469.6884,14.028365,-473.7144,0,0,0,1;
spawnpoint,titan,117.072,16.574913,-176.8245,0,0,0,1;
spawnpoint,titan,-2.146477,18.13341,69.27122,0,0,0,1;
spawnpoint,titan,292.4528,18.934504,-445.3923,0,0,0,1;
spawnpoint,titan,-356.6053,19.20901,-564.4414,0,0,0,1;
spawnpoint,titan,-329.9554,20.28758,-336.394,0,0,0,1;
spawnpoint,titan,-381.2267,21.17109,-392.1897,0,0,0,1;
spawnpoint,titan,-429.7804,14.244596,-445.1651,0,0,0,1;
spawnpoint,titan,-487.7249,16.17516,-506.4124,0,0,0,1;
spawnpoint,titan,-435.3701,16.30741,-128.8673,0,0,0,1;
spawnpoint,titan,-484.4058,18.841315,-172.4502,0,0,0,1;
spawnpoint,titan,-545.8197,27.79724,310.7743,0,0,0,1;
spawnpoint,titan,-323.9818,19.994554,66.90705,0,0,0,1;
spawnpoint,titan,-460.5862,16.556659,368.1019,0,0,0,1;
spawnpoint,titan,201.512,14.09118,526.5078,0,0,0,1;
spawnpoint,playerC,-15,20.06002,-555,0,0,0,1;
spawnpoint,playerC,-15,20.02009,-550,0,0,0,1;
spawnpoint,playerC,-15,20.18003,-540,0,0,0,1;
spawnpoint,playerM,0,20.18008,-555,0,0,0,1;
spawnpoint,playerM,0,19.86004,-550,0,0,0,1;
spawnpoint,playerM,0,20.30004,-540,0,0,0,1;
spawnpoint,playerC,15,20.10007,-555,0,0,0,1;
spawnpoint,playerM,15,20.10002,-550,0,0,0,1;
spawnpoint,playerC,15,20.18002,-540,0,0,0,1;
custom,cuboid,wallmat,16.56326,10,2,1,1,1,1,7.459428,7,147.0305,59.13091,654.7849,0,0.0414083,0,0.9991423;
custom,cuboid,wallmat,16.56326,0.7082796,0.3969502,1,1,1,1,7.459428,0.4957957,146.4905,111.2237,648.2811,0.2560502,0.0400254,-0.0106117,0.9657762;
custom,cuboid,wallmat,16.56326,5.509481,5.509481,1,1,1,1,7.459428,3.856637,148.756,297.7702,675.567,0,0.0414083,0,0.9991423;
custom,cuboid,wallmat,16.56326,27.60892,3,1,1,1,1,7.459428,19.32624,147.7263,144.5172,663.1646,0.0002609,0.0414083,-0.0000108,0.9991423;
custom,cuboid,wallmat,16.56326,27.60892,3,1,1,1,1,7.459428,19.32624,149.7942,136.8069,688.0713,-0.0002598,0.0414083,0.0000108,0.9991423;
custom,cuboid,wallmat,22.08408,10,2,1,1,1,1,9.945784,7,345.1223,59.13091,623.5757,0,0.1052547,0,0.9944453;
custom,cuboid,wallmat,22.08408,0.7082796,0.3969502,1,1,1,1,9.945784,0.4957957,343.7563,111.2237,617.1943,0.2548461,0.1017397,-0.0269736,0.9612362;
custom,cuboid,wallmat,22.08408,5.509481,5.509481,1,1,1,1,9.945784,3.856637,349.4879,297.7702,643.9673,0,0.1052547,0,0.9944453;
custom,cuboid,wallmat,22.08408,27.60892,3,1,1,1,1,9.945784,19.32624,346.8825,144.5172,631.7979,0.0002597,0.1052547,-0.0000275,0.9944453;
custom,cuboid,wallmat,22.08408,27.60892,3,1,1,1,1,9.945784,19.32624,352.1144,136.8069,656.2368,-0.0002586,0.1052547,0.0000274,0.9944453;
custom,cuboid,wallmat,19.62442,10,2,1,1,1,1,8.838052,7,516.1893,59.13091,537.8285,0,0.3637272,0,0.9315056;
custom,cuboid,wallmat,19.62442,0.7082796,0.3969502,1,1,1,1,8.838052,0.4957957,511.7672,111.2237,533.0284,0.2387162,0.351581,-0.0932118,0.9003982;
custom,cuboid,wallmat,19.62442,5.509481,5.509481,1,1,1,1,8.838052,3.856637,530.3196,297.563,553.1627,0,0.3637272,0,0.9315056;
custom,cuboid,wallmat,19.62442,27.60892,3,1,1,1,1,8.838052,19.32624,521.8873,144.3101,544.0131,0.0002432,0.3637272,-0.000095,0.9315055;
custom,cuboid,wallmat,19.62442,27.60892,3,1,1,1,1,8.838052,19.32624,538.8226,136.5998,562.3913,-0.0002422,0.3637272,0.0000946,0.9315055;
custom,cuboid,wallmat,20.52936,10,2,1,1,1,1,9.245601,7,598.7758,59.13091,383.5066,0,0.6297499,0,0.776798;
custom,cuboid,wallmat,20.52936,0.7082796,0.3969502,1,1,1,1,9.245601,0.4957957,592.3903,111.2237,382.156,0.1990695,0.6087205,-0.1613853,0.7508566;
custom,cuboid,wallmat,20.52936,5.509481,5.509481,1,1,1,1,9.245601,3.856637,619.1768,297.7702,387.8187,0,0.6297499,0,0.776798;
custom,cuboid,wallmat,20.52936,27.60892,3,1,1,1,1,9.245601,19.32624,607.0028,144.5172,385.2464,0.0002028,0.6297499,-0.0001644,0.776798;
custom,cuboid,wallmat,20.52936,27.60892,3,1,1,1,1,9.245601,19.32624,631.4537,136.8069,390.4144,-0.000202,0.6297499,0.0001637,0.776798;
custom,cuboid,wallmat,21.37911,10,2,1,1,1,1,9.628294,7,620.9766,59.13091,174.434,0,0.70167,0,0.7125022;
custom,cuboid,wallmat,21.37911,0.7082796,0.3969502,1,1,1,1,9.628294,0.4957957,614.4509,111.2237,174.3334,0.1825924,0.6782387,-0.1798161,0.6887078;
custom,cuboid,wallmat,21.37911,5.509481,5.509481,1,1,1,1,9.628294,3.856637,641.826,297.7702,174.7528,0,0.70167,0,0.7125022;
custom,cuboid,wallmat,21.37911,27.60892,3,1,1,1,1,9.628294,19.32624,629.3846,144.5172,174.5634,0.0001861,0.70167,-0.0001832,0.7125021;
custom,cuboid,wallmat,21.37911,27.60892,3,1,1,1,1,9.628294,19.32624,654.3726,136.8069,174.9454,-0.0001853,0.70167,0.0001824,0.7125021;
custom,cuboid,wallmat,22.19176,10,2,1,1,1,1,9.994279,7,619.3768,59.13091,-52.80793,0,0.7027563,0,0.7114307;
custom,cuboid,wallmat,22.19176,0.7082796,0.3969502,1,1,1,1,9.994279,0.4957957,612.8508,111.2237,-52.88859,0.1823178,0.6792887,-0.1800945,0.6876722;
custom,cuboid,wallmat,22.19176,6.277,6.277,1,1,1,1,9.994279,4.3939,644.2383,293.9326,-52.50352,0,0.7027563,0,0.7114307;
custom,cuboid,wallmat,22.19176,27.60892,3,1,1,1,1,9.994279,19.32624,627.7853,144.5172,-52.70427,0.0001858,0.7027563,-0.0001835,0.7114306;
custom,cuboid,wallmat,22.19176,27.60892,3,1,1,1,1,9.994279,19.32624,660.6536,143.3916,-52.30016,-0.000185,0.7027563,0.0001827,0.7114306;
custom,cuboid,wallmat,22.19176,10,2,1,1,1,1,9.994279,7,617.5196,59.13091,-274.0862,0,0.7027563,0,0.7114307;
custom,cuboid,wallmat,22.19176,0.7082796,0.3969502,1,1,1,1,9.994279,0.4957957,610.9937,111.2237,-274.1669,0.1823178,0.6792887,-0.1800945,0.6876722;
custom,cuboid,wallmat,22.19176,7.049177,7.049177,1,1,1,1,9.994279,4.934424,646.1835,290.0717,-273.7353,0,0.7027563,0,0.7114307;
custom,cuboid,wallmat,22.19176,27.60892,3,1,1,1,1,9.994279,19.32624,625.8625,144.4793,-273.9825,0.0001858,0.7027563,-0.0001835,0.7114306;
custom,cuboid,wallmat,22.19176,27.60892,3,1,1,1,1,9.994279,19.32624,666.454,135.6749,-273.4845,-0.000185,0.7027563,0.0001827,0.7114306;
custom,cuboid,wallmat,22.90403,10,2,1,1,1,1,10.31506,7,616.2155,59.13091,-501.2096,0,0.7027563,0,0.7114307;
custom,cuboid,wallmat,22.90403,0.7082796,0.3969502,1,1,1,1,10.31506,0.4957957,609.6896,111.2237,-501.2906,0.1823178,0.6792887,-0.1800945,0.6876722;
custom,cuboid,wallmat,22.90403,7.770133,7.770133,1,1,1,1,10.31506,5.439093,648.5427,286.4669,-500.814,0,0.7027563,0,0.7114307;
custom,cuboid,wallmat,22.90403,27.60892,3,1,1,1,1,10.31506,19.32624,624.6241,144.3862,-501.106,0.0001858,0.7027563,-0.0001835,0.7114306;
custom,cuboid,wallmat,22.90403,27.60892,3,1,1,1,1,10.31506,19.32624,672.4612,142.8236,-500.5184,-0.000185,0.7027563,0.0001827,0.7114306;
custom,cuboid,wallmat,20.80613,10,2,1,1,1,1,9.370247,7,-171.7849,59.13091,651.2981,0,-0.0505336,0,0.9987224;
custom,cuboid,wallmat,20.80613,0.7082796,0.3969502,1,1,1,1,9.370247,0.4957957,-171.1261,111.2237,644.8057,0.2559428,-0.0488461,0.0129503,0.9653702;
custom,cuboid,wallmat,20.80613,5.509481,5.509481,1,1,1,1,9.370247,3.856637,-173.8894,297.7702,672.0453,0,-0.0505336,0,0.9987224;
custom,cuboid,wallmat,20.80613,27.60892,3,1,1,1,1,9.370247,19.32624,-172.6336,144.5172,659.6642,0.0002608,-0.0505337,0.0000132,0.9987224;
custom,cuboid,wallmat,20.80613,27.60892,3,1,1,1,1,9.370247,19.32624,-175.1562,136.8069,684.5287,-0.0002597,-0.0505337,-0.0000131,0.9987224;
custom,cuboid,wallmat,18.31167,10,2,1,1,1,1,8.246841,7,-358.5405,59.13091,607.8851,0,-0.1988206,0,0.9800359;
custom,cuboid,wallmat,18.31167,0.7082796,0.3969502,1,1,1,1,8.246841,0.4957957,-355.9975,111.2237,601.8752,0.2511535,-0.1921812,0.0509518,0.9473079;
custom,cuboid,wallmat,18.31167,5.509481,5.509481,1,1,1,1,8.246841,3.856637,-366.6667,297.7702,627.0905,0,-0.1988206,0,0.9800359;
custom,cuboid,wallmat,18.31167,27.60892,3,1,1,1,1,8.246841,19.32624,-361.8176,144.5172,615.6298,0.0002559,-0.1988206,0.0000519,0.9800359;
custom,cuboid,wallmat,18.31167,27.60892,3,1,1,1,1,8.246841,19.32624,-371.5569,136.8069,638.6463,-0.0002548,-0.1988206,-0.0000517,0.9800359;
custom,cuboid,wallmat,17.03074,10,2,1,1,1,1,7.669962,7,-493.1897,59.13091,515.9749,0,-0.4064296,0,0.9136822;
custom,cuboid,wallmat,17.03074,0.7082796,0.3969502,1,1,1,1,7.669962,0.4957957,-488.3432,111.2237,511.6047,0.2341487,-0.3928572,0.1041556,0.8831701;
custom,cuboid,wallmat,17.03074,5.509481,5.509481,1,1,1,1,7.669962,3.856637,-508.6774,297.7702,529.9395,0,-0.4064296,0,0.9136822;
custom,cuboid,wallmat,17.03074,27.60892,3,1,1,1,1,7.669962,19.32624,-499.4353,144.5172,521.6059,0.0002386,-0.4064296,0.0001061,0.9136821;
custom,cuboid,wallmat,17.03074,27.60892,3,1,1,1,1,7.669962,19.32624,-517.9968,136.8069,538.3417,-0.0002376,-0.4064296,-0.0001057,0.9136821;
custom,cuboid,wallmat,17.79668,10,2,1,1,1,1,8.014911,7,-578.1296,59.13091,375.0103,0,-0.5642313,0,0.8256168;
custom,cuboid,wallmat,17.79668,0.7082796,0.3969502,1,1,1,1,8.014911,0.4957957,-572.0496,111.2237,372.6394,0.2115799,-0.5453894,0.1445952,0.7980455;
custom,cuboid,wallmat,17.79668,5.681647,5.681647,1,1,1,1,8.014911,3.977153,-598.5216,296.9095,382.9623,0,-0.5642313,0,0.8256168;
custom,cuboid,wallmat,17.79668,27.60892,3,1,1,1,1,8.014911,19.32624,-585.9637,144.5172,378.0651,0.0002156,-0.5642312,0.0001473,0.8256168;
custom,cuboid,wallmat,17.79668,27.60892,3,1,1,1,1,8.014911,19.32624,-611.0717,135.1086,387.8555,-0.0002146,-0.5642312,-0.0001466,0.8256168;
custom,cuboid,wallmat,19.97924,10,2,1,1,1,1,8.997849,7,-611.038,59.13091,194.095,0,-0.7071068,0,0.7071068;
custom,cuboid,wallmat,19.97924,0.7082796,0.3969502,1,1,1,1,8.997849,0.4957957,-604.5121,111.2237,194.0949,0.1812094,-0.6834936,0.1812097,0.683493;
custom,cuboid,wallmat,19.97924,5.681647,5.681647,1,1,1,1,8.997849,3.977153,-632.9256,296.9095,194.0956,0,-0.7071068,0,0.7071068;
custom,cuboid,wallmat,19.97924,27.60892,3,1,1,1,1,8.997849,19.32624,-619.4466,144.5172,194.0951,0.0001846,-0.7071067,0.0001846,0.7071068;
custom,cuboid,wallmat,19.97924,27.60892,3,1,1,1,1,8.997849,19.32624,-646.3959,135.1086,194.0952,-0.0001838,-0.7071067,-0.0001838,0.7071068;
custom,cuboid,wallmat,21.46704,10,2,1,1,1,1,9.667893,7,-607.6556,59.13091,-21.24308,0,-0.7071068,0,0.7071068;
custom,cuboid,wallmat,21.46704,0.7082796,0.3969502,1,1,1,1,9.667893,0.4957957,-601.1297,111.2238,-21.24319,0.1812094,-0.6834936,0.1812097,0.683493;
custom,cuboid,wallmat,21.46704,6.268775,6.268775,1,1,1,1,9.667893,4.388142,-632.4661,294.0763,-21.24249,0,-0.7071068,0,0.7071068;
custom,cuboid,wallmat,21.46704,27.60892,3,1,1,1,1,9.667893,19.32624,-616.0642,144.5172,-21.24299,0.0001846,-0.7071067,0.0001846,0.7071068;
custom,cuboid,wallmat,21.46704,27.60892,3,1,1,1,1,9.667893,19.32624,-648.8794,143.6209,-21.24288,-0.0001838,-0.7071067,-0.0001838,0.7071068;
custom,cuboid,wallmat,23.84661,10,2,1,1,1,1,10.73956,7,-603.7736,59.13091,-259.3195,0,-0.7071068,0,0.7071068;
custom,cuboid,wallmat,23.84661,0.7082796,0.3969502,1,1,1,1,10.73956,0.4957957,-597.2477,111.2238,-259.3196,0.1812094,-0.6834936,0.1812097,0.683493;
custom,cuboid,wallmat,23.84661,6.851729,6.851729,1,1,1,1,10.73956,4.79621,-631.5067,291.1615,-259.3189,0,-0.7071068,0,0.7071068;
custom,cuboid,wallmat,23.84661,27.60892,3,1,1,1,1,10.73956,19.32624,-612.1822,144.5125,-259.3194,0.0001846,-0.7071067,0.0001846,0.7071068;
custom,cuboid,wallmat,23.84661,27.60892,3,1,1,1,1,10.73956,19.32624,-650.831,137.7741,-259.3193,-0.0001838,-0.7071067,-0.0001838,0.7071068;
custom,cuboid,wallmat,22.8954,10,2,1,1,1,1,10.31117,7,-599.2862,59.13091,-498.7627,0,-0.7071068,0,0.7071068;
custom,cuboid,wallmat,22.8954,0.7082796,0.3969502,1,1,1,1,10.31117,0.4957957,-592.7603,111.2238,-498.7628,0.1812094,-0.6834936,0.1812097,0.683493;
custom,cuboid,wallmat,22.8954,7.569322,7.569322,1,1,1,1,10.31117,5.298525,-630.6061,287.5735,-498.7621,0,-0.7071068,0,0.7071068;
custom,cuboid,wallmat,22.8954,27.60892,3,1,1,1,1,10.31117,19.32624,-607.6948,144.5125,-498.7625,0.0001846,-0.7071067,0.0001846,0.7071068;
custom,cuboid,wallmat,22.8954,27.60892,3,1,1,1,1,10.31117,19.32624,-653.5151,144.8881,-498.7625,-0.0001838,-0.7071067,-0.0001838,0.7071068;
custom,cuboid,wallmat,8.117086,8.117086,8.117086,1,1,1,1,3.65561,5.68196,648.2106,284.9235,-653.7652,0,1,0,0;
custom,cuboid,wallmat,8.117086,24.50226,8.117086,1,1,1,1,3.65561,17.15158,648.2106,124.0027,-653.7652,0,1,0,0;
custom,cuboid,wallmat,54.80585,10,2,1,1,1,1,24.68236,7,337.3532,59.13091,-619.6983,0,1,0,0;
custom,cuboid,wallmat,54.80585,0.7082796,0.3969502,1,1,1,1,24.68236,0.4957957,337.3532,111.2237,-613.172,0,0.9666052,-0.2562701,0;
custom,cuboid,wallmat,54.80585,8.116185,8.116185,1,1,1,1,24.68236,5.681329,337.3532,284.7322,-653.7584,0,1,0,0;
custom,cuboid,wallmat,54.80585,27.60892,3,1,1,1,1,24.68236,19.32624,337.3532,144.4292,-628.1071,0,1,-0.0002611,0;
custom,cuboid,wallmat,54.80585,27.60892,3,1,1,1,1,24.68236,19.32624,337.3532,139.3561,-679.41,0,1,0.00026,0;
custom,cuboid,wallmat,52.18465,10,2,1,1,1,1,23.50187,7,-331.9482,59.13091,-619.6983,0,1,0,0;
custom,cuboid,wallmat,52.18465,0.7082796,0.3969502,1,1,1,1,23.50187,0.4957957,-331.9482,111.2237,-613.172,0,0.9666052,-0.2562701,0;
custom,cuboid,wallmat,52.18465,8.116185,8.116185,1,1,1,1,23.50187,5.681329,-331.9482,284.8383,-653.7584,0,1,0,0;
custom,cuboid,wallmat,52.18465,27.60892,3,1,1,1,1,23.50187,19.32624,-331.9482,144.5356,-628.1071,0,1,-0.0002611,0;
custom,cuboid,wallmat,52.18465,27.60892,3,1,1,1,1,23.50187,19.32624,-331.9482,139.4625,-679.41,0,1,0.00026,0;
custom,cuboid,wallmat,8.117086,8.117086,8.117086,1,1,1,1,3.65561,5.68196,-627.8691,285.1248,-653.7681,0,1,0,0;
custom,cuboid,wallmat,8.117086,24.50226,8.117086,1,1,1,1,3.65561,17.15158,-627.8691,124.2043,-653.7681,0,1,0,0;
custom,wall3,bombexplosiontex,1.960035,2.271532,0.25,1,1,1,1,0.0001,0.0001,-5.49048,9.8012644,658.0291,0.0052957,0,0,0.999986;
custom,cuboid,default,3.118164,15.62457,5.380485,1,0,0,0,1,1,40.41213,60.00948,682.7016,0,0,0.1167081,0.9931663;
custom,cuboid,default,1.75,5.885272,5.380485,1,0,0,0,1,1,3.877765,122.1924,682.7016,1e-7,-1e-7,0.5470769,0.8370824;
custom,cuboid,default,2.245101,4.04799,5.380485,1,0,0,0,1,1,-30.29931,121.0792,682.7016,0,-2e-7,0.8831542,0.4690828;
custom,cuboid,default,1.791798,13.32047,5.380485,1,0,0,0,1,1,-49.78166,70.03099,682.7016,0,6e-7,-0.0845223,0.9964216;
custom,cuboid,default,3.118164,5.468761,5.380485,1,0,0,0,1,1,40.41213,101.88693,682.7016,0,0,0,1;
custom,cuboid,default,3.118164,5.468761,5.380485,1,0,0,0,1,1,-58.42032,101.88693,682.7016,0,0,0,1;
custom,cuboid,default,12.29209,0.2,0.2,1,0.2078431,0.1803922,0.1176471,1,1,-4.187537,121.7962,655.9813,0,0,0,1;
custom,arch1,gatemat,1.133851,23.56376,2.594,1,1,1,1,0.6145,7.795,-23.53654,225.001,664.2693,-0.5,-0.5,-0.5,0.5;
custom,cuboid,default,12.29209,0.2,0.2,1,0.2078431,0.1803922,0.1176471,1,1,-4.187537,324.3081,655.9813,0,0,0,1;
custom,cuboid,wallmat,13.22278,5.297,5.297,1,1,1,1,5.95501,3.7079,-3.117593,298.8232,683.465,0,1,0,0;
custom,cuboid,wallmat,13.22278,15.3461,2,1,1,1,1,5.95501,10.74227,-3.117593,205.758,699.95,0,1,0,0;
custom,tower1,gatemat,6.982711,1.764267,5.241186,1,1,1,1,3.187,1.118,44.21965,-51.99105,-621.4923,0.7071068,0,-0.7071068,0;
custom,tower1,gatemat,1,0.2899623,5.239121,1,1,1,1,0.97,0.13,44.95105,43.779,-613.1054,0.5,0.5,-0.5,-0.5;
custom,cuboid,default,0.0817285,4,1,1,0.2078431,0.1803922,0.1176471,1,1,15.4836,27.10558,-601.8187,0,0,0,1;
custom,tower1,gatemat,6.982711,1.764267,-5.241186,1,1,1,1,3.187,1.118,-49.67404,-51.99105,-621.4832,0.7071068,0,-0.7071068,0;
custom,tower1,gatemat,1,0.2899623,5.239121,1,1,1,1,0.97,0.13,-27.95608,43.77315,-613.0979,0.5,0.5,-0.5,-0.5;
custom,cuboid,default,0.0817285,4,1,1,0.2078431,0.1803922,0.1176471,1,1,-20.96622,27.10558,-601.8187,0,0,0,1;
custom,tower1,gatemat,-6.982711,1.6803,5.486205,1,1,1,1,3.755,1.1224,-14.88921,-51.31166,-626.3864,-0.7071049,0.0016728,-0.7071049,-0.0016728;
custom,tower1,gatemat,1,0.2899623,5.528307,1,1,1,1,0.97,0.13,9.421571,39.63013,-617.9986,0.5011815,0.4988157,-0.4988157,-0.5011815;
custom,tower1,gatemat,6.982711,2.099105,5.241186,1,1,1,1,3.187,1.21,44.21965,-42.81792,-625.3721,0.7071068,0,-0.7071068,0;
custom,tower1,gatemat,1,0.2899623,5.239121,1,1,1,1,0.97,0.13,44.95105,71.76263,-616.9836,0.5,0.5,-0.5,-0.5;
custom,cuboid,default,0.0817285,3.5,1,1,0.2078431,0.1803922,0.1176471,1,1,15.4836,57.57246,-605.785,0,0,0,1;
custom,tower1,gatemat,6.982711,2.099105,-5.241186,1,1,1,1,3.187,1.21,-49.67404,-42.81792,-625.3808,0.7071068,0,-0.7071068,0;
custom,tower1,gatemat,1,0.2899623,5.239121,1,1,1,1,0.97,0.13,-27.95608,71.76078,-616.9938,0.5,0.5,-0.5,-0.5;
custom,cuboid,default,0.0817285,3.5,1,1,0.2078431,0.1803922,0.1176471,1,1,-20.96622,57.57246,-605.7488,0,0,0,1;
custom,tower1,gatemat,6.982711,2.092586,-18.77706,1,1,1,1,11.235,1.354,-42.65261,-0.85476,-629.7511,0.7071068,0,-0.7071068,0;
custom,tower1,gatemat,1,0.4415875,19.10938,1,1,1,1,0.97,0.13,38.50166,113.3596,-629.8801,0.5,0.5,-0.5,-0.5;
custom,cuboid,gatemat,29.92484,13.22278,1,1,1,1,1,0.445,-0.25,-3.117593,173.6843,-618.2089,0,0,-0.7071068,0.7071068;
custom,cuboid,default,13.22278,0.2,0.2,1,0.2078431,0.1803922,0.1176471,1,1,-3.117593,324.3081,-614.2089,0,0,0,1;
custom,cuboid,wallmat,13.22278,7.916185,7.916185,1,1,1,1,5.95501,5.541329,-3.117593,285.7273,-654.7901,0,1,0,0;
custom,cuboid,wallmat,13.22278,27.60892,3,1,1,1,1,5.95501,19.32624,-3.117593,141.338,-679.5998,0,0.9999995,0.0010249,0;
custom,cuboid,wallmat,1.65,1,5.65,0,1,1,1,0.7430938,2.544533,-65.96421,322.4582,682.6311,0,0.0020367,0,-0.9999979;
custom,cuboid,wallmat,1.65,1,5.65,0,1,1,1,0.7430938,2.544533,58.84448,322.4582,682.7162,0,-0.0094823,0,-0.9999551;
custom,cuboid,wallmat,1.65,1,5.65,0,1,1,1,0.7430938,2.544533,238.5478,322.4582,667.8817,0,-0.0635449,0,-0.997979;
custom,cuboid,wallmat,1.65,1,5.75,0,1,1,1,0.7430938,4.025,-282.3498,322.4582,661.223,0,0.0872133,0,-0.9961897;
custom,cuboid,wallmat,1.65,1,6.25,0,1,1,1,0.7430938,4.375,-451.9801,322.4582,590.5215,0,0.3064156,0,-0.9518979;
custom,cuboid,wallmat,1.65,1,6.25,0,1,1,1,0.7430938,4.375,457.8261,322.4582,620.5127,0,-0.2436719,0,-0.9698578;
custom,cuboid,wallmat,1.65,1,5.85,0,1,1,1,0.7430938,4.095,596.665,322.4582,488.2224,0,-0.5346983,0,-0.8450431;
custom,cuboid,wallmat,1.65,1,6.25,0,1,1,1,0.7430938,4.375,-564.8445,322.4582,466.7638,0,0.4894354,0,-0.8720396;
custom,cuboid,wallmat,1.65,1,6.25,0,1,1,1,0.7430938,4.375,-632.338,322.4582,295.7348,0,0.6209226,0,-0.7838719;
custom,cuboid,wallmat,1.65,1,5.75,0,1,1,1,0.7430938,4.025,640.033,322.4582,287.3714,0,-0.6717668,0,-0.7407628;
custom,cuboid,wallmat,1.65,1,6.5,0,1,1,1,0.7430938,4.55,641.9648,322.4582,61.8922,0,-0.7066571,0,-0.7075562;
custom,cuboid,wallmat,1.65,1,6.5,0,1,1,1,0.7430938,4.55,-632.9323,322.4582,89.26493,0,-0.7046785,0,-0.7095268;
custom,cuboid,wallmat,1.65,1,6.95,0,1,1,1,0.7430938,4.865,-631.6327,322.4582,-135.1136,0,-0.7064101,0,-0.7078028;
custom,cuboid,wallmat,1.65,1,7.05,0,1,1,1,0.7430938,4.935,645.1453,322.4582,-165.7356,0,-0.7064101,0,-0.7078028;
custom,cuboid,wallmat,1.65,1,7.85,0,1,1,1,0.7430938,5.495,646.6636,322.4582,-385.4961,0,-0.7064101,0,-0.7078028;
custom,cuboid,wallmat,1.65,1,7.55,0,1,1,1,0.7430938,5.285,-630.4433,322.4582,-384.6547,0,-0.7064101,0,-0.7078028;
custom,cuboid,wallmat,1.65,1,8.35,0,1,1,1,0.7430938,5.845,-64.6493,322.4582,-653.0157,0,-0.0028561,0,-0.9999959;
custom,cuboid,wallmat,1.65,1,8.35,0,1,1,1,0.7430938,5.845,59.96503,322.4582,-653.7946,0,0.0037761,0,-0.9999929;
custom,cuboid,wallmat,1.65,33.5,8.35,0,1,1,1,0.7430938,23.45,59.68714,156.5206,-639.0594,0.0418754,0.0037728,0.0001581,-0.9991157;
custom,cuboid,wallmat,1.65,33.5,8.35,0,1,1,1,0.7430938,23.45,60.05256,156.5206,-666.7793,-0.0366435,0.0037719,0.0001779,-0.9993213;
custom,cuboid,wallmat,1.65,33.5,8.35,0,1,1,1,0.7430938,23.45,-64.68714,156.5206,-638.0594,0.0418754,0.0037728,0.0001581,-0.9991157;
custom,cuboid,wallmat,1.65,33.5,8.35,0,1,1,1,0.7430938,23.45,-65.05256,156.5206,-665.7793,-0.0366435,0.0037719,0.0001779,-0.9993213;
custom,cuboid,wallmat,1.65,33.5,5.65,0,1,1,1,0.7430938,23.45,59.14134,156.5206,692.288,0.0279215,0.0037746,0.0001054,-0.999603;
custom,cuboid,wallmat,1.65,33.5,5.65,0,1,1,1,0.7430938,23.45,57.8697,156.5206,672.6274,-0.0303639,0.0037707,0.0002016,-0.9995318;
custom,cuboid,wallmat,1.65,33.5,5.65,0,1,1,1,0.7430938,23.45,-66.17822,156.5206,692.1831,0.0314106,0.0037742,0.0001186,-0.9994994;
custom,cuboid,wallmat,1.65,33.5,5.65,0,1,1,1,0.7430938,23.45,-65.94096,156.5206,671.8787,-0.0324573,0.0037711,0.0001937,-0.999466;
custom,cuboid,wallmat,1.65,33.5,5.65,0,1,1,1,0.7430938,23.45,237.8435,156.5206,660.6479,-0.021945,-0.0635296,0.0013973,-0.9977376;
custom,cuboid,wallmat,1.65,33.5,5.75,0,1,1,1,0.7430938,23.45,-281.3123,156.5206,654.3336,-0.0201673,0.0871956,-0.0017656,-0.9959855;
custom,cuboid,wallmat,1.65,33.5,5.65,0,1,1,1,0.7430938,23.45,238.1065,156.5206,675.3143,0.0229898,-0.0635311,0.0013308,-0.9977142;
custom,cuboid,wallmat,1.65,33.5,5.75,0,1,1,1,0.7430938,23.45,-282.4763,156.5206,669.3098,0.0229485,0.0872002,-0.0015221,-0.9959253;
custom,cuboid,wallmat,1.65,33.5,6.25,0,1,1,1,0.7430938,23.45,-448.7608,156.5206,585.7935,-0.0162807,0.3063711,-0.0052407,-0.9517585;
custom,cuboid,wallmat,1.65,33.5,6.25,0,1,1,1,0.7430938,23.45,454.1326,156.5206,614.617,-0.0203112,-0.2436183,0.0051031,-0.9696451;
custom,cuboid,wallmat,1.65,33.5,6.25,0,1,1,1,0.7430938,23.45,-456.5965,156.5206,596.7242,0.02347556,0.3066643,0.007706855,-0.951497;
custom,cuboid,wallmat,1.75,33.4,6.15,0,1,1,1,2.634605,23.38,-456.5965,156.5206,596.7242,0.02347556,0.3066643,0.007706855,-0.951497;
custom,cuboid,wallmat,1.65,33.5,5.85,0,1,1,1,0.7430938,23.45,592.2255,156.5206,486.1104,-0.0132734,-0.5346324,0.0083987,-0.8449388;
custom,cuboid,wallmat,1.65,33.5,6.25,0,1,1,1,0.7430938,23.45,-560.1768,156.5206,464.1847,-0.0146105,0.4893667,-0.0082002,-0.8719172;
custom,cuboid,wallmat,1.65,33.5,5.85,0,1,1,1,0.7430938,23.45,604.0165,156.5206,491.2078,0.0209411,-0.5345343,-0.0132504,-0.8447834;
custom,cuboid,wallmat,1.65,33.5,6.25,0,1,1,1,0.7430938,23.45,-571.8198,156.5206,470.8657,0.0219144,0.4892808,0.0122996,-0.8717642;
custom,cuboid,wallmat,1.65,33.5,6.25,0,1,1,1,0.7430938,23.45,-626.3113,156.5206,294.2745,-0.013954,0.6208243,-0.0110533,-0.7837477;
custom,cuboid,wallmat,1.65,33.5,5.75,0,1,1,1,0.7430938,23.45,633.8648,156.5206,286.7509,-0.0134452,-0.6716561,0.0121928,-0.7406408;
custom,cuboid,wallmat,1.65,33.5,6.25,0,1,1,1,0.7430938,23.45,-639.7473,156.5206,297.5493,0.0180575,0.6207581,0.0143038,-0.7836637;
custom,cuboid,wallmat,1.65,33.5,5.75,0,1,1,1,0.7430938,23.45,646.6912,156.5206,288.1218,0.0157719,-0.6716145,-0.0143029,-0.7405949;
custom,cuboid,wallmat,1.65,33.5,6.5,0,1,1,1,0.7430938,23.45,635.5307,156.5206,61.86572,-0.0128424,-0.7065411,0.0128261,-0.7074392;
custom,cuboid,wallmat,1.65,33.5,6.5,0,1,1,1,0.7430938,23.45,-627.4153,156.5206,89.28798,0.012383,-0.7045712,-0.0122983,-0.7094187;
custom,cuboid,wallmat,1.65,33.5,6.5,0,1,1,1,0.7430938,23.45,649.1113,156.5206,61.84492,0.0150648,-0.7064977,-0.0150458,-0.707395;
custom,cuboid,wallmat,1.65,33.5,6.5,0,1,1,1,0.7430938,23.45,-640.7734,156.5206,89.24889,-0.0175829,-0.7044621,0.0174627,-0.7093089;
custom,cuboid,wallmat,1.65,33.5,6.95,0,1,1,1,0.7430938,23.45,-626.1157,156.5206,-135.1936,0.0116118,-0.7063151,-0.0115889,-0.7077075;
custom,cuboid,wallmat,1.65,33.5,7.05,0,1,1,1,0.7430938,23.45,639.6284,156.5206,-165.7878,-0.0116118,-0.7063151,0.0115889,-0.7077075;
custom,cuboid,wallmat,1.65,33.5,6.95,0,1,1,1,0.7430938,23.45,-640.9531,156.5206,-135.2416,-0.02001,-0.7061278,0.0199706,-0.7075199;
custom,cuboid,wallmat,1.65,33.5,7.05,0,1,1,1,0.7430938,23.45,653.265,156.5206,-165.7833,0.0175402,-0.7061933,-0.0175057,-0.7075853;
custom,cuboid,wallmat,1.65,33.5,7.85,0,1,1,1,0.7430938,23.45,640.467,156.5206,-385.4535,-0.0143291,-0.7062654,0.0143009,-0.7076576;
custom,cuboid,wallmat,1.65,33.5,7.55,0,1,1,1,0.7430938,23.45,-623.687,156.5206,-384.5825,0.0143291,-0.7062653,-0.0143009,-0.7076579;
custom,cuboid,wallmat,1.65,33.5,7.85,0,1,1,1,0.7430938,23.45,654.145,156.5206,-385.4788,0.0153171,-0.7062448,-0.015287,-0.707637;
custom,cuboid,wallmat,1.65,33.5,7.55,0,1,1,1,0.7430938,23.45,-637.6049,156.5206,-384.5586,-0.0160582,-0.7062283,0.0160266,-0.7076207;
custom,cuboid,wallmat,1.65,33.5,6.25,0,1,1,1,0.7430938,23.45,460.1153,156.5206,625.6677,0.0162494,-0.2436376,-0.0040826,-0.9697217;
custom,cuboid,wallmat,1.75,0.9,5.55,0,1,1,1,2.499497,0.7,-65.96421,322.4582,682.6311,0,0.0020367,0,-0.9999979;
custom,cuboid,wallmat,1.75,0.9,5.55,0,1,1,1,2.499497,0.7,238.5478,322.4582,667.8817,0,-0.0635449,0,-0.997979;
custom,cuboid,wallmat,1.75,0.9,5.55,0,1,1,1,2.499497,0.7,58.84448,322.4582,682.7162,0,-0.0094823,0,-0.9999551;
custom,cuboid,wallmat,1.75,0.9,5.65,0,1,1,1,2.544533,0.7,-282.3498,322.4582,661.223,0,0.0872133,0,-0.9961897;
custom,cuboid,wallmat,1.75,0.9,5.65,0,1,1,1,2.544533,0.7,640.033,322.4582,287.3714,0,-0.6717668,0,-0.7407628;
custom,cuboid,wallmat,1.75,0.9,5.75,0,1,1,1,2.589569,0.7,596.665,322.4582,488.2224,0,-0.5346983,0,-0.8450431;
custom,cuboid,wallmat,1.75,0.9,6.15,0,1,1,1,2.769713,0.7,-451.9801,322.4582,590.5215,0,0.3064156,0,-0.9518979;
custom,cuboid,wallmat,1.75,0.9,6.15,0,1,1,1,2.769713,0.7,-564.8445,322.4582,466.7638,0,0.4894354,0,-0.8720396;
custom,cuboid,wallmat,1.75,0.9,6.15,0,1,1,1,2.769713,0.7,-632.338,322.4582,295.7348,0,0.6209226,0,-0.7838719;
custom,cuboid,wallmat,1.75,0.9,6.15,0,1,1,1,2.769713,0.7,457.8261,322.4582,620.5127,0,-0.2436719,0,-0.9698578;
custom,cuboid,wallmat,1.75,0.9,6.4,0,1,1,1,2.882303,0.7,-632.9323,322.4582,89.26493,0,-0.7046785,0,-0.7095268;
custom,cuboid,wallmat,1.75,0.9,6.4,0,1,1,1,2.882303,0.7,641.9648,322.4582,61.8922,0,-0.7066571,0,-0.7075562;
custom,cuboid,wallmat,1.75,0.9,6.85,0,1,1,1,3.084965,0.7,-631.6327,322.4582,-135.1136,0,-0.7064101,0,-0.7078028;
custom,cuboid,wallmat,1.75,0.9,6.95,0,1,1,1,3.130001,0.7,645.1453,322.4582,-165.7356,0,-0.7064101,0,-0.7078028;
custom,cuboid,wallmat,1.75,0.9,7.45,0,1,1,1,3.355181,0.7,-630.4433,322.4582,-384.6547,0,-0.7064101,0,-0.7078028;
custom,cuboid,wallmat,1.75,0.9,7.75,0,1,1,1,3.490289,0.7,646.6636,322.4582,-385.4961,0,-0.7064101,0,-0.7078028;
custom,cuboid,wallmat,1.75,0.9,8.25,0,1,1,1,3.715469,0.7,-64.6493,322.4582,-653.0157,0,-0.0028561,0,-0.9999959;
custom,cuboid,wallmat,1.75,0.9,8.25,0,1,1,1,3.715469,0.7,59.96503,322.4582,-653.7946,0,0.0037761,0,-0.9999929;
custom,cuboid,wallmat,1.75,33.4,5.55,0,1,1,1,2.544533,23.38,-65.94096,156.5206,671.8787,-0.0324573,0.0037711,0.0001937,-0.999466;
custom,cuboid,wallmat,1.75,33.4,5.55,0,1,1,1,2.544533,23.38,-66.17822,156.5206,692.1831,0.0314106,0.0037742,0.0001186,-0.9994994;
custom,cuboid,wallmat,1.75,33.4,5.55,0,1,1,1,2.544533,23.38,237.8435,156.5206,660.6479,-0.021945,-0.0635296,0.0013973,-0.9977376;
custom,cuboid,wallmat,1.75,33.4,5.55,0,1,1,1,2.544533,23.38,238.1065,156.5206,675.3143,0.0229898,-0.0635311,0.0013308,-0.9977142;
custom,cuboid,wallmat,1.75,33.4,5.55,0,1,1,1,2.544533,23.38,57.8697,156.5206,672.6274,-0.0303639,0.0037707,0.0002016,-0.9995318;
custom,cuboid,wallmat,1.75,33.4,5.55,0,1,1,1,2.544533,23.38,59.14134,156.5206,692.288,0.0279215,0.0037746,0.0001054,-0.999603;
custom,cuboid,wallmat,1.75,33.4,5.65,0,1,1,1,2.589569,23.38,-281.3123,156.5206,654.3336,-0.0201673,0.0871956,-0.0017656,-0.9959855;
custom,cuboid,wallmat,1.75,33.4,5.65,0,1,1,1,2.589569,23.38,-282.4763,156.5206,669.3098,0.0229485,0.0872002,-0.0015221,-0.9959253;
custom,cuboid,wallmat,1.75,33.4,5.65,0,1,1,1,2.589569,23.38,633.8648,156.5206,286.7509,-0.0134452,-0.6716561,0.0121928,-0.7406408;
custom,cuboid,wallmat,1.75,33.4,5.65,0,1,1,1,2.589569,23.38,646.6912,156.5206,288.1218,0.0157719,-0.6716145,-0.0143029,-0.7405949;
custom,cuboid,wallmat,1.75,33.4,5.75,0,1,1,1,2.634605,23.38,592.2255,156.5206,486.1104,-0.0132734,-0.5346324,0.0083987,-0.8449388;
custom,cuboid,wallmat,1.75,33.4,5.75,0,1,1,1,2.634605,23.38,604.0165,156.5206,491.2078,0.0209411,-0.5345343,-0.0132504,-0.8447834;
custom,cuboid,wallmat,1.75,33.4,6.15,0,1,1,1,2.814749,23.38,-448.7608,156.5206,585.7935,-0.0162807,0.3063711,-0.0052407,-0.9517585;
custom,cuboid,wallmat,1.75,33.4,6.15,0,1,1,1,2.814749,23.38,-560.1768,156.5206,464.1847,-0.0146105,0.4893667,-0.0082002,-0.8719172;
custom,cuboid,wallmat,1.75,33.4,6.15,0,1,1,1,2.814749,23.38,-571.8198,156.5206,470.8657,0.0219144,0.4892808,0.0122996,-0.8717642;
custom,cuboid,wallmat,1.75,33.4,6.15,0,1,1,1,2.814749,23.38,-626.3113,156.5206,294.2745,-0.013954,0.6208243,-0.0110533,-0.7837477;
custom,cuboid,wallmat,1.75,33.4,6.15,0,1,1,1,2.814749,23.38,-639.7473,156.5206,297.5493,0.0180575,0.6207581,0.0143038,-0.7836637;
custom,cuboid,wallmat,1.75,33.4,6.15,0,1,1,1,2.814749,23.38,454.1326,156.5206,614.617,-0.0203112,-0.2436183,0.0051031,-0.9696451;
custom,cuboid,wallmat,1.75,33.4,6.4,0,1,1,1,2.927339,23.38,-627.4153,156.5206,89.28798,0.012383,-0.7045712,-0.0122983,-0.7094187;
custom,cuboid,wallmat,1.75,33.4,6.4,0,1,1,1,2.927339,23.38,-640.7734,156.5206,89.24889,-0.0175829,-0.7044621,0.0174627,-0.7093089;
custom,cuboid,wallmat,1.75,33.4,6.4,0,1,1,1,2.927339,23.38,635.5307,156.5206,61.86572,-0.0128424,-0.7065411,0.0128261,-0.7074392;
custom,cuboid,wallmat,1.75,33.4,6.4,0,1,1,1,2.927339,23.38,649.1113,156.5206,61.84492,0.0150648,-0.7064977,-0.0150458,-0.707395;
custom,cuboid,wallmat,1.75,33.4,6.85,0,1,1,1,3.130001,23.38,-626.1157,156.5206,-135.1936,0.0116118,-0.7063151,-0.0115889,-0.7077075;
custom,cuboid,wallmat,1.75,33.4,6.85,0,1,1,1,3.130001,23.38,-640.9531,156.5206,-135.2416,-0.02001,-0.7061278,0.0199706,-0.7075199;
custom,cuboid,wallmat,1.75,33.4,6.95,0,1,1,1,3.175037,23.38,639.6284,156.5206,-165.7878,-0.0116118,-0.7063151,0.0115889,-0.7077075;
custom,cuboid,wallmat,1.75,33.4,6.95,0,1,1,1,3.175037,23.38,653.265,156.5206,-165.7833,0.0175402,-0.7061933,-0.0175057,-0.7075853;
custom,cuboid,wallmat,1.75,33.4,7.45,0,1,1,1,3.400217,23.38,-623.687,156.5206,-384.5825,0.0143291,-0.7062653,-0.0143009,-0.7076579;
custom,cuboid,wallmat,1.75,33.4,7.45,0,1,1,1,3.400217,23.38,-637.6049,156.5206,-384.5586,-0.0160582,-0.7062283,0.0160266,-0.7076207;
custom,cuboid,wallmat,1.75,33.4,7.75,0,1,1,1,3.535325,23.38,640.467,156.5206,-385.4535,-0.0143291,-0.7062654,0.0143009,-0.7076576;
custom,cuboid,wallmat,1.75,33.4,7.75,0,1,1,1,3.535325,23.38,654.145,156.5206,-385.4788,0.0153171,-0.7062448,-0.015287,-0.707637;
custom,cuboid,wallmat,1.75,33.4,8.25,0,1,1,1,3.760505,23.38,-64.68714,156.5206,-638.0594,0.0418754,0.0037728,0.0001581,-0.9991157;
custom,cuboid,wallmat,1.75,33.4,8.25,0,1,1,1,3.760505,23.38,-65.05256,156.5206,-665.7793,-0.0366435,0.0037719,0.0001779,-0.9993213;
custom,cuboid,wallmat,1.75,33.4,8.25,0,1,1,1,3.760505,23.38,59.68714,156.5206,-639.0594,0.0418754,0.0037728,0.0001581,-0.9991157;
custom,cuboid,wallmat,1.75,33.4,8.25,0,1,1,1,3.760505,23.38,60.05256,156.5206,-666.7793,-0.0366435,0.0037719,0.0001779,-0.9993213;
custom,cuboid,wallmat,1.75,33.4,6.15,0,1,1,1,3.760505,23.45,460.1153,156.5206,625.6677,0.0162494,-0.2436376,-0.0040826,-0.9697217;
misc,barrier,154.4568,155,5,22.11218,735,782.5,0,0,0,1;
misc,barrier,154.4568,155,5,22.11218,735,-757.5,0,0,0,1;
misc,barrier,5,155,159.4182,767.1122,735,13.03547,0,0,0,1;
misc,barrier,5,155,159.4182,-722.1122,735,13.03547,0,0,0,1;
misc,barrier,175.4568,10,175.4182,22.11218,1560,13.03547,0,0,0,1;
misc,barrier,150,1,200,-7.41612,55.24214,-344.2957,0,0.0004889091,0,-0.9999999;
misc,barrier,7,7,1,40.22525,29.22603,-582.4324,0,0.706144,0,-0.7080683;
misc,barrier,7,7,1,-45.25288,29.17681,-581.7375,0,0.7046043,0,-0.7096005;
custom,house5,default,1,1,1,0,1,1,1,1.0,1.0,-369.2224,23.68849,-437.6016,0,-0.3597832,0,-0.933036;
racing,startCuboid,10,7,1,-3.35795,22.5759,-470.3516,0,0.9999909,0,-0.004267962;
custom,house6,default,1,3,1,0,1,1,1,1.0,1.0,-436.881,-8.641746,-388.6269,0,0.9322256,0,-0.3618776;
custom,tower5,default,2,1,2,0,1,1,1,1.0,1.0,-366.8592,-5.521548,-312.4857,0,0.4058506,0,-0.9139395;
misc,barrier,20,7,1,-265.92,38.51826,-201.9489,0,0.4058506,0,-0.9139395;
misc,barrier,50,7,1,47.36118,41.05113,-154.0492,0,0.0009549537,0,0.9999996;
misc,barrier,15,7,1,237.7757,40.16208,-199.0991,0,0.3714453,0,0.9284548;
custom,house5,default,1,1,2,0,1,1,1,1.0,1.0,481.016,25.16206,-478.0688,0,0.02974974,0,0.9995574;
custom,tree2,default,2,1,2,0,1,1,1,1.0,1.0,-565.6307,77.54026,-534.3988,0,0.8290311,0,-0.5592026;
customb,house1,default,1,1,1,0,1,1,1,1.0,1.0,-290.2012,21.1345,-227.2965,0.06668803,-0.3853973,-0.004468393,-0.9203269;
customb,house1,default,1,1,1,0,1,1,1,1.0,1.0,-234.0218,20.33467,-181.3033,-0.06815384,-0.4938913,0.03887011,-0.8659767;
customb,house1,default,1,1,1,0,1,1,1,1.0,1.0,234.9152,17.43949,-176.4198,-0.08294294,-0.4382437,-0.04065464,0.8940974;
customb,house1,default,1,1,1,0,1,1,1,1.0,1.0,281.2148,16.75996,-225.5246,0.03542606,-0.2554748,0.009367833,0.9661211;
custom,tower1,default,1,1,1,0,1,1,1,1.0,1.0,359.4053,8.990555,-560.773,0,0.6988965,0,-0.7152228;
custom,tower1,default,1,1,1,0,1,1,1,1.0,1.0,359.1206,9.070662,-578.7285,0,0.6988965,0,-0.7152228;
custom,tower1,default,1,1,1,0,1,1,1,1.0,1.0,358.8014,9.550447,-596.9002,0,0.6988965,0,-0.7152228;
custom,house5,default,1,1,1,0,1,1,1,1.0,1.0,349.3375,25.03046,-464.7918,0,0.9662123,0,-0.2577475;
customb,arch1,default,1,1,1,0,1,1,1,1.0,1.0,547.6417,34.99117,-298.5083,0,0.7076269,0,-0.7065864;
customb,arch1,default,1,1,1,0,1,1,1,1.0,1.0,529.3537,11.95105,-191.4009,0,0.7086125,0,-0.7055979;
customb,arch1,default,1,1,1,0,1,1,1,1.0,1.0,568.2136,29.99126,-243.2102,0,0.7076269,0,-0.7065864;
customb,house1,default,1,1,1,0,1,1,1,1.0,1.0,587.2789,25.59273,-185.0843,0,0.7063931,0,-0.7078198;
customb,arch1,default,1,1,2,0,1,1,1,1.0,1.0,507.4611,43.43105,-187.1755,0,0.7083664,0,-0.705845;
customb,arch1,default,1,1,2,0,1,1,1,1.0,1.0,523.8717,11.56423,-58.82727,0,0.714058,0,-0.7000865;
customb,house1,default,1,1,2,0,1,1,1,1.0,1.0,545.1823,26.19205,46.27077,0,0.717419,0,-0.6966419;
customb,house1,default,1,1,3,0,1,1,1,1.0,1.0,485.7303,25.67109,198.1927,0,-0.8199084,0,0.5724949;
custom,boulder3,default,4,4,4,0,1,1,1,1.0,1.0,387.8051,18.25062,592.7324,0,0.2686214,0,-0.9632459;
custom,house5,default,1,1,1,0,1,1,1,1.0,1.0,328.248,25.66054,397.8554,0,-0.2781567,0,-0.9605358;
customb,house1,default,1,1,1,0,1,1,1,1.0,1.0,164.4528,20.47187,250.0016,-0.01520839,0.9786923,-0.07874373,-0.1890226;
customb,house1,default,1,1,1,0,1,1,1,1.0,1.0,184.0315,21.59196,298.7777,0.06799424,0.9385167,-0.001698998,-0.3384677;
misc,barrier,40,7,1,283.1113,42.29978,45.65383,0,0.7087123,0,0.7054976;
misc,barrier,15,7,1,-167.5627,43.4199,312.2032,0,0.2540527,0,-0.9671904;
misc,barrier,15,7,1,114.5281,41.47056,30.87903,0,0.003156331,0,-0.9999951;
misc,barrier,15,7,1,188.0528,43.29373,95.3765,0,0.7077727,0,-0.7064402;
misc,barrier,30,7,1,-142.701,41.55833,26.85935,0,0.002619176,0,-0.9999966;
custom,house5,default,1,1,1,0,1,1,1,1.0,1.0,-281.7379,24.81595,143.5353,0,0.9976871,0,-0.06797455;
customb,arch1,default,2,1,2.5,0,1,1,1,1.0,1.0,-531.0417,43.29397,-176.2377,0,0.7123019,0,-0.7018732;
misc,barrier,40,7,1,-398.0998,41.6214,355.5241,0,0.357303,0,0.9339886;
customb,house1,default,1,1,1,0,1,1,1,1.0,1.0,28.01627,25.0258,299.3227,0,0.1931882,0,0.9811617;
customb,house1,default,1,1,1,0,1,1,1,1.0,1.0,-8.021541,25.06593,249.3592,0,0.3736169,0,0.9275831;
racing,endCuboid,10,15,1,-7.5846,78.38358,686.56,0,0.002416759,0,-0.9999971;
misc,barrier,50,7,1,277.7257,42.25728,431.4409,0,0.8776273,0,0.4793437;
custom,prism,default,1,0.5,2,1,0.4204545,1,0.4318182,1.0,1.0,-1.843174,37.08081,-373.8911,0.5106208,-0.4976944,0.4821209,-0.5090443;
custom,prism,default,1,0.5,2,1,0.4204545,1,0.4318182,1.0,1.0,-351.3432,30.68475,-448.5219,0.2540056,-0.2546592,0.6596618,-0.6599062;
custom,prism,default,1,0.5,2,1,0.4204545,1,0.4318182,1.0,1.0,431.6264,37.43435,-611.838,0.4963798,0.4953409,-0.504633,-0.5035772;
custom,prism,default,1,0.5,2,1,0.4204545,1,0.4318182,1.0,1.0,235.8406,37.4165,-39.85557,0.5007137,0.4982724,0.5017268,0.4992802;
custom,prism,default,1,0.5,2,1,0.4204545,1,0.4318182,1.0,1.0,40.12263,34.50129,-8.132535,0.006505767,-0.008950072,0.7073642,-0.7067627;
custom,prism,default,1,0.5,2,1,0.4204545,1,0.4318182,1.0,1.0,-62.528,37.16134,23.19702,-0.5143185,0.5121698,-0.4874115,0.4853749;
misc,barrier,30,7,1,331.0645,42.73501,398.9808,0,0.8773708,0,0.4798129;
misc,barrier,10,7,1,153.5703,42.1781,201.0553,0,0.9260315,0,-0.3774462;
customb,house1,default,1,1,3,0,1,1,1,1.0,1.0,-363.3193,25.38432,149.3346,0,0.7075554,0,-0.7066579;
custom,boulder1,default,5,5,5,0,1,1,1,1.0,1.0,-499.0845,12.98361,487.7126,0,0.08824066,0,0.9960992;
misc,barrier,30,7,1,-352.825,42.23154,-415.7764,0,0.4041696,0,-0.914684;
misc,barrier,50,7,1,-476.1107,37.31135,-436.0804,0,0.9128151,0,0.4083731;
misc,barrier,20,7,1,315.4765,43.65037,-368.7508,0,0.3683193,0,0.9296994;
misc,barrier,25,7,1,371.9423,39.87171,-327.1934,0,0.3725225,0,0.9280232;
misc,barrier,10,7,1,265.5293,41.4746,239.38,0,0.8317443,0,-0.5551591;
custom,boulder1,default,5,5,5,0,0.4204545,1,0.4318182,1.0,1.0,-148.4017,25.04632,-113.6982,0,0.2989743,0,-0.9542612;
misc,barrier,20,7,1,33.52223,43.35537,-414.0907,0,0.7084413,0,0.7057698;
misc,barrier,50,7,1,-2.567531,40.66317,-305.7722,0,1,0,3.393094E-05;
customb,arch1,default,2,1,2.5,0,1,1,1,1.0,1.0,-531.043,28.77431,-65.98128,0,0.7123019,0,-0.7018732;
customb,arch1,default,2,1,2.5,0,1,1,1,1.0,1.0,-530.7969,43.30526,38.0266,0,0.7046531,0,-0.7095519;
customb,arch1,default,2,1,2.5,0,1,1,1,1.0,1.0,-531.2384,28.42655,149.1309,0,0.7046531,0,-0.7095519;
custom,tree2,default,2,2,2,0,1,1,1,1.0,1.0,-511.709,141.5763,367.0544,0,0.3429919,0,0.9393384;
custom,house5,default,1,1,1,0,1,1,1,1.0,1.0,-395.2604,24.87387,283.5001,0,-0.4138177,0,0.9103598;
misc,barrier,30,7,1,-391.653,43.94504,270.3067,0,0.9404019,0,-0.3400654;
custom,canal1,default,0.8,2,2,0,1,1,1,1.0,1.0,-49.68349,-0.7291269,-260.5135,0,0.9881738,0,-0.1533376;
custom,prism,default,1,0.5,2,1,0,1,0,1.0,1.0,1.814089,7.991526,-260.6837,0,-0.7075655,0,0.7066479;
custom,prism,default,1,0.5,2,1,0,1,0,1.0,1.0,156.7886,7.925019,-261.4597,0,0.7066609,0,-0.7075524;
custom,prism,default,1,0.5,2,1,0,1,0,1.0,1.0,-268.0403,31.86499,-8.648318,-0.003340874,-0.004601857,0.7054414,-0.7087454;
custom,prism,default,1,0.5,2,1,0,1,0,1.0,1.0,-214.9334,26.85457,160.4545,0.5890996,0.7024614,-0.3824196,-0.1151738;
custom,spike1,default,1.5,1.5,1.5,0,1,1,1,1.0,1.0,-9.222263,9.577294,-310.8162,0,-0.09103062,0,-0.9958481;
custom,spike1,default,1.5,1.5,1.5,0,1,1,1,1.0,1.0,-194.7566,9.189837,-180.441,0,0.02822779,0,0.9996015;
custom,spike1,default,1.5,1.5,1.5,0,1,1,1,1.0,1.0,220.9326,8.998189,-185.1648,0,0.1640511,0,0.9864519;
custom,prism,default,1,0.2,2,1,0,1,0,1.0,1.0,458.1533,9.22383,-315.0956,0,0.9999971,0,0.002425982;
custom,prism,default,1,0.2,2,1,0,1,0,1.0,1.0,533.9,9.503826,-385.5511,0,0.9999971,0,0.002425982;
custom,prism,default,1,0.2,2,1,0,1,0,1.0,1.0,581.573,9.132803,-385.7724,0,0.9999971,0,0.002425982;
custom,prism,default,1,0.2,2,1,0,1,0,1.0,1.0,462.467,9.571919,-127.3093,0,0.9999971,0,0.002425982;
custom,prism,default,1,0.2,2,1,0,1,0,1.0,1.0,579.9186,39.54054,33.35597,0.4964419,0.4940737,0.5087057,0.5006547;
custom,prism,default,1,0.2,2,1,0,1,0,1.0,1.0,461.9459,9.531898,16.4802,0,0.9999971,0,0.002425982;
custom,prism,default,1,0.2,2,1,0,1,0,1.0,1.0,467.7925,40.63217,176.4464,0.5772186,0.5830557,-0.406931,-0.4015869;
custom,prism,default,1,0.2,2,1,0,1,0,1.0,1.0,307.7434,21.77945,347.2299,0.6791777,0.6791778,-0.1967681,-0.1967679;
custom,prism,default,1,0.2,2,1,0,1,0,1.0,1.0,611.044,40.22709,215.8353,-0.7146348,0.6994506,0.007816956,0.002225648;
custom,prism,default,1,0.2,2,1,0,1,0,1.0,1.0,437.8492,55.05553,500.8028,-0.6740951,0.6778096,0.2106148,0.2044784;
custom,spike1,default,1.5,1.5,1.5,0,0,1,0,1.0,1.0,250.2336,9.385646,-81.64696,0,0.9516489,0,0.3071879;
custom,spike1,default,1.5,1.5,1.5,0,0,1,0,1.0,1.0,-53.26094,8.685259,37.61998,0,0.2918412,0,0.9564668;
custom,dummy1,default,1.5,1.5,1.5,0,0,1,0,1.0,1.0,-234.5789,9.823216,29.46448,0,-0.9835597,0,-0.1805835;
custom,prism,default,1,0.2,2,1,0,1,0,1.0,1.0,-316.3975,27.49634,-116.9303,0.7056482,0.7085206,0.004445393,0.00628551;
racing,killPlane,0.5,0.5,0.5,-305.1178,12.02012,114.0281,0.4750148,0.5213382,-0.5421288,0.4567974;
custom,pillar1,default,1,1,1,0,0,1,0,1.0,1.0,-427.5203,9.121038,-30.18311,0,0.7066396,0,-0.7075736;
custom,pillar1,default,1,1,1,0,0,1,0,1.0,1.0,-427.2897,9.001039,-128.1402,0,0.7066396,0,-0.7075736;
custom,prism,default,1,0.2,2,1,0,1,0,1.0,1.0,-594.6779,59.76117,-255.8758,0.7071232,0.7070897,0.0004244321,0.0009162541;
custom,spike1,default,1.5,1.5,1.5,0,0,1,0,1.0,1.0,-207.5312,8.545264,144.1516,0,0.9655728,0,0.260133;
misc,barrier,1,7,30,-428.6748,35.63972,5.42292,0,0.9999909,0,0.004271927;
racing,checkpointPlane,10,15,15,-11.82686,16.23566,692.1094,-0.7080864,0.003104681,-0.003113361,-0.7061121;
custom,tree2,default,1,1,1,0,0,1,0,1.0,1.0,356.395,77.88554,-111.1565,0,0.01339339,0,-0.9999103;
custom,tree2,default,1,1,1,0,0,1,0,1.0,1.0,309.9054,70.54625,-1.67367,0,0.5756362,0,-0.8177059;
custom,log2,default,1,1,0.2,0,0,1,0,1.0,1.0,357.9781,16.57761,144.1824,0,0.004756584,0,-0.9999887;
custom,boulder3,default,1,1,1,0,0,1,0,1.0,1.0,344.2765,25.36109,141.5402,0,0.0004183372,0,-0.9999999;
custom,boulder3,default,1,1,1,0,0,1,0,1.0,1.0,371.6394,25.62632,142.8983,0,0.03750151,0,-0.9992966;
custom,tree2,default,1,0.6,1,0,0,1,0,1.0,1.0,355.8104,65.53609,150.8533,-0.03664035,0.01352329,-0.0004958765,-0.9992369;
custom,tree2,default,1,1,1,0,0,1,0,1.0,1.0,165.4337,77.02703,60.71131,0,0.4093427,0,-0.9123807;
custom,tree2,default,1,1,1,0,0,1,0,1.0,1.0,-479.6966,78.09268,-263.7636,0,0.03628177,0,0.9993416;
racing,killCuboid,2,5,6,-357.2685,13.85723,-380.5984,-0.004778722,0.3602429,-0.01237339,0.9327642;
racing,killCuboid,5,1,2,-82.40519,14.73231,-423.4443,0,0.9999981,0,-0.001955552;
racing,killCuboid,2,1,4,-115.0422,37.53119,-522.1859,0,0.713204,0,0.7009565;
custom,house10,default,1,1,1,0,1,1,1,1.0,1.0,-424.087,31.21041,-376.373,0,0.3997404,0,-0.9166284;
custom,house10,default,1,1,1,0,1,1,1,1.0,1.0,-392.3467,31.21394,-404.833,0,0.4037775,0,-0.9148572;
custom,house13,default,2,1,1,0,1,1,1,1.0,1.0,-104.0239,9.922057,-286.0686,0,0.7108929,0,0.7033004;
custom,house13,default,2,1,1,0,1,1,1,1.0,1.0,4.323206,9.807607,-236.1868,0,0.7110615,0,-0.7031298;
custom,house14,default,1,1,1.5,0,1,1,1,1.0,1.0,175.741,9.169368,-276.2472,0,-0.00406967,0,-0.9999917;
custom,house7,default,0.5,1,0.5,0,1,1,1,1.0,1.0,293.9288,26.09163,-293.2257,0,-0.372982,0,-0.9278386;
custom,tower3,default,1,1,1,0,1,1,1,1.0,1.0,354.2895,9.571829,-336.9767,0,0.9155977,0,0.4020955;
custom,tower3,default,1,1,1,0,1,1,1,1.0,1.0,394.8034,9.203318,-400.3976,0,0.9155977,0,0.4020955;
custom,house7,default,0.7,0.7,0.7,0,1,1,1,1.0,1.0,520.5861,21.40482,-508.0828,0,0.9277304,0,-0.3732511;
custom,pillar1,default,0.5,0.5,0.5,0,1,1,1,1.0,1.0,525.28,-19.63514,-511.376,0,0.3981687,0,-0.9173122;
customb,house1,default,2,1,0.5,0,1,1,1,1.0,1.0,296.0999,-1.14046,426.5011,0,0.9617545,0,-0.273913;
custom,tree2,default,3,3,3,0,1,1,1,1.0,1.0,258.259,214.0719,234.5419,0,0.9995471,0,0.03009528;
custom,house13,default,1,1,1,0,1,1,1,1.0,1.0,219.7877,10.12461,56.7078,0,0.9996225,0,0.02747672;
custom,house13,default,1,1,1,0,1,1,1,1.0,1.0,262.0244,9.884568,57.24255,0,0.9999442,0,-0.01056781;
custom,spike1,default,1,1,1,0,1,1,1,1.0,1.0,66.11474,9.79528,-145.2489,0,0.9463091,0,0.3232633;
custom,spike1,default,1,1,1,0,1,1,1,1.0,1.0,-72.26592,9.643109,-133.6422,0,0.9107622,0,-0.4129314;
custom,wall3,default,0.5,0.5,0.5,0,1,1,1,1.0,1.0,0.2707341,9.155733,-109.1997,0,0.708069,0,-0.7061434;
custom,wall3,default,0.5,0.5,0.5,0,1,1,1,1.0,1.0,3.266904,9.349234,-110.1203,0,0.7055228,0,0.7086872;
customb,arch1,default,1,1,2,0,1,1,1,1.0,1.0,0.07422143,59.15611,-123.7259,0,0.9999988,0,0.001590364;
custom,elevator1,default,1,1,1,0,1,1,1,1.0,1.0,-199.5924,18.32904,-7.380726,0,0.7027463,0,-0.7114406;
racing,killCuboid,0.1,5,7.5,-363.627,30.42456,-158.9578,0,0.9856086,0,0.1690437;
racing,killCuboid,0.1,5,7.5,-373.6274,30.54467,-162.834,0,0.9851327,0,0.1717954;
custom,house5,default,1,1,1,0,1,1,1,1.0,1.0,-371.9194,25.29381,-157.1234,0,0.9856963,0,0.1685318;
custom,prism,wood1,3,0.1,1.5,0,1,1,1,1.0,1.0,-356.1111,52.52072,-194.9965,-0.69674,0.1191436,-0.1191826,-0.6972473;
custom,prism,wood1,3,0.1,1.5,0,1,1,1,1.0,1.0,-380.782,52.37302,-125.7009,0.1188756,0.6968065,-0.697293,0.1187927;
custom,cuboid,wood1,4,0.1,6,0,1,1,1,1.0,1.0,-365.1146,40.81345,-167.1698,0,0.9858809,0,0.1674483;
custom,cuboid,wood2,7.5,0.1,5,0,1,1,1,1.0,1.0,-350.1543,43.72393,-153.9576,0.1937017,0.7730711,0.2707016,-0.5399642;
custom,cuboid,wood2,7.5,0.1,5,0,1,1,1,1.0,1.0,-386.0316,43.60385,-166.8769,-0.1986264,0.7663347,-0.2844504,-0.5407095;
custom,cuboid,wood4,2,2,0.1,0,1,1,1,1.0,1.0,-345.6157,36.52907,-191.1874,0,0.1663626,0,-0.9860647;
custom,cuboid,wood4,2,2,0.1,0,1,1,1,1.0,1.0,-367.6142,36.48882,-199.0389,0,0.1663626,0,-0.9860647;
custom,prism,default,0.4,0.1,0.4,1,0,1,0,1.0,1.0,-381.1744,39.2942,-125.6076,0.1183129,0.702679,-0.6910927,0.1209761;
custom,cuboid,stone5,1,0.1,7.5,0,1,1,1,1.0,1.0,-368.7272,40.99229,-160.626,0,0.9852479,0,0.1711337;
custom,prism,default,0.4,0.1,0.4,1,0,1,0,1.0,1.0,-384.8086,44.17411,-126.7819,0.5234263,0.5963873,-0.3973553,-0.4609295;
custom,prism,default,0.4,0.1,0.4,1,0,1,0,1.0,1.0,-377.0335,44.32361,-124.1116,0.2869885,0.7074533,-0.6427288,-0.06361723;
custom,elevator1,default,1,1,1,0,0,1,0,1.0,1.0,-7.489134,30.93447,687.3632,0,0.7083064,0,-0.7059051;
custom,cylinder,metal2,0.1,4,0.1,0,0,1,0,1.0,1.0,-7.482084,91.3005,687.369,0,0.9999986,0,0.001707986;
racing,checkpointCuboid,0.5,0.5,0.5,525.7912,12.88836,-511.6915,0.1515301,0.365826,-0.3514049,-0.8483658;
racing,checkpointCuboid,7,5,1,-198.7784,24.70753,-7.804448,0,0.7035962,0,-0.7106;
custom,cylinder,metal2,0.1,1,0.1,0,1,1,1,1.0,1.0,-199.3636,45.29646,-7.399431,0,0.700499,0,-0.7136534;
racing,killCuboid,2,1,4,-81.62166,45.15704,-423.3954,0,0.7086279,0,0.7055825;
racing,killCuboid,2,5,6,-377.8174,13.59615,-362.4727,0.005076652,0.3657663,0.01338053,0.9305968;
racing,killCuboid,6,6,6,-156.0979,12.30192,-287.0091,0,0.7105033,0,0.7036939;
racing,killCuboid,6,6,6,-111.2702,14.14084,-280.7182,0,0.7104958,0,0.7037015;
racing,killCuboid,6,6,6,9.270661,13.95768,-241.4953,0,0.7039974,0,0.7102026;
racing,killCuboid,6,6,6,56.61363,11.92628,-233.7906,0,0.004679099,0,-0.9999891;
racing,killCuboid,6,6,6,171.565,18.03516,-277.9315,0,0.70954,0,0.7046652;
racing,killCuboid,2.5,7,2.5,293.6172,14.64698,-293.62,0,0.9195115,0,0.3930633;
racing,killCylinder,3,6,3,354.1192,41.80162,-337.0558,0,0.7823102,0,0.622889;
racing,killCylinder,3,6,3,394.6651,41.55389,-400.1665,0,0.9142215,0,0.4052149;
racing,killCuboid,2,6,2,416.4933,35.56121,-540.1776,0,0.7051928,0,0.7090157;
racing,killCuboid,1.5,0.7,12,497.313,44.05737,-189.2193,0,0.7084218,0,-0.7057894;
racing,killCuboid,1.5,0.7,8,548.4119,35.73155,-300.3318,0,0.7092954,0,-0.7049115;
racing,killCuboid,1.5,0.7,8,568.848,30.96336,-244.1324,0,0.7064022,0,0.7078107;
racing,killCuboid,2.5,6,1,475.3259,18.09284,41.42037,0,0.7001611,0,0.7139849;
racing,killCuboid,2.5,6,1,572.6754,17.37775,227.0088,0,0.8190275,0,-0.5737543;
racing,killPrism,6,4,1,300.0554,23.13612,421.0662,-0.2017352,0.6800919,-0.6772039,-0.1953791;
racing,killCuboid,4,6,4,210.5558,12.30016,118.5793,0,0.9996347,0,0.02702612;
racing,killCuboid,4,6,4,269.24,12.18348,119.1285,0,0.9999294,0,-0.01188755;
racing,killCuboid,4,6,6.5,264.5793,13.95336,64.70153,0,0.9999467,0,-0.01032438;
racing,killCuboid,4,6,6.5,216.9621,14.11456,64.32203,0,0.999639,0,0.02686828;
racing,killCuboid,3,1,10,76.87821,39.13718,-47.25193,0,0.7050066,0,-0.7092007;
racing,killCuboid,3,1,10,-78.48854,39.00026,-47.56991,0,0.7076024,0,0.7066109;
custom,boulder1,default,1,1,1,0,1,1,1,1.0,1.0,-298.8503,48.38338,-211.5303,0,0.9986632,0,0.05168859;
racing,killCuboid,1,1,3,-307.2106,17.96553,-73.25156,0,0.7066947,0,-0.7075188;
racing,killCuboid,1,1,3,-306.4331,38.76538,-14.81952,0,0.7066947,0,-0.7075188;
racing,killCuboid,2.7,0.7,20,-545.2905,43.98986,-180.1635,0,0.7130877,0,-0.701075;
racing,killCuboid,2.7,0.7,20,-543.4114,29.42911,-69.69086,0,0.7118754,0,-0.7023059;
racing,killCuboid,2.7,0.7,20,-533.2327,44.0547,34.71118,0,0.7047821,0,-0.7094239;
racing,killCuboid,2.7,0.7,20,-542.252,29.09809,145.8329,0,0.7049026,0,-0.7093042;
racing,killCuboid,1.5,0.7,17,519.103,11.81034,-60.52895,0,0.700135,0,0.7140106;
racing,killCuboid,1.5,0.7,15,560.5045,11.93216,-192.8466,0,0.7080125,0,0.7061999;
racing,killCuboid,150,1,170,4.677617,5.199531,-168.4146,0,1,0,5.097787E-05;
racing,killCuboid,5,1,2,-114.5771,23.38851,-522.435,0,0.9999981,0,-0.001955552;
racing,killCuboid,3,7,5,-147.9291,25.15314,-558.7971,0,0.0002476295,0,-1;
racing,killCuboid,1,7,10,-246.3089,26.57444,-545.8179,0,0.9999999,0,0.0003652135;
racing,killCuboid,1,7,10,-291.9256,26.8714,-500.6037,0,0.7043068,0,-0.7098958;
custom,tower2,default,1,1,1,0,1,1,1,1.0,1.0,-334.0545,-71.0696,-480.2505,0,0.9999865,0,-0.005211703;
racing,killCuboid,1.8,7,1.8,-398.1978,25.56361,-529.8007,0,0.7105695,0,-0.7036271;
racing,killCuboid,3,2,6,-367.3447,11.53365,-371.2298,0,0.3618996,0,0.9322171;
racing,killCuboid,7,2,6,-367.434,48.80657,-371.3288,0,0.3618996,0,0.9322171;
racing,killCuboid,7,2,1,-284.5129,30.64399,-283.0365,0,0.3633256,0,0.9316623;
custom,canal1,default,1,2,1,0,1,1,1,1.0,1.0,-219.8055,9.776945,-264.1389,0,0.7066468,0,0.7075665;
racing,killCuboid,0.5,7,10,-180.8214,15.12522,-262.3755,0,0.9013517,0,0.4330879;
racing,killCuboid,0.5,7,10,-258.6111,15.32543,-232.8616,0,0.9013517,0,0.4330879;
racing,killPrism,6,10,3,-110.6728,31.87006,-204.2017,-0.7066006,0.004096047,0.004090338,0.707589;
racing,killPrism,6,10,3,-142.933,7.104748,-207.0062,0.706591,0.005588883,-0.005581087,0.7075782;
racing,killPrism,6,10,3,-79.09286,6.504747,-198.4672,0.7051076,0.005600558,-0.00556937,0.7090564;
racing,killCuboid,5,1,1,-49.55344,23.34924,-260.5725,0,0.9881399,0,-0.1535567;
racing,killCylinder,0.5,2,0.5,-37.4963,21.6151,-264.4177,0,0.9881995,0,-0.1531726;
racing,killCylinder,0.5,2,0.5,-62.40488,21.7753,-256.5048,0,0.9881995,0,-0.1531726;
racing,killPrism,3,7,3,44.82425,26.9016,-300.6214,0,0.9999846,0,0.005544113;
racing,killPrism,3,7,3,-17.1445,26.4211,-300.9242,0,0.9999846,0,0.005544113;
racing,killPrism,3,7,3,12.11185,16.55734,-272.5905,0,0.005609872,0,-0.9999843;
racing,killTube,5,7,5,102.3273,24.34722,-259.3807,0,0.8981148,0,0.4397612;
custom,tower2,default,1,0.5,1,0,1,1,1,1.0,1.0,136.1012,-15.98441,-283.6922,0,0.004845005,0,0.9999883;
racing,checkpointCuboid,0.5,0.5,0.5,136.0245,39.69438,-260.8099,0,0.002469236,0,0.999997;
customb,house1,default,0.5,1,1,0,1,1,1,1.0,1.0,168.4784,25.92102,-254.1342,0,0.00680036,0,0.9999769;
customb,house1,default,0.5,1,1,0,1,1,1,1.0,1.0,191.959,25.92089,-247.1623,0,0.00680036,0,0.9999769;
customb,house1,default,0.5,1,1,0,1,1,1,1.0,1.0,192.8158,25.84091,-164.6077,0,0.00680036,0,0.9999769;
customb,house1,default,0.5,1,1,0,1,1,1,1.0,1.0,169.618,25.96169,-172.9927,0,0.00680036,0,0.9999769;
customb,arch1,default,1,0.5,1,0,1,1,1,1.0,1.0,180.9725,28.20264,-201.4403,0,0.001895036,0,0.9999982;
customb,house1,default,0.4,0.7,0.5,0,1,1,1,1.0,1.0,167.5488,11.48046,-210.2769,0,0.9999624,0,-0.008666114;
custom,pillar1,default,1.5,0.5,1,0,1,1,1,1.0,1.0,191.2356,29.02195,-203.1576,0,0.7100739,0,0.7041271;
customb,arch1,default,2,0.5,0.5,0,1,1,1,1.0,1.0,200.4632,28.62257,-203.8704,0,0.002699046,0,-0.9999964;
custom,canal1,default,0.5,1,1,0,1,1,1,1.0,1.0,209.7305,6.471713,-205.756,0,0.708996,0,-0.7052125;
racing,killCuboid,3,4,10,234.536,7.845774,-256.6389,0,0.9173862,0,-0.3979982;
racing,killCuboid,3,1,1,340.0902,34.11916,-352.4282,0,0.9121441,0,0.4098698;
racing,killCuboid,3,2,1,410.0056,19.64536,-385.4807,0,0.9048462,0,0.4257386;
racing,killCuboid,1,7,7,432.3091,25.47211,-506.5494,0,0.7092703,0,0.7049366;
custom,tower2,default,1,1,1,0,1,1,1,1.0,1.0,368.0401,-45.20745,-506.3254,0,0.7092703,0,0.7049366;
racing,killCuboid,1,7,10,416.1251,25.80876,-598.0317,0,0.9999865,0,-0.005190751;
custom,tower2,default,3,0.5,3,0,1,1,1,1.0,1.0,459.0287,-23.28373,-505.4093,0,0.9999959,0,-0.002850096;
custom,village2,default,1,1,1,0,1,1,1,1.0,1.0,572.4417,22.05348,-551.3736,0,-0.001156876,0,-0.9999993;
racing,killCuboid,10,3,2,387.8282,35.29914,517.0737,0,0.9623731,0,-0.2717316;
racing,killCuboid,6,3,4,347.0547,21.85006,484.0051,0,0.9612263,0,-0.2757609;
racing,killPyramid,3,2,3,243.618,25.81815,368.689,0,0.8808846,0,0.473331;
racing,killPyramid,3,2,3,281.7667,32.39165,346.6461,0.2860569,-0.0003342232,0.9582126,9.985554E-05;
racing,killPrism,3,7,3,242.1698,17.15554,317.9443,0,0.9642369,0,-0.2650418;
racing,killCuboid,10,4,1,210.4692,20.64573,245.4081,0,0.979082,0,-0.2034658;
racing,killCuboid,6,1,1,220.2743,45.31619,241.2191,0,0.9791819,0,-0.2029845;
racing,killCuboid,1,4,6,205.4907,40.19011,202.8627,0,0.5679884,0,0.8230366;
racing,killCuboid,1,2,4,240.6766,0.406673,52.74798,0,0.9999583,0,0.009137818;
racing,killCuboid,1,2,4,240.6523,33.48695,56.6461,0,0.9999583,0,0.009137818;
racing,killCylinder,4,3,4,107.4,13.5182,-30.54058,0,0.7090081,0,-0.7052004;
racing,killCylinder,4,3,4,146.7611,13.59826,20.67206,0,0.7090081,0,-0.7052004;
racing,killCylinder,4,3,4,187.5418,14.27807,-31.70895,0,0.7090081,0,-0.7052004;
racing,killCylinder,4,3,4,-147.562,13.92575,22.96877,0,0.7013576,0,-0.7128096;
racing,killCylinder,4,3,4,-104.3896,14.00543,-32.33799,0,0.7013576,0,-0.7128096;
racing,killCuboid,1,1,3,-307.1509,28.15818,-43.01905,0,0.7061182,0,-0.708094;
racing,killPrism,2,7,3,-332.1991,16.77652,29.24813,0,0.9999939,0,-0.003514446;
racing,killPrism,6,7,6,-363.2014,-7.335299,-23.72157,0,0.9077474,0,0.4195171;
racing,killSphere,4,4,4,-475.2331,-2.12068,386.3137,0,0.8992928,0,0.4373471;
racing,killCuboid,8,2,0.2,-382.9692,30.79594,300.8222,0,0.9362786,0,-0.3512583;
racing,killCuboid,10,0.5,10,-179.3338,29.17862,240.5159,0,0.5084803,0,0.8610737;
racing,killCuboid,10,0.5,15,-26.81501,29.10198,289.8137,0,0.707879,0,0.7063337;
customb,arch1,default,1,3,2,0,1,1,1,1.0,1.0,-105.4499,34.13119,268.3144,0,0.005571249,0,-0.9999845;
customb,arch1,default,1,1,1,0,1,1,1,1.0,1.0,-171.1473,28.81995,303.7803,0,0.8499786,0,-0.5268173;
customb,arch1,default,0.5,0.7,2,0,1,1,1,1.0,1.0,-121.4523,28.26328,242.8455,0,0.2479355,0,-0.9687766;
customb,arch1,default,0.5,0.7,2,0,1,1,1,1.0,1.0,-234.0894,28.16157,238.9064,0,0.9686521,0,0.2484211;
racing,killCuboid,0.1,4,10,-130.9595,12.3135,258.762,0,0.968781,0,0.2479183;
customb,arch1,default,1,0.5,2,0,1,1,1,1.0,1.0,-38.25325,27.75388,341.6178,0,0.7053645,0,-0.7088448;
custom,cuboid,brick4,0.2,1,0.2,0,1,1,1,1.0,1.0,-2.722153,14.75489,-474.636,0,0.005140882,0,0.9999868;
custom,cuboid,brick4,0.2,1,0.2,0,1,1,1,1.0,1.0,0.7184583,14.39489,-474.5943,0.0006905867,0.005094297,0.1343304,0.9909233;
custom,cuboid,brick4,0.2,1,0.2,0,1,1,1,1.0,1.0,3.078724,14.59489,-474.5791,-0.0002129167,0.008200323,-0.1336405,0.9909959;
custom,cuboid,brick4,1,0.2,0.2,0,1,1,1,1.0,1.0,0.5964758,19.11496,-474.786,0,0.005140882,0,0.9999868;
custom,cuboid,brick4,1,0.2,0.2,0,1,1,1,1.0,1.0,0.4376745,10.95489,-474.6687,0,0.005140882,0,0.9999868;