// Bug Fixed by Fruity
custom,boulder1,rock3,20,1,20,0,1,1,1,1,1,-1018.753,-2346.794,-2889,0,0.9999977,0,-0.0021604;
custom,boulder1,rock3,10,10,10,0,1,1,1,1,1,-1019.514,-2332.401,-3102.355,0,0.5931085,0,-0.8051226;
custom,boulder3,rock3,15,1,15,0,1,1,1,1,1,-1025.732,-2214.563,-3101.212,0,0.9995961,0,0.028421;
spawnpoint,playerC,-1009.186,-2335.46,-2964.692,0,0,0,1;
spawnpoint,playerM,-1013.787,-2335.42,-2960.798,0,0,0,1;
spawnpoint,playerC,-1031.799,-2335.714,-2968.667,0,0,0,1;
spawnpoint,playerM,-1038.24,-2335.274,-2954.232,0,0,0,1;
custom,boulder1,rock3,2,6,6,0,1,1,1,1,1,-1094.538,-2297.531,-2958.961,0,0.9997591,0,0.0219512;
custom,boulder1,rock3,4,7,8,0,1,1,1,1,1,-944.4259,-2290.394,-2968.499,0,0.9999986,0,0.0016688;
custom,boulder2,rock3,5,2,1,0,1,1,1,1,1,-1026.951,-2338.852,-2909.373,-0.0210567,0.907354,0.4173362,0.0457805;
custom,boulder3,rock3,6,2,2,0,1,1,1,1,1,-1038.888,-2341.532,-2767.041,-0.0212163,0.9058917,0.4205011,0.0457067;
racing,killCuboid,10,2,14,-1035.27,-2342.457,-2828.576,-0.0011608,0.9984646,0.0230071,0.0503774;
racing,killCuboid,0.1,6,14,-1082.92,-2309.108,-2850.045,0,0.9989068,0,0.0467471;
custom,boulder2,rock3,2,6,10,0,1,1,1,1,1,-976.4606,-2319.368,-2817.349,0.059707,0.7192098,-0.6895221,0.0610872;
custom,boulder3,rock3,10,3,10,0,1,1,1,1,1,-1032.812,-2268.375,-2820.631,-0.0020577,0.9964915,-0.0452698,0.0703641;
custom,boulder4,rock3,4,6,6,0,1,1,1,1,1,-1106.591,-2358.666,-2762.577,0,0.998237,0,0.0593548;
custom,boulder3,rock3,4,6,4,0,1,1,1,1,1,-1001.202,-2324.519,-2730.502,0,0.9289954,0,-0.3700914;
custom,boulder2,rock3,4,6,4,0,1,1,1,1,1,-1037.684,-2326.719,-2680,0,0.9018645,0,-0.4320191;
custom,boulder1,rock3,10,8,2,0,1,1,1,1,1,-1163.568,-2314.519,-2658.256,0,0.999292,0,0.0376234;
custom,boulder1,rock3,6,6,6,0,1,1,1,1,1,-1269.804,-2329.453,-2699.891,0,0.6605677,0,0.7507665;
custom,boulder2,rock3,6,1,6,0,1,1,1,1,1,-1014.636,-2247.37,-2877.948,0.0027668,-0.0209424,-0.9997769,-5.8E-05;
custom,boulder1,rock3,7,3,8,0,1,1,1,1,1,-1013.163,-2240.369,-2992.658,0,0.9997755,0,-0.0211896;
custom,boulder1,rock3,6,5,6,0,1,1,1,1,1,-905.1757,-2207.626,-2963.002,0,0.0654334,0,-0.997857;
custom,cave1,default,0.4,0.4,0.4,0,1,1,1,1,1,-1065.038,-2337.818,-2852.373,0,0.0487117,0,-0.9988129;
custom,cave1,default,0.4,0.3,0.4,0,1,1,1,1,1,-1023.886,-2335.458,-2828.497,0,0.0487117,0,-0.9988129;
custom,cave1,default,0.5,0.3,0.5,0,1,1,1,1,1,-1011.351,-2335.778,-2803.624,0,0.0487117,0,-0.9988129;
custom,cave1,default,0.5,0.3,0.5,0,1,1,1,1,1,-1040.838,-2336.404,-2808.871,0,0.9948934,0,0.1009309;
custom,cave1,default,0.5,0.4,0.5,0,1,1,1,1,1,-1056.742,-2352.604,-2797.015,0,0.9948934,0,0.1009309;
custom,cave2,default,0.5,0.4,0.5,0,1,1,1,1,1,-1050.399,-2293.349,-2831.722,0,0.0879123,0,-0.9961283;
custom,cave2,default,0.5,0.4,0.5,0,1,1,1,1,1,-1038.42,-2337.907,-2846.76,-0.9957399,-0.0024547,-0.0878781,0.0278135;
custom,boulder1,rock3,2,7,10,0,1,1,1,1,1,-1255.737,-2330.394,-2835.078,-0.0004342,0.9982334,0.0589565,0.007351;
custom,boulder2,rock3,6,1,10,0,1,1,1,1,1,-1183.967,-2265.48,-2842.781,0,0.6701374,0,0.7422371;
racing,killCuboid,6,1,15,-1179.469,-2256.218,-2832.82,0,0.6781853,0,0.7348911;
custom,boulder1,rock3,7,2,20,0,1,1,1,1,1,-1008.746,-2260.689,-2719.288,0,0.657064,0,0.7538348;
custom,boulder5,rock3,7,7,7,0,1,1,1,1,1,-1251.527,-2391.708,-2918.013,0,0.6386919,0,0.7694626;
custom,boulder5,rock3,2,2,2,0,1,1,1,1,1,-1187.157,-2343.376,-2872.857,0,0.0292876,0,-0.999571;
custom,boulder5,rock3,1,2,1,0,1,1,1,1,1,-1155.724,-2341.976,-2828.092,0,0.0292876,0,-0.999571;
custom,boulder5,rock3,1,1,2,0,1,1,1,1,1,-1148.283,-2339.776,-2896.876,0,0.2075412,0,-0.9782263;
custom,cave2,rock3,1,1,1,0,1,1,1,1,1,-1181.887,-2266.041,-2808.385,0,0.9995041,0,0.03148871;
custom,cave2,rock3,1,1,1,0,1,1,1,1,1,-1135.634,-2252.211,-2845.905,0,0.9995041,0,0.03148871;
custom,cave1,rock3,0.5,0.5,0.5,0,1,1,1,1,1,-1202.921,-2342.168,-2798.139,0,0.9963009,0,0.0859332;
custom,boulder4,rock3,8,7,8,0,1,1,1,1,1,-1250.15,-2368.192,-2966.898,0,0.6844736,0,0.7290376;
custom,boulder1,rock3,15,15,2,0,1,1,1,1,1,-1237.127,-2389.969,-3156.36,0,0.0054144,0,-0.9999853;
custom,boulder4,rock3,10,10,10,0,1,1,1,1,1,-1411.411,-2394.525,-2839.962,0,0.7016869,0,0.7124855;
custom,boulder4,rock3,10,5,5,0,1,1,1,1,1,-1322.109,-2188.324,-2867.253,-0.8007551,0.0252575,-0.5982568,-0.0155607;
custom,boulder4,rock3,30,20,3,0,1,1,1,1,1,-1436.465,-2431.671,-2763.609,0,0.9999272,0,0.0120634;
custom,boulder4,rock3,20,20,5,0,1,1,1,1,1,-1358.707,-2457.035,-2935.025,0,0.9987885,0,0.0492111;
custom,boulder1,rock3,10,2,10,0,1,1,1,1,1,-1383.909,-2161.783,-2839.587,0.0596821,0.7100156,0.0606201,-0.6990287;
custom,boulder2,rock3,5,5,5,0,1,1,1,1,1,-1499.113,-2359.503,-2822.691,0.2813801,0.6410035,-0.2734112,0.6596864;
custom,boulder3,rock3,5,5,5,0,1,1,1,1,1,-1528.74,-2390.103,-2899.976,0,0.6968783,0,0.7171894;
custom,boulder1,rock3,10,20,5,0,1,1,1,1,1,-1644.513,-2302.127,-2824.577,0.1928397,0.8175052,-0.1471888,0.5223348;
custom,boulder1,rock3,10,15,5,0,1,1,1,1,1,-1647.015,-2346.955,-3050.094,0,0.7092212,0,0.704986;
custom,boulder2,rock3,5,5,5,0,1,1,1,1,1,-1530.562,-2199.783,-2913.674,0.2584057,0.3487017,-0.1006476,0.8952674;
custom,boulder1,rock3,3,3,3,0,1,1,1,1,1,-1655.961,-2251.169,-2938.741,0,0.6366482,0,0.7711545;
custom,boulder2,rock3,20,2,30,0,1,1,1,1,1,-1554.964,-2380.392,-2971.725,0,0.0090092,0,0.9999594;
custom,boulder2,rock3,5,5,5,0,1,1,1,1,1,-1473.092,-2198.655,-2940.434,0.016223,0.9775857,0.0820902,-0.1931951;
custom,boulder3,rock3,5,5,5,0,1,1,1,1,1,-1534.665,-2137.099,-2848.326,0.2888528,0.7094619,0.4246042,-0.4826377;
custom,boulder3,rock3,20,2,30,0,1,1,1,1,1,-1361.394,-2368.997,-3094.317,0,0.7053537,0,-0.7088556;
racing,killCuboid,15,0.5,15,-1331.517,-2304.438,-2839.668,0,0.7058581,0,0.7083533;
custom,boulder4,rock3,20,20,4,0,1,1,1,1,1,-1508.928,-2404.052,-3104.219,0,0.1433302,0,0.9896749;
custom,boulder4,rock3,5,6,5,0,1,1,1,1,1,-1341.075,-2353.515,-3133.357,0,0.6291215,0,-0.777307;
custom,boulder2,rock3,7,2,7,0,1,1,1,1,1,-1211.068,-2230.605,-3098.242,0,0.716152,0,-0.6979444;
custom,boulder1,rock3,7,2,7,0,1,1,1,1,1,-1292.391,-2242.204,-3015.108,0,0.5111085,0,-0.8595162;
custom,boulder3,rock3,7,2,7,0,1,1,1,1,1,-1306.37,-2222.477,-3136.351,0,0.1290709,0,-0.9916354;
custom,boulder1,rock3,5,5,5,0,1,1,1,1,1,-1107.138,-2253.077,-3155.673,0,0.1564076,0,-0.9876926;
custom,boulder3,rock3,2,2,2,0,1,1,1,1,1,-1066.935,-2236.62,-3125.451,0,0.9517023,0,0.3070225;
custom,boulder2,rock3,2,2,2,0,1,1,1,1,1,-1164.765,-2234.646,-3148.21,0,0.9137651,0,-0.4062431;
custom,boulder1,rock3,8,2,8,0,1,1,1,1,1,-1380.682,-2226.812,-3046.237,0,-0.1312609,0,-0.9913478;
custom,cave1,rock3,1,0.7,1,0,1,1,1,1,1,-1424.883,-2355.094,-3031.027,0,0.6175608,0,-0.7865232;
custom,cave1,rock3,1,0.7,1,0,1,1,1,1,1,-1328.149,-2360.294,-3048.272,0,0.6175608,0,-0.7865232;
custom,boulder2,rock3,6,2,6,0,1,1,1,1,1,-1167.626,-2242.981,-3018.621,0,0.041733,0,-0.9991288;
custom,boulder3,rock3,6,2,6,0,1,1,1,1,1,-1092.793,-2227.886,-3026.799,0,0.9916776,0,0.1287462;
custom,boulder1,rock3,6,2,6,0,1,1,1,1,1,-1227.064,-2250.911,-2945.288,0,0.0614424,0,-0.9981107;
custom,boulder1,rock3,4,2,8,0,1,1,1,1,1,-1131.144,-2252.454,-2942.482,0,0.9991231,0,0.0418693;
racing,killCuboid,30,1,30,-1405.604,-2353.89,-3108.899,0,0.683268,0,-0.7301677;
custom,boulder4,rock3,3,1,1,0,1,1,1,1,1,-1254.256,-2350.695,-3068.571,0,0.7136616,0,-0.7004907;
custom,boulder3,rock3,3,1,1,0,1,1,1,1,1,-1259.105,-2352.495,-3113.07,0.4085363,0.5764232,0.3154125,-0.6335214;
custom,boulder3,rock3,6,1,6,0,1,1,1,1,1,-1566.906,-2357.624,-3010.103,-0.0751329,0.6788509,-0.0701524,-0.7270455;
custom,boulder5,rock3,7,4,4,0,1,1,1,1,1,-886.1089,-2381.956,-2776.479,0,0.7436113,0,-0.6686122;
custom,boulder1,rock3,6,1,6,0,1,1,1,1,1,-959.0833,-2259.301,-2835.914,0.030723,0.7572021,0.0357087,-0.6514798;
racing,killCuboid,10,1,20,-970.3899,-2251.759,-2838.078,0,0.7495565,0,-0.6619404;
racing,killCuboid,10,10,1,-875.8604,-2296.761,-2826.398,0,0.7495896,0,-0.6619029;
custom,boulder1,rock3,2,2,2,0,1,1,1,1,1,-883.8498,-2259.364,-2826.113,0,0.7496157,0,-0.6618735;
custom,boulder1,rock3,8,1,8,0,1,1,1,1,1,-920.758,-2339.212,-2707.88,0,0.9999852,0,0.0054446;
custom,boulder4,rock3,8,6,1,0,1,1,1,1,1,-822.6296,-2340.936,-2874.729,0,0.027365,0,-0.9996255;
racing,killCuboid,10,3,10,-821.2142,-2352.693,-2820.156,0,0.7500442,0,-0.6613878;
custom,boulder4,rock3,10,10,10,0,1,1,1,1,1,-742.7905,-2372.845,-2824.606,0,0.7654662,0,-0.6434761;
custom,boulder4,rock3,15,10,10,0,1,1,1,1,1,-764.5238,-2385.629,-2690.543,0,0.8974559,0,-0.4411043;
custom,boulder4,rock3,15,10,10,0,1,1,1,1,1,-906.5089,-2384.398,-2609.005,0,0.9927007,0,0.1206041;
custom,boulder1,rock3,4,4,4,0,1,1,1,1,1,-1025.33,-2271.855,-2671.781,0,0.952649,0,0.3040722;
custom,cave1,rock3,1,0.4,1,0,1,1,1,1,1,-909.3477,-2336.349,-2733.254,0,0.1765945,0,0.9842837;
custom,cave1,rock3,1,0.4,1,0,1,1,1,1,1,-893.5032,-2336.349,-2732.516,0,0.1765945,0,0.9842837;
custom,cave1,rock3,1,0.4,1,0,1,1,1,1,1,-900.2403,-2332.115,-2715.795,0,0.7411553,0,-0.6713336;
custom,cave1,rock3,1,0.4,1,0,1,1,1,1,1,-929.7371,-2328.494,-2704.848,0,0.8111148,0,-0.584887;
custom,boulder1,rock3,2,2,5,0,1,1,1,1,1,-898.0693,-2256.946,-2890.232,0,0.7146078,0,-0.6995254;
custom,boulder3,rock3,2,2,5,0,1,1,1,1,1,-825.83,-2339.404,-2772.035,-0.2134386,0.6784405,0.216518,0.6687918;
custom,boulder4,rock3,4,2,4,0,1,1,1,1,1,-1079.506,-2259.921,-2853.51,0,0.9996136,0,0.0277963;
custom,boulder3,rock3,6,1,2,0,1,1,1,1,1,-1196.294,-2254.868,-2807.19,0,0.9985428,0,0.0539648;
custom,boulder4,rock3,2,5,6,0,1,1,1,1,1,-1097.208,-2252.902,-2682.744,-0.0056512,0.9955354,0.039732,-0.0854332;
custom,boulder4,rock3,2,5,6,0,1,1,1,1,1,-1037.416,-2258.429,-2679.146,0.005601801,-0.1668754,0.06108071,0.9840683;
custom,boulder1,rock3,7,5,7,0,1,1,1,1,1,-1574.171,-2193.402,-2971.95,0,0.7375519,0,0.6752905;
custom,boulder3,rock3,5,2,5,0,1,1,1,1,1,-1525.803,-2220.321,-3059.572,0,0.2303498,0,0.9731079;
custom,boulder3,rock3,5,2,5,0,1,1,1,1,1,-1492.49,-2227.875,-3003.793,0,0.5425626,0,-0.8400154;
custom,boulder4,rock3,20,15,5,0,1,1,1,1,1,-1135.108,-2237.724,-2920.381,0,0.0020207,0,-0.999998;
spawnpoint,playerC,-1025.082,-2205.128,-3091.893,0,0,0,1;
spawnpoint,playerM,-1019.574,-2204.887,-3098.766,0,0,0,1;
spawnpoint,playerC,-1028.457,-2204.968,-3107.034,0,0,0,1;
spawnpoint,playerM,-1032.857,-2204.728,-3098.075,0,0,0,1;
custom,boulder4,rock3,6,6,6,0,1,1,1,1,1,-1094.308,-2217.909,-3090.776,0,0.6690118,0,0.7432517;
custom,boulder4,rock3,10,6,4,0,1,1,1,1,1,-1020.375,-2214.315,-3039.253,0,0.0743214,0,-0.9972344;
custom,boulder4,rock3,10,6,4,0,1,1,1,1,1,-1044.644,-2220.458,-3152.015,0,-0.0193686,0,-0.9998124;
custom,boulder1,rock3,10,3,10,0,1,1,1,1,1,-768.0334,-2205.035,-3051.479,0,0.6753438,0,0.7375031;
custom,boulder1,rock3,10,3,10,0,1,1,1,1,1,-606.6161,-2236.319,-3025.531,-0.714752,0.0414012,-0.6968589,-0.0424642;
custom,boulder4,rock3,20,20,5,0,1,1,1,1,1,-371.3981,-2392.043,-3018.786,0,0.7074645,0,-0.706749;
custom,boulder1,rock3,10,10,10,0,1,1,1,1,1,-319.0708,-2307.658,-3126.676,0,0.6832103,0,0.7302217;
custom,boulder1,rock3,10,10,10,0,1,1,1,1,1,-357.9967,-2298.458,-2903.775,0,0.977765,0,0.2097038;
custom,boulder4,rock3,20,10,5,0,1,1,1,1,1,-894.7242,-2256.933,-3158.196,0,0.0311076,0,-0.9995161;
custom,boulder4,rock3,7,10,20,0,1,1,1,1,1,-858.535,-2213.298,-3003.103,0,0.6862637,0,-0.7273529;
custom,boulder1,rock3,10,10,5,0,1,1,1,1,1,-689.2409,-2220.323,-3147.353,0,0.018993,0,0.9998196;
custom,boulder2,rock3,10,10,5,0,1,1,1,1,1,-506.2102,-2212.727,-3116.711,-0.1060738,-0.0316922,0.70282,0.7027006;
custom,boulder2,rock3,10,10,5,0,1,1,1,1,1,-498.5168,-2179.23,-2976.445,-0.6882585,0.7252733,0.0114975,-0.0121158;
custom,boulder4,rock3,10,10,5,0,1,1,1,1,1,-668.1323,-2221.791,-2985.287,0,0.9989144,0,0.0465851;
custom,boulder1,rock3,10,2,10,0,1,1,1,1,1,-972.0162,-2128.308,-3087.482,0,0.6846032,0,0.728916;
custom,boulder2,rock3,5,2,5,0,1,1,1,1,1,-847.4915,-2114.665,-3128.007,0,0.6766096,0,0.736342;
custom,boulder3,rock3,5,2,5,0,1,1,1,1,1,-828.2879,-2120.08,-3059.94,0,0.024801,0,-0.9996924;
custom,boulder2,rock3,6,2,6,0,1,1,1,1,1,-773.6629,-2127.987,-3108.698,0.0991016,0.0659212,0.0065798,-0.9928696;
custom,boulder1,rock3,6,2,6,0,1,1,1,1,1,-730.5117,-2133.845,-3055.452,0.0094012,0.7392653,0.0103228,-0.6732696;
custom,boulder1,rock3,6,2,6,0,1,1,1,1,1,-639.2071,-2152.079,-3049.534,0,0.7169257,0,-0.6971497;
custom,boulder1,rock3,6,2,6,0,1,1,1,1,1,-548.5632,-2151.01,-3049.998,0,0.7364089,0,-0.6765368;
custom,boulder2,rock3,6,2,6,0,1,1,1,1,1,-461.1383,-2163.646,-3046.469,0,0.6876621,0,0.7260309;
custom,boulder3,rock3,6,2,6,0,1,1,1,1,1,-412.0886,-2160.246,-3043.081,0,0.7809249,0,0.624625;
custom,boulder1,rock3,10,4,20,0,1,1,1,1,1,-565.8363,-2361.795,-3041.502,0.0134338,0.8056374,-0.0182825,0.5919744;
custom,boulder3,rock3,6,6,6,0,1,1,1,1,1,-483.8718,-2325.708,-2970.717,0,0.9744176,0,-0.2247451;
custom,boulder3,rock3,6,6,6,0,1,1,1,1,1,-478.7084,-2302.81,-3114.505,0,0.9998664,0,-0.0163485;
custom,boulder3,rock3,10,6,6,0,1,1,1,1,1,-625.2742,-2299.138,-3096.203,0,0.9878631,0,-0.1553276;
custom,boulder1,rock3,10,6,6,0,1,1,1,1,1,-836.4246,-2297.152,-3088.08,0,0.988861,0,-0.1488419;
custom,boulder1,rock3,10,6,6,0,1,1,1,1,1,-599.3844,-2307.118,-2945.997,0,0.9950866,0,-0.099009;
custom,boulder2,rock3,5,6,6,0,1,1,1,1,1,-705.6913,-2281.761,-2911.148,0,0.4095754,0,0.9122763;
custom,boulder1,rock3,6,2,6,0,1,1,1,1,1,-800.364,-2232.927,-2942.31,-0.0042064,0.9951365,0.0853133,0.049065;
custom,boulder2,rock3,4,4,4,0,1,1,1,1,1,-813.4935,-2225.721,-2872.534,0,0.9992619,0,0.0384159;
custom,boulder2,rock3,4,4,4,0,1,1,1,1,1,-792.1383,-2196.341,-2826.98,-0.2893772,0.441114,-0.1527494,-0.8356715;
custom,boulder3,rock3,4,4,4,0,1,1,1,1,1,-763.0555,-2228.991,-2749.626,0,0.7807434,0,-0.6248518;
custom,boulder1,rock3,4,4,4,0,1,1,1,1,1,-826.7473,-2219.551,-2717.543,0,0.997619,0,0.0689659;
custom,boulder4,rock3,10,7,4,0,1,1,1,1,1,-921.1533,-2263.487,-2751.537,0,0.9984356,0,0.0559134;
custom,boulder4,rock3,10,7,4,0,1,1,1,1,1,-1172.508,-2264.329,-2749.515,0,0.9897538,0,0.1427844;
custom,boulder2,rock3,5,5,5,0,1,1,1,1,1,-808.8064,-2186.047,-2781.196,-0.2304254,0.7693595,-0.4107999,-0.431548;
custom,boulder2,rock3,5,5,5,0,1,1,1,1,1,-859.1908,-2170.374,-2889.468,0,0.3699587,0,-0.9290482;
custom,boulder3,rock3,5,5,5,0,1,1,1,1,1,-874.2126,-2180.364,-2764.849,0,0.9979655,0,-0.0637566;
custom,boulder1,rock3,6,2,7,0,1,1,1,1,1,-898.3057,-2147.465,-2818.451,0,0.7295197,0,-0.6839598;
custom,boulder1,rock3,6,3,10,0,1,1,1,1,1,-1187.116,-2153.593,-2831.225,0,0.6613212,0,0.7501029;
custom,boulder2,rock3,2,2,2,0,1,1,1,1,1,-1246.602,-2184.648,-2776.53,0,0.9894611,0,0.1447992;
custom,boulder1,rock3,2,2,2,0,1,1,1,1,1,-1080.154,-2163.137,-2882.087,0,0.998357,0,-0.0573002;
custom,boulder2,rock3,4,4,3,0,1,1,1,1,1,-1013.512,-2210.221,-2735.571,0,0.9270417,0,-0.3749582;
custom,boulder2,rock3,4,4,3,0,1,1,1,1,1,-1123.478,-2197.419,-2729.354,0,0.9046145,0,0.4262308;
custom,boulder1,rock3,4,3,6,0,1,1,1,1,1,-1073.877,-2162.439,-2730.173,0,0.9997688,0,0.0215018;
custom,bridge1,rock3,1,1,1,0,1,1,1,1,1,-1073.684,-2285.313,-2602.653,0,0.6834786,0,0.7299706;
racing,killCuboid,200,1,40,-1081.347,-2304.812,-2441.172,0,0.9998081,0,0.0195928;
custom,boulder4,rock3,40,40,40,0,1,1,1,1,1,-1888.961,-2402.346,-2452.467,0,0.6883401,0,0.7253881;
custom,boulder4,rock3,40,40,40,0,1,1,1,1,1,-326.9144,-2384.438,-2367.006,0,0.6977423,0,0.7163489;
custom,boulder4,rock3,15,10,10,0,1,1,1,1,1,-1386.947,-2399.414,-2664.674,0,0.934417,0,-0.3561809;
custom,boulder4,rock3,15,10,10,0,1,1,1,1,1,-646.8191,-2374.326,-2524.276,0,0.8899333,0,0.4560906;
custom,bridge1,rock3,1,1,1,0,1,1,1,1,1,-1098.284,-2269.629,-2466.213,0,0.5665888,0,0.8240007;
custom,cave1,rock3,0.5,0.8,0.5,0,1,1,1,1,1,-1096.634,-2364.806,-2468.543,0,0.6137075,0,0.7895335;
custom,bridge1,rock3,1,1,1,0,1,1,1,1,1,-1107.949,-2292.13,-2271.017,-0.0818245,0.6765755,-0.09040531,0.7262074;
custom,boulder4,rock3,10,10,10,0,1,1,1,1,1,-1026.813,-2373.248,-2214.42,0,0.9999085,0,0.0135291;
custom,boulder4,rock3,10,10,10,0,1,1,1,1,1,-1188.208,-2367.74,-2224.778,0,0.0278778,0,0.9996114;
custom,boulder4,rock3,30,30,10,0,1,1,1,1,1,-1390.504,-2376.344,-2235.435,0,0.9774964,0,0.2109523;
custom,boulder4,rock3,30,30,10,0,1,1,1,1,1,-798.0121,-2373.99,-2231.424,0,0.1269848,0,0.9919047;
custom,cuboid,earth2,50,1,50,0,1,1,1,1,1,-1127.702,-2277.773,-1973.507,0,0.0355161,0,-0.9993691;
custom,cuboid,earth2,3,20,3,0,1,1,1,1,1,-1060.333,-2181.021,-2200.881,0,0.0552032,0,-0.9984751;
custom,cuboid,earth2,3,20,3,0,1,1,1,1,1,-1156.823,-2180.982,-2210.63,0,0.0552032,0,-0.9984751;
custom,cuboid,earth2,20,3,3,0,1,1,1,1,1,-1108.798,-2096.171,-2206.123,0,0.05085531,0,-0.998706;
custom,cuboid,earth2,10,30,2,0,1,1,1,1,1,-996.9276,-2230.797,-2194.951,0,0.0487027,0,-0.9988133;
custom,cuboid,earth2,10,30,2,0,1,1,1,1,1,-1220.466,-2230.909,-2216.893,0,0.0487027,0,-0.9988133;
custom,cuboid,earth2,15,2,3,0,1,1,1,1,1,-1103.747,-2187.29,-2232.442,0,0.0639821,0,-0.9979511;
custom,cuboid,earth2,15,2,3,0,1,1,1,1,1,-1105.402,-2175.29,-2220.212,0,0.0639821,0,-0.9979511;
custom,cuboid,earth2,15,2,3,0,1,1,1,1,1,-1106.911,-2170.89,-2209.429,0,0.0639821,0,-0.9979511;
custom,statue2,stone8,2,2,2,0,1,1,1,1,1,-1108.788,-2165.256,-2213.337,0,0.9986664,0,0.0516273;
custom,sphere,stone8,1,1,1,1,1,0,0,1,1,-1103.733,-2134.663,-2224.919,0,0.0596433,0,-0.9982198;
custom,sphere,stone8,1,1,1,1,1,0,0,1,1,-1112.074,-2134.663,-2225.919,0,0.0596433,0,-0.9982198;
custom,cuboid,earth2,7,7,1,1,0.3636364,0.375,0.3522727,1,1,-1108.841,-2127.773,-2192.881,0,0.0531167,0,-0.9985883;
racing,checkpointCuboid,6,6,1,-1105.66,-2243.623,-2214.465,0,0.008436804,0,0.9999644;
misc,barrier,50,1,50,-1064.357,-2173.951,-2476.927,0,0.9983389,0,0.0576155;
custom,boulder1,rock3,3,1,20,0,1,1,1,1,1,-1082.396,-2166.45,-2733.069,0,0.7409602,0,-0.671549;
misc,barrier,1,10,50,-1308.38,-2218.983,-2503.686,0,0.058427,0,-0.9982917;
misc,barrier,1,20,50,-821.27,-2268.944,-2448.802,0,0.0581559,0,-0.9983075;
custom,boulder4,rock3,2,4,4,0,1,1,1,1,1,-1152.573,-2285.417,-2179.768,0,0.9988462,0,0.0480242;
custom,boulder4,rock3,2,6,6,0,1,1,1,1,1,-1160.633,-2276.352,-2119.587,0,0.0213101,0,0.9997729;
custom,boulder1,rock3,6,3,6,0,1,1,1,1,1,-1108.06,-2197.91,-2146.931,0,0.9933127,0,0.1154557;
custom,boulder3,rock3,4,4,4,0,1,1,1,1,1,-1175.181,-2212.429,-2177.056,0,-0.197953,0,-0.9802115;
custom,boulder4,rock3,5,5,2,0,1,1,1,1,1,-1107.534,-2275.659,-2071.163,0,0.9995937,0,0.0285039;
custom,boulder4,rock3,6,6,3,0,1,1,1,1,1,-1051.611,-2277.633,-2165.279,0,0.6814747,0,-0.7318417;
custom,cuboid,earth1,6,6,1,0,1,1,1,1,1,-1059.021,-2243.805,-2070.41,0,0.9999971,0,-0.002417;
custom,cuboid,earth1,6,6,1,0,1,1,1,1,1,-1015.949,-2243.216,-2048.013,0,0.8861077,0,0.4634793;
custom,cuboid,earth1,1,6,12,0,1,1,1,1,1,-955.0402,-2244.024,-2062.633,0,0.9999769,0,0.0067959;
custom,boulder2,rock3,6,6,6,0,1,1,1,1,1,-961.4171,-2243.584,-2159.773,0,0.8950168,0,0.4460324;
custom,cuboid,earth1,1,6,20,0,1,1,1,1,1,-1050.926,-2244.084,-1998.46,0,0.7088351,0,-0.7053743;
custom,boulder3,earth1,6,6,6,0,1,1,1,1,1,-1073.014,-2270.459,-1979.757,0,0.7263866,0,0.6872864;
custom,boulder2,rock3,3,4,2,0,1,1,1,1,1,-1149.722,-2224.332,-2073.061,0.0390759,0.937333,-0.1117703,0.3277;
custom,cuboid,earth1,6,1,1,0,1,1,1,1,1,-1146.713,-2268.517,-2033.33,0,0.7160341,0,0.6980653;
custom,cuboid,earth1,6,1,1,0,1,1,1,1,1,-1145.876,-2219.038,-2033.354,0,0.7076991,0,0.706514;
custom,cylinder,earth1,1,3,1,0,1,1,1,1,1,-1145.803,-2244.517,-2014.688,0,0.7160341,0,0.6980653;
custom,cylinder,earth1,1,1,1,0,1,1,1,1,1,-1146.512,-2256.689,-2031.286,-0.060769,0.7088392,-0.0600265,0.7001793;
custom,cylinder,earth1,1,1,1,0,1,1,1,1,1,-1145.729,-2229.129,-2031.493,0.2103783,0.6796227,0.2078082,0.6713194;
custom,cuboid,earth1,12,6,1,0,1,1,1,1,1,-1210.471,-2244.095,-1999.276,0,0.9999966,0,0.002623;
custom,cuboid,earth1,10,6,1,0,1,1,1,1,1,-1228.016,-2243.99,-2047.736,0,0.71903,0,0.694979;
custom,cuboid,earth1,10,6,1,0,1,1,1,1,1,-1273.048,-2243.927,-2091.231,0,0.71903,0,0.694979;
custom,cuboid,earth1,6,6,1,0,1,1,1,1,1,-1300.211,-2243.963,-1999.798,0,0.9999884,0,0.004814701;
custom,cuboid,earth1,1,6,10,0,1,1,1,1,1,-1320.642,-2243.884,-2044.813,0,0.9984351,0,0.0559246;
custom,cuboid,earth1,20,6,1,0,1,1,1,1,1,-1368.421,-2243.724,-2046.595,0,0.6817927,0,0.7315454;
custom,cuboid,earth1,4,4,1,0,1,1,1,1,1,-1251.627,-2253.555,-2066.224,0,0.9997721,0,-0.0213489;
custom,cuboid,earth1,4,4,1,0,1,1,1,1,1,-1295.678,-2233.875,-2064.101,0,0.9997721,0,-0.0213489;
custom,boulder2,rock3,4,4,4,0,1,1,1,1,1,-1376.958,-2266.755,-2046.224,0,0.6890379,0,-0.7247253;
custom,cuboid,earth1,1,6,20,0,1,1,1,1,1,-1279.103,-2243.631,-1961.727,0,0.7412134,0,0.6712695;
custom,cuboid,earth1,5,5.5,5,0,1,1,1,1,1,-1156.244,-2241.594,-1969.444,0,0.7051821,0,0.7090263;
custom,cuboid,earth1,1,6,25,0,1,1,1,1,1,-1204.59,-2244.254,-1921.192,0,0.7157939,0,-0.6983117;
custom,cuboid,earth1,5,6,1,0,1,1,1,1,1,-1084.035,-2244.33,-1938.592,0,0.716723,0,-0.697358;
custom,cuboid,lava1,50,1,50,0,1,1,1,1,1,-1124.488,-2367.207,-2019.536,0,0.7332746,0,-0.6799327;
racing,killCuboid,50,1,50,-1125.499,-2365.73,-2019.41,0,0.6797018,0,0.7334886;
custom,cylinder,earth1,2,4.5,2,0,1,1,1,1,1,-1371.386,-2324.71,-1927.479,0,0.6814917,0,0.7318258;
custom,cylinder,earth1,2,4.5,2,0,1,1,1,1,1,-1374.196,-2323.646,-1885.737,0,0.6814917,0,0.7318258;
custom,boulder4,rock3,5,2,5,0,1,1,1,1,1,-1389.599,-2365.286,-1904.79,0,0.6814917,0,0.7318258;
custom,cave1,default,1,0.6,1,0,1,1,1,1,1,-1275.964,-2365.438,-1907.962,0,0.7004001,0,0.7137505;
custom,cave1,default,1,0.55,1,0,1,1,1,1,1,-1246.31,-2362.949,-2020.435,0,0.4707613,0,0.8822606;
custom,cave2,default,1,0.55,1,0,1,1,1,1,1,-1128.404,-2281.985,-2000.556,0,0.011639,0,-0.9999323;
custom,cave2,default,1,0.7,1,0,1,1,1,1,1,-1169.264,-2281.906,-1860.278,0,0.011639,0,-0.9999323;
custom,boulder4,rock3,4,4,4,0,1,1,1,1,1,-1025.241,-2363.248,-1879.308,0,0.6846393,0,0.7288821;
custom,cave1,default,1,0.55,1,0,1,1,1,1,1,-912.6384,-2365.41,-2037.817,0,0.8903589,0,-0.4552594;
racing,killCuboid,50,0.5,50,-1127.419,-2281.638,-1972.804,0,0.6808531,0,0.73242;
racing,killCuboid,1,9,17,-1299.041,-2325.963,-1897.242,0,0.8331205,0,-0.5530915;
racing,killCuboid,1,9,20,-1290.668,-2326.079,-1846.633,0,0.5384771,0,0.8426402;
racing,killCuboid,1,9,20,-1199.851,-2320.171,-1904.126,0,0.9999035,0,0.0138932;
racing,killCuboid,1,9,14,-1257.364,-2321.518,-1916.859,0,0.2832364,0,0.9590501;
racing,killCuboid,1,9,10,-1250.605,-2322.987,-2001.365,0,0.6320758,0,0.7749066;
racing,killCuboid,1,9,4,-1311.953,-2321.662,-1989.325,0,0.4315673,0,0.9020808;
racing,killCuboid,1,9,6,-1324.608,-2324.413,-2027.832,0,-0.0200578,0,0.9997988;
racing,killCuboid,1,9,20,-1229.485,-2321.044,-2073.601,0,0.7440113,0,0.6681671;
racing,killCuboid,1,9,20,-1137.656,-2321.643,-1989.202,0,-0.0602109,0,0.9981857;
racing,killCuboid,1,9,20,-1075.822,-2323.264,-1874.792,0,0.7986747,0,-0.6017631;
racing,killCuboid,1,9,25,-1073.071,-2323.448,-1801.962,0,0.736465,0,-0.6764757;
racing,killCuboid,1,9,25,-956.696,-2322.068,-1912.507,0,0.999349,0,-0.0360784;
racing,killCuboid,1,9,25,-1047.361,-2324.362,-2040.825,0,0.2067856,0,-0.9783863;
racing,killCuboid,1,9,25,-928.5182,-2328.936,-2029.2,0,0.9854468,0,-0.1699843;
custom,boulder1,rock3,5,2,5,0,1,1,1,1,1,-859.0543,-2366.699,-2131.707,0,0.7424521,0,-0.6698992;
custom,boulder1,rock3,7,3,7,0,1,1,1,1,1,-815.9281,-2354.992,-2044.998,0,0.9864759,0,-0.163906;
custom,boulder4,rock3,7,3,3,0,1,1,1,1,1,-883.2591,-2375.543,-1904.641,0,0.7306768,0,-0.6827236;
custom,cylinder,earth1,2,3.6,2,0,1,1,1,1,1,-891.0615,-2313.892,-1913.568,0,0.733658,0,-0.6795189;
custom,cylinder,earth1,2,3.6,2,0,1,1,1,1,1,-893.7656,-2314.465,-1873.632,0,0.7424953,0,-0.6698513;
racing,killCuboid,1,9,5,-924.5266,-2321.641,-1871.76,0,0.6844894,0,-0.7290229;
custom,boulder4,rock3,20,20,4,0,1,1,1,1,1,-1114.441,-2089.956,-2183.174,0,0.0471521,0,-0.9988877;
custom,cuboid,earth1,1,6,8,0,1,1,1,1,1,-1358.114,-2244.138,-1901.151,0,0.4455923,0,-0.895236;
custom,boulder4,rock3,8,8,8,0,1,1,1,1,1,-1482.593,-2368.488,-1917.486,0,0.6840699,0,0.7294165;
custom,boulder2,rock3,4,4,4,0,1,1,1,1,1,-1410.524,-2267.196,-1950.723,0,0.0734686,0,-0.9972975;
custom,boulder2,rock3,4,4,4,0,1,1,1,1,1,-1417.062,-2258.743,-1874.26,0,0.9996729,0,0.0255748;
custom,boulder4,rock3,4,4,4,0,1,1,1,1,1,-1402.616,-2362.142,-1879.009,0,0.9991641,0,0.0408801;
custom,boulder4,rock3,4,4,4,0,1,1,1,1,1,-1393.969,-2366.3,-1949.857,0,0.9991629,0,0.0409099;
custom,boulder4,rock3,2,8,6,0,1,1,1,1,1,-834.6034,-2378.129,-1919.141,-0.0837338,0.7211674,-0.0885482,-0.6819571;
custom,boulder4,rock3,2,8,6,0,1,1,1,1,1,-833.4783,-2383.611,-1866.852,-0.1060754,0.7121015,-0.1102392,-0.6852057;
custom,boulder2,rock3,4,4,4,0,1,1,1,1,1,-805.4173,-2353.421,-1888.642,0,0.7325914,0,-0.6806687;
custom,boulder2,rock3,4,6,4,0,1,1,1,1,1,-815.4355,-2272.027,-1889.985,0.6254345,0.2826733,0.6790795,-0.2603431;
custom,boulder3,rock3,5,2,2,0,1,1,1,1,1,-884.9248,-2281.373,-1896.227,0,0.68951,0,0.7242762;
custom,cuboid,earth1,1,6,12,0,1,1,1,1,1,-920.7881,-2244.203,-1872.252,0,0.7282065,0,-0.6853578;
custom,cuboid,earth1,1,6,12,0,1,1,1,1,1,-980.0483,-2244.132,-1915.244,0,0.9274582,0,-0.373927;
custom,cuboid,earth1,1,6,12,0,1,1,1,1,1,-911.3804,-2244.25,-1959.667,0,0.412344,0,0.9110282;
custom,cuboid,earth1,8,1,1,0,1,1,1,1,1,-935.7601,-2268.736,-1929.14,0,0.9297049,0,-0.3683053;
custom,cuboid,earth1,8,1,1,0,1,1,1,1,1,-937.1395,-2219.091,-1927.614,0,0.9342911,0,-0.3565111;
custom,cuboid,earth1,1,3,1,0,1,1,1,1,1,-921.6368,-2253.612,-1942.683,-0.1284133,0.9254241,0.0490005,-0.3531278;
custom,cuboid,earth1,1,3,1,0,1,1,1,1,1,-935.7141,-2252.532,-1929.32,0,0.9311444,0,-0.3646506;
custom,cuboid,earth1,1,5,1,0,1,1,1,1,1,-951.0626,-2245.411,-1914.981,0.0231031,0.931999,-0.0089639,-0.3616128;
custom,cuboid,earth1,1,2,1,0,1,1,1,1,1,-923.088,-2228.529,-1940.774,0.0864329,0.9456422,-0.0372256,-0.3112947;
custom,cuboid,earth1,1,6,40,0,1,1,1,1,1,-1142.71,-2244.21,-1873.283,0,0.7070038,0,-0.7072098;
custom,cuboid,earth1,1,6,40,0,1,1,1,1,1,-1188.35,-2244.126,-1825.37,0,0.6788827,0,0.7342468;
custom,cuboid,earth1,1,6,40,0,1,1,1,1,1,-1091.63,-2243.952,-1775.575,0,0.7357335,0,-0.6772712;
custom,cuboid,earth1,1,6,50,0,1,1,1,1,1,-1145.149,-2243.472,-1729.177,0,0.7319394,0,-0.6813698;
custom,cuboid,earth1,1,6,4,0,1,1,1,1,1,-992.0206,-2243.969,-1810.321,0,0.9634911,0,-0.2677405;
custom,cuboid,earth1,1,6,4,0,1,1,1,1,1,-955.6766,-2244.129,-1803.814,0,0.4643807,0,-0.8856357;
custom,cuboid,earth1,1,6,4,0,1,1,1,1,1,-936.741,-2244.209,-1819.177,0,0.9464812,0,-0.322759;
custom,cuboid,earth1,12,6,1,0,1,1,1,1,1,-893.0374,-2243.97,-1814.377,0,0.733103,0,-0.6801177;
custom,cuboid,earth1,14,6,1,0,1,1,1,1,1,-1385.035,-2243,-1813.977,0,0.6837475,0,0.7297188;
custom,cylinder,earth1,2,3,2,0,1,1,1,1,1,-1305.974,-2243.29,-1791.975,0,0.6883772,0,0.7253529;
custom,cylinder,earth1,2,3,2,0,1,1,1,1,1,-1332.154,-2243.33,-1767.793,0,0.6883772,0,0.7253529;
custom,cylinder,earth1,2,3,2,0,1,1,1,1,1,-1339.279,-2243.97,-1812.069,0,0.6883772,0,0.7253529;
custom,boulder2,rock3,2,2,2,0,1,1,1,1,1,-893.5781,-2292.801,-1706.65,0,0.7358134,0,-0.6771844;
custom,boulder1,rock3,2,2,2,0,1,1,1,1,1,-895.984,-2287.021,-1740.318,0,0.7402322,0,-0.6723513;
custom,boulder3,rock3,2,2,2,0,1,1,1,1,1,-862.3135,-2287.021,-1759.376,0,-0.0618985,0,-0.9980825;
custom,boulder2,rock3,2,2,2,0,1,1,1,1,1,-871.6297,-2296.74,-1703.896,0,0.9920023,0,0.1262197;
custom,boulder3,rock3,2,2,2,0,1,1,1,1,1,-839.2276,-2283.821,-1742.083,0.6876854,-0.1466934,-0.6961098,-0.1449179;
custom,boulder1,rock3,2,2,2,0,1,1,1,1,1,-836.3824,-2289.104,-1704.803,0,0.994054,0,0.1088886;
custom,boulder2,rock3,2,2,2,0,1,1,1,1,1,-863.3113,-2260.381,-1700.727,-0.7421238,0.6682114,-0.0389416,0.0350632;
custom,boulder3,rock3,3,3,3,0,1,1,1,1,1,-868.114,-2265.199,-1762.08,0,0.0306774,0,-0.9995294;
custom,boulder2,rock3,2,2,2,0,1,1,1,1,1,-837.7314,-2249.866,-1755.128,0,0.4327087,0,-0.9015338;
custom,boulder1,rock3,3,3,1,0,1,1,1,1,1,-833.2335,-2252.719,-1723.127,-0.084835,0.81839,-0.1252313,-0.5543988;
custom,boulder2,rock3,3,3,1,0,1,1,1,1,1,-876.1417,-2253.916,-1707.292,0,0.9970713,0,0.0764771;
custom,boulder1,rock3,3,3,3,0,1,1,1,1,1,-861.343,-2198.673,-1718.665,0,0.6591794,0,0.7519857;
custom,boulder1,rock3,3,3,3,0,1,1,1,1,1,-853.5851,-2216.834,-1752.175,0,0.1669792,0,0.9859604;
custom,boulder1,rock3,1,10,5,0,1,1,1,1,1,-882.811,-2394.389,-1702.701,0,0.7073643,0,-0.7068492;
custom,boulder1,rock3,1,10,5,0,1,1,1,1,1,-816.9206,-2398.987,-1740.288,-0.07749321,0.9942083,0.07198141,0.019061;
custom,boulder1,rock3,1,20,5,0,1,1,1,1,1,-897.3404,-2528.399,-1743.713,0,0.9982482,0,0.0591667;
custom,boulder1,rock3,1,20,5,0,1,1,1,1,1,-838.0035,-2485.76,-1780.519,0,-0.6701697,0,0.7422079;
custom,boulder2,rock3,2,2,2,0,1,1,1,1,1,-884.4947,-2302.106,-1770.407,0,0.87595,0,-0.482402;
custom,boulder1,rock3,6,20,2,0,1,1,1,1,1,-784.4051,-2752.221,-1742.705,0,0.7288468,0,-0.6846768;
custom,boulder1,rock3,6,20,2,0,1,1,1,1,1,-846.5703,-2751.958,-1687.042,0,0.9995777,0,0.0290602;
custom,boulder1,rock3,6,20,2,0,1,1,1,1,1,-830.6299,-2744.639,-1801.658,0,0.1052655,0,-0.9944442;
custom,boulder1,rock3,6,10,2,0,1,1,1,1,1,-905.9578,-2770.749,-1752.805,0,0.6766479,0,0.7363067;
custom,boulder1,rock3,6,5,2,0,1,1,1,1,1,-791.6638,-2527.168,-1740.204,-0.0555344,0.7454034,-0.0625933,-0.661341;
custom,boulder1,rock3,6,5,2,0,1,1,1,1,1,-854.9581,-2515.744,-1691.936,0.6373199,0.7660462,-0.0726703,0.0414199;
custom,boulder2,rock3,1,2,1,0,1,1,1,1,1,-875.7972,-2568.038,-1700.211,0,0.9473754,0,0.3201249;
custom,boulder2,rock3,3,4,3,0,1,1,1,1,1,-792.8013,-2610.435,-1690.903,0,0.8893834,0,-0.4571621;
custom,cuboid,earth1,6,3,5,0,1,1,1,1,1,-1233.734,-2228.521,-1760.588,0,0.6787904,0,0.7343321;
custom,cuboid,earth1,5,4,5,0,1,1,1,1,1,-1154.168,-2233.711,-1755.885,0,0.6765428,0,0.7364033;
custom,cuboid,earth1,5,5,5,0,1,1,1,1,1,-1075.978,-2238.431,-1749.452,0,0.6765428,0,0.7364033;
custom,cuboid,earth1,5,5.5,5,0,1,1,1,1,1,-996.1232,-2241.146,-1742.527,0,0.7304813,0,-0.6829327;
custom,tube,earth1,3,5,3,0,1,1,1,1,1,-1116.424,-2250.994,-1800.667,-0.4350685,0.55629,-0.3942548,-0.5880647;
custom,cuboid,earth1,4,2,2,0,1,1,1,1,1,-1120.079,-2224.116,-1799.287,0,0.743769,0,-0.6684368;
custom,pyramid,earth1,3,3,3,0,1,1,1,1,1,-1245.947,-2246.96,-1899.399,0,0.6908221,0,0.7230248;
custom,pyramid,earth1,3,3,3,0,1,1,1,1,1,-1147.678,-2241.356,-1895.802,-0.7139258,-0.0007332001,0.7002206,-0.0007472;
custom,pyramid,earth1,2,2,4,0,1,1,1,1,1,-1215.386,-2249.128,-1853.299,0.5210484,0.4912074,0.5049972,0.4818732;
custom,pyramid,earth1,2,2,4,0,1,1,1,1,1,-1120.557,-2241.64,-1841.65,-0.5020012,0.4699791,-0.5207928,0.5058551;
custom,cuboid,earth1,50,1,50,0,1,1,1,1,1,-1133.464,-2209.953,-1974.146,0,0.9993555,0,0.0358971;
custom,boulder1,rock3,2,2,2,0,1,1,1,1,1,-1458.802,-2253.859,-1879.771,0,0.6731031,0,0.7395487;
custom,boulder2,rock3,2,2,2,0,1,1,1,1,1,-1414.296,-2209.458,-1887.489,0.4220706,0.552718,-0.384149,0.6072798;
custom,boulder2,rock3,4,2,2,0,1,1,1,1,1,-1406.08,-2211.459,-1926.48,0.4252444,0.5506991,-0.3870378,0.6050616;
custom,boulder2,rock3,4,3,3,0,1,1,1,1,1,-1450.159,-2234.459,-1925.82,0.2865867,0.6205088,-0.260838,0.6817628;
custom,boulder1,rock3,6,1,6,0,1,1,1,1,1,-836.1522,-2926.422,-1757.368,0,0.7031202,0,0.7110711;
custom,boulder1,rock3,7,2,7,0,1,1,1,1,1,-966.369,-2954.726,-1865.059,-0.1357009,0.0145621,0.0019948,0.9906408;
custom,boulder1,rock3,2,2,2,0,1,1,1,1,1,-935.5023,-2158.489,-2898.236,0,0.4906625,0,-0.8713498;
custom,leaf0,rock3,5,2,10,0,1,1,1,1,1,-1148.634,-2402.837,-1773.139,-0.4640287,0.4972403,-0.498105,0.5378856;
custom,leaf0,rock3,2,2,3,0,1,1,1,1,1,-1382.861,-2355.689,-1823.843,0.5165585,0.4826034,-0.4792455,0.5201779;
custom,leaf0,rock3,2,2,3,0,1,1,1,1,1,-893.0773,-2353.514,-1826.683,-0.4931214,0.506668,0.5102174,0.4896908;
custom,leaf0,rock3,5,2,3,0,1,1,1,1,1,-1360.954,-2350.327,-2045.324,0.4488725,0.549547,0.4693569,-0.5255623;
custom,boulder1,rock3,5,2,5,0,1,1,1,1,1,-946.5724,-2931.818,-1747.248,0,0.7005039,0,0.7136487;
custom,boulder1,rock3,7,2,7,0,1,1,1,1,1,-985.1259,-3029.957,-1993.911,-0.3970177,0.0234983,0.0101686,0.9174537;
custom,boulder1,rock3,7,2,7,0,1,1,1,1,1,-930.8005,-3070.247,-2124.716,-0.9702447,-0.0180275,-0.2290621,0.0763598;
custom,boulder1,rock3,7,2,7,0,1,1,1,1,1,-786.9149,-3078.822,-2176.116,-0.8190492,0.0678888,-0.5610043,-0.0991153;
custom,boulder1,rock3,7,2,7,0,1,1,1,1,1,-715.4029,-3162.007,-2190.493,-0.5694028,0.4226235,-0.4315688,-0.5576005;
custom,boulder1,rock3,7,2,7,0,1,1,1,1,1,-780.6201,-3237.777,-2136.677,0,0.9725259,0,-0.2327948;
custom,boulder1,rock3,7,2,7,0,1,1,1,1,1,-694.6602,-3246.11,-2007.505,0.0224319,0.9493829,0.0697183,-0.3054642;
custom,boulder1,rock3,7,2,7,0,1,1,1,1,1,-699.9833,-3331.888,-1939.239,0.0020219,0.7107965,-0.7033919,0.0020432;
custom,boulder1,rock3,7,2,7,0,1,1,1,1,1,-694.4564,-3398.818,-2003.765,0,0.8856756,0,0.4643047;
custom,boulder1,rock3,7,2,7,0,1,1,1,1,1,-809.0491,-3400.02,-1963.174,0,0.4200028,0,0.9075228;
custom,boulder1,rock3,7,2,7,0,1,1,1,1,1,-818.784,-3407.388,-1849.724,0,0.9996757,0,-0.0254663;
custom,boulder1,rock3,7,2,7,0,1,1,1,1,1,-689.4366,-3412.531,-1863.342,0,0.8559653,0,-0.5170334;
custom,boulder1,rock3,7,2,7,0,1,1,1,1,1,-646.2368,-3401.01,-1739.635,0.0985399,0.6221567,-0.1214974,-0.7671046;
custom,boulder1,rock3,7,2,7,0,1,1,1,1,1,-771.0563,-3393.176,-1710.006,0.09369481,0.5915658,-0.1252718,-0.790935;
custom,boulder1,rock3,7,2,7,0,1,1,1,1,1,-859.9187,-3354.509,-1665.941,0.3756842,0.57338,0.2469639,-0.6849129;
custom,boulder1,rock3,7,2,7,0,1,1,1,1,1,-949.5302,-3272.76,-1577.921,0.1853674,0.3970695,0.0822291,-0.8951051;
custom,boulder1,rock3,7,2,7,0,1,1,1,1,1,-968.1351,-3300.365,-1449.718,0.0437649,0.9121653,0.394729,-0.1011347;
custom,boulder1,rock3,7,2,7,0,1,1,1,1,1,-914.4689,-3340.931,-1344.382,0,0.9710271,0,-0.2389695;
custom,boulder1,rock3,7,2,7,0,1,1,1,1,1,-782.8949,-3356.74,-1313.927,0.08788829,0.7330092,0.09650248,-0.6675782;
custom,boulder1,rock3,7,2,7,0,1,1,1,1,1,-698.6807,-3433.91,-1322.447,-0.6869516,0.3115375,-0.4909044,-0.4359527;
custom,boulder1,rock3,7,2,7,0,1,1,1,1,1,-625.4689,-3488.24,-1372.815,0,0.7108055,0,-0.7033887;
custom,boulder1,rock3,7,2,7,0,1,1,1,1,1,-622.9547,-3489.441,-1504.772,0,0.7108055,0,-0.7033887;
custom,boulder1,rock3,7,2,7,0,1,1,1,1,1,-744.3678,-3496.04,-1507.588,0,0.9997805,0,0.020951;
custom,boulder1,rock3,7,2,7,0,1,1,1,1,1,-846.1577,-3445.17,-1536.28,0.280078,0.6441303,-0.2747447,0.6566337;
custom,boulder1,rock3,7,2,7,0,1,1,1,1,1,-968.1829,-3407.012,-1520.523,0.6618205,-0.0364768,0.7487662,0.003495;
custom,boulder1,rock3,7,2,7,0,1,1,1,1,1,-1094.763,-3383.033,-1538.277,0,0.6939875,0,0.719987;
custom,boulder1,rock3,7,4,7,0,1,1,1,1,1,-1179.979,-3368.655,-1530.605,0,0.6939875,0,0.719987;
custom,boulder1,rock3,8,4,8,0,1,1,1,1,1,-1316.442,-3326.282,-1514.837,0,0.6986775,0,0.7154368;
custom,boulder1,rock3,8,4,8,0,1,1,1,1,1,-1440.637,-3275.669,-1506.526,0,0.9911121,0,-0.1330293;
custom,boulder3,rock3,8,4,8,0,1,1,1,1,1,-1523.887,-3232.36,-1510.062,0,0.7139454,0,-0.7002014;
custom,boulder2,rock3,8,4,8,0,1,1,1,1,1,-1582.078,-3194.561,-1511.194,0,0.7139454,0,-0.7002014;
custom,boulder1,rock3,8,4,8,0,1,1,1,1,1,-1699.159,-3134.564,-1503.451,0,0.7139454,0,-0.7002014;
custom,boulder1,rock3,15,2,15,0,1,1,1,1,1,-1747.14,-3122.319,-1278.667,0,0.1121315,0,-0.9936934;
custom,boulder1,rock3,7,2,7,0,1,1,1,1,1,-1772.525,-3195.373,-1066.073,-0.649457,0.08325471,-0.07186351,-0.7524028;
custom,boulder1,rock3,15,4,20,0,1,1,1,1,1,-1804.923,-3349.298,-808.455,-0.01518,0.9812621,0.1712577,0.0869776;
custom,boulder1,rock3,15,2,20,0,1,1,1,1,1,-1868.052,-3542.584,-444.863,-0.0857438,-0.2376017,0.9673417,-0.0210607;
custom,boulder1,rock3,5,5,5,0,1,1,1,1,1,-1993.442,-3618.081,-232.233,0,0.9983255,0,0.0578461;
custom,boulder1,rock3,6,3,6,0,1,1,1,1,1,-1918.113,-3682.879,-152.737,-0.0578453,0.0052268,0.9983119,0.0003029;
custom,boulder1,rock3,6,6,6,0,1,1,1,1,1,-1831.782,-3621.681,-199.068,0,0.9893136,0,-0.1458035;
custom,boulder1,rock3,8,6,8,0,1,1,1,1,1,-1914.194,-3528.967,-157.537,0,0.9369264,0,-0.3495269;
custom,boulder4,default,10,50,50,0,1,1,1,1,1,-2090.376,-3788.313,232.573,-0.0607604,0.9934238,-0.005924399,0.09686249;
custom,boulder4,default,50,50,20,0,1,1,1,1,1,-1793.77,-3802.007,165.021,0.0244331,0.7769917,0.0385762,-0.6278526;
custom,boulder2,default,10,10,3,0,1,1,1,1,1,-1945.054,-3758.985,-171.209,-0.7384146,0.6424552,-0.1415547,0.1481808;
custom,boulder2,default,30,100,3,0,1,1,1,1,1,-2107.63,-3820.993,1277.395,0.0493284,0.7180046,-0.6924013,0.0511525;
custom,boulder4,default,50,70,10,0,1,1,1,1,1,-1834.158,-3821.396,856.426,0,0.7541962,0,-0.6566492;
custom,boulder4,default,50,50,20,0,1,1,1,1,1,-2169.27,-3804.23,969.34,0,0.6983215,0,0.7157843;
custom,boulder4,default,50,50,20,0,1,1,1,1,1,-1919.674,-3860.899,1654.358,0,0.7470728,0,-0.6647422;
custom,boulder5,default,50,25,10,0,1,1,1,1,1,-2282.051,-3852.849,1586.611,0,0.6515867,0,0.7585742;
custom,boulder1,grass4,50,2,50,0,1,1,1,1,1,-2256.53,-3853.442,2925.526,0,0.9954473,0,0.0953136;
custom,tree2,default,3,3,3,0,1,1,1,1,1,-2357.822,-3633.436,2705.131,0,0.9948012,0,0.1018367;
custom,boulder4,default,50,50,50,0,1,1,1,1,1,-2637.726,-3884.182,2036.359,0,0.6431503,0,0.76574;
custom,boulder4,default,50,50,50,0,1,1,1,1,1,-1650.242,-3940.306,2196.933,0,0.8512548,0,0.5247526;
racing,killCuboid,60,10,300,-2073.961,-3827.516,1238.472,-0.0016169,0.9968863,0.0212299,0.0759233;
custom,boulder4,default,60,60,60,0,1,1,1,1,1,-1471.311,-3895.197,2454.706,0,0.7574444,0,-0.6528997;
custom,boulder4,default,60,60,60,0,1,1,1,1,1,-2858.063,-3872.307,2359.854,0,0.9938316,0,0.1109002;
custom,tree2,default,4,4,4,0,1,1,1,1,1,-2283.299,-3562.638,2725.001,0,0.9315632,0,0.3635795;
custom,tree2,default,4,4,4,0,1,1,1,1,1,-2488.274,-3566.375,2609.928,0,0.207938,0,-0.978142;
custom,tree2,default,5,5,5,0,1,1,1,1,1,-2455.509,-3501.579,2704.498,0,0.207938,0,-0.978142;
custom,tree2,default,6,6,6,0,1,1,1,1,1,-2369.743,-3428.031,2795.047,0,0.1521531,0,-0.9883569;
custom,tree2,default,6,6,6,0,1,1,1,1,1,-2595.094,-3441.445,2733.783,0,0.9938111,0,0.1110833;
custom,tree2,default,10,6,10,0,1,1,1,1,1,-2528.66,-3442.844,2959.971,0,0.9938111,0,0.1110833;
customb,tree0,default,10,6,10,0,1,1,1,1,1,-2160.827,-3399.361,2858.714,0,0.9840502,0,-0.1778912;
customb,tree0,default,7,6,7,0,1,1,1,1,1,-2315.344,-3391.079,2972.139,0,0.999225,0,0.0393627;
customb,tree0,default,7,6,7,0,1,1,1,1,1,-1968.972,-3409.766,2866.012,0,0.979068,0,-0.2035333;
customb,tree0,default,7,6,7,0,1,1,1,1,1,-1829.857,-3402.84,2941.688,0,0.979068,0,-0.2035333;
customb,tree0,default,4,4,4,0,1,1,1,1,1,-2047.317,-3541.13,2966.426,0,0.8199666,0,-0.5724115;
customb,tree0,default,5,5,5,0,1,1,1,1,1,-2130.198,-3468.245,3043.377,0,0.3773289,0,0.9260793;
custom,tree2,default,5,5,5,0,1,1,1,1,1,-1987.155,-3510.226,3057.893,0,0.8924597,0,-0.4511273;
customb,tree0,default,6,4,6,0,1,1,1,1,1,-2236.898,-3541.426,3122.63,0,0.8822587,0,0.4707651;
custom,boulder1,rock3,20,3,50,0,1,1,1,1,1,-1848.831,-3223.627,-670.346,-0.0178112,0.973938,0.2105729,0.08238;
custom,boulder1,rock3,10,1,10,0,1,1,1,1,1,-2169.987,-3872.538,3507.922,0,0.9999591,0,0.0090525;
custom,bridge1,stone1,5,1,1,0,1,1,1,1,1,-2182.569,-3904.598,3798.484,0,0.7294923,0,-0.683989;
custom,tower5,stone1,0.5,0.5,0.5,0,1,1,1,1,1,-2205.81,-3875.307,3989.538,0,0.0374765,0,-0.9992976;
custom,tower5,stone1,0.5,0.5,0.5,0,1,1,1,1,1,-2185.026,-3876.719,3988.344,0.0593159,0.03471,0.0457931,-0.9965841;
custom,tower5,stone1,0.5,0.5,0.5,0,1,1,1,1,1,-2171.668,-3875.598,3802.034,0,0.7074216,0,-0.7067918;
custom,tower5,stone1,0.5,0.5,0.5,0,1,1,1,1,1,-2193.296,-3874.839,3802.794,0,0.7074216,0,-0.7067918;
custom,boulder1,rock3,5,5,10,0,1,1,1,1,1,-2028.749,-3491.361,-467.661,-0.2760786,0.0733208,-0.0265961,-0.9579652;
custom,cuboid,grass2,2,0.2,2,1,0.1590909,0.1704545,0.2386364,1,1,-2210.987,-3875.262,4199.489,0,0.0463609,0,-0.9989248;
custom,cuboid,grass2,2,0.2,2,1,0.1590909,0.1704545,0.2386364,1,1,-2202.09,-3866.02,4200.179,0.0328508,0.0327135,-0.7078246,-0.7048652;
custom,cuboid,grass2,2,0.2,2,1,0.1590909,0.1704545,0.2386364,1,1,-2230.7,-3875.354,4197.974,0,0.0398463,0,-0.9992058;
custom,cuboid,rock3,3,0.1,0.1,1,0,0.07954545,0,1,1,-2220.504,-3879.375,4191.195,0,0.0457834,0,-0.9989514;
custom,cuboid,grass2,2,2,0.2,1,0.1590909,0.1704545,0.2386364,1,1,-2231.416,-3864.986,4206.853,0,0.0420498,0,-0.9991155;
custom,cuboid,grass2,2,2,0.2,1,0.1590909,0.1704545,0.2386364,1,1,-2229.682,-3865.903,4188.521,0,0.0486162,0,-0.9988176;
custom,cuboid,grass2,2,0.2,4,1,0.1590909,0.1704545,0.2386364,1,1,-2221.267,-3855.799,4198.848,0,0.729597,0,-0.6838774;
custom,cuboid,grass2,1,1,3,1,0.1590909,0.1704545,0.2386364,1,1,-2186.527,-3859.783,4201.711,0,0.7363248,0,-0.6766283;
custom,torus,grass2,2,2,2,1,0.1590909,0.1704545,0.2386364,1,1,-2162.177,-3859.281,4203.549,0.695744,0.0296455,-0.0064115,-0.7176492;
custom,cuboid,grass2,0.1,0.4,0.1,1,0.1590909,0.1704545,0.2386364,1,1,-2161.854,-3857.075,4202.874,0,0.0186432,0,0.9998262;
custom,cuboid,grass2,0.1,0.4,0.1,1,0.1590909,0.1704545,0.2386364,1,1,-2158.462,-3862.563,4202.762,-0.0894272,0.0560976,0.8423885,-0.5284293;
custom,cuboid,grass2,0.1,0.4,0.1,1,0.1590909,0.1704545,0.2386364,1,1,-2164.92,-3862.434,4203.388,0.0434371,0.0228243,-0.8841649,-0.4645909;
custom,sphere,grass2,0.6,0.6,0.6,1,0.1590909,0.1704545,0.2386364,1,1,-2162.027,-3861.31,4203.116,0,0.0032815,0,-0.9999946;
custom,cuboid,grass2,2,2,2,1,0.1590909,0.1704545,0.2386364,1,1,-2250.311,-3865.147,4196.333,0,0.0535374,0,-0.9985659;
custom,cylinder,grass2,0.5,0.1,0.5,1,0.1590909,0.1704545,0.2386364,1,1,-2221.285,-3854.894,4199.342,0,0.7277333,0,-0.6858603;
custom,cylinder,grass2,0.2,0.5,0.2,1,0.1590909,0.1704545,0.2386364,1,1,-2221.233,-3849.519,4199.489,0,0.0405467,0,-0.9991777;
custom,cuboid,grass2,0.6,0.1,5,1,0.1590909,0.1704545,0.2386364,1,1,-2248.27,-3845.074,4196.305,0,0.7483835,0,-0.6632663;
custom,cuboid,grass2,0.6,0.1,5,1,0.1590909,0.1704545,0.2386364,1,1,-2209.05,-3845.103,4223.947,0,-0.2206881,0,-0.9753445;
custom,cuboid,grass2,0.6,0.1,5,1,0.1590909,0.1704545,0.2386364,1,1,-2203.046,-3844.824,4178.904,0,0.9373396,0,0.3484172;
racing,endCuboid,1,1,1,-2210.409,-3869.714,4197.445,0,0.0515601,0,-0.9986699;
racing,checkpointCuboid,1,1,1,-2210.417,-3869.796,4197.523,0,0.0515601,0,-0.9986699;
custom,boulder1,rock3,5,6,10,0,1,1,1,1,1,-2045.513,-3460.884,-317.391,-0.2767701,0.0601829,-0.0173709,-0.9588924;
custom,boulder1,rock3,10,10,5,0,1,1,1,1,1,-2063.617,-3577.495,-179.357,0,0.7621961,0,0.6473462;
custom,boulder1,rock3,10,10,5,0,1,1,1,1,1,-2064.208,-3591.094,-291.89,0,0.6280624,0,0.778163;
custom,boulder1,rock3,15,15,5,0,1,1,1,1,1,-2077.703,-3380.514,-534.389,0,0.688751,0,0.7249979;
custom,boulder1,rock3,20,20,5,0,1,1,1,1,1,-2043.295,-3314.593,-853.459,0,0.6246223,0,0.780927;
custom,boulder1,rock3,30,30,5,0,1,1,1,1,1,-1982.045,-3157.025,-1242.227,0,0.6398138,0,0.76853;
custom,boulder2,rock3,6,6,6,0,1,1,1,1,1,-1911.647,-3201.368,-1138.387,-0.0312915,0.9538215,-0.2789169,-0.1070087;
custom,boulder2,rock3,6,6,6,0,1,1,1,1,1,-1860.485,-3237.941,-1093.314,-0.021278,0.977065,-0.1758018,-0.1182584;
custom,boulder2,rock3,6,6,6,0,1,1,1,1,1,-1947.204,-3300.636,-1056.891,0.053507,0.7578208,-0.6472402,0.06264871;
custom,boulder3,rock3,3,3,3,0,1,1,1,1,1,-1875.808,-3150.498,-1118.811,0.1091532,0.85943,-0.3389526,0.3668471;
custom,boulder1,rock3,30,30,5,0,1,1,1,1,1,-1649.183,-3490.328,-449.394,0.0749003,0.8119658,0.1068973,-0.5689239;
custom,boulder1,rock3,10,10,7,0,1,1,1,1,1,-1627.676,-3351.367,-594.214,0.114546,0.69613,0.1139957,-0.6994907;
custom,boulder1,rock3,20,20,4,0,1,1,1,1,1,-1630.725,-3291.969,-765.992,-0.0916604,0.6231002,0.2219377,-0.744371;
custom,boulder2,rock3,5,5,5,0,1,1,1,1,1,-1689.657,-3219.232,-1034.501,0.0736602,0.878379,-0.1438401,0.4498162;
custom,boulder3,rock3,10,7,5,0,1,1,1,1,1,-1664.575,-3116.544,-1009.442,0,0.8840328,0,0.4674249;
custom,boulder2,rock3,10,10,10,0,1,1,1,1,1,-1858.646,-3076.762,-1448.139,-0.6809006,0.7072293,0.1242486,-0.1440956;
custom,boulder2,rock3,10,10,10,0,1,1,1,1,1,-1618.77,-3040.991,-1285.729,0.4128028,-0.474488,-0.6327891,0.4517001;
custom,boulder3,rock3,10,10,10,0,1,1,1,1,1,-1647.625,-3101.682,-1377.661,0,0.8585215,0,-0.5127776;
custom,boulder3,rock3,10,10,5,0,1,1,1,1,1,-1770.831,-3075.948,-1569.508,0,0.428508,0,0.903538;
custom,boulder1,rock3,17,2,17,0,1,1,1,1,1,-1785.901,-2964.356,-1339.442,0.9936638,-0.0063336,0.0804766,0.078203;
custom,boulder1,rock3,10,10,2,0,1,1,1,1,1,-1497.491,-3148.549,-1438.631,0,-0.0821796,0,0.9966176;
custom,boulder1,rock3,10,10,4,0,1,1,1,1,1,-1325.222,-3241.681,-1403.842,0,0.0155737,0,-0.9998788;
custom,boulder1,rock3,10,10,4,0,1,1,1,1,1,-1167.216,-3291.088,-1433.071,0,0.0885859,0,0.9960686;
custom,boulder2,rock3,6,10,6,0,1,1,1,1,1,-731.0288,-3377.575,-1419.255,0,0.924719,0,-0.3806506;
custom,boulder1,rock3,6,6,6,0,1,1,1,1,1,-982.7922,-3354.635,-1395.023,0,0.0787904,0,-0.9968912;
custom,boulder2,rock3,6,10,6,0,1,1,1,1,1,-1064.826,-3272.37,-1446.434,0,0.1070821,0,-0.9942502;
custom,boulder2,rock3,6,10,6,0,1,1,1,1,1,-782.8411,-3383.199,-1434.993,0,0.1754358,0,-0.9844909;
custom,boulder1,rock3,6,6,6,0,1,1,1,1,1,-872.2567,-3394.844,-1415.854,0,0.0931281,0,0.9956542;
custom,boulder1,rock3,6,6,2,0,1,1,1,1,1,-876.9449,-3267.349,-1515.969,0,0.7608465,0,-0.6489319;
custom,boulder2,rock3,4,6,4,0,1,1,1,1,1,-859.4036,-3296.039,-1461.167,0,0.1850845,0,-0.9827226;
custom,boulder3,rock3,6,6,4,0,1,1,1,1,1,-918.5182,-3356.979,-1599.666,0,0.9997302,0,-0.0232305;
custom,boulder3,rock3,8,8,4,0,1,1,1,1,1,-1018.843,-3324.588,-1598.252,0,-0.028445,0,-0.9995954;
custom,boulder3,rock3,15,8,5,0,1,1,1,1,1,-1229.39,-3286.999,-1591.503,0.0390035,0.0637932,-0.1594556,0.9843694;
custom,boulder3,rock3,5,5,5,0,1,1,1,1,1,-1074.281,-3354.667,-1594.733,0.0374378,0.7918517,0.6076092,-0.0487899;
custom,boulder2,rock3,5,10,5,0,1,1,1,1,1,-1445.734,-3208.293,-1589.148,0.0157162,0.0290733,0.5614834,0.8268278;
custom,boulder1,rock3,15,15,5,0,1,1,1,1,1,-1570.141,-3029.303,-1606.634,0,-0.1191136,0,-0.9928806;
custom,boulder3,rock3,15,5,2,0,1,1,1,1,1,-1337.991,-3192.2,-1586.284,-0.0449214,0.004998,0.2290826,-0.9723571;
custom,boulder3,rock3,15,10,2,0,1,1,1,1,1,-1169.134,-3263.673,-1603.877,0,0.0192682,0,0.9998144;
custom,boulder1,rock3,15,10,10,0,1,1,1,1,1,-1161.457,-3174.567,-1515.274,0.005467601,-0.0828016,0.2064767,-0.9749264;
custom,boulder1,rock3,10,5,10,0,1,1,1,1,1,-1395.87,-3063.317,-1485.736,0.1459986,0.5760837,-0.2533093,0.7633128;
custom,boulder2,rock3,10,10,3,0,1,1,1,1,1,-1524.819,-2990.532,-1469.977,-0.4665713,0.5322031,-0.4741758,-0.5236682;
custom,boulder1,rock3,6,6,6,0,1,1,1,1,1,-1553.491,-3013.985,-1378.081,0,0.1224568,0,0.9924738;
custom,boulder1,rock3,10,10,4,0,1,1,1,1,1,-1610.392,-3050.932,-1130.641,0,0.8624473,0,-0.506147;
custom,boulder3,rock3,3,3,4,0,1,1,1,1,1,-698.1251,-3480.375,-1404.379,0,0.7040324,0,-0.7101679;
custom,boulder2,rock3,6,6,3,0,1,1,1,1,1,-1003.326,-3287.072,-1330.647,0.2706909,0.3702581,-0.5403431,-0.7054536;
custom,boulder1,rock3,10,10,10,0,1,1,1,1,1,-870.5775,-3256.797,-1225.509,0,0.9816832,0,0.1905206;
custom,boulder1,rock3,10,10,5,0,1,1,1,1,1,-588.7229,-3415.928,-1258.414,0,0.1760205,0,0.9843865;
custom,boulder2,rock3,10,10,5,0,1,1,1,1,1,-692.6679,-3264.135,-1277.609,0,0.1242605,0,0.9922497;
custom,boulder2,rock3,20,10,7,0,1,1,1,1,1,-516.6833,-3461.278,-1462.622,0,0.7619506,0,0.6476352;
custom,boulder1,rock3,7,7,7,0,1,1,1,1,1,-621.8651,-3310.215,-1486.8,0,0.9967284,0,-0.0808238;
custom,boulder1,rock3,7,7,7,0,1,1,1,1,1,-642.3134,-3324.002,-1611.044,0,0.6659909,0,0.7459599;
custom,boulder1,rock3,10,7,7,0,1,1,1,1,1,-638.8714,-3455.999,-1615.241,0,0.9999792,0,0.0064556;
custom,boulder3,rock3,10,20,5,0,1,1,1,1,1,-775.6758,-3329.424,-1603.119,0,0.0675594,0,0.9977153;
custom,boulder1,rock3,10,4,10,0,1,1,1,1,1,-787.0835,-3258.999,-1525.864,0,0.7071705,0,-0.7070431;
custom,boulder1,rock3,10,4,10,0,1,1,1,1,1,-613.4382,-3330.184,-1388.403,-0.4978752,0.0630251,-0.8495493,-0.1625242;
custom,boulder2,rock3,10,6,3,0,1,1,1,1,1,-774.1429,-3238.594,-1374.445,-0.6386547,0.1815036,-0.0120652,-0.7476838;
custom,boulder2,rock3,10,6,3,0,1,1,1,1,1,-956.0304,-3169.709,-1511.709,-0.4467677,0.5473294,-0.4432189,-0.5517121;
custom,boulder3,rock3,10,2,10,0,1,1,1,1,1,-909.4146,-3198.788,-1371.623,0.0637568,0.9097262,0.1522361,-0.3809955;
custom,boulder3,rock3,10,5,3,0,1,1,1,1,1,-863.3895,-3183.551,-1469.927,0,0.6232606,0,-0.7820142;
custom,boulder3,rock3,10,5,4,0,1,1,1,1,1,-996.9183,-3222.732,-1348.33,0,0.8579962,0,0.513656;
custom,boulder3,rock3,10,5,4,0,1,1,1,1,1,-988.799,-3173.364,-1405.136,-0.135653,0.7762218,-0.5891846,-0.1787162;
custom,boulder2,rock3,10,10,3,0,1,1,1,1,1,-804.3451,-3370.453,-1776.369,0,0.1081283,0,0.994137;
custom,boulder1,rock3,10,10,10,0,1,1,1,1,1,-970.6643,-3314.21,-1833.761,0,0.6697989,0,-0.7425426;
custom,boulder1,rock3,20,10,5,0,1,1,1,1,1,-601.7419,-3355.779,-1859.949,0,0.6682101,0,-0.7439727;
custom,boulder1,rock3,20,10,5,0,1,1,1,1,1,-766.9273,-3407.657,-2041.846,-0.0290041,0.1154701,-0.2418824,0.9629737;
custom,boulder2,rock3,10,10,5,0,1,1,1,1,1,-721.8822,-3435.717,-2189.872,-0.5084879,0.4828115,-0.4667575,-0.5389533;
custom,boulder2,rock3,10,10,5,0,1,1,1,1,1,-838.445,-3312.624,-2146.568,0,0.7899374,0,0.6131876;
custom,boulder2,rock3,20,10,8,0,1,1,1,1,1,-722.2112,-3309.132,-2269.558,0,0.1227929,0,0.9924324;
custom,boulder1,rock3,5,1,5,0,1,1,1,1,1,-891.1824,-2205.63,-1898.885,0,0.7425579,0,-0.6697819;
custom,boulder2,rock3,10,20,5,0,1,1,1,1,1,-603.1438,-3233.62,-2191.572,0,0.6236575,0,-0.7816977;
custom,boulder3,rock3,10,10,3,0,1,1,1,1,1,-959.6664,-2893.924,-1700.359,0,0.9750938,0,0.2217929;
custom,boulder3,rock3,10,10,5,0,1,1,1,1,1,-1039.853,-2905.838,-1822.382,0,0.8529606,0,0.5219753;
custom,boulder2,rock3,5,5,5,0,1,1,1,1,1,-1037.663,-2957.877,-1918.362,0,0.7242846,0,0.6895012;
custom,boulder1,rock3,7,7,7,0,1,1,1,1,1,-858.0064,-3014.742,-2020.444,0,0.909734,0,-0.4151917;
custom,boulder1,rock3,8,8,7,0,1,1,1,1,1,-1094.922,-3038.52,-2059.104,0,0.5952423,0,0.8035463;
custom,boulder1,rock3,4,10,10,0,1,1,1,1,1,-1106.872,-2936.312,-1998.956,0,0.1167331,0,0.9931633;
custom,boulder1,rock3,4,10,10,0,1,1,1,1,1,-872.7218,-2919.25,-1886.524,0,0.0789308,0,0.9968801;
custom,boulder1,rock3,15,6,3,0,1,1,1,1,1,-918.7459,-3013.983,-2200.712,0,0.2126129,0,0.9771366;
custom,boulder1,rock3,6,15,3,0,1,1,1,1,1,-666.1914,-3089.906,-2270.606,0,0.08102451,0,0.9967121;
custom,boulder2,rock3,6,6,3,0,1,1,1,1,1,-752.7294,-3016.365,-2268.151,0,0.9922322,0,-0.1243999;
custom,boulder1,rock3,6,6,3,0,1,1,1,1,1,-754.1911,-3019.704,-2121.026,0,0.9949338,0,-0.1005319;
custom,boulder2,rock3,6,10,3,0,1,1,1,1,1,-652.915,-3090.309,-2123.292,0,-0.0694548,0,0.9975851;
custom,boulder3,rock3,6,6,3,0,1,1,1,1,1,-633.1666,-3231.243,-2093.465,0.5075732,-0.2366186,-0.1189911,-0.8198916;
custom,boulder1,rock3,6,3,6,0,1,1,1,1,1,-828.2502,-3254.244,-1982.398,0.6496326,0.05162059,-0.7571997,0.0442873;
custom,boulder2,rock3,6,6,3,0,1,1,1,1,1,-591.0525,-3288.254,-2068.301,0,0.535471,0,0.8445536;
custom,boulder1,rock3,8,3,15,0,1,1,1,1,1,-788.5747,-3240.262,-1870.54,0,0.6626735,0,-0.7489085;
custom,boulder1,rock3,5,5,5,0,1,1,1,1,1,-919.4855,-3264.32,-1971.372,0,0.5964286,0,0.8026662;
custom,boulder1,rock3,5,2,5,0,1,1,1,1,1,-956.7871,-3301.018,-1685.208,-0.0920278,0.2916066,-0.1869594,0.9335645;
custom,boulder1,rock3,6,6,2,0,1,1,1,1,1,-1002.441,-3241.795,-1693.885,0,0.6391039,0,0.7691205;
custom,boulder2,rock3,4,4,4,0,1,1,1,1,1,-1007.977,-3203.46,-1595.592,0,0.8228122,0,0.5683135;
custom,boulder1,rock3,7,7,7,0,1,1,1,1,1,-646.9609,-3260.511,-1760.558,0,0.6382523,0,-0.7698273;
custom,boulder2,rock3,7,7,3,0,1,1,1,1,1,-755.2051,-3252.966,-1715.34,0.5292739,0.3747347,-0.7077505,0.2802361;
custom,boulder2,rock3,7,7,3,0,1,1,1,1,1,-880.3748,-3184.64,-1654.606,0.687125,0.4273776,0.3965716,-0.4335189;
custom,boulder2,rock3,3,3,3,0,1,1,1,1,1,-779.3922,-3221.776,-1636.199,-0.3207441,0.5374735,-0.2314724,-0.7447591;
custom,boulder2,rock3,5,6,3,0,1,1,1,1,1,-927.8071,-3218.078,-1744.119,0.2949243,0.323817,-0.7566372,0.4854507;
custom,boulder1,rock3,5,5,5,0,1,1,1,1,1,-985.5215,-3157.134,-1636.598,-0.1901116,0.6064696,0.1523346,0.7568662;
custom,boulder3,rock3,4,4,4,0,1,1,1,1,1,-817.5238,-3233.745,-1756.367,0.2172372,0.6611379,-0.687024,0.2090521;
custom,boulder2,rock3,4,4,4,0,1,1,1,1,1,-864.959,-3213.405,-1571.727,0,0.8452863,0,-0.5343137;
custom,boulder1,rock3,8,3,8,0,1,1,1,1,1,-958.3915,-2851.39,-1866.084,-0.1277108,0.1284385,0.0166813,0.9833185;
custom,boulder1,rock3,5,3,5,0,1,1,1,1,1,-968.1525,-2829.216,-1719.578,0,0.5506542,0,0.8347335;
custom,boulder1,rock3,10,10,2,0,1,1,1,1,1,-968.7485,-2883.026,-2041.351,0,0.1013144,0,-0.9948545;
custom,boulder1,rock3,7,3,7,0,1,1,1,1,1,-1010.381,-2865.241,-1984.354,0,0.9846298,0,-0.1746549;
custom,boulder2,rock3,4,4,4,0,1,1,1,1,1,-901.9317,-2861.233,-1995.498,0,0.9251761,0,-0.3795382;
custom,boulder1,rock3,10,4,10,0,1,1,1,1,1,-848.5283,-2955.827,-2125.77,0,0.5309786,0,-0.8473852;
custom,boulder1,rock3,6,2,6,0,1,1,1,1,1,-989.1498,-2978.331,-2119.222,-0.0621904,0.1376509,0.0086603,0.9884886;
custom,boulder1,rock3,8,2,8,0,1,1,1,1,1,-675.2479,-2967.922,-2190.563,0,0.6733239,0,-0.7393477;
custom,boulder3,rock3,2,2,2,0,1,1,1,1,1,-775.5667,-2977.204,-2237.153,0,0.0831858,0,0.9965341;
racing,checkpointCuboid,6,1,6,-863.9705,-2298.482,-1738.871,0,0.6256379,0,0.7801136;
custom,cave1,default,1,1,1,0,1,1,1,1,1,-1818.559,-3286.885,-860.223,0,0.0560416,0,-0.9984285;
custom,cave1,default,4,2,4,0,1,1,1,1,1,-1867.805,-3320.123,-975.1252,0,0.5267645,0,0.8500113;
custom,cave2,rock3,3,3,3,0,1,1,1,1,1,-1749.06,-3219.506,-548.5316,0,0.0126494,0,-0.99992;
custom,cave2,default,3,3,3,0,1,1,1,1,1,-1749.036,-3122.941,-869.7988,0,0.0952651,0,-0.9954519;
custom,boulder2,rock3,7,7,4,0,1,1,1,1,1,-1979.85,-3416.983,-682.979,0.0229293,0.8053235,-0.5915691,0.0312145;
custom,cave2,rock3,4,4,4,0,1,1,1,1,1,-1941.384,-3232.445,-568.1447,0,0.06930052,0,-0.9975958;
custom,cave2,rock3,3,3,3,0,1,1,1,1,1,-1839.182,-3580.019,-452.107,-0.9723815,-0.0207905,-0.0953534,0.2120137;
misc,barrier,15,10,1,-1931.963,-3437.427,-110.9348,0,0.997389,0,0.07221685;
misc,barrier,50,1,100,-1963.574,-3431.759,385.017,0,0.07392471,0,-0.9972638;
misc,barrier,50,1,100,-2059.491,-3505.92,1374.998,-0.07469571,0.0740843,-0.006509601,-0.9944293;
misc,barrier,50,1,100,-2216.531,-3621.695,2154.274,-0.06615041,0.0608994,-0.004044901,-0.9959413;
misc,barrier,100,1,100,-2334.663,-3683.571,3127.41,0,0.0721587,0,-0.9973932;
misc,barrier,1,20,100,-1906.75,-3773.769,3175.065,0,0.9759267,0,0.218099;
misc,barrier,1,20,100,-2516.62,-3778.547,3211.219,0,0.9498017,0,-0.3128526;
custom,boulder1,rock3,1,1,1,0,1,1,1,1,1,-1373.948,-3133.807,-1419.456,0,0.9659131,0,0.2588666;
custom,boulder1,rock3,4,4,4,0,1,1,1,1,1,-685.4038,-3222.61,-2117.554,0,0.7474052,0,0.6643685;
custom,boulder1,rock3,4,4,4,0,1,1,1,1,1,-973.5447,-3192.174,-1693.654,0,0.7661774,0,-0.6426291;
custom,boulder2,rock3,4,1,4,0,1,1,1,1,1,-1200.544,-2279.301,-2069.527,0,0.9997722,0,-0.02134428;
racing,killCuboid,12,1,10,-1217.144,-2273.833,-2121.296,0,0.9998909,0,-0.01477645;
custom,cuboid,earth1,2,1,2,0,1,1,1,1,1,-1141.653,-2271.033,-1952.975,0,0.7135015,0,-0.7006537;
custom,boulder3,earth1,4,1,2,0,1,1,1,1,1,-1263.208,-2278.549,-1763.461,0,0.6538646,0,0.7566116;
custom,boulder3,earth1,4,1,2,0,1,1,1,1,1,-1113.618,-2277.395,-1751.896,0,0.6571597,0,0.7537513;
racing,killCuboid,5,1,15,-1190.152,-2275.542,-1757.454,0,0.6669698,0,0.7450848;
racing,killCuboid,15,1,15,-789.1573,-2677.862,-1795.309,0,0.4233451,0,-0.9059685;
racing,killCuboid,15,1,15,-790.2095,-2613.016,-1690.886,0,0.937731,0,-0.3473625;
racing,killSphere,3,3,3,-864.111,-2739.954,-1735.18,0,0.6421129,0,0.7666101;
racing,killTube,3,3,3,-850.1968,-2483.671,-1739.447,0,0.6829363,0,0.730478;
racing,killCone,1,1,1,-850.9089,-2395.301,-1741.472,0,0.7002615,0,0.7138864;
racing,killCylinder,2,4,2,-942.5017,-2900.676,-1851.223,0,0.9966432,0,-0.08186723;
racing,killCylinder,2,4,2,-961.2984,-2899.875,-1807.954,0,0.9966432,0,-0.08186722;
racing,killCylinder,2,4,2,-989.1269,-2896.11,-1845.779,0,0.9900974,0,-0.1403821;
racing,killCuboid,10,4,2,-817.7853,-3013.901,-2172.03,0,0.5654407,0,-0.824789;
racing,killCuboid,10,4,2,-910.3868,-3035.322,-2124.562,0,0.8135424,0,0.5815057;
racing,killTube,3,3,3,-661.4338,-3113.433,-2185.958,0,0.7568967,0,0.6535345;
racing,killTube,3,3,3,-673.6705,-3112.008,-2219.677,0,0.7792442,0,0.6267204;
racing,killTube,3,3,3,-656.6028,-3115.196,-2148.916,0,0.714059,0,0.7000856;
racing,killCuboid,15,3,1,-821.4111,-3373.553,-1930.547,0,0.03377404,0,0.9994295;
racing,killCuboid,15,3,1,-821.772,-3324.615,-1929.944,0,0.04030757,0,0.9991874;
racing,killCuboid,15,3,1,-821.5041,-3275.466,-1929.03,0,0.04030757,0,0.9991874;
racing,killCylinder,3,5,3,-752.5546,-3337.977,-1747.759,0,0.5638359,0,-0.8258869;
racing,killCylinder,3,5,3,-748.0008,-3320.976,-1707.017,0,0.5638359,0,-0.8258869;
racing,killCylinder,3,5,3,-730.6732,-3317.978,-1667.187,0,0.5638359,0,-0.8258869;
racing,killCuboid,50,10,50,-630.4236,-3511.902,-1480.744,0,0.9959283,0,-0.09014896;
custom,cave1,default,2,1,2,0,1,1,1,1,1,-618.6548,-3494.868,-1453.743,0,0.9920892,0,0.1255351;
custom,cave1,default,2,1,2,0,1,1,1,1,1,-647.7515,-3481.353,-1397.39,0,0.9552166,0,0.2959073;
custom,cave1,default,2,1,2,0,1,1,1,1,1,-648.5829,-3478.353,-1505.49,0,0.9552166,0,0.2959073;
racing,killCylinder,5,7,5,-1101.344,-3354.113,-1499.809,0,0.6973391,0,-0.7167414;
racing,killCylinder,8,8,8,-1202.73,-3303.312,-1556.059,0,0.7151654,0,0.6989552;
racing,killCylinder,10,8,10,-1332.394,-3207.971,-1478.213,0,0.731728,0,0.6815968;
racing,killCylinder,10,10,10,-1446.671,-3155.669,-1528.897,0,0.7212339,0,0.6926916;
racing,killCuboid,50,5,50,-1911.88,-3556.022,-425.2769,-0.0118247,0.9674876,0.2484087,0.04605416;
custom,boulder1,rock3,7,7,7,0,1,1,1,1,1,-1839.376,-3292.768,-653.7438,0,0.08683999,0,-0.9962223;
custom,cuboid,rock3,3,0.1,0.1,1,0,0.07954545,0,1,1,-2222.134,-3879.14,4206.444,0,0.05887288,0,-0.9982655;
custom,cuboid,rock3,0.1,0.5,0.1,1,0,0.07954545,0,1,1,-2227.116,-3876.866,4190.512,0,0.052442,0,-0.998624;
custom,cuboid,rock3,0.1,0.5,0.1,1,0,0.07954545,0,1,1,-2229.358,-3876.834,4205.906,0,0.04596774,0,-0.9989429;
custom,cuboid,rock3,0.1,0.5,0.1,1,0,0.07954545,0,1,1,-2215.813,-3876.902,4207.376,0,0.04596774,0,-0.9989429;
custom,cuboid,rock3,0.1,0.5,0.1,1,0,0.07954545,0,1,1,-2214.148,-3876.979,4191.677,0,0.04599942,0,-0.9989415;
racing,checkpointCuboid,1,1,1,-1891.816,-3106.703,-1358.745,0,0.9215114,0,-0.3883513;
custom,boulder3,rock3,4,1,1,0,1,1,1,1,1,-1379.454,-2278.868,-1911.8,0,0.7004682,0,0.7136837;
custom,boulder1,rock3,2,2,2,0,1,1,1,1,1,-2031.988,-3498.76,-360.4183,0,0.5354131,0,0.8445904;
custom,boulder3,rock3,2,2,2,0,1,1,1,1,1,-1917.25,-3142.811,-1189.126,0,0.3339155,0,-0.9426031;
custom,boulder1,rock3,2,2,2,0,1,1,1,1,1,-768.7399,-3231.743,-1272.066,0,0.3849918,0,-0.92292;
custom,boulder2,rock3,2,2,2,0,1,1,1,1,1,-815.7704,-3378.078,-1404.066,0,0.6222576,0,0.7828125;
custom,boulder2,rock3,4,4,4,0,1,1,1,1,1,-1032.651,-3292.629,-1428.604,0,0.6107749,0,-0.7918043;
custom,boulder3,rock3,4,4,4,0,1,1,1,1,1,-868.8395,-3169.624,-1452.268,0,0.486387,0,0.8737435;
custom,boulder1,rock3,1,1,1,0,1,1,1,1,1,-1031.582,-3187.359,-1410.9,0,0.5394874,0,-0.8419937;
custom,boulder1,rock3,3,3,3,0,1,1,1,1,1,-616.4163,-3319.133,-1693.318,0,0.5532981,0,0.8329833;
custom,boulder1,rock3,3,3,3,0,1,1,1,1,1,-629.4583,-3244.046,-1953.233,0,0.722832,0,-0.6910239;
custom,boulder2,rock3,3,3,3,0,1,1,1,1,1,-807.8347,-3255.333,-2042.722,0,0.722854,0,-0.6910008;
custom,boulder1,rock3,3,3,3,0,1,1,1,1,1,-625.8974,-3420.214,-2132.039,0,0.3658022,0,0.9306926;
custom,boulder1,rock3,3,3,3,0,1,1,1,1,1,-903.6807,-2936.888,-1679.449,0,0.06882387,0,0.9976289;
custom,boulder1,rock3,3,3,3,0,1,1,1,1,1,-894.9269,-2587.619,-1687.922,0,0.3037161,0,-0.9527626;
custom,boulder1,rock3,3,3,3,0,1,1,1,1,1,-898.012,-2711.43,-1810.933,0,0.9085593,0,-0.4177561;
custom,boulder1,rock3,3,3,3,0,1,1,1,1,1,-925.2714,-2342.705,-1708.105,0,0.6113405,0,-0.7913677;
custom,boulder1,rock3,4,3,4,0,1,1,1,1,1,-852.2306,-2390.772,-1890.583,0,0.7321113,0,-0.6811851;
custom,boulder2,rock3,3,3,3,0,1,1,1,1,1,-1382.743,-2310.6,-1945.378,0,0.9339188,0,0.3574853;
custom,boulder1,rock3,1,1,1,0,1,1,1,1,1,-1262.441,-2196.624,-2766.413,0,0.1530158,0,0.9882237;
custom,boulder1,rock3,4,2,4,0,1,1,1,1,1,-1004.336,-2152.937,-2783.914,0,0.9071553,0,-0.4207962;
custom,boulder1,rock3,3,2,3,0,1,1,1,1,1,-1060.105,-2143.62,-2817.383,0,0.9995811,0,-0.02894216;
custom,boulder1,rock3,3,3,3,0,1,1,1,1,1,-969.9084,-2146.182,-2889.027,0,0.7485757,0,-0.6630493;
custom,boulder1,rock3,5,5,5,0,1,1,1,1,1,-1090.285,-2090.718,-2862.649,0,0.999957,0,-0.0092794;
custom,boulder1,rock3,6,6,6,0,1,1,1,1,1,-992.2852,-1971.17,-2894.242,0,0.9970452,0,-0.07681727;
custom,boulder2,rock3,6,6,3,0,1,1,1,1,1,-1009.588,-2073.51,-2810.407,0,0.9991194,0,-0.04195845;
custom,boulder2,rock3,6,6,3,0,1,1,1,1,1,-958.7019,-2065.508,-2865.871,-0.6799109,-0.01424194,0.7329957,0.01535424;
custom,boulder2,rock3,6,6,3,0,1,1,1,1,1,-1098.876,-2001.194,-2862.379,0,0.7765912,0,0.6300049;
custom,boulder1,rock3,6,6,6,0,1,1,1,1,1,-1055.219,-1806.893,-2880.208,0,0.9160017,0,0.4011744;
custom,boulder2,rock3,6,6,5,0,1,1,1,1,1,-965.9591,-1860.795,-2886.506,0,0.9954022,0,-0.09578358;
custom,boulder2,rock3,6,6,3,0,1,1,1,1,1,-1022.385,-1932.927,-2813.046,0,0.9976009,0,-0.06922727;
custom,boulder2,rock3,9,8,4,0,1,1,1,1,1,-1044.271,-1914.606,-2942.448,0,0.1567554,0,0.9876375;
custom,boulder2,rock3,9,8,4,0,1,1,1,1,1,-953.4547,-1850.669,-2891.179,0,0.7016305,0,-0.712541;
custom,boulder1,rock3,6,3,6,0,1,1,1,1,1,-1100.019,-1782.606,-2892.812,0.688165,-0.003799113,-0.7255354,-0.003603133;
custom,boulder2,rock3,4,4,1,0,1,1,1,1,1,-1077.607,-2024.897,-2808.068,0,0.9843048,0,0.176477;
custom,boulder1,rock3,4,4,4,0,1,1,1,1,1,-988.9717,-2050.271,-2910.163,0,0.110944,0,-0.9938267;
custom,boulder1,rock3,4,4,4,0,1,1,1,1,1,-1103.784,-1894.718,-2902.277,0,0.7758025,0,0.6309758;
custom,boulder1,rock3,4,4,4,0,1,1,1,1,1,-1082.973,-1898.716,-2836.555,0,0.2283832,0,0.9735714;
custom,boulder2,rock3,4,4,2,0,1,1,1,1,1,-990.3686,-1821.376,-2813.879,0,0.9995984,0,-0.0283368;
custom,boulder2,rock3,7,7,3,0,1,1,1,1,1,-1012.107,-1756.683,-2949.143,0,-0.09363738,0,-0.9956064;
custom,boulder2,rock3,7,7,3,0,1,1,1,1,1,-1000.623,-1732.289,-2821.351,-0.7087209,0.7025349,-0.06178509,0.01849451;
custom,boulder3,rock3,7,7,3,0,1,1,1,1,1,-943.6514,-1730.344,-2885.485,0,0.7133044,0,-0.7008544;
custom,boulder3,rock3,7,7,3,0,1,1,1,1,1,-1165.822,-1735.365,-2896.116,0,0.6977282,0,0.7163627;
custom,boulder1,rock3,7,7,4,0,1,1,1,1,1,-1115.796,-1730.74,-2958.291,0,0.1002799,0,-0.9949593;
custom,boulder1,rock3,7,7,4,0,1,1,1,1,1,-1129.98,-1711.542,-2806.677,0,0.9922644,0,0.1241428;
custom,boulder1,rock3,6,3,6,0,1,1,1,1,1,-991.5858,-1682.08,-2873.634,0,0.7010086,0,-0.7131528;
custom,boulder1,rock3,6,3,6,0,1,1,1,1,1,-1080.442,-1676.68,-2884.112,-0.7128009,0.02201915,-0.7006629,-0.02240077;
custom,boulder2,rock3,6,3,4,0,1,1,1,1,1,-1144.781,-1657.729,-2938.177,-0.5979481,-0.09800709,-0.2216312,-0.7640238;
custom,boulder3,rock3,4,4,4,0,1,1,1,1,1,-1159.201,-1658.142,-2873.823,0,0.6342416,0,0.773135;
spawnpoint,playerC,-1133.667,-1753.324,-2877.465,0,0,0,1;
spawnpoint,playerM,-1130.62,-1753.083,-2885.376,0,0,0,1;
spawnpoint,playerC,-1146.692,-1753.443,-2891.066,0,0,0,1;
spawnpoint,playerM,-1137.721,-1753.204,-2882.564,0,0,0,1;
racing,startCuboid,7,7,1,-1070.278,-1725.868,-2876.959,0,0.6881755,0,0.7255443;
racing,startCuboid,10,10,1,-1026.917,-2308.604,-2922.018,0,0.05927273,0,-0.9982418;
racing,startCuboid,10,10,1,-986.0787,-2174.163,-3099.349,0,0.684837,0,0.7286963;
photon,spawnPunk,30,0,-2188.497,-3861.227,3545.259,0,0,0,1;
photon,spawnJumper,30,0,-2137.157,-3862.068,3538.45,0,0,0,1;
photon,spawnCrawler,30,0,-2168.508,-3860.821,3561.89,0,0,0,1;
photon,spawnJumper,30,0,-2175.314,-3838.346,3435.066,0,0,0,1;
photon,spawnCrawler,30,0,-2208.937,-3837.822,3424.222,0,0,0,1;
photon,spawnPunk,30,0,-2152.169,-3837.042,3412.002,0,0,0,1;
photon,spawnPunk,30,0,-2290.265,-3833.879,3346.78,0,0,0,1;
photon,spawnCrawler,30,0,-2304.6,-3834.034,3325.875,0,0,0,1;
photon,spawnJumper,30,0,-2267.52,-3833.883,3326.282,0,0,0,1;
photon,spawnPunk,30,0,-2128.07,-3837.561,3382.471,0,0,0,1;
photon,spawnJumper,30,0,-2151.419,-3836.603,3376.842,0,0,0,1;
photon,spawnCrawler,30,0,-2133.467,-3836.321,3357.971,0,0,0,1;
photon,spawnPunk,30,0,-2287.177,-3842.857,3445.818,0,0,0,1;
photon,spawnPunk,30,0,-2071.606,-3836.217,3307.212,0,0,0,1;
custom,village2,default,1,1,1,0,1,1,1,1,1,-2192.354,-3825.615,3300.078,0,0.9614421,0,0.2750075;
custom,village1,default,1,1,1,0,1,1,1,1,1,-2093.529,-3836.948,3249.221,0,0.6739177,0,-0.7388064;
custom,church1,default,1,1,1,0,1,1,1,1,1,-2108.497,-3816.673,2672.723,0,-0.2939112,0,-0.9558328;
custom,tower2,default,1,1,1,0,1,1,1,1,1,-2132.86,-3872.138,2403.907,-0.1416288,0.1485845,0.1219801,-0.971074;
custom,spike1,default,1,1,1,0,1,1,1,1,1,-2244.012,-3843.771,2350.263,0.1236702,0.07681382,-0.04854405,-0.9881542;
custom,tower2,default,1,1,1,0,1,1,1,1,1,-2214.171,-3864.371,2413.152,0.1852886,0.2838947,-0.06560836,-0.9384921;
custom,cuboid,stone1,3,0.5,3,0,1,1,1,1,1,-2195.736,-3933.831,4008.402,0,0.9995335,0,0.03054235;
photon,spawnAnnie,30,0,-1811.929,-3246.878,-1017.907,0,0,0,1;
custom,boulder1,rock3,2,2,2,0,1,1,1,1,1,-837.5262,-2240.996,-2892.218,0,0.9762753,0,0.2165333;
custom,boulder1,rock3,2,2,2,0,1,1,1,1,1,-743.0406,-2359.95,-2927.347,0,0.2695214,0,-0.9629944;
custom,boulder1,rock3,2,2,2,0,1,1,1,1,1,-906.3816,-2264.604,-3022.291,0,0.9648613,0,-0.2627598;
custom,boulder1,rock3,2,2,2,0,1,1,1,1,1,-444.2287,-2293.783,-2970.787,0,0.2822473,0,-0.9593417;
custom,boulder1,rock3,2,2,2,0,1,1,1,1,1,-1060.812,-2158.227,-3062.587,0,-0.1818679,0,-0.983323;
custom,boulder1,rock3,2,2,2,0,1,1,1,1,1,-1091.518,-2147.055,-3132.13,0,0.8040934,0,-0.594503;
custom,boulder1,rock3,2,2,2,0,1,1,1,1,1,-1163.724,-2216.668,-3046.342,0,0.3033017,0,-0.9528946;
custom,boulder1,rock3,2,2,2,0,1,1,1,1,1,-1264.263,-2230.229,-3072.778,0,0.3426134,0,-0.9394765;
custom,boulder1,rock3,2,2,2,0,1,1,1,1,1,-1588.466,-2235.33,-3050.371,0,0.7622449,0,-0.6472888;
custom,boulder1,rock3,2,2,2,0,1,1,1,1,1,-1181.939,-2245.927,-2893.555,0,0.999638,0,0.02690678;
custom,boulder1,rock3,2,2,2,0,1,1,1,1,1,-1092.876,-2234.846,-2884.023,0,0.9846804,0,0.174369;
custom,boulder1,rock3,2,2,2,0,1,1,1,1,1,-963.0012,-1924.841,-2826.174,0,0.4551557,0,0.8904119;
custom,boulder1,rock3,2,3,2,0,1,1,1,1,1,-975.4434,-1915.921,-2947.345,0,0.8984045,0,0.4391689;
custom,boulder1,rock3,2,3,2,0,1,1,1,1,1,-1067.527,-2069.3,-2813.295,0,0.3936045,0,-0.9192799;
custom,cave1,rock3,1,0.5,1,0,1,1,1,1,1,-1050.528,-2244.604,-2806.954,0,0.1076773,0,-0.9941859;
custom,prism,default,0.5,0.1,1,1,0,1,0,1,1,-1051.674,-2200.251,-2798.728,0.7088994,0.7039867,0.03077615,0.03028801;
custom,prism,default,0.5,0.1,1,1,0,1,0,1,1,-869.6173,-2301.202,-2838.578,-0.477812,0.5210938,-0.5229158,-0.476147;
custom,prism,default,0.5,0.1,1,1,0,1,0,1,1,-1051.314,-2200.118,-2804.25,0.7061856,0.7063602,0.02578323,0.04114043;
custom,boulder1,rock3,2,2,2,0,1,1,1,1,1,-890.4595,-2197.823,-1744.724,0,0.003248534,0,0.9999948;
custom,boulder1,rock3,2,2,2,0,1,1,1,1,1,-830.668,-2294.443,-1769.654,0,0.8096231,0,0.5869502;
custom,boulder1,rock3,2,2,2,0,1,1,1,1,1,-892.58,-2340.608,-1780.583,0,0.9891857,0,-0.1466687;
custom,boulder1,rock3,2,2,2,0,1,1,1,1,1,-804.3574,-2301.889,-1906.239,0,0.9085329,0,0.4178134;
custom,boulder1,rock3,2,2,2,0,1,1,1,1,1,-858.7283,-2248.18,-1855.829,0,0.08589088,0,0.9963046;
custom,boulder1,rock3,3,3,3,0,1,1,1,1,1,-684.2073,-3269.856,-1323.717,-0.4888012,0.465995,0.6485006,0.3512393;
custom,boulder2,rock3,2,2,1,0,1,1,1,1,1,-603.6492,-3198.854,-2110.549,0,0.9889671,0,0.1481355;
custom,boulder3,rock3,5,0.5,1,0,1,1,1,1,1,-862.4117,-2338.709,-1744.138,0,0.7165809,0,-0.697504;
custom,boulder3,rock3,5,0.5,1,0,1,1,1,1,1,-855.1953,-2338.904,-1738.035,-0.03289235,-0.1200704,0.9922124,-0.003980391;
custom,prism,default,0.5,0.1,1,1,0,1,0,1,1,-846.3857,-2250.385,-1731.372,-0.6033972,0.3960456,0.5058225,0.472444;
custom,prism,default,0.5,0.1,1,1,0,1,0,1,1,-836.3533,-2312.67,-1895.253,0.5032112,0.4952518,-0.50024,0.5012625;
custom,boulder2,rock3,1,0.1,0.1,0,1,1,1,1,1,-1181.185,-2267.919,-1984.688,0,0.7143998,0,0.6997378;
custom,boulder2,rock3,0.1,0.2,0.1,0,1,1,1,1,1,-1180.519,-2270.835,-1976.124,-0.03866784,0.7200965,0.04025964,0.6916249;
custom,boulder2,rock3,0.1,0.2,0.1,0,1,1,1,1,1,-1180.684,-2270.442,-1993.89,0.01030612,-0.1872801,-0.001855334,0.9822508;
custom,cylinder,earth1,1,2,1,0,1,1,1,1,1,-1252.12,-2233.552,-2066.216,-0.01475324,0.01474502,-0.7071999,0.7067059;
custom,cylinder,earth1,1,2,1,0,1,1,1,1,1,-1295.655,-2252.749,-2064.12,-0.7079065,0.7059779,0.01585518,-0.01457094;
custom,boulder2,rock3,2,2,2,0,1,1,1,1,1,-951.7654,-1709.275,-2954.258,0,0.8697953,0,0.4934128;
custom,prism,default,0.5,0.1,1,1,0,1,0,1,1,-1075.174,-1729.212,-2878.821,-0.5143855,0.4852811,0.4898392,0.5098701;
custom,prism,default,0.5,0.1,1,1,0,1,0,1,1,-1037.534,-2206.24,-2739.062,-0.7037559,0.6569874,-0.1900618,0.1922806;
custom,prism,default,0.5,0.1,1,1,0,1,0,1,1,-1103.663,-2205.192,-2738.219,0.6969061,0.6663915,-0.1683969,-0.2046627;
custom,boulder2,rock3,1,1,1,0,1,1,1,1,1,-800.2815,-2923.209,-1699.54,0,0.5685743,0,0.8226319;
custom,boulder3,rock3,1,1,1,0,1,1,1,1,1,-1351.295,-3298.531,-1570.169,0,0.8570752,0,-0.5151913;
photon,spawnCrawler,30,0,-2195.991,-3931.15,4007.428,0,0,0,1;
misc,barrier,6,6,1,-2194.682,-3913.092,3988.995,0,0.9994604,0,0.03284694;
misc,barrier,1,7,7,-2236.574,-3907.558,4026.656,-0.3254361,0.9451343,-0.009279629,0.02694998;
misc,barrier,1,7,7,-2154.106,-3910.36,4030.663,0.3809155,0.9241696,0.01087204,0.02637754;
misc,barrier,1,7,7,-2199.648,-3916.67,4053.662,-0.3408955,0.6438394,0.3205443,-0.6054028;
misc,barrier,7,1,7,-2196.343,-3936.479,4035.539,0,0.9995249,0,0.03082212;

