racing,checkpointCuboid,3,1,3,0,1962,-9910,0,0,0,0;
racing,checkpointCuboid,3,1,3,0,1962,-9990,0,0,0,0;
custom,cuboid,stone5,13,1,13,1,0.5,0.5,0.5,1,1,0,1701,-10000,0,0,0,0;
custom,cuboid,stone5,7,1,7,1,0.3,0.3,0.3,1,1,0,1704,-10000,0,0,0,0;
custom,cuboid,stone5,13,1,7,1,0.5,0.5,0.5,1,1,0,1701,-9900,0,0,0,0;
custom,cuboid,stone5,13,1,13,1,0.5,0.5,0.5,1,1,0,1701,-9800,0,0,0,0;
custom,cuboid,stone5,6.7,0.7,1,1,0.5,0.5,0.5,1,1,0,1738.5,-9870,0,0,0,0;
custom,cuboid,stone5,0.7,3,1,1,0.5,0.5,0.5,1,1,30,1720,-9870,0,0,0,0;
custom,cuboid,stone5,0.7,3,1,1,0.5,0.5,0.5,1,1,-30,1720,-9870,0,0,0,0;
custom,cuboid,stone5,6.7,0.7,1,1,0.5,0.5,0.5,1,1,0,1738.5,-9850,0,0,0,0;
custom,cuboid,stone5,0.7,3,1,1,0.5,0.5,0.5,1,1,30,1720,-9850,0,0,0,0;
custom,cuboid,stone5,0.7,3,1,1,0.5,0.5,0.5,1,1,-30,1720,-9850,0,0,0,0;
custom,cuboid,stone5,6.7,0.7,1,1,0.5,0.5,0.5,1,1,0,1738.5,-9830,0,0,0,0;
custom,cuboid,stone5,0.7,3,1,1,0.5,0.5,0.5,1,1,30,1720,-9830,0,0,0,0;
custom,cuboid,stone5,0.7,3,1,1,0.5,0.5,0.5,1,1,-30,1720,-9830,0,0,0,0;
custom,cuboid,stone5,6.85,0.85,1.3,1,0.5,0.5,0.5,1,1,0,1739.25,-9800,0,0,0,0;
custom,cuboid,stone5,0.85,3,1.3,1,0.5,0.5,0.5,1,1,30,1720,-9800,0,0,0,0;
custom,cuboid,stone5,0.85,3,1.3,1,0.5,0.5,0.5,1,1,-30,1720,-9800,0,0,0,0;
custom,cuboid,stone5,6.85,0.85,1.3,1,0.5,0.5,0.5,1,1,0,1739.25,-9770,0,0,0,0;
custom,cuboid,stone5,0.85,3,1.3,1,0.5,0.5,0.5,1,1,30,1720,-9770,0,0,0,0;
custom,cuboid,stone5,0.85,3,1.3,1,0.5,0.5,0.5,1,1,-30,1720,-9770,0,0,0,0;
custom,cuboid,stone5,20,0.8,0.8,1,0.5,0.5,0.5,1,1,0,1760,-9700,0,0,0,0;
custom,cuboid,stone5,1,6,15,1,0.5,0.5,0.5,1,1,50,1731,-9980,0,0,0,0;
custom,cuboid,stone5,1,6,15,1,0.5,0.5,0.5,1,1,-50,1731,-9980,0,0,0,0;
custom,cuboid,stone5,1,6,9,1,0.5,0.5,0.5,1,1,0,1731,-10050,0,-0.707,0,0.707;
racing,startCuboid,10,5.5,1,0,1732.5,-9698,0,0,0,0;
racing,killCuboid,10,5.5,0.8,0,1791.5,-9700,0,0,0,0;
custom,cuboid,stone5,10,1,10,1,0.5,0.5,0.5,1,1,0,1700,-9700,0,0,0,0;
custom,cuboid,stone5,10,1,10,1,0.5,0.5,0.5,1,1,0,1700,-9600,0,0,0,0;
custom,cuboid,stone5,10,1,1.5,1,0.5,0.5,0.5,0.6,0.15,57.5,1700,-9600,0,-0.707,0,0.707;
racing,killCuboid,7.5,0.6,10,100,1698,-9600,0,0,0,0;
custom,cuboid,stone5,7.5,0.5,9.9,1,0.5,0.5,0.5,1,1,100,1698,-9600,0,0,0,0;
custom,cuboid,stone5,10,0.6,1,1,0.5,0.5,0.5,0.6,0.15,100,1735,-9600,0,-0.707,0,0.707;
custom,cuboid,stone5,10,1,1.5,1,0.5,0.5,0.5,0.6,0.15,142.5,1700,-9600,0,-0.707,0,0.707;
custom,cuboid,stone5,10,1,10,1,0.5,0.5,0.5,1,1,200,1700,-9600,0,0,0,0;
custom,cuboid,stone5,10,1,10,1,0.5,0.5,0.5,1,1,200,1700,-9700,0,0,0,0;
custom,cuboid,stone5,10,1,10,1,0.5,0.5,0.5,1,1,200,1700,-9800,0,0,0,0;
custom,cuboid,stone5,10,1,10,1,0.5,0.5,0.5,1,1,200,1700,-9900,0,0,0,0;
custom,cuboid,stone5,1,6,10,1,0.5,0.5,0.5,1,1,200,1725,-9950,0,-0.707,0,0.707;
custom,cuboid,stone5,10,1,10,1,0.5,0.5,0.5,1,1,200,1750,-10000,0,0,0,0;
custom,cuboid,stone5,10,1,10,1,0.5,0.5,0.5,1,1,200,1750,-10100,0,0,0,0;
custom,cuboid,stone5,10,1,10,1,0.5,0.5,0.5,1,1,200,1750,-10200,0,0,0,0;
custom,cuboid,stone5,10,1,10,1,0.5,0.5,0.5,1,1,100,1750,-10200,0,0,0,0;
custom,cuboid,stone5,10,1,10,1,0.5,0.5,0.5,1,1,0,1750,-10200,0,0,0,0;
custom,cuboid,stone5,10,1,10,1,0.5,0.5,0.5,1,1,-100,1750,-10200,0,0,0,0;
custom,cuboid,stone5,10,1,10,1,0.5,0.5,0.5,1,1,-200,1750,-10200,0,0,0,0;
custom,cuboid,stone5,10,1,10,1,0.5,0.5,0.5,1,1,-200,1750,-10100,0,0,0,0;
custom,cuboid,stone5,10,1,10,1,0.5,0.5,0.5,1,1,-200,1750,-10000,0,0,0,0;
custom,cuboid,stone5,10,1,10,1,0.5,0.5,0.5,1,1,-200,1750,-9900,0,0,0,0;
custom,cuboid,stone5,1,6,10,1,0.5,0.5,0.5,1,1,-200,1725,-9850,0,-0.707,0,0.707;
custom,cuboid,stone5,10,1,10,1,0.5,0.5,0.5,1,1,-200,1700,-9800,0,0,0,0;
custom,cuboid,stone5,10,1,10,1,0.5,0.5,0.5,1,1,-200,1700,-9700,0,0,0,0;
custom,cuboid,stone5,10,1,10,1,0.5,0.5,0.5,1,1,-200,1700,-9600,0,0,0,0;
custom,cuboid,stone5,10,1,10,1,0.5,0.5,0.5,1,1,-200,1700,-9500,0,0,0,0;
custom,cuboid,stone5,10,1,10,1,0.5,0.5,0.5,1,1,-200,1700,-9400,0,0,0,0;
custom,cuboid,stone5,10,1,10,1,0.5,0.5,0.5,1,1,-200,1700,-9300,0,0,0,0;
custom,cuboid,stone5,10,1,10,1,0.5,0.5,0.5,1,1,-200,1700,-9200,0,0,0,0;
custom,cuboid,stone5,10,0.5,10,1,0.5,0.5,0.5,1,1,-100,1697.5,-9200,0,0,0,0;
custom,cuboid,stone5,0.75,13,0.75,1,0.5,0.5,0.5,1,1,-100,1755,-9225,0,0,0,0;
racing,killCuboid,10,0.4,10,-100,1702,-9200,0,0,0,0;
custom,cuboid,stone5,10,1,10,1,0.5,0.5,0.5,1,1,0,1700,-9200,0,0,0,0;
custom,cuboid,stone5,10,0.5,10,1,0.5,0.5,0.5,1,1,100,1697.5,-9200,0,0,0,0;
custom,cuboid,stone5,0.75,13,0.75,1,0.5,0.5,0.5,1,1,100,1755,-9175,0,0,0,0;
racing,killCuboid,10,0.4,10,100,1702,-9200,0,0,0,0;
custom,cuboid,stone5,10,1,10,1,0.5,0.5,0.5,1,1,200,1700,-9200,0,0,0,0;
custom,cuboid,stone5,10,1,10,1,0.5,0.5,0.5,1,1,200,1700,-9300,0,0,0,0;
custom,cuboid,stone5,10,1,10,1,0.5,0.5,0.5,1,1,200,1700,-9400,0,0,0,0;
custom,cuboid,stone5,10,1,10,1,0.5,0.5,0.5,1,1,100,1700,-9400,0,0,0,0;
custom,cuboid,stone5,10,1,10,1,0.5,0.5,0.5,1,1,0,1700,-9400,0,0,0,0;
custom,cuboid,stone5,10,31,1,1,0.5,0.5,0.5,1,1,-54,1850,-9400,0,-0.7071068,0,0.7071068;
custom,cuboid,stone5,10,1,10,1,0.5,0.5,0.5,1,1,0,2000,-9400,0,0,0,0;
custom,cuboid,stone5,10,1,10,1,0.5,0.5,0.5,1,1,0,2000,-9500,0,0,0,0;
custom,cuboid,stone5,10,1,10,1,0.5,0.5,0.5,1,1,0,2000,-9600,0,0,0,0;
custom,cuboid,stone5,10,1,10,1,0.5,0.5,0.5,1,1,0,2000,-9700,0,0,0,0;
custom,cuboid,stone5,10,1,10,1,0.5,0.5,0.5,1,1,0,2000,-9800,0,0,0,0;
custom,cuboid,stone5,11,1,10,1,0.5,0.5,0.5,1,1,0,1949,-9900,0,0,0,0;
custom,cuboid,stone5,1,1,10,1,0.5,0.5,0.5,1,1,0,1950,-9845,0,-0.707,0,0.707;
custom,cuboid,stone5,1,4,1,1,0.5,0.5,0.5,1,1,-45,1975,-9845,0,-0.707,0,0.707;
custom,cuboid,stone5,1,4,1,1,0.5,0.5,0.5,1,1,45,1975,-9845,0,-0.707,0,0.707;
custom,cuboid,stone5,80,1,130,1,0.2,0.2,0.2,1,1,0,1600,-9700,0,0,0,0;
custom,cuboid,stone5,80,1,130,1,0.2,0.2,0.2,1,1,0,2100,-9700,0,0,0,0;
custom,cuboid,stone5,1,51,130,1,0.2,0.2,0.2,1,1,400,1850,-9700,0,0,0,0;
custom,cuboid,stone5,1,51,130,1,0.2,0.2,0.2,1,1,-400,1850,-9700,0,0,0,0;
custom,cuboid,stone5,80,51,1,1,0.2,0.2,0.2,1,1,0,1850,-9050,0,0,0,0;
custom,cuboid,stone5,80,31,1,1,0.2,0.2,0.2,1,1,0,1750,-10345,0,0,0,0;
custom,cuboid,stone5,2,12,2,1,0.8,0.8,0.8,1,1,100,1760,-10100,0,0,0,0;
custom,cuboid,stone5,2,12,2,1,0.8,0.8,0.8,1,1,-100,1760,-10100,0,0,0,0;
custom,cuboid,stone5,2,12,2,1,0.8,0.8,0.8,1,1,100,1760,-9700,0,0,0,0;
custom,cuboid,stone5,2,12,2,1,0.8,0.8,0.8,1,1,-100,1760,-9700,0,0,0,0;
custom,cuboid,stone5,2,12,2,1,0.8,0.8,0.8,1,1,100,1760,-9300,0,0,0,0;
custom,cuboid,stone5,2,12,2,1,0.8,0.8,0.8,1,1,-100,1760,-9300,0,0,0,0;
custom,cuboid,stone5,1,1,10,1,0.5,0.5,0.5,1,1,200,1760,-9800,0,-0.707,0,0.707;
custom,cuboid,stone5,1,1,10,1,0.5,0.5,0.5,1,1,-200,1760,-9600,0,-0.707,0,0.707;
custom,cuboid,stone5,1.5,0.3,10,1,0.5,0.5,0.5,1,1,-200,1770,-9900,0,-0.707,0,0.707;
racing,killCuboid,1,1.5,10,-200,1762,-9900,0,-0.707,0,0.707;
racing,killCuboid,30,11.8,1,0,1760,-10145,0,0,0,0;
racing,killCuboid,52,11.8,1,0,1760,-10255,0,0,0,0;
racing,killCuboid,1,11.8,50,145,1760,-9900,0,0,0,0;
racing,killCuboid,1,11.8,70,255,1760,-9900,0,0,0,0;
racing,killCuboid,1,11.8,90,-145,1760,-9700,0,0,0,0;
racing,killCuboid,1,11.8,110,-255,1760,-9700,0,0,0,0;
racing,killCuboid,10,11.8,1,100,1760,-9655,0,0,0,0;
racing,killCuboid,32,11.8,1,100,1760,-9545,0,0,0,0;
racing,killCuboid,1,11.8,14.5,-55,1760,-9622.5,0,0,0,0;
racing,killCuboid,1,11.8,3.5,55,1760,-9677.5,0,0,0,0;
racing,killCuboid,4,11.8,1,70,1760,-9700,0,0,0,0;
racing,killCuboid,4,11.8,1,-70,1760,-9700,0,0,0,0;
racing,killCuboid,1,11.8,40,100,1760,-9900,0,0,0,0;
racing,killCuboid,1,11.8,40,-100,1760,-9900,0,0,0,0;
racing,killCuboid,20,11.8,1,0,1760,-10100,0,0,0,0;
misc,barrier,20,1,40,0,1698,-9900,0,0,0,0;
racing,killCuboid,10,5.5,1,-200,1792.5,-9600,0,0,0,0;
racing,killCuboid,10,5.5,1,200,1792.5,-9800,0,0,0,0;
racing,killCuboid,52,11.8,1,0,1760,-9145,0,0,0,0;
racing,killCuboid,30,11.8,1,0,1760,-9255,0,0,0,1;
racing,killCuboid,1,11.8,30,255,1760,-9300,0,0,0,0;
racing,killCuboid,1,11.8,10,145,1760,-9300,0,0,0,0;
racing,killCuboid,31,11.8,1,105,1760,-9455,0,0,0,0;
racing,killCuboid,19,11.8,1,45,1760,-9345,0,0,0,0;
racing,killCuboid,52,1,81,0,1824,-9855,0,0,0,0;
racing,killCuboid,21,1,31,-155,1824,-9295,0,0,0,0;
racing,killCuboid,31,1,21,105,1824,-9245,0,0,0,0;
racing,killCuboid,21,1,11,155,1824,-9395,0,0,0,0;
custom,cuboid,stone5,10,1,10,1,0.5,0.5,0.5,1,1,0,2000,-9400,0,0,0,0;
custom,cuboid,stone5,10,1,10,1,0.5,0.5,0.5,1,1,0,2000,-9800,0,0,0,0;
racing,killCuboid,10,1,39,0,1950,-9645,0,0,0,0;
racing,killCuboid,1,6,39,55,1975,-9645,0,0,0,0;
racing,killCuboid,1,6,39,-55,1975,-9645,0,0,0,0;
racing,killCuboid,10,11.6,1,0,1887,-9455,0,0,0,0;
racing,killCuboid,10,17.6,1,0,1917,-9345,0,0,0,0;
racing,killCuboid,1,17.6,12,55,1917,-9400,0,0,0,0;
custom,cuboid,stone5,2,2,18,1,0.5,0.5,0.5,1,1,100,1870,-9400,0,0,0,1;
custom,cuboid,stone5,2,2,18,1,0.5,0.5,0.5,1,1,-100,1870,-9400,0,0,0,1;
custom,cuboid,stone5,18,2,2,1,0.5,0.5,0.5,1,1,0,1870,-9300,0,0,0,1;
custom,cuboid,stone5,18,2,2,1,0.5,0.5,0.5,1,1,0,1870,-9500,0,0,0,1;
custom,cuboid,stone5,2,2,18,1,0.5,0.5,0.5,1,1,100,1910,-9400,0,0,0,1;
custom,cuboid,stone5,2,2,18,1,0.5,0.5,0.5,1,1,-100,1910,-9400,0,0,0,1;
custom,cuboid,stone5,18,2,2,1,0.5,0.5,0.5,1,1,0,1910,-9300,0,0,0,1;
custom,cuboid,stone5,18,2,2,1,0.5,0.5,0.5,1,1,0,1910,-9500,0,0,0,1;
custom,cuboid,stone5,1.2,7,1.2,1,0.5,0.5,0.5,1,1,0,1785,-10205,0,0,0,0;
custom,cuboid,stone5,1.2,7,1.2,1,0.5,0.5,0.5,1,1,-140,1785,-10195,0,0,0,0;
custom,cuboid,stone5,1.2,7,1.2,1,0.5,0.5,0.5,1,1,140,1785,-10195,0,0,0,0;
racing,killCuboid,1,7,4,-140,1785,-10170,0,0,0,0;
racing,killCuboid,1,7,4,140,1785,-10170,0,0,0,0;
racing,killCuboid,1,7,4,0,1785,-10230,0,0,0,0;
custom,cuboid,stone5,27,1,70,1,0.5,0.5,0.5,1,1,-190,1949,-9599,0,0,0,0;
custom,cuboid,stone5,27,1,70,1,0.5,0.5,0.5,1,1,190,1949,-9599,0,0,0,0;
racing,killCuboid,27.1,1,70,190,1950,-9599,0,0,0,0;
custom,cuboid,stone5,1,6,60,1,0.5,0.5,0.5,1,1,270,1975,-9650,0,0,0,0;
racing,killCuboid,1.1,6,60.1,270,1975,-9648,0,0,0,0;
racing,killCuboid,1.1,6,60.1,-270,1975,-9648,0,0,0,0;
custom,cuboid,stone5,1,6,70,1,0.5,0.5,0.5,1,1,330,1975,-9600,0,0,0,1;
racing,killCuboid,1,6,70,329,1975,-9599,0,0,0,1;
racing,killCuboid,1,6,70,-329,1975,-9599,0,0,0,1;
custom,cuboid,stone5,55,6,1,1,0.5,0.5,0.5,1,1,0,1975,-9945,0,0,0,0;
custom,cuboid,stone5,10.8,6,1,1,0.5,0.5,0.5,1,1,0,1975,-9942,0,0,0,0;
custom,cuboid,stone5,0.5,4.5,0.5,1,0.2,0.2,0.2,1.0,1.0,-52.5,1980,-9937.5,0,1,0,0;
custom,cuboid,stone5,0.5,4.5,0.5,1,0.2,0.2,0.2,1.0,1.0,52.5,1980,-9937.5,0,1,0,0;
custom,cuboid,stone5,0.6,7,1.25,1,0.2,0.2,0.2,1.0,1.0,-52.5,1980,-9845,0,1,0,0;
custom,cuboid,stone5,0.6,7,1.25,1,0.2,0.2,0.2,1.0,1.0,52.5,1980,-9845,0,1,0,0;
custom,cuboid,stone5,10,1,10,1,0.5,0.5,0.5,1,1,0,2008,-9899,0,0,0,0;
racing,killCuboid,55,6,1,0,1975,-9944,0,0,0,0;
racing,killCuboid,16,6,1,140,1975,-9800,0,0,0,0;
custom,cuboid,stone5,16,6,1,1,0.5,0.5,0.5,1,1,185,1975,-9750,0,0,0,0;
racing,killCuboid,16.1,6,1.1,185,1975,-9750,0,0,0,0;
racing,killCuboid,16,6,1,140,1974.6,-9700,0,0,0,1;
racing,killCuboid,16,6,1,185,1975,-9550,0,0,0,0;
racing,killCuboid,1,6,9,215,1975,-9650,0,0,0,0;
racing,killCuboid,1,6,9,110,1975,-9600,0,0,0,0;
custom,cuboid,stone5,2,6,2,1,0.5,0.5,0.5,1,1,195,1975,-9680,0,0,0,0;
custom,cuboid,stone5,2,6,2,1,0.5,0.5,0.5,1,1,130,1975,-9570,0,0,0,0;
racing,killCuboid,2.1,6,2.1,195,1975,-9680,0,0,0,0;
racing,killCuboid,2.1,6,2.1,130,1975,-9570,0,0,0,0;
racing,killCuboid,16,6,1,140,1975,-9500,0,0,0,0;
racing,killCuboid,16,6,1,140,1975,-9470,0,0,0,0;
racing,killCuboid,16,6,1,185,1975,-9385,0,0,0,0;
racing,killCuboid,16,6,1,185,1975,-9355,0,0,0,0;
racing,killCuboid,1,6,2,215,1975,-9485,0,0,0,0;
racing,killCuboid,1,6,2,110,1975,-9370,0,0,0,0;
custom,cuboid,stone5,15,6,2,1,0.5,0.5,0.5,1,1,135,1975,-9485,0,0,0,1;
custom,cuboid,stone5,15,6,2,1,0.5,0.5,0.5,1,1,190,1975,-9370,0,0,0,1;
racing,killCuboid,2,2,4,166.5,1963,-9525,0,0,0,0;
racing,killCuboid,4.5,2,2,242.5,1995,-9635,0,0,0,-1;
racing,killCuboid,4.5,2,2,82.5,1964,-9635,0,0,0,-1;
racing,killCuboid,2,2,7.5,210,1995,-9427.5,0,0,0,0;
racing,killCuboid,2,2,7.5,115,1964,-9427.5,0,0,0,1;
racing,killCuboid,1,6,22,62,1975,-9360,0,0,0,1;
custom,cuboid,stone5,0.9,6,22,1,0.5,0.5,0.5,1,1,62,1975,-9360,0,0,0,1;
custom,cuboid,stone5,26,6,2,1,0.5,0.5,0.5,1,1,195,1975,-9260,0,0,0,1;
racing,killCuboid,26,6,2,195,1975,-9270,0,0,0,1;
custom,cuboid,stone5,0.8,0.8,10.5,1,0.5,0.5,0.5,1,1,130,1975,-9314.5,0.1547105,0,0,0.9879599;
custom,cuboid,stone5,0.8,0.8,10.5,1,0.5,0.5,0.5,1,1,250,1975,-9314.5,0.9879599,0,0,0.1547105;
racing,killCuboid,0.82,0.82,10.5,130,1975,-9314.5,0.1547105,0,0,0.9879599;
racing,killCuboid,0.82,0.82,10.5,250,1975,-9314.5,0.9879599,0,0,0.1547105;
racing,killCuboid,27.1,1,70,-190,1950,-9599,0,0,0,0;
custom,cuboid,stone5,1,6,60,1,0.5,0.5,0.5,1,1,-270,1975,-9650,0,0,0,0;
custom,cuboid,stone5,1,6,70,1,0.5,0.5,0.5,1,1,-330,1975,-9600,0,0,0,1;
racing,killCuboid,16,6,1,-140,1975,-9800,0,0,0,0;
custom,cuboid,stone5,16,6,1,1,0.5,0.5,0.5,1,1,-185,1975,-9750,0,0,0,0;
racing,killCuboid,16.1,6,1.1,-185,1975,-9750,0,0,0,0;
racing,killCuboid,16,6,1,-140,1974.6,-9700,0,0,0,1;
racing,killCuboid,16,6,1,-185,1975,-9550,0,0,0,0;
racing,killCuboid,1,6,9,-215,1975,-9650,0,0,0,0;
racing,killCuboid,1,6,9,-110,1975,-9600,0,0,0,0;
custom,cuboid,stone5,2,6,2,1,0.5,0.5,0.5,1,1,-195,1975,-9680,0,0,0,0;
custom,cuboid,stone5,2,6,2,1,0.5,0.5,0.5,1,1,-130,1975,-9570,0,0,0,0;
racing,killCuboid,2.1,6,2.1,-195,1975,-9680,0,0,0,0;
racing,killCuboid,2.1,6,2.1,-130,1975,-9570,0,0,0,0;
racing,killCuboid,16,6,1,-140,1975,-9500,0,0,0,0;
racing,killCuboid,16,6,1,-140,1975,-9470,0,0,0,0;
racing,killCuboid,16,6,1,-185,1975,-9385,0,0,0,0;
racing,killCuboid,16,6,1,-185,1975,-9355,0,0,0,0;
racing,killCuboid,1,6,2,-215,1975,-9485,0,0,0,0;
racing,killCuboid,1,6,2,-110,1975,-9370,0,0,0,0;
custom,cuboid,stone5,15,6,2,1,0.5,0.5,0.5,1,1,-135,1975,-9485,0,0,0,1;
custom,cuboid,stone5,15,6,2,1,0.5,0.5,0.5,1,1,-190,1975,-9370,0,0,0,1;
racing,killCuboid,2,2,4,-166.5,1963,-9525,0,0,0,0;
racing,killCuboid,4.5,2,2,-242.5,1995,-9635,0,0,0,-1;
racing,killCuboid,4.5,2,2,-82.5,1964,-9635,0,0,0,-1;
racing,killCuboid,2,2,7.5,-210,1995,-9427.5,0,0,0,0;
racing,killCuboid,2,2,7.5,-115,1964,-9427.5,0,0,0,1;
racing,killCuboid,1,6,22,-62,1975,-9360,0,0,0,1;
custom,cuboid,stone5,0.9,6,22,1,0.5,0.5,0.5,1,1,-62,1975,-9360,0,0,0,1;
custom,cuboid,stone5,26,6,2,1,0.5,0.5,0.5,1,1,-195,1975,-9260,0,0,0,1;
racing,killCuboid,26,6,2,-195,1975,-9270,0,0,0,1;
custom,cuboid,stone5,0.8,0.8,10.5,1,0.2,0.2,0.2,1,1,-130,1975,-9314.5,0.1547105,0,0,0.9879599;
custom,cuboid,stone5,0.8,0.8,10.5,1,0.2,0.2,0.2,1,1,-250,1975,-9314.5,0.9879599,0,0,0.1547105;
racing,killCuboid,0.82,0.82,10.5,-130,1975,-9314.5,0.1547105,0,0,0.9879599;
racing,killCuboid,0.82,0.82,10.5,-250,1975,-9314.5,0.9879599,0,0,0.1547105;
custom,cuboid,stone5,67,1,70,1,0.5,0.5,0.5,1,1,0,2010,-9600,0,0,0,0;
racing,killCuboid,67,1.1,70,0,2010,-9599,0,0,0,0;
custom,pyramid,default,2,2,0.1,0,1,1,1,1,1,187.5,1980,-9800,0,0,0,0;
custom,pyramid,default,2,2,0.1,0,1,1,1,1,1,137.5,1980,-9800,0,0,-1,0;
custom,pyramid,default,2,2,0.1,0,1,1,1,1,1,87.5,1980,-9800,0,0,0,0;
custom,pyramid,default,2,2,0.1,0,1,1,1,1,1,-187.5,1980,-9800,0,0,0,0;
custom,pyramid,default,2,2,0.1,0,1,1,1,1,1,-137.5,1980,-9800,0,0,-1,0;
custom,pyramid,default,2,2,0.1,0,1,1,1,1,1,-87.5,1980,-9800,0,0,0,0;
custom,cuboid,stone5,0.5,0.5,10.5,1,0.2,0.2,0.2,1,1,52.5,1955,-9892.5,0,0,0,0;
custom,cuboid,stone5,0.5,0.5,10.5,1,0.2,0.2,0.2,1,1,52.5,2005,-9892.5,0,0,0,0;
custom,cuboid,stone5,0.5,0.5,10.5,1,0.2,0.2,0.2,1,1,-52.5,1955,-9892.5,0,0,0,0;
custom,cuboid,stone5,0.5,0.5,10.5,1,0.2,0.2,0.2,1,1,-52.5,2005,-9892.5,0,0,0,0;
custom,cuboid,stone5,4,0.5,4,1,0.35,0.35,0.35,1,1,0,1955,-9910,0,0,0,0;
custom,cuboid,stone5,0.8,12,35,1,0.5,0.5,0.5,1,1,-330,1955,-10125,0,0,0,0;
custom,cuboid,stone5,0.8,9,35,1,0.5,0.5,0.5,1,1,-270,1970,-10125,0,0,0,0;
custom,cuboid,stone5,0.8,3,27,1,0.5,0.5,0.5,1,1,-270,1910,-10085,0,0,0,0;
custom,cuboid,stone5,0.8,3,2,1,0.5,0.5,0.5,1,1,-270,1910,-10290,0,0,0,0;
custom,cuboid,stone5,0.8,1,6,1,0.5,0.5,0.5,1,1,-270,1900,-10250,0,0,0,0;
custom,cuboid,stone5,0.8,9,35,1,0.5,0.5,0.5,1,1,-210,1940,-10125,0,0,0,0;
custom,cuboid,stone5,0.8,3,27,1,0.5,0.5,0.5,1,1,-210,2000,-10165,0,0,0,0;
custom,cuboid,stone5,0.8,3,2,1,0.5,0.5,0.5,1,1,-210,2000,-9960,0,0,0,0;
custom,cuboid,stone5,0.8,1,6,1,0.5,0.5,0.5,1,1,-210,2010,-10000,0,0,0,0;
racing,killCuboid,6,0.3,27,-180,1975,-10080,0,0,0,0;
racing,killCuboid,6,0.3,27,-180,1935,-10165,0,0,0,0;
custom,cuboid,stone5,6,0.5,2,0,1,1,1,1,1,-178,1975,-10210,0,0,0,0;
custom,cuboid,stone5,6,0.5,2,0,1,1,1,1,1,-178,1935,-10035,0,0,0,0;
custom,cuboid,stone5,0.8,9,35,1,0.5,0.5,0.5,1,1,-150,1970,-10125,0,0,0,0;
custom,cuboid,stone5,0.8,3,27,1,0.5,0.5,0.5,1,1,-150,1910,-10085,0,0,0,0;
custom,cuboid,stone5,0.8,3,2,1,0.5,0.5,0.5,1,1,-150,1910,-10290,0,0,0,0;
custom,cuboid,stone5,0.8,1,6,1,0.5,0.5,0.5,1,1,-150,1900,-10250,0,0,0,0;
custom,cuboid,stone5,0.8,9,35,1,0.5,0.5,0.5,1,1,-90,1940,-10125,0,0,0,0;
custom,cuboid,stone5,0.8,3,27,1,0.5,0.5,0.5,1,1,-90,2000,-10165,0,0,0,0;
custom,cuboid,stone5,0.8,3,2,1,0.5,0.5,0.5,1,1,-90,2000,-9960,0,0,0,0;
custom,cuboid,stone5,0.8,1,6,1,0.5,0.5,0.5,1,1,-90,2010,-10000,0,0,0,0;
custom,cuboid,stone5,24.75,12,2,1,0.5,0.5,0.5,1,1,-210,1955,-10300,0,0,0,0;
custom,plane,stone5,24,1,35,1,0.3,0.3,0.3,1,1,-210,1895,-10125,0,0,0,0;
custom,leaf0,crystal2,4.9,1,7,1,0,0.15,1,1,1,-210,1898,-10125,0,0,0,0;
misc,barrier,24.8,1,35,-210,1892,-10125,0,0,0,0;
misc,barrier,24.8,5.5,1,-210,1917,-9945,0,0,0,0;
custom,plane,stone5,24.8,1,5.4,1,0.5,0.5,0.5,1,1,-210,1917.8,-9950,-0.707,0,0,0.707;
custom,cuboid,stone5,0.8,12,35,1,0.5,0.5,0.5,1,1,330,1955,-10125,0,0,0,0;
custom,cuboid,stone5,0.8,9,35,1,0.5,0.5,0.5,1,1,270,1970,-10125,0,0,0,0;
custom,cuboid,stone5,0.8,3,27,1,0.5,0.5,0.5,1,1,270,1910,-10085,0,0,0,0;
custom,cuboid,stone5,0.8,3,2,1,0.5,0.5,0.5,1,1,270,1910,-10290,0,0,0,0;
custom,cuboid,stone5,0.8,1,6,1,0.5,0.5,0.5,1,1,270,1900,-10250,0,0,0,0;
custom,cuboid,stone5,0.8,9,35,1,0.5,0.5,0.5,1,1,210,1940,-10125,0,0,0,0;
custom,cuboid,stone5,0.8,3,27,1,0.5,0.5,0.5,1,1,210,2000,-10165,0,0,0,0;
custom,cuboid,stone5,0.8,3,2,1,0.5,0.5,0.5,1,1,210,2000,-9960,0,0,0,0;
custom,cuboid,stone5,0.8,1,6,1,0.5,0.5,0.5,1,1,210,2010,-10000,0,0,0,0;
racing,killCuboid,6,0.3,27,180,1975,-10080,0,0,0,0;
racing,killCuboid,6,0.3,27,180,1935,-10165,0,0,0,0;
custom,cuboid,stone5,6,0.5,2,0,1,1,1,1,1,178,1975,-10210,0,0,0,0;
custom,cuboid,stone5,6,0.5,2,0,1,1,1,1,1,178,1935,-10035,0,0,0,0;
custom,cuboid,stone5,0.8,9,35,1,0.5,0.5,0.5,1,1,150,1970,-10125,0,0,0,0;
custom,cuboid,stone5,0.8,3,27,1,0.5,0.5,0.5,1,1,150,1910,-10085,0,0,0,0;
custom,cuboid,stone5,0.8,3,2,1,0.5,0.5,0.5,1,1,150,1910,-10290,0,0,0,0;
custom,cuboid,stone5,0.8,1,6,1,0.5,0.5,0.5,1,1,150,1900,-10250,0,0,0,0;
custom,cuboid,stone5,0.8,9,35,1,0.5,0.5,0.5,1,1,90,1940,-10125,0,0,0,0;
custom,cuboid,stone5,0.8,3,27,1,0.5,0.5,0.5,1,1,90,2000,-10165,0,0,0,0;
custom,cuboid,stone5,0.8,3,2,1,0.5,0.5,0.5,1,1,90,2000,-9960,0,0,0,0;
custom,cuboid,stone5,0.8,1,6,1,0.5,0.5,0.5,1,1,90,2010,-10000,0,0,0,0;
custom,cuboid,stone5,24.75,12,2,1,0.5,0.5,0.5,1,1,210,1955,-10300,0,0,0,0;
custom,plane,stone5,24,1,35,1,0.3,0.3,0.3,1,1,210,1895,-10125,0,0,0,0;
custom,leaf0,crystal2,4.9,1,7,1,0,0.15,1,1,1,210,1898,-10125,0,0,0,0;
misc,barrier,24.8,1,35,210,1892,-10125,0,0,0,0;
misc,barrier,24.8,5.5,1,210,1917,-9945,0,0,0,0;
custom,plane,stone5,24.8,1,5.4,1,0.5,0.5,0.5,1,1,210,1917.8,-9950,-0.707,0,0,0.707;
custom,cuboid,stone5,8,1,10,1,0.5,0.5,0.5,1,1,0,1950,-10000,0,0,0,0;
custom,cuboid,stone5,4,0.5,4,1,0.35,0.35,0.35,1,1,0,1955,-9990,0,0,0,0;
custom,cuboid,metal2,4,3,1,0,1,1,1,1,1,-66,1995,-10040,0,0,0,0;
custom,cuboid,metal2,4,3,1,0,1,1,1,1,1,-66,1995,-9960,0,0,0,0;
custom,cuboid,metal2,4,1,8,0,1,1,1,1,1,-66,2015,-10000,0,0,0,0;
custom,cuboid,metal2,4,1,8,0,1,1,1,1,1,-66,1975,-10000,0,0,0,0;
racing,killCuboid,4,3,1,-66,1995,-10037.5,0,0,0,0;
racing,killCuboid,4,3,1,-66,1995,-9962.5,0,0,0,0;
racing,killCuboid,4,1,8,-66,2012.5,-10000,0,0,0,0;
racing,killCuboid,4,1,8,-66,1977.5,-10000,0,0,0,0;
custom,cuboid,stone5,1,4,10,1,0.5,0.5,0.5,1,1,-45,1965,-10000,0,0,0,0;
custom,cuboid,stone5,1,1,10,1,0.5,0.5,0.5,1,1,-45,2010,-10000,0,0,0,0;
custom,cuboid,stone5,1,2,2,1,0.5,0.5,0.5,1,1,-45,1995,-9960,0,0,0,0;
custom,cuboid,stone5,1,2,2,1,0.5,0.5,0.5,1,1,-45,1995,-10040,0,0,0,0;
custom,cuboid,metal2,4,3,1,0,1,1,1,1,1,66,1995,-10040,0,0,0,0;
custom,cuboid,metal2,4,3,1,0,1,1,1,1,1,66,1995,-9960,0,0,0,0;
custom,cuboid,metal2,4,1,8,0,1,1,1,1,1,66,2015,-10000,0,0,0,0;
custom,cuboid,metal2,4,1,8,0,1,1,1,1,1,66,1975,-10000,0,0,0,0;
racing,killCuboid,4,3,1,66,1995,-10037.5,0,0,0,0;
racing,killCuboid,4,3,1,66,1995,-9962.5,0,0,0,0;
racing,killCuboid,4,1,8,66,2012.5,-10000,0,0,0,0;
racing,killCuboid,4,1,8,66,1977.5,-10000,0,0,0,0;
custom,cuboid,stone5,1,4,10,1,0.5,0.5,0.5,1,1,45,1965,-10000,0,0,0,0;
custom,cuboid,stone5,1,1,10,1,0.5,0.5,0.5,1,1,45,2010,-10000,0,0,0,0;
custom,cuboid,stone5,1,2,2,1,0.5,0.5,0.5,1,1,45,1995,-9960,0,0,0,0;
custom,cuboid,stone5,1,2,2,1,0.5,0.5,0.5,1,1,45,1995,-10040,0,0,0,0;
custom,cuboid,stone5,67,1,37,1,0.3,0.3,0.3,1,1,0,2018,-10125,0,0,0,0;
custom,leaf0,stone5,1.2025,1,0.4,1,0.5,0.5,0.5,1,1,40,1995,-10000,-0.5,0.5,0.5,0.5;
custom,leaf0,stone5,1.2025,1,0.4,1,0.5,0.5,0.5,1,1,-40,1995,-10000,-0.5,-0.5,-0.5,0.5;
custom,plane,stone5,3.8,1,12,1,0.5,0.5,0.5,1,1,69,1955,-10050,0.707,0,0,-0.707;
custom,plane,stone5,3.8,1,12,1,0.5,0.5,0.5,1,1,-69,1955,-10050,0.707,0,0,-0.707;
custom,plane,stone5,10,1,5,1,0.5,0.5,0.5,1,1,0,1920,-10050,0.707,0,0,-0.707;
custom,cuboid,stone5,10,1,1,1,0.5,0.5,0.5,1,0.2,0,2011.318,-10043.101,-0.5821233,0,0,0.8131005;
custom,cuboid,stone5,11,1,30,1,0.5,0.5,0.5,1,1,0,1910,-10190,0,0,0,0;
custom,cuboid,stone5,1,10,30,1,0.5,0.5,0.5,1,1,60,1960,-10190,0,0,0,0;
custom,cuboid,stone5,1,10,30,1,0.5,0.5,0.5,1,1,-60,1960,-10190,0,0,0,0;
custom,cuboid,stone5,11,1,30,1,0.5,0.5,0.5,1,1,0,2010,-10190,0,0,0,0;
custom,cuboid,stone5,11,1,30,1,0.5,0.5,0.5,1,1,0,1910,-10490,0,0,0,0;
custom,cuboid,stone5,1,10,30,1,0.5,0.5,0.5,1,1,60,1960,-10490,0,0,0,0;
custom,cuboid,stone5,1,10,30,1,0.5,0.5,0.5,1,1,-60,1960,-10490,0,0,0,0;
custom,cuboid,stone5,11,1,30,1,0.5,0.5,0.5,1,1,0,2010,-10490,0,0,0,0;
custom,cuboid,stone5,11,1,30,1,0.5,0.5,0.5,1,1,0,1910,-10790,0,0,0,0;
custom,cuboid,stone5,1,10,30,1,0.5,0.5,0.5,1,1,60,1960,-10790,0,0,0,0;
custom,cuboid,stone5,1,10,30,1,0.5,0.5,0.5,1,1,-60,1960,-10790,0,0,0,0;
custom,cuboid,stone5,11,1,30,1,0.5,0.5,0.5,1,1,0,2010,-10790,0,0,0,0;
custom,cuboid,stone5,11,1,30,1,0.5,0.5,0.5,1,1,0,1920,-11090,0,0,0,0;
custom,cuboid,stone5,1,10,30,1,0.5,0.5,0.5,1,1,50,1960,-11090,0,0,0,0;
custom,cuboid,stone5,1,10,30,1,0.5,0.5,0.5,1,1,-50,1960,-11090,0,0,0,0;
custom,cuboid,stone5,11,1,30,1,0.5,0.5,0.5,1,1,0,2000,-11090,0,0,0,0;
custom,cuboid,stone5,12,1,1.3,1,0.5,0.5,0.5,1,0.2,0,2002.8,-10942.6359,-0.5821233,0,0,0.8131005;
custom,cuboid,stone5,12,1,1.3,1,0.5,0.5,0.5,1,0.2,0,1917.239,-10942.6359,0.5821233,0,0,0.8131005;
custom,cuboid,stone5,1.3,12,1,1,0.5,0.5,0.5,0.2,1,52.72852,1967.25,-10942.6359,0,0.9869056,0,0.1612992;
custom,cuboid,stone5,1.3,12,1,1,0.5,0.5,0.5,0.2,1,-52.72852,1967.25,-10942.6359,0,-0.9869056,0,0.1612992;
custom,cuboid,stone5,11,1,30,1,0.5,0.5,0.5,1,1,0,1920,-11390,0,0,0,0;
custom,cuboid,stone5,1,10,30,1,0.5,0.5,0.5,1,1,50,1960,-11390,0,0,0,0;
custom,cuboid,stone5,1,10,30,1,0.5,0.5,0.5,1,1,-50,1960,-11390,0,0,0,0;
custom,cuboid,stone5,11,1,30,1,0.5,0.5,0.5,1,1,0,2000,-11390,0,0,0,0;
custom,cuboid,stone5,11,1,30,1,0.5,0.5,0.5,1,1,0,1930,-11690,0,0,0,0;
custom,cuboid,stone5,1,10,30,1,0.5,0.5,0.5,1,1,40,1960,-11690,0,0,0,0;
custom,cuboid,stone5,1,10,30,1,0.5,0.5,0.5,1,1,-40,1960,-11690,0,0,0,0;
custom,cuboid,stone5,11,1,30,1,0.5,0.5,0.5,1,1,0,1990,-11690,0,0,0,0;
custom,cuboid,stone5,12,1,1.3,1,0.5,0.5,0.5,1,0.2,0,1992.8,-11542.6359,-0.5821233,0,0,0.8131005;
custom,cuboid,stone5,12,1,1.3,1,0.5,0.5,0.5,1,0.2,0,1927.239,-11542.6359,0.5821233,0,0,0.8131005;
custom,cuboid,stone5,1.3,12,1,1,0.5,0.5,0.5,0.2,1,42.72852,1967.25,-11542.6359,0,0.9869056,0,0.1612992;
custom,cuboid,stone5,1.3,12,1,1,0.5,0.5,0.5,0.2,1,-42.72852,1967.25,-11542.6359,0,-0.9869056,0,0.1612992;
custom,cuboid,stone5,11,1,30,1,0.5,0.5,0.5,1,1,0,1930,-11990,0,0,0,0;
custom,cuboid,stone5,1,10,30,1,0.5,0.5,0.5,1,1,40,1960,-11990,0,0,0,0;
custom,cuboid,stone5,1,10,30,1,0.5,0.5,0.5,1,1,-40,1960,-11990,0,0,0,0;
custom,cuboid,stone5,11,1,30,1,0.5,0.5,0.5,1,1,0,1990,-11990,0,0,0,0;
custom,cuboid,stone5,11,1,30,1,0.5,0.5,0.5,1,1,0,1930,-12290,0,0,0,0;
custom,cuboid,stone5,1,10,30,1,0.5,0.5,0.5,1,1,40,1960,-12290,0,0,0,0;
custom,cuboid,stone5,1,10,30,1,0.5,0.5,0.5,1,1,-40,1960,-12290,0,0,0,0;
custom,cuboid,stone5,11,1,30,1,0.5,0.5,0.5,1,1,0,1990,-12290,0,0,0,0;
custom,cuboid,stone5,11,1,30,1,0.5,0.5,0.5,1,1,0,1930,-12590,0,0,0,0;
custom,cuboid,stone5,1,10,30,1,0.5,0.5,0.5,1,1,40,1960,-12590,0,0,0,0;
custom,cuboid,stone5,1,10,30,1,0.5,0.5,0.5,1,1,-40,1960,-12590,0,0,0,0;
custom,cuboid,stone5,11,1,30,1,0.5,0.5,0.5,1,1,0,1990,-12590,0,0,0,0;
custom,cuboid,stone5,11,1,5,1,0.5,0.5,0.5,1,1,0,1940,-12765,0,0,0,0;
custom,cuboid,stone5,1,3,5,1,0.5,0.5,0.5,1,1,30,1960,-12765,0,0,0,0;
custom,cuboid,stone5,1,3,5,1,0.5,0.5,0.5,1,1,-30,1960,-12765,0,0,0,0;
custom,cuboid,stone5,11,1,5,1,0.5,0.5,0.5,1,1,0,1980,-12765,0,0,0,0;
custom,cuboid,stone5,12,1,1.3,1,0.5,0.5,0.5,1,0.2,0,1982.8,-12742.6359,-0.5821233,0,0,0.8131005;
custom,cuboid,stone5,12,1,1.3,1,0.5,0.5,0.5,1,0.2,0,1937.239,-12742.6359,0.5821233,0,0,0.8131005;
custom,cuboid,stone5,1.3,12,1,1,0.5,0.5,0.5,0.2,1,32.72852,1967.25,-12742.6359,0,0.9869056,0,0.1612992;
custom,cuboid,stone5,1.3,12,1,1,0.5,0.5,0.5,0.2,1,-32.72852,1967.25,-12742.6359,0,-0.9869056,0,0.1612992;
custom,cuboid,metal2,11,1,30,1,0.5,0.5,0.5,1,1,0,1930,-12940,0,0,0,0;
custom,cuboid,metal2,1,10,30,1,0.5,0.5,0.5,1,1,40,1960,-12940,0,0,0,0;
custom,cuboid,metal2,1,10,30,1,0.5,0.5,0.5,1,1,-40,1960,-12940,0,0,0,0;
custom,cuboid,metal2,11,1,30,1,0.5,0.5,0.5,1,1,0,1990,-12940,0,0,0,0;
racing,killCuboid,11,1,30,0,1931,-12940,0,0,0,0;
racing,killCuboid,1,10,30,39,1960,-12940,0,0,0,0;
racing,killCuboid,1,10,30,-39,1960,-12940,0,0,0,0;
racing,killCuboid,11,1,30,0,1989,-12940,0,0,0,0;
custom,cuboid,metal2,11,1,30,1,0.5,0.5,0.5,1,1,0,1930,-13240,0,0,0,0;
custom,cuboid,metal2,1,10,30,1,0.5,0.5,0.5,1,1,40,1960,-13240,0,0,0,0;
custom,cuboid,metal2,1,10,30,1,0.5,0.5,0.5,1,1,-40,1960,-13240,0,0,0,0;
custom,cuboid,metal2,11,1,30,1,0.5,0.5,0.5,1,1,0,1990,-13240,0,0,0,0;
racing,killCuboid,11,1,30,0,1931,-13240,0,0,0,0;
racing,killCuboid,1,10,30,39,1960,-13240,0,0,0,0;
racing,killCuboid,1,10,30,-39,1960,-13240,0,0,0,0;
racing,killCuboid,11,1,30,0,1989,-13240,0,0,0,0;
custom,cuboid,metal2,11,1,30,1,0.5,0.5,0.5,1,1,0,1930,-13540,0,0,0,0;
custom,cuboid,metal2,1,10,30,1,0.5,0.5,0.5,1,1,40,1960,-13540,0,0,0,0;
custom,cuboid,metal2,1,10,30,1,0.5,0.5,0.5,1,1,-40,1960,-13540,0,0,0,0;
custom,cuboid,metal2,11,1,30,1,0.5,0.5,0.5,1,1,0,1990,-13540,0,0,0,0;
racing,killCuboid,11,1,30,0,1931,-13540,0,0,0,0;
racing,killCuboid,1,10,30,39,1960,-13540,0,0,0,0;
racing,killCuboid,1,10,30,-39,1960,-13540,0,0,0,0;
racing,killCuboid,11,1,30,0,1989,-13540,0,0,0,0;
custom,cuboid,stone5,11,1,30,1,0.5,0.5,0.5,1,1,0,1940,-13840,0,0,0,0;
custom,cuboid,stone5,1,3,30,1,0.5,0.5,0.5,1,1,30,1960,-13840,0,0,0,0;
custom,cuboid,stone5,1,3,30,1,0.5,0.5,0.5,1,1,-30,1960,-13840,0,0,0,0;
custom,cuboid,stone5,11,1,30,1,0.5,0.5,0.5,1,1,0,1980,-13840,0,0,0,0;
custom,cuboid,stone5,11,1,30,1,0.5,0.5,0.5,1,1,0,1950,-14140,0,0,0,0;
custom,cuboid,stone5,1,1,30,1,0.5,0.5,0.5,1,0.2,20,1960,-14140,0,0,0,0;
custom,cuboid,stone5,1,1,30,1,0.5,0.5,0.5,1,0.2,-20,1960,-14140,0,0,0,0;
custom,cuboid,stone5,11,1,30,1,0.5,0.5,0.5,1,1,0,1970,-14140,0,0,0,0;
custom,cuboid,stone5,12,1,1.3,1,0.5,0.5,0.5,1,0.2,0,1982.8,-13692.6359,-0.5821233,0,0,0.8131005;
custom,cuboid,stone5,12,1,1.3,1,0.5,0.5,0.5,1,0.2,0,1937.239,-13692.6359,0.5821233,0,0,0.8131005;
custom,cuboid,stone5,1.3,12,1,1,0.5,0.5,0.5,0.2,1,32.72852,1967.25,-13692.6359,0,0.9869056,0,0.1612992;
custom,cuboid,stone5,1.3,12,1,1,0.5,0.5,0.5,0.2,1,-32.72852,1967.25,-13692.6359,0,-0.9869056,0,0.1612992;
custom,cuboid,stone5,12,1,1.3,1,0.5,0.5,0.5,1,0.2,0,1972.8,-13992.6359,-0.5821233,0,0,0.8131005;
custom,cuboid,stone5,12,1,1.3,1,0.5,0.5,0.5,1,0.2,0,1947.239,-13992.6359,0.5821233,0,0,0.8131005;
custom,cuboid,stone5,1.3,12,1,1,0.5,0.5,0.5,0.2,1,22.72852,1967.25,-13992.6359,0,0.9869056,0,0.1612992;
custom,cuboid,stone5,1.3,12,1,1,0.5,0.5,0.5,0.2,1,-22.72852,1967.25,-13992.6359,0,-0.9869056,0,0.1612992;
custom,cuboid,stone5,11,1,30,1,0.5,0.5,0.5,1,1,0,1940,-14440,0,0,0,0;
custom,cuboid,stone5,1,3,30,1,0.5,0.5,0.5,1,1,30,1960,-14440,0,0,0,0;
custom,cuboid,stone5,1,3,30,1,0.5,0.5,0.5,1,1,-30,1960,-14440,0,0,0,0;
custom,cuboid,stone5,11,1,30,1,0.5,0.5,0.5,1,1,0,1980,-14440,0,0,0,0;
custom,cuboid,stone5,11,1,30,1,0.5,0.5,0.5,1,1,0,1930,-14740,0,0,0,0;
custom,cuboid,stone5,1,5,30,1,0.5,0.5,0.5,1,1,40,1960,-14740,0,0,0,0;
custom,cuboid,stone5,1,5,30,1,0.5,0.5,0.5,1,1,-40,1960,-14740,0,0,0,0;
custom,cuboid,stone5,11,1,30,1,0.5,0.5,0.5,1,1,0,1990,-14740,0,0,0,0;
racing,checkpointCuboid,1.5,0.75,1.5,0,1949,-14550,0,0,0,0;
spawnpoint,playerC,2.660576,1719.511,-10012.56,0,0.03068961,0,0.9995289;
custom,leaf0,stone5,1.5,0.75,1.5,1,0.5,0.5,0.5,1,1,0,1949,-14500,0.707,0,0,-0.707;
custom,cuboid,stone5,11,1,30,1,0.5,0.5,0.5,1,1,0,1920,-15040,0,0,0,0;
custom,cuboid,stone5,1,22,30,1,0.5,0.5,0.5,1,1,50,2035,-15040,0,0,0,0;
custom,cuboid,stone5,1,22,30,1,0.5,0.5,0.5,1,1,-50,2035,-15040,0,0,0,0;
custom,cuboid,stone5,11,1,30,1,0.5,0.5,0.5,1,1,0,2150,-15040,0,0,0,0;
custom,cuboid,stone5,11,8,1,1,0.5,0.5,0.5,1,1,0,2025,-14890,0,0,0,0;
custom,cuboid,stone5,11,22,1,1,0.5,0.5,0.5,1,1,0,2035,-15195,0,0,0,0;
racing,killCuboid,11,22,1,0,2035,-15190,0,0,0,0;
racing,killCuboid,11,1,30,0,2145,-15040,0,0,0,0;
racing,killCuboid,11,1,30,0,1925,-15040,0,0,0,0;
racing,killCuboid,11,1,22.5,0,1990,-15002.5,0,0,0,0;
racing,killCuboid,1,22,30,45,2035,-15040,0,0,0,0;
racing,killCuboid,1,22,30,-45,2035,-15040,0,0,0,0;
racing,killCuboid,11,1,15,0,2026.274,-15046.69,-0.2453075,0,0,0.9694453;
racing,killCuboid,11,1,9.5,0,2061.435,-14937.65,0,0,0,1;
custom,cuboid,stone5,11,0.3,3,0,1,1,1,1,0.2,0,1970,-10400,0,0,0,0;
custom,cuboid,stone5,11,0.3,3,0,1,1,1,1,0.2,0,1950,-10400,0,0,0,0;
racing,killCuboid,11,8,2.5,0,2010,-10400,0,0,0,0;
racing,killCuboid,11,8,2.5,0,1910,-10400,0,0,0,0;
custom,cuboid,stone5,11,0.3,3,0,1,1,1,1,0.2,0,1950,-10600,0,0,0,0;
custom,cuboid,stone5,11,0.3,3,0,1,1,1,1,0.2,0,1930,-10600,0,0,0,0;
racing,killCuboid,11,8,2.5,0,1990,-10600,0,0,0,0;
racing,killCuboid,11,8,2.5,0,1890,-10600,0,0,0,0;
custom,cuboid,stone5,11,0.3,3,0,1,1,1,1,0.2,0,1970,-11000,0,0,0,0;
custom,cuboid,stone5,11,0.3,3,0,1,1,1,1,0.2,0,1950,-11000,0,0,0,0;
racing,killCuboid,11,8,2.5,0,2010,-11000,0,0,0,0;
racing,killCuboid,11,8,2.5,0,1910,-11000,0,0,0,0;
custom,cuboid,stone5,11,0.3,2.8,0,1,1,1,1,0.2,20,1960,-11000,0,0,-0.7071068,0.7071068;
custom,cuboid,stone5,11,0.3,2.8,0,1,1,1,1,0.2,-20,1960,-11000,0,0,-0.7071068,0.7071068;
racing,killCuboid,11,8,2.5,60,1960,-11000,0,0,-0.7071068,0.7071068;
racing,killCuboid,11,8,2.5,-60,1960,-11000,0,0,-0.7071068,0.7071068;
custom,cuboid,stone5,13,0.3,3,0,1,1,1,1,0.2,5,1978.660254,-11250,0,0,-0.258819,0.9659258;
custom,cuboid,stone5,13,0.3,3,0,1,1,1,1,0.2,-5,1961.339746,-11250,0,0,-0.258819,0.9659258;
racing,killCuboid,13,8,2.5,25,2013.3012702,-11250,0,0,-0.258819,0.9659258;
racing,killCuboid,13,8,2.5,-25,1926.6987298,-11250,0,0,-0.258819,0.9659258;
custom,cuboid,stone5,11,0.3,3,0,1,1,1,1,0.2,7.0710678,1962.0710678,-11500,0,0,-0.3826834,0.9238795;
custom,cuboid,stone5,11,0.3,3,0,1,1,1,1,0.2,-7.0710678,1947.9289322,-11500,0,0,-0.3826834,0.9238795;
racing,killCuboid,11,8,2.5,35.3553391,1990.3553391,-11500,0,0,-0.3826834,0.9238795;
racing,killCuboid,11,8,2.5,-35.3553391,1919.6446609,-11500,0,0,-0.3826834,0.9238795;
custom,cuboid,stone5,11,0.3,3,0,1,1,1,1,0.2,-7.0710678,1962.0710678,-11700,0,0,0.3826834,0.9238795;
custom,cuboid,stone5,11,0.3,3,0,1,1,1,1,0.2,7.0710678,1947.9289322,-11700,0,0,0.3826834,0.9238795;
racing,killCuboid,11,8,2.5,-35.3553391,1990.3553391,-11700,0,0,0.3826834,0.9238795;
racing,killCuboid,11,8,2.5,35.3553391,1919.6446609,-11700,0,0,0.3826834,0.9238795;
custom,cuboid,stone5,11,0.3,3,0,1,1,1,1,0.2,-5,1978.660254,-11950,0,0,0.258819,0.9659258;
custom,cuboid,stone5,11,0.3,3,0,1,1,1,1,0.2,5,1961.339746,-11950,0,0,0.258819,0.9659258;
racing,killCuboid,11,8,2.5,-25,2013.3012702,-11950,0,0,0.258819,0.9659258;
racing,killCuboid,11,8,2.5,25,1926.6987298,-11950,0,0,0.258819,0.9659258;
custom,cuboid,metal2,11,0.3,2.7,0,1,1,1,1,0.048,9,1960,-12850,0,0,-0.7071068,0.7071068;
custom,cuboid,metal2,11,0.3,2.7,0,1,1,1,1,0.048,-9,1960,-12850,0,0,-0.7071068,0.7071068;
racing,killCuboid,11,8,2.5,50,1960,-12850,0,0,-0.7071068,0.7071068;
racing,killCuboid,11,8,2.5,-50,1960,-12850,0,0,-0.7071068,0.7071068;
custom,cuboid,metal2,11,0.3,2.8,0,1,1,1,1,0.048,0,1951,-12850,0,0,-1,0;
custom,cuboid,metal2,11,0.3,2.8,0,1,1,1,1,0.048,0,1969,-12850,0,0,-1,0;
racing,killCuboid,11,8,2.5,0,1910,-12850,0,0,-1,0;
racing,killCuboid,11,8,2.5,0,2010,-12850,0,0,-1,0;
custom,cylinder,metal2,1,5.5,3,0,1,1,1,0.5,1,-5,1960,-13050,0,0,0,0;
racing,killCuboid,11,8,2.5,35,1951,-13050,0,0,-0.7071068,0.7071068;
custom,cuboid,metal2,3,0.2,1,0,1,1,1,0.25,0.25,-20,1955,-13047.5,0,1,0,0;
racing,killCuboid,3,4,0.8,-20,1975,-13047.5,0,1,0,0;
custom,cuboid,metal2,11,0.3,2.7,0,1,1,1,1,0.048,9,1960,-13240,0,0,-0.7071068,0.7071068;
custom,cuboid,metal2,11,0.3,2.7,0,1,1,1,1,0.048,-9,1960,-13240,0,0,-0.7071068,0.7071068;
racing,killCuboid,11,8,2.5,50,1960,-13240,0,0,-0.7071068,0.7071068;
racing,killCuboid,11,8,2.5,-50,1960,-13240,0,0,-0.7071068,0.7071068;
custom,cuboid,metal2,11,0.3,2.8,0,1,1,1,1,0.048,0,1951,-13240,0,0,-1,0;
custom,cuboid,metal2,11,0.3,2.8,0,1,1,1,1,0.048,0,1969,-13240,0,0,-1,0;
racing,killCuboid,11,8,2.5,0,1910,-13240,0,0,-1,0;
racing,killCuboid,11,8,2.5,0,2010,-13240,0,0,-1,0;
custom,cylinder,metal2,1,5.5,3,0,1,1,1,0.5,1,5,1960,-13430,0,0,0,0;
racing,killCuboid,11,8,2.5,-35,1951,-13430,0,0,-0.7071068,0.7071068;
custom,cuboid,metal2,3,0.2,1,0,1,1,1,0.25,0.25,20,1965,-13430,0,1,0,0;
racing,killCuboid,3,4,0.8,20,1945,-13430,0,1,0,0;
custom,cuboid,metal2,11,0.3,2.7,0,1,1,1,1,0.048,9,1960,-13630,0,0,-0.7071068,0.7071068;
custom,cuboid,metal2,11,0.3,2.7,0,1,1,1,1,0.048,-9,1960,-13630,0,0,-0.7071068,0.7071068;
racing,killCuboid,11,8,2.5,50,1960,-13630,0,0,-0.7071068,0.7071068;
racing,killCuboid,11,8,2.5,-50,1960,-13630,0,0,-0.7071068,0.7071068;
custom,cuboid,metal2,11,0.3,2.8,0,1,1,1,1,0.048,0,1951,-13630,0,0,-1,0;
custom,cuboid,metal2,11,0.3,2.8,0,1,1,1,1,0.048,0,1969,-13630,0,0,-1,0;
racing,killCuboid,11,8,2.5,0,1910,-13630,0,0,-1,0;
racing,killCuboid,11,8,2.5,0,2010,-13630,0,0,-1,0;
custom,cuboid,stone5,100,1,20000,0,1,1,1,1,0.2,0,950,-11000,0,0,0,0;
custom,cuboid,stone5,55,3.5,150,1,0.5,0.5,0.5,5,5,0,2162.5,-14140,0,0,0,0;
custom,cuboid,stone5,55,1,150,1,0.5,0.5,0.5,5,5,0,2060,-14140,0,0,0,0;
racing,killCuboid,55,1,150,0,2065,-14140,0,0,0,0;
custom,cuboid,stone5,1,10,30,1,0.5,0.5,0.5,1,1,50,2105,-14740,0,0,0,0;
custom,cuboid,stone5,1,10,30,1,0.5,0.5,0.5,1,1,-50,2105,-14740,0,0,0,0;
custom,cuboid,stone5,1,3,30,1,0.5,0.5,0.5,1,0.3,50,2070,-14440,0,0,0,0;
custom,cuboid,stone5,1,3,30,1,0.5,0.5,0.5,1,0.3,-50,2070,-14440,0,0,0,0;
custom,cuboid,stone5,1,3,30,1,0.5,0.5,0.5,1,0.3,50,2140,-14440,0,0,0,0;
custom,cuboid,stone5,1,3,30,1,0.5,0.5,0.5,1,0.3,-50,2140,-14440,0,0,0,0;
custom,cuboid,stone5,1,3,30,1,0.5,0.5,0.5,1,0.3,50,2070,-14140,0,0,0,0;
custom,cuboid,stone5,1,3,30,1,0.5,0.5,0.5,1,0.3,-50,2070,-14140,0,0,0,0;
custom,cuboid,stone5,1,3,30,1,0.5,0.5,0.5,1,0.3,50,2140,-14140,0,0,0,0;
custom,cuboid,stone5,1,3,30,1,0.5,0.5,0.5,1,0.3,-50,2140,-14140,0,0,0,0;
custom,cuboid,stone5,1,10,30,1,0.5,0.5,0.5,1,1,50,2105,-13840,0,0,0,0;
custom,cuboid,stone5,1,10,30,1,0.5,0.5,0.5,1,1,-50,2105,-13840,0,0,0,0;
custom,cuboid,stone5,1,10,30,1,0.5,0.5,0.5,1,1,160,2105,-13540,0,0,0,0;
custom,cuboid,stone5,1,10,30,1,0.5,0.5,0.5,1,1,160,2105,-14440,0,0,0,0;
custom,cuboid,stone5,1,3.5,60,1,0.5,0.5,0.5,1,0.3,160,2072.5,-13990,0,0,0,0;
custom,cuboid,stone5,1,3.5,60,1,0.5,0.5,0.5,1,0.3,160,2137.5,-13990,0,0,0,0;
custom,cuboid,stone5,1,10,150,1,0.5,0.5,0.5,5,1,270,2105,-14140,0,0,0,0;
custom,cuboid,stone5,22,10,1,1,0.5,0.5,0.5,1.5,1,160,2105,-14790,0,0,0,0;
custom,cuboid,stone5,54,15,1,1,0.5,0.5,0.5,1.5,1,0,2240,-14885,0,0,0,0;
custom,cuboid,stone5,32,10,1,1,0.5,0.5,0.5,1.5,1,0,2105,-13395,0,0,0,0;
custom,cuboid,stone5,11,1,30,1,0.5,0.5,0.5,1,1,220,2060,-13240,0,1,0,0;
custom,cuboid,stone5,1,22,30,1,0.5,0.5,0.5,1,1,160,2175,-13240,0,1,0,0;
custom,cuboid,stone5,1,22,30,1,0.5,0.5,0.5,1,1,270,2175,-13240,0,1,0,0;
custom,cuboid,stone5,11,1,30,1,0.5,0.5,0.5,1,1,220,2290,-13240,0,1,0,0;
custom,cuboid,stone5,11,8,1,1,0.5,0.5,0.5,1,1,220,2165,-13390,0,1,0,0;
custom,cuboid,stone5,11,22,1,1,0.5,0.5,0.5,1,1,220,2175,-13085,0,1,0,0;
racing,killCuboid,11,22,1,220,2175,-13090,0,1,0,0;
racing,killCuboid,11,1,31,220,2286,-13240,0,1,0,0;
racing,killCuboid,11,1,30,220,2065,-13240,0,1,0,0;
racing,killCuboid,11,1.75,24,220,2131.25,-13282.5,0,1,0,0;
racing,killCuboid,1,22,30,165,2175,-13240,0,1,0,0;
racing,killCuboid,1,22,30,265,2175,-13240,0,1,0,0;
racing,killCuboid,11,1,15,220,2166.274,-13233.31,0,0.9694453,0.2453075,0;
racing,killCuboid,11,1,9.5,220,2201.435,-13342.35,0,1,0,0;
custom,cuboid,stone5,1,15,150,1,0.5,0.5,0.5,5,1.5,270,2240,-14140,0,0,0,0;
custom,cuboid,stone5,1,16,122,1,0.5,0.5,0.5,4,1.5,160,2240,-14000,0,0,0,0;
racing,killCuboid,2,15,151,270,2240,-14140,0,0,0,0;
racing,killCuboid,2,16,140,160,2240,-14090,0,0,0,0;
custom,cuboid,stone5,10,1,20,1,0.5,0.5,0.5,1,1.5,215,2220,-13690,0,0,0,0;
custom,cuboid,stone5,10,1,20.5,1,0.5,0.5,0.5,1,1.5,215,2210,-13488.5,0.04884977,0,0,0.9988062;
custom,cuboid,stone5,10,1,20.5,1,0.5,0.5,0.5,1,1.5,215,2210,-13891.5,0.04884977,0,0,-0.9988062;
custom,cuboid,stone5,10,1,20.5,1,0.5,0.5,0.5,1,1.5,215,2190,-14095.5,0.04884977,0,0,-0.9988062;
custom,cuboid,stone5,10,1,20,1,0.5,0.5,0.5,1,1.5,215,2180,-14297,0,0,0,0;
custom,cuboid,stone5,10,1,20.5,1,0.5,0.5,0.5,1,1.5,215,2190,-14498.5,0.04884977,0,0,0.9988062;
racing,killCuboid,10,2,20,215,2220,-13690,0,0,0,0;
racing,killCuboid,10,2,20.5,215,2210,-13488.5,0.04884977,0,0,0.9988062;
racing,killCuboid,10,2,20.5,215,2210,-13891.5,0.04884977,0,0,-0.9988062;
racing,killCuboid,10,2,20.5,215,2190,-14095.5,0.04884977,0,0,-0.9988062;
racing,killCuboid,10,2,20,215,2180,-14297,0,0,0,0;
racing,killCuboid,10,2,20.5,215,2190,-14498.5,0.04884977,0,0,0.9988062;
custom,cuboid,stone5,11,1,30,1,0.5,0.5,0.5,1,1,-220,2060,-13240,0,1,0,0;
custom,cuboid,stone5,1,22,30,1,0.5,0.5,0.5,1,1,-160,2175,-13240,0,1,0,0;
custom,cuboid,stone5,1,22,30,1,0.5,0.5,0.5,1,1,-270,2175,-13240,0,1,0,0;
custom,cuboid,stone5,11,1,30,1,0.5,0.5,0.5,1,1,-220,2290,-13240,0,1,0,0;
custom,cuboid,stone5,11,8,1,1,0.5,0.5,0.5,1,1,-220,2165,-13390,0,1,0,0;
custom,cuboid,stone5,11,22,1,1,0.5,0.5,0.5,1,1,-220,2175,-13085,0,1,0,0;
racing,killCuboid,11,22,1,-220,2175,-13090,0,1,0,0;
racing,killCuboid,11,1,31,-220,2286,-13240,0,1,0,0;
racing,killCuboid,11,1,30,-220,2065,-13240,0,1,0,0;
racing,killCuboid,11,1.75,24,-220,2131.25,-13282.5,0,1,0,0;
racing,killCuboid,1,22,30,-165,2175,-13240,0,1,0,0;
racing,killCuboid,1,22,30,-265,2175,-13240,0,1,0,0;
racing,killCuboid,11,1,15,-220,2166.274,-13233.31,0,0.9694453,0.2453075,0;
racing,killCuboid,11,1,9.5,-220,2201.435,-13342.35,0,1,0,0;
custom,cuboid,stone5,10,1,20,1,0.5,0.5,0.5,1,1.5,-215,2320,-13690,0,0,0,0;
custom,cuboid,stone5,10,1,20.5,1,0.5,0.5,0.5,1,1.5,-215,2310,-13488.5,0.04884977,0,0,0.9988062;
custom,cuboid,stone5,10,1,20.5,1,0.5,0.5,0.5,1,1.5,-215,2310,-13891.5,0.04884977,0,0,-0.9988062;
custom,cuboid,stone5,10,1,20.5,1,0.5,0.5,0.5,1,1.5,-215,2290,-14095.5,0.04884977,0,0,-0.9988062;
custom,cuboid,stone5,10,1,20,1,0.5,0.5,0.5,1,1.5,-215,2280,-14297,0,0,0,0;
custom,cuboid,stone5,10,1,20.5,1,0.5,0.5,0.5,1,1.5,-215,2290,-14498.5,0.04884977,0,0,0.9988062;
racing,killCuboid,10,2,20,-215,2320,-13690,0,0,0,0;
racing,killCuboid,10,2,20.5,-215,2310,-13488.5,0.04884977,0,0,0.9988062;
racing,killCuboid,10,2,20.5,-215,2310,-13891.5,0.04884977,0,0,-0.9988062;
racing,killCuboid,10,2,20.5,-215,2290,-14095.5,0.04884977,0,0,-0.9988062;
racing,killCuboid,10,2,20,-215,2280,-14297,0,0,0,0;
racing,killCuboid,10,2,20.5,-215,2290,-14498.5,0.04884977,0,0,0.9988062;
custom,cuboid,stone5,1,15,150,1,0.5,0.5,0.5,5,1.5,-270,2240,-14140,0,0,0,0;
custom,cuboid,stone5,1,16,122,1,0.5,0.5,0.5,4,1.5,-160,2240,-14000,0,0,0,0;
racing,killCuboid,2,15,151,-270,2240,-14140,0,0,0,0;
racing,killCuboid,2,16,140,-160,2240,-14090,0,0,0,0;
custom,cuboid,stone5,10,1,20,1,0.5,0.5,0.5,1,1.5,-215,2220,-13690,0,0,0,0;
custom,cuboid,stone5,10,1,20.5,1,0.5,0.5,0.5,1,1.5,-215,2210,-13488.5,0.04884977,0,0,0.9988062;
custom,cuboid,stone5,10,1,20.5,1,0.5,0.5,0.5,1,1.5,-215,2210,-13891.5,0.04884977,0,0,-0.9988062;
custom,cuboid,stone5,10,1,20.5,1,0.5,0.5,0.5,1,1.5,-215,2190,-14095.5,0.04884977,0,0,-0.9988062;
custom,cuboid,stone5,10,1,20,1,0.5,0.5,0.5,1,1.5,-215,2180,-14297,0,0,0,0;
custom,cuboid,stone5,10,1,20.5,1,0.5,0.5,0.5,1,1.5,-215,2190,-14498.5,0.04884977,0,0,0.9988062;
racing,killCuboid,10,2,20,-215,2220,-13690,0,0,0,0;
racing,killCuboid,10,2,20.5,-215,2210,-13488.5,0.04884977,0,0,0.9988062;
racing,killCuboid,10,2,20.5,-215,2210,-13891.5,0.04884977,0,0,-0.9988062;
racing,killCuboid,10,2,20.5,-215,2190,-14095.5,0.04884977,0,0,-0.9988062;
racing,killCuboid,10,2,20,-215,2180,-14297,0,0,0,0;
racing,killCuboid,10,2,20.5,-215,2190,-14498.5,0.04884977,0,0,0.9988062;
custom,cuboid,stone5,10,1,20,1,0.5,0.5,0.5,1,1.5,215,2320,-13690,0,0,0,0;
custom,cuboid,stone5,10,1,20.5,1,0.5,0.5,0.5,1,1.5,215,2310,-13488.5,0.04884977,0,0,0.9988062;
custom,cuboid,stone5,10,1,20.5,1,0.5,0.5,0.5,1,1.5,215,2310,-13891.5,0.04884977,0,0,-0.9988062;
custom,cuboid,stone5,10,1,20.5,1,0.5,0.5,0.5,1,1.5,215,2290,-14095.5,0.04884977,0,0,-0.9988062;
custom,cuboid,stone5,10,1,20,1,0.5,0.5,0.5,1,1.5,215,2280,-14297,0,0,0,0;
custom,cuboid,stone5,10,1,20.5,1,0.5,0.5,0.5,1,1.5,215,2290,-14498.5,0.04884977,0,0,0.9988062;
racing,killCuboid,10,2,20,215,2320,-13690,0,0,0,0;
racing,killCuboid,10,2,20.5,215,2310,-13488.5,0.04884977,0,0,0.9988062;
racing,killCuboid,10,2,20.5,215,2310,-13891.5,0.04884977,0,0,-0.9988062;
racing,killCuboid,10,2,20.5,215,2290,-14095.5,0.04884977,0,0,-0.9988062;
racing,killCuboid,10,2,20,215,2280,-14297,0,0,0,0;
racing,killCuboid,10,2,20.5,215,2290,-14498.5,0.04884977,0,0,0.9988062;
racing,killCuboid,0.7,16,40,70,2240,-14690,0,0,0,0;
racing,killCuboid,0.7,16,40,-70,2240,-14690,0,0,0,0;
custom,cuboid,stone5,1,6,17,1,0.5,0.5,0.5,1,0.5,160,2190,-14695,0,0,0,0;
custom,cuboid,stone5,1,6,17,1,0.5,0.5,0.5,1,0.5,160,2290,-14695,0,0,0,0;
custom,cuboid,stone5,2.5,16,1.5,1,0.5,0.5,0.5,0.5,4,160,2240,-14785,0,0,0,0;
custom,cuboid,stone5,1,6,17,1,0.5,0.5,0.5,1,0.5,-160,2190,-14695,0,0,0,0;
custom,cuboid,stone5,1,6,17,1,0.5,0.5,0.5,1,0.5,-160,2290,-14695,0,0,0,0;
custom,cuboid,stone5,2.5,16,1.5,1,0.5,0.5,0.5,0.5,4,-160,2240,-14785,0,0,0,0;
custom,cuboid,stone5,1,3,38,1,0.5,0.5,0.5,2,0.3,70,2195,-14692.5,0,0,0,0;
custom,cuboid,stone5,1,3,38,1,0.5,0.5,0.5,2,0.3,70,2305,-14692.5,0,0,0,0;
custom,cuboid,stone5,1,2,38,1,0.5,0.5,0.5,2,0.2,70,2250,-14692.5,0,0,0,0;
custom,cuboid,stone5,1.5,16,1.5,1,0.5,0.5,0.5,0.5,4,70,2240,-14495,0,0,0,0;
custom,cuboid,stone5,8,8,1,1,0.5,0.5,0.5,1.5,1,115,2280,-14495,0,0,0,0;
custom,cuboid,stone5,1,3,38,1,0.5,0.5,0.5,2,0.3,-70,2195,-14692.5,0,0,0,0;
custom,cuboid,stone5,1,3,38,1,0.5,0.5,0.5,2,0.3,-70,2305,-14692.5,0,0,0,0;
custom,cuboid,stone5,1,2,38,1,0.5,0.5,0.5,2,0.2,-70,2250,-14692.5,0,0,0,0;
custom,cuboid,stone5,1.5,16,1.5,1,0.5,0.5,0.5,0.5,4,-70,2240,-14495,0,0,0,0;
custom,cuboid,stone5,8,8,1,1,0.5,0.5,0.5,1.5,1,-115,2220,-14495,0,0,0,0;
custom,cuboid,stone5,32,16,1.5,1,0.5,0.5,0.5,1.5,1,0,2240,-14295,0,0,0,0;
custom,cuboid,stone5,32,8,1.5,1,0.5,0.5,0.5,1.5,1,0,2280,-14365,0,0,0,0;
custom,cuboid,stone5,32,1,7,1,0.5,0.5,0.5,1,0.5,0,2244,-14335,0,0,0,0;
custom,cuboid,stone5,32,1,12,1,0.5,0.5,0.5,2,1,0,2250,-14430,0,0,0,0;
custom,cuboid,stone5,14,1,30,1,0.5,0.5,0.5,1,2,0,2250,-14640,0,0,0,0;

custom,cuboid,wood1,10,1,10,0,1,1,1,1.0,1.0,-217.5,2070,-13440,0,0.7071,0,0.7071;
custom,cuboid,wood1,30,10,1,0,1,1,1,1.0,1.0,-50,2115,-13540,0,0.7071,0,0.7071;
custom,cuboid,bombtex,61,5,0.9,1,0,0,0,100000.0,100000.0,-50,2105,-14290,0,0.7071,0,0.7071;
custom,cuboid,bombtex,61,5,0.9,1,0,0,0,100000.0,100000.0,50,2105,-14290,0,0.7071,0,0.7071;
custom,cuboid,bombtex,61,5,0.9,1,0,0,0,100000.0,100000.0,160,2105,-13990,0,0.7071,0,0.7071;
racing,endCuboid,10,10,2,-220,2075,-13375,0,0,0,0;

custom,cuboid,bombtex,61,5,61,1,0,0,0,100000.0,100000.0,0,2335,-14590,0,0.7071,0,0.7071;
