//its pretty obvious that this map is supposed to be unhookable, someone fix pls?;
custom,cuboid,metal1,10,3,70,0,1,1,1,1.0,1.0,-324.2485,4.832253,-245.5567,0,0.7085873,0,0.7056231;
custom,cuboid,metal1,10,20,1,0,1,1,1,1.0,1.0,-668.1545,115.0991,-243.563,0,0.706333,0,-0.7078797;
racing,startCuboid,10,20,1,-570.4484,90.60948,-244.8287,0,0.7143272,0,-0.6998119;
racing,endCuboid,10,20,1,26.99968,81.41868,-247.0375,0,0.7142858,0,0.6998542;
custom,cuboid,metal1,10,20,1,0,1,1,1,1.0,1.0,-479.4672,-1.428976,-245.1514,0.3569309,0.6054703,-0.3635097,0.6114465;
custom,cuboid,metal1,10,20,1,0,1,1,1,1.0,1.0,-287.2584,-31.41015,-245.4543,-0.2464285,0.649715,-0.2324766,-0.6805131;
racing,killCylinder,1,15,1,-368.5623,-102.4636,-249.6277,0,0.6806902,0,-0.7325714;
racing,killTorus,2,1,2,-369.1219,58.049,-248.071,0.4890587,0.5073588,0.4950917,-0.5082253;
racing,killTorus,2,1,2,-368.6405,57.39812,-228.0991,-0.5193296,0.4800289,0.4817075,0.51752;
racing,killTorus,2,1,2,-369.562,61.41619,-207.428,-0.5394429,0.4945009,0.4684794,0.4949721;
racing,killTorus,2,1,2,-368.397,57.56474,-268.5101,0.4989439,0.499909,0.4760562,-0.5239433;
racing,killTorus,2,1,2,-367.5405,55.08079,-286.6629,0.0003162308,-0.01496573,0.7053831,-0.7086682;
misc,barrier,10,1,70,-326.0079,17.68853,-246.767,0,0.7073264,0,0.7068871;
misc,barrier,10,1,8,-426.5311,29.10435,-245.7808,-0.1916564,0.6767974,0.1789453,0.6878893;
misc,barrier,10,1,8,-319.7852,20.14221,-244.9938,0.2321543,0.6457127,0.2466732,-0.6843331;
misc,barrier,10,1,5,-370.7348,45.0173,-242.5078,0.02991654,0.7068345,0.0141802,-0.7066038;
misc,barrier,1,20,70,-334.0131,84.30468,-290.7159,-0.002636399,0.7065742,-0.002791549,-0.7076286;
misc,barrier,1,20,70,-311.206,81.92757,-200.8199,0,0.7083291,0,-0.7058823;
custom,arena2,default,1,1,1,0,1,1,1,1.0,1.0,107.1837,11.23923,-240.86,0,0.4870587,0,0.8733693;
misc,barrier,10,1,70,-329.4092,165.8072,-260.3496,0,0.7074928,0,0.7067206;
spawnpoint,playerC,-640.934,38.24754,-228.6331,0,0.9998962,0,0.01441202;
spawnpoint,playerM,-641.0225,35.94298,-248.2797,0,0.7135705,0,-0.7005834;
custom,cuboid,default,10,3,4,1,1,0,0,1.0,1.0,-643.3949,19.64165,-238.3801,0,0.705586,0,-0.7086243;