map,disablebounds;
spawnpoint,playerC,-2520,3012,-1335,0,-0.7071068,0,0.7071068;
spawnpoint,playerm,-2510,3012,-1335,0,-0.7071068,0,0.7071068;
misc,barrier,120,1,120,-2385,3062,-1885,0,-0.7071068,0,0.7071068;

custom,cuboid,stone4,120,0.5,120,0,0,0.3,0.8,12,12,-2215,3005,-1885,0,-0.7071068,0,0.7071068;
racing,killcuboid,120.1,0.6,120.1,-2215,3005,-1885,0,-0.7071068,0,0.7071068;

custom,cuboid,stone4,7,0.5,7,0,0,0,0,0.7,0.7,-2515,3007,-1335,0,-0.7071068,0,0.7071068;

custom,cuboid,metal3,75,5,1,0,0,0,0,7.5,0.5,-2550,3032,-1735,0,-0.7071068,0,0.7071068;
custom,cuboid,metal3,75,5,1,0,0,0,0,7.5,0.5,-2480,3032,-1735,0,-0.7071068,0,0.7071068;


custom,cuboid,metal3,7,5,1,0,0,0,0,0.7,0.5,-2550,3032,-1325,0,-0.7071068,0,0.7071068;
custom,cuboid,metal3,7,5,1,0,0,0,0,0.7,0.5,-2480,3032,-1325,0,-0.7071068,0,0.7071068;
custom,cuboid,metal3,1,5,7,0,0,0,0,0.7,0.5,-2515,3032,-1290,0,-0.7071068,0,0.7071068;
custom,cylinder,stone4,1,3.5,1,0,0,0,0,0.1,0.35,-2515,3007,-1298,-0.5,-0.5,-0.5,0.5;

racing,startcuboid,1,5,7,-2515,3032,-1370,0,-0.7071068,0,0.7071068;

custom,cuboid,metal3,5,5,45,0,0,0,0,4.5,0.5,-2480,3032,-2235,0,-0.7071068,0,0.7071068;

custom,cylinder,metal3,5,2.5,5,0,0,0,0,0.5,0.25,-2705,3032,-2235,0,-0.7071068,0,0.7071068;
custom,cylinder,metal3,5,2.5,5,0,0,0,0,0.5,0.25,-2255,3032,-2235,0,-0.7071068,0,0.7071068;

custom,cylinder,metal3,5,2.5,5,0,0,0,0,0.5,0.25,-2569.7482,3032,-2108.6803,0,-0.7071068,0,0.7071068;
custom,cylinder,metal3,5,2.5,5,0,0,0,0,0.5,0.25,-2367.151,3032,-2111.6569,0,-0.7071068,0,0.7071068;


racing,killcuboid,10,5,0.5,-2480,3032,-2160,0,-0.7071068,0,0.7071068;
racing,killcuboid,3,3,0.5,-2480,3032,-2160,0.270598,-0.6532815,-0.270598,0.6532815;


custom,cuboid,metal3,1,5,25,0,0,0,0,2.5,0.5,-2705,3032,-2125,0,-0.7071068,0,0.7071068;
custom,cuboid,metal3,1,5,70,0,0,0,0,7,0.5,-2480,3032,-2335,0,-0.7071068,0,0.7071068;


custom,cuboid,metal3,25,5,1,0,0,0,0,2.5,0.5,-2815,3032,-2230,0,-0.7071068,0,0.7071068;
custom,cuboid,metal3,25,5,1,0,0,0,0,2.5,0.5,-2140,3032,-2210,0,-0.7071068,0,0.7071068;

custom,cuboid,metal3,1,5,25,0,0,0,0,2.5,0.5,-2255,3032,-2125,0,-0.7071068,0,0.7071068;

custom,cuboid,metal3,35,5,1,0,0,0,0,3.5,0.5,-2380,3032,-1952,0,-0.7071068,0,0.7071068;
custom,cylinder,metal3,1,2.5,1,0,0,0,0,0.1,0.25,-2380,3032,-1777,0,-0.7071068,0,0.7071068;

custom,cylinder,metal3,1,2.5,1,0,0,0,0,0.1,0.25,-2380,3032,-1660,0,-0.7071068,0,0.7071068;

custom,cuboid,metal3,35,5,1,0,0,0,0,3.5,0.5,-2380,3032,-1485,0,-0.7071068,0,0.7071068;

custom,cylinder,metal3,1,2.5,1,0,0,0,0,0.25,0.1,-2270,3032,-1717.5,0,-0.7071068,0,0.7071068;

custom,cuboid,metal3,1,5,16,0,0,0,0,1.6,0.5,-2200,3032,-1757.5,0,-0.5,0,0.8660254;
custom,cuboid,metal3,1,5,16,0,0,0,0,1.6,0.5,-2200,3032,-1677.5,0,0.5,0,0.8660254;


custom,cylinder,metal3,-1,-2.5,-1,0,0,0,0,0.25,0.1,-1900,3032,-1717.5,0,-0.7071068,0,0.7071068;

custom,cuboid,metal3,-1,-5,-16,0,0,0,0,1.6,0.5,-1970,3032,-1757.5,0.8660254,0,-0.5,0;
custom,cuboid,metal3,-1,-5,-16,0,0,0,0,1.6,0.5,-1970,3032,-1677.5,0.8660254,0,0.5,0;



custom,cylinder,metal3,1,2.5,1,0,0,0,0,0.25,0.1,-2085,3032,-1522.5,0,0,0,1;

custom,cuboid,metal3,1,5,16,0,0,0,0,1.6,0.5,-2125,3032,-1592.5,0,0.258819,0,0.9659258;
custom,cuboid,metal3,1,5,16,0,0,0,0,1.6,0.5,-2045,3032,-1592.5,0,0.9659258,0,0.258819;



custom,cylinder,metal3,1,2.5,1,0,0,0,0,0.25,0.1,-2085,3032,-1912.5,0,-1,0,0;

custom,cuboid,metal3,1,5,16,0,0,0,0,1.6,0.5,-2045,3032,-1842.5,0,-0.9659258,0,0.258819;
custom,cuboid,metal3,1,5,16,0,0,0,0,1.6,0.5,-2125,3032,-1842.5,0,-0.258819,0,0.9659258;


custom,cuboid,metal3,58,5,1,0,0,0,0,5.8,0.5,-2085,3032,-2012.5,0,-1,0,0;
custom,cuboid,metal3,58,5,1,0,0,0,0,5.8,0.5,-2085,3032,-1422.5,0,-1,0,0;

custom,cuboid,metal3,29.5,5,1,0,0,0,0,2.95,0.5,-2275,3032,-1907.5,0,-0.9238795,0,0.3826834;
custom,cuboid,metal3,29.5,5,1,0,0,0,0,2.95,0.5,-2275,3032,-1527.5,0,0.9238795,0,0.3826834;


custom,cuboid,metal3,-29.5,-5,-1,0,0,0,0,2.95,0.5,-1890,3032,-1907.5,0.3826834,0,-0.9238795,0;
custom,cuboid,metal3,-29.5,-5,-1,0,0,0,0,2.95,0.5,-1890,3032,-1527.5,0.3826834,0,0.9238795,0;


racing,killcuboid,5,5,13.5,-2410,3032,-1435,0,-0.7071068,0,0.7071068;


custom,cuboid,metal3,10,5,1,0,0,0,0,1,0.5,-1785,3032,-1637.5,0,-0.7071068,0,0.7071068;
custom,cuboid,metal3,10,5,1,0,0,0,0,1,0.5,-1785,3032,-1797.5,0,-0.7071068,0,0.7071068;

racing,killcuboid,10.1,0.6,45.1,-1575,3062,-1717.5,0.092296,-0.7010574,0.092296,0.7010574;

custom,cuboid,stone4,10,0.5,45,0,0,0,0,1,4.5,-1575,3062,-1717.5,0.092296,-0.7010574,0.092296,0.7010574;
custom,cuboid,stone4,10,0.5,45,0,0,0,0,1,4.5,-1575,3115,-1717.5,0.092296,-0.7010574,0.092296,0.7010574;


racing,killcuboid,1,25,45,-1560,3092,-1767.5,0,-0.7071068,0,0.7071068;
racing,killcuboid,1,25,45,-1560,3092,-1667.5,0,-0.7071068,0,0.7071068;


custom,cuboid,stone4,120,0.5,120,0,0,0.3,0.8,12,12,-759,3120,-2255,0,-0.7071068,0,0.7071068;
racing,killcuboid,120.1,0.6,120.1,-759,3120,-2255,0,-0.7071068,0,0.7071068;

misc,barrier,10,1,125,-810,3177,-1717.5,0,-0.7071068,0,0.7071068;
misc,barrier,125,1,10,-250,3177,-2135,0,-0.7071068,0,0.7071068;
misc,barrier,125,1,30,-1150,3177,-2135,0,-0.7071068,0,0.7071068;
misc,barrier,75,1,80,-700,3177,-2535,0,-0.7071068,0,0.7071068;


custom,cuboid,metal3,1,5,45,0,0,0,0,4.5,0.5,-1110,3147,-1767.5,0,-0.7071068,0,0.7071068;
custom,cuboid,metal3,1,5,45,0,0,0,0,4.5,0.5,-1110,3147,-1667.5,0,-0.7071068,0,0.7071068;

custom,cuboid,metal3,1,5,25,0,0,0,0,2.5,0.5,-760,3147,-1732.5,0,-0.7071068,0,0.7071068;
custom,cuboid,metal3,1,5,25,0,0,0,0,2.5,0.5,-760,3147,-1702.5,0,-0.7071068,0,0.7071068;

custom,cuboid,metal3,1,5,25,0,0,0,0,2.5,0.5,-760,3147,-1767.5,0,-0.7071068,0,0.7071068;
custom,cuboid,metal3,1,5,25,0,0,0,0,2.5,0.5,-760,3147,-1667.5,0,-0.7071068,0,0.7071068;

custom,cylinder,metal3,1,2.5,0.5,0,0,0,0,0.25,0.5,-885,3147,-1732.5,0,-0.7071068,0,0.7071068;
custom,cylinder,metal3,1,2.5,0.5,0,0,0,0,0.25,0.5,-885,3147,-1702.5,0,-0.7071068,0,0.7071068;

custom,cylinder,metal3,1,2.5,1,0,0,0,0,0.25,0.5,-635,3147,-1732.5,0,-0.7071068,0,0.7071068;
custom,cylinder,metal3,1,2.5,1,0,0,0,0,0.25,0.5,-635,3147,-1702.5,0,-0.7071068,0,0.7071068;



racing,killcuboid,3,2.5,25,-760,3159,-1717.5,0,-0.7071068,0,0.7071068;
racing,killcuboid,3,2.5,25,-760,3135,-1750,0,-0.7071068,0,0.7071068;
racing,killcuboid,3,2.5,25,-760,3135,-1685,0,-0.7071068,0,0.7071068;



custom,cuboid,metal3,1,5,35,0,0,0,0,3.5,0.5,-460,3147,-1767.5,0,-0.7071068,0,0.7071068;
custom,cuboid,metal3,1,5,45,0,0,0,0,4.5,0.5,-410,3147,-1667.5,0,-0.7071068,0,0.7071068;



custom,cuboid,metal3,70,5,1,0,0,0,0,7,0.5,-210,3147,-2002.5,0,-0.7071068,0,0.7071068;
custom,cuboid,metal3,60,5,1,0,0,0,0,6,0.5,-285,3147,-2067.5,0,-0.7071068,0,0.7071068;

racing,killcuboid,0.5,5,0.5,-215,3147,-2002.5,0,-0.7071068,0,0.7071068;
racing,killcuboid,0.5,5,0.5,-280,3147,-2002.5,0,-0.7071068,0,0.7071068;

racing,killcuboid,0.5,5,0.5,-220,3147,-2007.5,0,-0.7071068,0,0.7071068;
racing,killcuboid,0.5,5,0.5,-275,3147,-2007.5,0,-0.7071068,0,0.7071068;

racing,killcuboid,0.5,5,0.5,-225,3147,-2012.5,0,-0.7071068,0,0.7071068;
racing,killcuboid,0.5,5,0.5,-270,3147,-2012.5,0,-0.7071068,0,0.7071068;

racing,killcuboid,0.5,5,0.5,-230,3147,-2017.5,0,-0.7071068,0,0.7071068;
racing,killcuboid,0.5,5,0.5,-265,3147,-2017.5,0,-0.7071068,0,0.7071068;

racing,killcuboid,11,5,0.5,-235,3147,-2072.5,0,-0.7071068,0,0.7071068;
racing,killcuboid,11,5,0.5,-260,3147,-2072.5,0,-0.7071068,0,0.7071068;

racing,killcuboid,11,5,2.5,-220,3147,-2177.5,0,-0.7071068,0,0.7071068;
racing,killcuboid,11,5,2.5,-275,3147,-2177.5,0,-0.7071068,0,0.7071068;


custom,cylinder,metal3,1,2.5,1,0,0,0,0,0.25,0.5,-285,3147,-1767.5,0,-0.7071068,0,0.7071068;

custom,cuboid,metal3,50,5,1,0,0,0,0,5,0.5,-210,3147,-2602.5,0,-0.7071068,0,0.7071068;
custom,cuboid,metal3,30,5,1,0,0,0,0,3,0.5,-285,3147,-2512.5,0,-0.7071068,0,0.7071068;


custom,cuboid,metal3,10,1.5,1,0,0,0,0,1,0.1,-285,3164.5,-2712.5,0,-0.7071068,0,0.7071068;
custom,cuboid,metal3,10,1.5,1,0,0,0,0,1,0.1,-285,3129.5,-2712.5,0,-0.7071068,0,0.7071068;


racing,killcuboid,10,1.6,0.45,-285,3164.5,-2712.5,0,-0.7071068,0,0.7071068;
racing,killcuboid,10,1.6,0.45,-285,3129.5,-2712.5,0,-0.7071068,0,0.7071068;

custom,cuboid,metal3,1,5,48,0,0,0,0,4.8,0.5,-435,3147,-2765,0,-0.7071068,0,0.7071068;


custom,cuboid,metal3,40,5,1,0,0,0,0,4,0.5,-365,3147,-2562.5,0,-0.7071068,0,0.7071068;

custom,cuboid,metal3,10,1.5,1,0,0,0,0,1,0.1,-365,3164.5,-2312.5,0,-0.7071068,0,0.7071068;
custom,cuboid,metal3,10,1.5,1,0,0,0,0,1,0.1,-365,3129.5,-2312.5,0,-0.7071068,0,0.7071068;


racing,killcuboid,10,1.6,0.45,-365,3164.5,-2312.5,0,-0.7071068,0,0.7071068;
racing,killcuboid,10,1.6,0.45,-365,3129.5,-2312.5,0,-0.7071068,0,0.7071068;


custom,cuboid,metal3,40,5,1,0,0,0,0,4,0.5,-435,3147,-2462.5,0,-0.7071068,0,0.7071068;


custom,cuboid,metal3,10,1.5,1,0,0,0,0,1,0.1,-435,3164.5,-2712.5,0,-0.7071068,0,0.7071068;
custom,cuboid,metal3,10,1.5,1,0,0,0,0,1,0.1,-435,3129.5,-2712.5,0,-0.7071068,0,0.7071068;


racing,killcuboid,10,1.6,0.45,-435,3164.5,-2712.5,0,-0.7071068,0,0.7071068;
racing,killcuboid,10,1.6,0.45,-435,3129.5,-2712.5,0,-0.7071068,0,0.7071068;


custom,cuboid,metal3,40,5,1,0,0,0,0,4,0.5,-515,3147,-2562.5,0,-0.7071068,0,0.7071068;

custom,cuboid,metal3,10,1.5,1,0,0,0,0,1,0.1,-515,3164.5,-2312.5,0,-0.7071068,0,0.7071068;
custom,cuboid,metal3,10,1.5,1,0,0,0,0,1,0.1,-515,3129.5,-2312.5,0,-0.7071068,0,0.7071068;


racing,killcuboid,10,1.6,0.45,-515,3164.5,-2312.5,0,-0.7071068,0,0.7071068;
racing,killcuboid,10,1.6,0.45,-515,3129.5,-2312.5,0,-0.7071068,0,0.7071068;


custom,cuboid,metal3,40,5,1,0,0,0,0,4,0.5,-585,3147,-2462.5,0,-0.7071068,0,0.7071068;


custom,cuboid,metal3,10,1.5,1,0,0,0,0,1,0.1,-585,3164.5,-2712.5,0,-0.7071068,0,0.7071068;
custom,cuboid,metal3,10,1.5,1,0,0,0,0,1,0.1,-585,3129.5,-2712.5,0,-0.7071068,0,0.7071068;


racing,killcuboid,10,1.6,0.45,-585,3164.5,-2712.5,0,-0.7071068,0,0.7071068;
racing,killcuboid,10,1.6,0.45,-585,3129.5,-2712.5,0,-0.7071068,0,0.7071068;


custom,cuboid,metal3,40,5,1,0,0,0,0,4,0.5,-665,3147,-2562.5,0,-0.7071068,0,0.7071068;

custom,cuboid,metal3,10,1.5,1,0,0,0,0,1,0.1,-665,3164.5,-2312.5,0,-0.7071068,0,0.7071068;
custom,cuboid,metal3,10,1.5,1,0,0,0,0,1,0.1,-665,3129.5,-2312.5,0,-0.7071068,0,0.7071068;


racing,killcuboid,10,1.6,0.45,-665,3164.5,-2312.5,0,-0.7071068,0,0.7071068;
racing,killcuboid,10,1.6,0.45,-665,3129.5,-2312.5,0,-0.7071068,0,0.7071068;


custom,cuboid,metal3,1,5,50,0,0,0,0,5,0.5,-535,3147,-2260,0,-0.7071068,0,0.7071068;


custom,cylinder,metal3,40,2.5,40,0,0,0,0,4,0.25,-935,3147,-2310,0,-0.7071068,0,0.7071068;


custom,cuboid,metal3,40,5,3,0,0,0,0,4,1,-935,3147,-2460,0,-0.7071068,0,0.7071068;
custom,cylinder,metal3,3,2.5,3,0,0,0,0,0.25,0.3,-935,3147,-2660,0,-0.7071068,0,0.7071068;




custom,cuboid,metal3,1,5,70,0,0,0,0,7,0.5,-935,3147,-2810,0,-0.7071068,0,0.7071068;

custom,cuboid,metal3,1,5,41,0,0,0,0,4.1,0.5,-810,3147,-2665,0,-0.9238795,0,0.3826834;
custom,cuboid,metal3,20,5,20,0,0,0,0,2,0.5,-935,3147,-2460,0,-0.9238795,0,0.3826834;

custom,cuboid,metal3,1,5,41,0,0,0,0,4.1,0.5,-1060,3147,-2665,0,0.9238795,0,0.3826834;

custom,cuboid,metal3,70,5,1,0,0,0,0,7,0.5,-1205,3147,-2210,0,-0.7071068,0,0.7071068;
custom,cuboid,metal3,14,5,1,0,0,0,0,1.4,0.5,-1105,3147,-1840,0,-0.7071068,0,0.7071068;
custom,cuboid,metal3,24,5,1,0,0,0,0,2.4,0.5,-1105,3147,-2090,0,-0.7071068,0,0.7071068;

racing,checkpointcuboid,2,5,10,-1155,3147,-2190,0,-0.7071068,0,0.7071068;
custom,cuboid,metal3,2.1,1,10,0,0,0,0,0.21,1,-1155,3119,-2190,0,-0.7071068,0,0.7071068;

racing,killcuboid,3,5,10,-1155,3147,-1870,0,-0.7071068,0,0.7071068;

racing,killcuboid,0.8,5,10,-1055,3147,-1905,0,-0.7071068,0,0.7071068;
racing,killcuboid,0.8,5,10,-1055,3147,-1975,0,-0.7071068,0,0.7071068;

racing,killcuboid,8,15,0.8,-1005,3245,-1940,0,-0.7071068,0,0.7071068;
racing,killcuboid,8.5,20,0.8,-1005,3220,-2020,0,-0.7071068,0,0.7071068;
racing,killcuboid,8.5,20,0.8,-1005,3220,-1860,0,-0.7071068,0,0.7071068;



racing,killcuboid,8,15,0.8,-605,3195,-1940,0,-0.7071068,0,0.7071068;
racing,killcuboid,8.5,20,0.8,-605,3220,-2020,0,-0.7071068,0,0.7071068;
racing,killcuboid,8.5,20,0.8,-605,3220,-1860,0,-0.7071068,0,0.7071068;


racing,killcuboid,1,20,40,-805,3220,-2067.5,0,-0.7071068,0,0.7071068;
racing,killcuboid,1,20,40,-805,3220,-1812.5,0,-0.7071068,0,0.7071068;


racing,killcuboid,28,1,40,-805,3320,-1940,0,-0.7071068,0,0.7071068;


custom,cylinder,metal3,1,4,1,0,0,0,0,0.1,0.4,-1005,3170,-1940,0,-0.7071068,-0.7071068,0;

custom,cylinder,metal3,0.95,2.5,0.95,0,0,0,0,0.1,0.25,-1005,3147,-1905,0,-0.7071068,0,0.7071068;
custom,cylinder,metal3,0.95,2.5,0.95,0,0,0,0,0.1,0.25,-1005,3147,-1975,0,-0.7071068,0,0.7071068;



custom,cuboid,stone4,8,0.5,60,0,0,0,0,0.8,6,-305,3267.75,-1940,0,-0.7071068,0,0.7071068;
racing,killcuboid,8,0.6,60,-305,3267.75,-1940,0,-0.7071068,0,0.7071068;

custom,cuboid,metal3,1,5,60,0,0,0,0,6,0.5,-305,3294.75,-1977.5,0,-0.7071068,0,0.7071068;
custom,cuboid,metal3,1,5,60,0,0,0,0,6,0.5,-305,3294.75,-1902.5,0,-0.7071068,0,0.7071068;

misc,barrier,90,1,140,95,3321.75,-1940,0,-0.7071068,0,0.7071068;




custom,cuboid,stone4,8,0.5,30,0,0,0,0,0.8,3,145,3267.75,-1940,0,-0.7071068,0,0.7071068;
racing,killcuboid,8,0.6,30,145,3267.75,-1940,0,-0.7071068,0,0.7071068;

custom,cuboid,metal3,1,5,30,0,0,0,0,3,0.5,145,3294.75,-1977.5,0,-0.7071068,0,0.7071068;
custom,cuboid,metal3,1,5,30,0,0,0,0,3,0.5,145,3294.75,-1902.5,0,-0.7071068,0,0.7071068;

custom,cuboid,metal3,1,5,20,0,0,0,0,2,0.5,395,3294.75,-1977.5,0,-0.7071068,0,0.7071068;
custom,cuboid,metal3,1,5,20,0,0,0,0,2,0.5,395,3294.75,-1902.5,0,-0.7071068,0,0.7071068;

custom,cylinder,metal3,1,2.5,1,0,0,0,0,0.25,0.5,495,3294.75,-1902.5,0,-0.7071068,0,0.7071068;
custom,cylinder,metal3,1,2.5,1,0,0,0,0,0.25,0.5,495,3294.75,-1977.5,0,-0.7071068,0,0.7071068;

custom,cuboid,metal3,1,5,60,0,0,0,0,6,0.5,295,3294.75,-1940,0,-0.7071068,0,0.7071068;
custom,cylinder,metal3,1,2.5,1,0,0,0,0,0.25,0.5,-5,3294.75,-1940,0,-0.7071068,0,0.7071068;



custom,cuboid,stone4,70,0.5,30,0,0,0,0,7,3,445,3267.75,-1940,0,-0.7071068,0,0.7071068;
racing,killcuboid,70,0.6,30,445,3267.75,-1940,0,-0.7071068,0,0.7071068;

custom,cuboid,metal3,55,5,1,0,0,0,0,5.5,0.5,595,3294.75,-1940,0,-0.7071068,0,0.7071068;
racing,killcuboid,54.5,5.1,1.1,595,3294.75,-1940,0,-0.7071068,0,0.7071068;



custom,cuboid,metal3,2.5,5,40,0,0,0,0,4,0.5,395,3294.75,-2055,0,-0.7071068,0,0.7071068;
custom,cylinder,metal3,2.5,2.5,2.5,0,0,0,0,0.25,0.35,195,3294.75,-2055,0,-0.7071068,0,0.7071068;
racing,killcylinder,2.6,2.6,2.6,195,3294.75,-2055,0,-0.7071068,0,0.7071068;

custom,cuboid,metal3,2.5,5,60,0,0,0,0,6,0.5,195,3294.75,-2132.5,0,-0.7071068,0,0.7071068;
custom,cylinder,metal3,2.5,2.5,2.5,0,0,0,0,0.25,0.35,495,3294.75,-2132.5,0,-0.7071068,0,0.7071068;
racing,killcylinder,2.6,2.6,2.6,495,3294.75,-2132.5,0,-0.7071068,0,0.7071068;

custom,cuboid,metal3,2.5,5,70,0,0,0,0,7,0.5,345,3294.75,-2205,0,-0.7071068,0,0.7071068;
custom,cylinder,metal3,2.5,2.5,2.5,0,0,0,0,0.25,0.35,-5,3294.75,-2205,0,-0.7071068,0,0.7071068;
racing,killcylinder,2.6,2.6,2.6,-5,3294.75,-2205,0,-0.7071068,0,0.7071068;

custom,cuboid,metal3,1,5,90,0,0,0,0,9,0.5,345,3294.75,-2272.5,0,-0.7071068,0,0.7071068;

custom,cuboid,metal3,15,5,1,0,0,0,0,1.5,0.5,95,3294.75,-2055,0,-0.7071068,0,0.7071068;
racing,killcuboid,15.1,5.1,1.1,95,3294.75,-2055,0,-0.7071068,0,0.7071068;

custom,cuboid,metal3,15,5,1,0,0,0,0,1.5,0.5,-85,3294.75,-2205,0,-0.7071068,0,0.7071068;
racing,killcuboid,15.1,5.1,1.1,-85,3294.75,-2205,0,-0.7071068,0,0.7071068;


custom,cuboid,stone4,30,0.5,40,0,0,0,0,3,4,95,3267.75,-2130,0,-0.7071068,0,0.7071068;
racing,killcuboid,30,0.6,40,95,3267.75,-2130,0,-0.7071068,0,0.7071068;

custom,cuboid,metal3,2.5,-5,40,0,0,0,0,4,0.5,395,3294.75,-1825,0,-0.7071068,0,0.7071068;
custom,cylinder,metal3,2.5,-2.5,2.5,0,0,0,0,0.25,0.35,195,3294.75,-1825,0,-0.7071068,0,0.7071068;
racing,killcylinder,2.6,-2.6,2.6,195,3294.75,-1825,0,-0.7071068,0,0.7071068;

custom,cuboid,metal3,2.5,-5,60,0,0,0,0,6,0.5,195,3294.75,-1747.5,0,-0.7071068,0,0.7071068;
custom,cylinder,metal3,2.5,-2.5,2.5,0,0,0,0,0.25,0.35,495,3294.75,-1747.5,0,-0.7071068,0,0.7071068;
racing,killcylinder,2.6,-2.6,2.6,495,3294.75,-1747.5,0,-0.7071068,0,0.7071068;

custom,cuboid,metal3,2.5,-5,70,0,0,0,0,7,0.5,345,3294.75,-1675,0,-0.7071068,0,0.7071068;
custom,cylinder,metal3,2.5,-2.5,2.5,0,0,0,0,0.25,0.35,-5,3294.75,-1675,0,-0.7071068,0,0.7071068;
racing,killcylinder,2.6,-2.6,2.6,-5,3294.75,-1675,0,-0.7071068,0,0.7071068;

custom,cuboid,metal3,1,-5,90,0,0,0,0,9,0.5,345,3294.75,-1607.5,0,-0.7071068,0,0.7071068;

custom,cuboid,metal3,15,-5,1,0,0,0,0,1.5,0.5,95,3294.75,-1825,0,-0.7071068,0,0.7071068;
racing,killcuboid,15.1,-5.1,1.1,95,3294.75,-1825,0,-0.7071068,0,0.7071068;

custom,cuboid,metal3,15,-5,1,0,0,0,0,1.5,0.5,-85,3294.75,-1675,0,-0.7071068,0,0.7071068;
racing,killcuboid,15.1,-5.1,1.1,-85,3294.75,-1675,0,-0.7071068,0,0.7071068;

custom,cuboid,stone4,30,-0.5,40,0,0,0,0,3,4,95,3267.75,-1750,0,-0.7071068,0,0.7071068;
racing,killcuboid,30,-0.6,40,95,3267.75,-1750,0,-0.7071068,0,0.7071068;


custom,cylinder,metal3,1.2,2.5,1.2,0,0,0,0,0.12,0.25,695,3294.75,-2212.5,0,-0.7071068,0,0.7071068;
custom,cylinder,metal3,1.2,2.5,1.2,0,0,0,0,0.12,0.25,695,3294.75,-1667.5,0,-0.7071068,0,0.7071068;


custom,cuboid,stone4,70,0.5,20,0,0,0,0,7,2,695,3267.75,-1940,0,-0.7071068,0,0.7071068;
racing,killcuboid,70,0.6,20,695,3267.75,-1940,0,-0.7071068,0,0.7071068;




custom,cuboid,metal3,55,5,1,0,0,0,0,5.5,0.5,695,3294.75,-1940,0,-0.7071068,0,0.7071068;

custom,cuboid,metal3,30,5,1,0,0,0,0,3,0.5,795,3294.75,-2130,0,-0.7071068,0,0.7071068;
custom,cuboid,metal3,30,5,1,0,0,0,0,3,0.5,795,3294.75,-1750,0,-0.7071068,0,0.7071068;

custom,cylinder,metal3,1.2,2.5,1.2,0,0,0,0,0.12,0.25,795,3294.75,-1977.5,0,-0.7071068,0,0.7071068;
custom,cylinder,metal3,1.2,2.5,1.2,0,0,0,0,0.12,0.25,795,3294.75,-1902.5,0,-0.7071068,0,0.7071068;



misc,barrier,8,1,80,1195,3321.75,-1940,0,-0.7071068,0,0.7071068;

custom,cuboid,stone4,8,0.5,80,0,0,0,0,0.8,8,1195,3267.75,-1940,0,-0.7071068,0,0.7071068;
racing,killcuboid,8.1,0.7,80.1,1195,3267.75,-1940,0,-0.7071068,0,0.7071068;

custom,cuboid,metal3,1,5,80,0,0,0,0,8,0.5,1195,3294.75,-1977.5,0,-0.7071068,0,0.7071068;
custom,cuboid,metal3,1,5,80,0,0,0,0,8,0.5,1195,3294.75,-1902.5,0,-0.7071068,0,0.7071068;







custom,cuboid,metal3,-3,-5,-1,0,0,0,0,0.3,0.5,1261,3294.75,-1967.5,0.8660254,0,-0.5,0;
custom,cuboid,metal3,-3,-5,-1,0,0,0,0,0.3,0.5,1261,3294.75,-1912.5,0.5,0,-0.8660254,0;

custom,cuboid,metal3,-8,-2.5,-1,0,0,0,0,0.8,0.25,1262,3317.25,-1940,0.6532815,-0.270598,-0.6532815,-0.270598;
custom,cuboid,metal3,-8,-2.5,-1,0,0,0,0,0.8,0.25,1262,3272.25,-1940,0.6532815,0.270598,-0.6532815,0.270598;



custom,cylinder,metal3,-1.1,-1.35,-1.1,0,0,0,0,0.11,0.135,1254,3294.75,-1924.5,0,-0.7071068,0,0.7071068;
custom,cylinder,metal3,-1.1,-1.35,-1.1,0,0,0,0,0.11,0.135,1254,3294.75,-1954.5,0,-0.7071068,0,0.7071068;

custom,cylinder,metal3,-1.1,-1.5,-1.1,0,0,0,0,0.11,0.15,1254,3308.75,-1940,0,-0.7071068,-0.7071068,0;
custom,cylinder,metal3,-1.1,-1.5,-1.1,0,0,0,0,0.11,0.15,1254,3280.75,-1940,0,-0.7071068,-0.7071068,0;







custom,cuboid,metal3,3,5,1,0,0,0,0,0.3,0.5,955,3294.75,-1967.5,0,-0.5,0,0.8660254;
custom,cuboid,metal3,3,5,1,0,0,0,0,0.3,0.5,955,3294.75,-1912.5,0,-0.8660254,0,0.5;

custom,cuboid,metal3,8,2.5,1,0,0,0,0,0.8,0.25,954,3317.25,-1940,0.270598,-0.6532815,0.270598,0.6532815;
custom,cuboid,metal3,8,2.5,1,0,0,0,0,0.8,0.25,954,3272.25,-1940,-0.270598,-0.6532815,-0.270598,0.6532815;



custom,cylinder,metal3,1.1,1.35,1.1,0,0,0,0,0.11,0.135,962,3294.75,-1924.5,0,-0.7071068,0,0.7071068;
custom,cylinder,metal3,1.1,1.35,1.1,0,0,0,0,0.11,0.135,962,3294.75,-1954.5,0,-0.7071068,0,0.7071068;

custom,cylinder,metal3,1.1,1.5,1.1,0,0,0,0,0.11,0.15,962,3308.75,-1940,0,-0.7071068,-0.7071068,0;
custom,cylinder,metal3,1.1,1.5,1.1,0,0,0,0,0.11,0.15,962,3280.75,-1940,0,-0.7071068,-0.7071068,0;


custom,cuboid,metal3,4,0.5,30,0,0,0,0,0.4,3,1107,3280.25,-1940,0,-0.7071068,0,0.7071068;
custom,cuboid,metal3,4,0.5,30,0,0,0,0,0.4,3,1107,3309.25,-1940,0,-0.7071068,0,0.7071068;

custom,cuboid,metal3,0.5,3,30,0,0,0,0,3,0.3,1107,3294.75,-1922.5,0,-0.7071068,0,0.7071068;
custom,cuboid,metal3,0.5,3,30,0,0,0,0,3,0.3,1107,3294.75,-1956.5,0,-0.7071068,0,0.7071068;

racing,killcuboid,0.5,0.5,29,1107,3282.75,-1954.5,0.270598,-0.6532815,-0.270598,0.6532815;
racing,killcuboid,0.5,0.5,29,1107,3307.25,-1925,0.270598,-0.6532815,-0.270598,0.6532815;

racing,killcuboid,0.5,0.5,29,1107,3282.75,-1924.5,-0.6532815,0.270598,0.6532815,-0.270598;
racing,killcuboid,0.5,0.5,29,1107,3307.25,-1954,-0.6532815,0.270598,0.6532815,-0.270598;




custom,endprism,default,1.5,0.1,2,0,1,1,1,1,1,-2465,3035,-1725,0.5,-0.5,-0.5,0.5;
custom,endprism,default,1.5,0.1,2,0,1,1,1,1,1,-2445,3035,-1725,0.5,-0.5,-0.5,0.5;




custom,endprism,default,1.5,0.1,2,0,1,1,1,1,1,710,3295,-1940,0.5,-0.5,-0.5,0.5;
custom,endprism,default,1.5,0.1,2,0,1,1,1,1,1,730,3295,-1940,0.5,-0.5,-0.5,0.5;

custom,endprism,default,1.5,0.1,2,0,1,1,1,1,1,790,3295,-2240,0.7071068,-0.7071068,0,0;
custom,endprism,default,1.5,0.1,2,0,1,1,1,1,1,790,3295,-1640,0,0,-0.7071068,0.7071068;












custom,cuboid,stone4,8,0.5,8,0,0,0,0,0.8,0.8,1635,3267.75,-1940,0.7071068,0,-0.7071068,0;

racing,killcuboid,8.1,0.7,8.1,1635,3391.75,-1940,0.7071068,0,-0.7071068,0;
racing,killcuboid,4.5,0.7,4.5,1630,3391.75,-1940,0.3826834,0,-0.9238795,0;


custom,cuboid,metal3,1,12,8,0,0,0,0,0.8,1.2,1635,3329.75,-1895.5,0.7071068,0,-0.7071068,0;
custom,cuboid,metal3,1,12,8,0,0,0,0,0.8,1.2,1635,3329.75,-1984.5,0.7071068,0,-0.7071068,0;


custom,cuboid,stone4,10,7,1,0,0,0,0,1,0.7,1590,3360.25,-1940,0.7071068,0,-0.7071068,0;





racing,killcuboid,8.1,0.7,8.1,1715,3460.75,-1940,0.7071068,0,-0.7071068,0;
racing,killcuboid,4.5,0.7,4.5,1710,3460.75,-1940,0.3826834,0,-0.9238795,0;

custom,cuboid,metal3,1,24,8,0,0,0,0,0.8,2.4,1715,3389.75,-1895.5,0.7071068,0,-0.7071068,0;
custom,cuboid,metal3,1,24,8,0,0,0,0,0.8,2.4,1715,3389.75,-1984.5,0.7071068,0,-0.7071068,0;


custom,cuboid,stone4,10,7,1,0,0,0,0,1,0.7,1670,3429.25,-1940,0.7071068,0,-0.7071068,0;


custom,cuboid,stone4,8,0.5,32,0,0,0,0,0.8,3.2,1805,3359.75,-1940,0.6743797,0.2126311,-0.6743797,0.2126311;


racing,killcuboid,4.5,0.7,4.5,1795,3529.75,-1940,0.3826834,0,-0.9238795,0;
racing,killcuboid,4.5,0.7,4.5,1875,3529.75,-1940,0.3826834,0,-0.9238795,0;
racing,killcuboid,4.5,0.7,4.5,1955,3529.75,-1940,0.3826834,0,-0.9238795,0;
racing,killcuboid,4.5,0.7,4.5,2035,3529.75,-1940,0.3826834,0,-0.9238795,0;
racing,killcuboid,4.5,0.7,4.5,2115,3529.75,-1940,0.3826834,0,-0.9238795,0;
racing,killcuboid,4.5,0.7,4.5,2195,3529.75,-1940,0.3826834,0,-0.9238795,0;
racing,killcuboid,4.5,0.7,4.5,2275,3529.75,-1940,0.3826834,0,-0.9238795,0;

custom,cuboid,metal3,1,24,8,0,0,0,0,0.8,2.4,1795,3439.75,-1895.5,0.7071068,0,-0.7071068,0;
custom,cuboid,metal3,1,24,8,0,0,0,0,0.8,2.4,1795,3439.75,-1984.5,0.7071068,0,-0.7071068,0;



custom,cuboid,stone4,10,7,1,0,0,0,0,1,0.7,1750,3498.25,-1940,0.7071068,0,-0.7071068,0;




custom,cuboid,metal3,1,24,8,0,0,0,0,0.8,2.4,1875,3439.75,-1895.5,0.7071068,0,-0.7071068,0;
custom,cuboid,metal3,1,24,8,0,0,0,0,0.8,2.4,1875,3439.75,-1984.5,0.7071068,0,-0.7071068,0;



racing,killcuboid,8.1,0.7,57,2030,3529.75,-1940,0.7071068,0,-0.7071068,0;

custom,cuboid,metal3,1,30,40,0,0,0,0,4,3,2115,3440.25,-1895.5,0.7071068,0,-0.7071068,0;
custom,cuboid,metal3,1,30,40,0,0,0,0,4,3,2115,3440.25,-1984.5,0.7071068,0,-0.7071068,0;

custom,cuboid,stone4,8,0.5,40,0,0,0,0,0.8,4,2135,3350.75,-1940,0.7071068,0,-0.7071068,0;

custom,cuboid,stone4,8,10,1,0,0,0,0,0.8,1,1936.8,3400,-1940,0.7071068,0,-0.7071068,0;
custom,cylinder,stone4,1,4,1,0,0,0,0,0.1,0.4,1937,3449.5,-1940,0.7071068,0,0,-0.7071068;
racing,killcylinder,1.1,4,1.1,1937,3449.5,-1940,0.7071068,0,0,-0.7071068;



custom,cuboid,stone4,8,8,1,0,0,0,0,0.8,0.8,2011.8,3486,-1940,0.7071068,0,-0.7071068,0;
custom,cylinder,stone4,1,4,1,0,0,0,0,0.1,0.4,2012,3446.5,-1940,0.7071068,0,0,-0.7071068;
racing,killcylinder,1.1,4,1.1,2012,3446.5,-1940,0.7071068,0,0,-0.7071068;


custom,cuboid,stone4,8,10,1,0,0,0,0,0.8,1,2086.8,3400,-1940,0.7071068,0,-0.7071068,0;
custom,cylinder,stone4,1,4,1,0,0,0,0,0.1,0.4,2087,3449.5,-1940,0.7071068,0,0,-0.7071068;
racing,killcylinder,1.1,4,1.1,2087,3449.5,-1940,0.7071068,0,0,-0.7071068;




custom,cuboid,stone4,8,8,1,0,0,0,0,0.8,0.8,2161.8,3486,-1940,0.7071068,0,-0.7071068,0;
custom,cylinder,stone4,1,4,1,0,0,0,0,0.1,0.4,2162,3446.5,-1940,0.7071068,0,0,-0.7071068;
racing,killcylinder,1.1,4,1.1,2162,3446.5,-1940,0.7071068,0,0,-0.7071068;


custom,cuboid,stone4,8,10,1,0,0,0,0,0.8,1,2236.8,3400,-1940,0.7071068,0,-0.7071068,0;
custom,cylinder,stone4,1,4,1,0,0,0,0,0.1,0.4,2237,3449.5,-1940,0.7071068,0,0,-0.7071068;
racing,killcylinder,1.1,4,1.1,2237,3449.5,-1940,0.7071068,0,0,-0.7071068;

custom,cuboid,stone4,8,8,1,0,0,0,0,0.8,0.8,2311.8,3486,-1940,0.7071068,0,-0.7071068,0;
custom,cylinder,stone4,1,4,1,0,0,0,0,0.1,0.4,2312,3446.5,-1940,0.7071068,0,0,-0.7071068;
racing,killcylinder,1.1,4,1.1,2312,3446.5,-1940,0.7071068,0,0,-0.7071068;
















custom,cuboid,grass4,22,0.5,22,1,0,0.8,0.6,2.2,2.2,2425,3339.75,-1940,0,-0.7071068,0,0.7071068;
racing,endcuboid,10,10,3,2325,3391.25,-1940,0,-0.7071068,0,0.7071068;

custom,cylinder,stone4,10,0.2,5,0,0,0,0,1,0.5,2325,3350.75,-1940,0,-0.7071068,0,0.7071068;
custom,cylinder,stone4,10,0.2,5.5,0,0,0,0,1,0.55,2325,3349.75,-1940,0,-0.7071068,0,0.7071068;
custom,cylinder,stone4,10,0.2,6,0,0,0,0,1,0.6,2325,3348.75,-1940,0,-0.7071068,0,0.7071068;
custom,cylinder,stone4,10,0.2,6.5,0,0,0,0,1,0.65,2325,3347.75,-1940,0,-0.7071068,0,0.7071068;
custom,cylinder,stone4,10,0.2,7,0,0,0,0,1,0.7,2325,3346.75,-1940,0,-0.7071068,0,0.7071068;
custom,cylinder,stone4,10,0.2,7.5,0,0,0,0,1,0.75,2325,3345.75,-1940,0,-0.7071068,0,0.7071068;
custom,cylinder,stone4,10,0.2,8,0,0,0,0,1,0.8,2325,3344.75,-1940,0,-0.7071068,0,0.7071068;
custom,cylinder,stone4,10,0.2,8.5,0,0,0,0,1,0.85,2325,3343.75,-1940,0,-0.7071068,0,0.7071068;
custom,cylinder,stone4,10,0.2,9,0,0,0,0,1,0.9,2325,3342.75,-1940,0,-0.7071068,0,0.7071068;
custom,cylinder,stone4,10,0.2,9.5,0,0,0,0,1,0.95,2325,3341.75,-1940,0,-0.7071068,0,0.7071068;
custom,cylinder,stone4,10,0.2,10,0,0,0,0,1,1,2325,3340.75,-1940,0,-0.7071068,0,0.7071068;



custom,cuboid,metal1,2.1,4,2.1,1,1,0.95,0,0.005,1,2485,3372,-1940,0,-1,0,0;
custom,pyramid,wallmat,3,2,3,0,1,1,1,0.005,1,2485,3352,-1940,0,-1,0,0;
custom,cuboid,wallmat,2.02,0.15,2.02,0,1,0.95,0,0.005,1,2485,3392,-1940,0,-0.7071068,0,0.7071068;
custom,killcuboid,transparent0.3,1.98,3,1.98,1,1,0.95,0,1,1,2485,3407,-1940,0,-0.7071068,0,0.7071068;


custom,cuboid,metal3,2.1,3,2.1,1,0.8,0.8,0.8,0.005,1,2485,3367,-1890,0,-1,0,0;
custom,pyramid,wallmat,3,2,3,0,1,1,1,0.005,1,2485,3352,-1890,0,-1,0,0;
custom,cuboid,wallmat,2.02,0.15,2.02,0,0.8,0.8,0.8,0.005,1,2485,3382,-1890,0,-0.7071068,0,0.7071068;
custom,killcuboid,transparent0.3,1.98,3,1.98,1,0.8,0.8,0.8,1,1,2485,3397,-1890,0,-0.7071068,0,0.7071068;


custom,cuboid,metal1,2,2,2,1,1,0.55,0,0.005,1,2485,3362,-1990,0,-1,0,0;
custom,pyramid,wallmat,3,2,3,0,1,1,1,0.005,1,2485,3352,-1990,0,-1,0,0;
custom,cuboid,wallmat,2.02,0.15,2.02,0,1,0.55,0,0.005,1,2485,3372,-1990,0,-0.7071068,0,0.7071068;
custom,killcuboid,transparent0.3,1.98,3,1.98,1,1,0.55,0,1,1,2485,3387,-1990,0,-0.7071068,0,0.7071068;
