map,disablebounds;

//floor;

custom,cuboid,stone3,200,1,200,1,1,1,1,20,20,0,15,0,0,0,0,0;

racing,killcuboid,200.1,1.3,200.1,0,15,0,0,0,0,0;

//start;

custom,cuboid,brick2,20,1,20,0,0.5,0.5,0.5,2,2,450,20,-850,0,0,0,0;

spawnpoint,playerM,480,30,-850,0,0,0,0;
spawnpoint,playerC,420,30,-850,0,0,0,0;

custom,cuboid,brick2,20,10,1,0,0.5,0.5,0.5,2,1,450,70,-955,0,0,0,0;

custom,cuboid,brick2,1,10,20,0,0.5,0.5,0.5,2,1,555,70,-850,0,0,0,0;

custom,cuboid,brick2,1,10,20,0,0.5,0.5,0.5,2,1,345,70,-850,0,0,0,0;

custom,cylinder,brick2,2.5,5,2.5,0,0.5,0.5,0.5,0.2,0.5,450,70,-745,0,0,0,0;

custom,cuboid,brick2,3,10,1,0,0.5,0.5,0.5,0.3,1,365,70,-745,0,0,0,0;

custom,cuboid,brick2,3,10,1,0,0.5,0.5,0.5,0.3,1,535,70,-745,0,0,0,0;

racing,startcuboid,6,10,1,490,70,-745,0,0,0,0;

racing,startcuboid,6,10,1,410,70,-745,0,0,0,0;


//1 part;

custom,cuboid,brick2,1,10,62,0,0.5,0.5,0.5,6.2,1,525,70,-430,0,0,0,0;

custom,cuboid,brick2,1,10,62,0,0.5,0.5,0.5,6.2,1,375,70,-430,0,0,0,0;

racing,killcuboid,1.4,1.4,62,450,30,-430,0,0,-0.3826834,0.9238795;

racing,killcuboid,1,1,62,450,47,-430,0,0,-0.3826834,0.9238795;

racing,killcuboid,0.6,0.6,62,450,58.3,-430,0,0,-0.3826834,0.9238795;

racing,killcuboid,1.4,1.4,62,450,110,-430,0,0,-0.3826834,0.9238795;

racing,killcuboid,1,1,62,450,93,-430,0,0,-0.3826834,0.9238795;

racing,killcuboid,0.6,0.6,62,450,81.7,-430,0,0,-0.3826834,0.9238795;

custom,cuboid,brick2,1,2.3,62,0,0.5,0.5,0.5,6.2,0.23,450,70,-430,0,0,0,0;

custom,cylinder,brick2,2.5,5,2.5,0,0.5,0.5,0.5,0.2,0.5,450,70,-125,0,0,0,0;

custom,arc180,brick2,13,30,13,0,0.5,0.5,0.5,3,1.3,450,125,-30,-0.5,0.5,0.5,0.5;

custom,cylinder,brick2,2.8,7.9,2.8,1,0.5,0.5,0.5,0.28,0.8,450,125,-125,0,0,0.7071068,0.7071068;

//2part;


custom,cuboid,stone3,16,1,62,1,1,1,1,1.6,6.1,450,125,-430,0,0,0,0,0;

racing,killcuboid,16.1,1.1,61.1,450,125,-435,0,0,0,0;

custom,cuboid,brick2,1,25,15,0,0.5,0.5,0.5,1.5,2.5,375,125,-45,0,0,0,0;

custom,cuboid,brick2,1,25,15,0,0.5,0.5,0.5,1.5,2.5,525,125,-45,0,0,0,0;

custom,cuboid,brick2,1,10,62,0,0.5,0.5,0.5,6.2,1,525,180,-430,0,0,0,0;

custom,cuboid,brick2,1,10,62,0,0.5,0.5,0.5,6.2,1,375,180,-430,0,0,0,0;

custom,cuboid,stone3,16,1,66,1,1,1,1,1.6,6.6,450,235,-420,0,0,0,0,0;

custom,cylinder,brick2,1.8,0.5,1.8,1,0.5,0.5,0.5,0.18,0.05,520,145,-255,0,0,0.7071068,0.7071068;
custom,cylinder,brick2,1.8,0.5,1.8,1,0.5,0.5,0.5,0.18,0.05,520,215,-255,0,0,0.7071068,0.7071068;

custom,cylinder,brick2,1.8,0.5,1.8,1,0.5,0.5,0.5,0.18,0.05,380,145,-255,0,0,0.7071068,0.7071068;
custom,cylinder,brick2,1.8,0.5,1.8,1,0.5,0.5,0.5,0.18,0.05,380,215,-255,0,0,0.7071068,0.7071068;

racing,killcuboid,14,0.3,0.3,450,145,-255,0,0,0,0;
racing,killcuboid,14,0.3,0.3,450,215,-255,0,0,0,0;
racing,killcuboid,8,0.3,0.3,495,180,-255,0,0,-0.5,0.8660254;
racing,killcuboid,8,0.3,0.3,465,180,-255,0,0,0.5,0.8660254;

racing,killcuboid,8,0.3,0.3,465,180,-255,0,0,-0.5,0.8660254;
racing,killcuboid,8,0.3,0.3,435,180,-255,0,0,0.5,0.8660254;

racing,killcuboid,8,0.3,0.3,435,180,-255,0,0,-0.5,0.8660254;
racing,killcuboid,8,0.3,0.3,405,180,-255,0,0,0.5,0.8660254;

racing,killcuboid,8,0.3,0.3,495,180,-255,-0.8660254,-0.5,0,0;
racing,killcuboid,8,0.3,0.3,405,180,-255,-0.8660254,0.5,0,0;

custom,cylinder,brick2,1.8,0.5,1.8,1,0.5,0.5,0.5,0.18,0.05,520,145,-380,0,0,0.7071068,0.7071068;
custom,cylinder,brick2,1.8,0.5,1.8,1,0.5,0.5,0.5,0.18,0.05,520,215,-380,0,0,0.7071068,0.7071068;

custom,cylinder,brick2,1.8,0.5,1.8,1,0.5,0.5,0.5,0.18,0.05,380,145,-380,0,0,0.7071068,0.7071068;
custom,cylinder,brick2,1.8,0.5,1.8,1,0.5,0.5,0.5,0.18,0.05,380,215,-380,0,0,0.7071068,0.7071068;

custom,cylinder,brick2,1.8,0.5,1.8,1,0.5,0.5,0.5,0.18,0.05,520,145,-505,0,0,0.7071068,0.7071068;
custom,cylinder,brick2,1.8,0.5,1.8,1,0.5,0.5,0.5,0.18,0.05,520,215,-505,0,0,0.7071068,0.7071068;

custom,cylinder,brick2,1.8,0.5,1.8,1,0.5,0.5,0.5,0.18,0.05,380,145,-505,0,0,0.7071068,0.7071068;
custom,cylinder,brick2,1.8,0.5,1.8,1,0.5,0.5,0.5,0.18,0.05,380,215,-505,0,0,0.7071068,0.7071068;


racing,killcuboid,14,0.3,0.3,450,145,-380,0,0,0,0;
racing,killcuboid,14,0.3,0.3,450,215,-380,0,0,0,0;
racing,killcuboid,6,6.75,0.3,450,180,-380,0,0,0,0;
racing,killcuboid,14,0.3,0.3,450,145,-505,0,0,0,0;
racing,killcuboid,14,0.3,0.3,450,215,-505,0,0,0,0;
racing,killcuboid,14,2,0.3,450,226.5,-505,0,0,0,0;

racing,killcuboid,17.7,0.3,0.3,450,145,-442.5,0,0.3826834,0,0.9238795;
racing,killcuboid,17.7,0.3,0.3,450,215,-442.5,0,0.3826834,0,0.9238795;
racing,killcuboid,17.7,0.3,0.3,450,145,-442.5,0,-0.3826834,0,0.9238795;
racing,killcuboid,17.7,0.3,0.3,450,215,-442.5,0,-0.3826834,0,0.9238795;
racing,killcuboid,10,6.75,0.3,450,180,-442.5,0,0.3826834,0,0.9238795;
racing,killcuboid,10,6.75,0.3,450,180,-442.5,0,-0.3826834,0,0.9238795;

racing,killcuboid,14,2.75,0.3,450,200,-505,0,0,0,0;
racing,killcuboid,14,2.75,0.3,450,160,-505,0,0,0,0;

//3part;

custom,cuboid,stone3,61,1,22,1,1,1,1,6.1,2.2,250,125,-850,0,0,0,0,0;

racing,killcuboid,61.1,1.1,22.1,250,125,-850,0,0,0,0,0;

custom,cuboid,brick2,1,10,42,0,0.5,0.5,0.5,4.2,1,170,180,-745,0,1,0,1;

custom,cuboid,brick2,0.99,10,1.01,0,0.5,0.5,0.5,0.1,1,375,180,-745,0,1,0,1;

custom,cuboid,brick2,1,10,61,0,0.5,0.5,0.5,6.1,1,250,180,-955,0,1,0,1;

custom,cuboid,brick2,1,10,22,0,0.5,0.5,0.5,2.2,1,525,180,-850,0,0,0,0;

racing,killcuboid,61,1,20,250,235,-850,0,0,0,0,0;

racing,killcuboid,0.8,10,8,330,180,-790,0,0,0,0,0;
racing,killcuboid,0.8,10,8,330,180,-910,0,0,0,0,0;

racing,killcuboid,0.8,4,1,330,150,-850,0,0,0,0;
racing,killcuboid,0.8,4,1,330,150,-865,0,0,0,0;
racing,killcuboid,0.8,4,1,330,150,-835,0,0,0,0;

racing,killcuboid,0.8,4,1,330,210,-850,0,0,0,0;
racing,killcuboid,0.8,4,1,330,210,-865,0,0,0,0;
racing,killcuboid,0.8,4,1,330,210,-835,0,0,0,0;
racing,killcuboid,0.8,10,0.5,330,180,-842.5,0,0,0,0;
racing,killcuboid,0.8,10,0.5,330,180,-857.5,0,0,0,0;

racing,killcuboid,0.8,10,8,255,180,-790,0,0,0,0;
racing,killcuboid,0.8,10,8,255,180,-910,0,0,0,0;

racing,killcuboid,0.8,10,1,255,180,-850,0,0,0,0;
racing,killcuboid,0.8,10,1,255,180,-865,0,0,0,0;
racing,killcuboid,0.8,10,1,255,180,-835,0,0,0,0;

racing,killcuboid,0.8,4,0.5,255,210,-842.5,0,0,0,0;
racing,killcuboid,0.8,4,0.5,255,210,-857.5,0,0,0,0;

racing,killcuboid,0.8,4,0.5,255,150,-842.5,0,0,0,0;
racing,killcuboid,0.8,4,0.5,255,150,-857.5,0,0,0,0;

racing,killcuboid,0.8,10,8,180,180,-790,0,0,0,0;
racing,killcuboid,0.8,10,8,180,180,-910,0,0,0,0;

racing,killcuboid,0.8,4,1,180,150,-850,0,0,0,0;
racing,killcuboid,0.8,10,1,180,180,-865,0,0,0,0;
racing,killcuboid,0.8,10,1,180,180,-835,0,0,0,0;

racing,killcuboid,0.8,4,1,180,210,-850,0,0,0,0;
racing,killcuboid,0.8,10,0.5,180,180,-842.5,0,0,0,0;
racing,killcuboid,0.8,10,0.5,180,180,-857.5,0,0,0,0;

racing,killcuboid,0.8,10,8,105,180,-790,0,0,0,0;
racing,killcuboid,0.8,10,8,105,180,-910,0,0,0,0;

racing,killcuboid,0.8,4,1,105,150,-850,0,0,0,0;
racing,killcuboid,0.8,10,1,105,180,-865,0,0,0,0;
racing,killcuboid,0.8,10,1,105,180,-835,0,0,0,0;

racing,killcuboid,0.8,4,1,105,210,-850,0,0,0,0;
racing,killcuboid,0.8,10,0.5,105,180,-842.5,0,0,0,0;
racing,killcuboid,0.8,10,0.5,105,180,-857.5,0,0,0,0;

racing,killcuboid,0.8,0.2,1,105,180,-850,0,0,0,0;


//4part;

custom,cuboid,brick2,1,10,8,0,0.5,0.5,0.5,0.5,1,-10,180,-915.5,0,0.258819,0,0.9659258;
custom,cuboid,brick2,1,10,8,0,0.5,0.5,0.5,0.5,1,-10,180,-784.5,0,-0.258819,0,0.9659258;

custom,cuboid,brick2,1,10,42,0,0.5,0.5,0.5,4.2,1,-200,180,-817,0,1,0,1;
custom,cuboid,brick2,1,10,42,0,0.5,0.5,0.5,4.2,1,-200,180,-883,0,1,0,1;

custom,cylinder,brick2,1,5,1,0,0.5,0.5,0.5,0.1,0.5,10,180,-817,0,1,0,1;
custom,cylinder,brick2,1,5,1,0,0.5,0.5,0.5,0.1,0.5,10,180,-883,0,1,0,1;

custom,cuboid,stone3,36,1,8,1,1,1,1,3.6,0.8,-235,125,-850,0,0,0,0,0;

custom,cuboid,stone3,36,1,8,1,1,1,1,3.6,0.8,-235,235,-850,0,0,0,0,0;

//cp;

custom,cuboid,stone3,18,1,18,1,1,1,1,1.8,1.8,-505,125,-830,0,0,0,0,0;
custom,cuboid,stone3,18,1,18,1,1,1,1,1.8,1.8,-505,235,-830,0,0,0,0,0;

custom,cuboid,brick2,1,10,4,0,0.5,0.5,0.5,0.4,1,-415,180,-898,0,0,0,0;
custom,cuboid,brick2,1,10,8,0,0.5,0.5,0.5,0.8,1,-415,180,-782,0,0,0,0;

custom,cuboid,brick2,1,10,18,0,0.5,0.5,0.5,1.8,1,-505,180,-915,0,1,0,1;
custom,cuboid,brick2,1,10,18,0,0.5,0.5,0.5,1.8,1,-590,180,-830,0,0,0,0;

custom,cuboid,house9mat2,2,4.01,2,0,1,1,1,0.1,0.4,-505,150,-850,0,0,0,0,0;
custom,cuboid,house9mat2,2,4.01,2,0,1,1,1,0.1,0.4,-505,210,-850,0,0,0,0,0;
custom,cuboid,house9mat2,2,4,2,0,1,1,1,0.1,0.4,-505,150,-850,0,0.3826834,0,0.9238795;
custom,cuboid,house9mat2,2,4,2,0,1,1,1,0.1,0.4,-505,210,-850,0,0.3826834,0,0.9238795;
racing,checkpointcuboid,1.5,2,1.5,-505,180,-850,0,0,0,0,0;
custom,checkpointcuboid,default,1.5,2,1.5,0,1,1,1,0.1,0.4,-505,180,-850,0,0.3826834,0,0.9238795;
custom,cuboid,metal1,2.01,0.3,2.01,0,1,1,1,0.2,0.03,-505,168.5,-850,0,0,0,0,0;
custom,cuboid,metal1,2.01,0.3,2.01,0,1,1,1,0.2,0.03,-505,168.4,-850,0,0.3826834,0,0.9238795;

custom,cuboid,metal1,2.01,0.3,2.01,0,1,1,1,0.2,0.03,-505,191.5,-850,0,0,0,0,0;
custom,cuboid,metal1,2.01,0.3,2.01,0,1,1,1,0.2,0.03,-505,191.6,-850,0,0.3826834,0,0.9238795;

custom,cuboid,brick2,1,10,4,0,0.5,0.5,0.5,0.4,1,-440,180,-745,0,1,0,1;
custom,cuboid,brick2,1,10,4,0,0.5,0.5,0.5,0.4,1,-570,180,-745,0,1,0,1;


//5part;

custom,cuboid,brick2,1,20,55,0,0.5,0.5,0.5,5.5,2,-554.9,130,-474.9,0,0,0,0;
custom,cuboid,brick2,1,20,55,0,0.5,0.5,0.5,5.5,2,-455.1,130,-474.9,0,0,0,0;

custom,cuboid,brick2,1,10,10,0,0.5,0.5,0.5,1,1,-505,79.9,-744.8,0,1,0,1;

custom,cuboid,stone3,10,1,55,0,0.5,0.5,0.5,1,5.5,-505,235,-465,0,0,0,0;

custom,cuboid,brick2,1,12,10,0,0.5,0.5,0.5,1,1.2,-505,175,-205,0,1,0,1;
racing,killcuboid,1.1,12.2,10,-505,175,-205,0,1,0,1;

custom,cuboid,brick2,0.8,1.7,4.3,0,0.5,0.5,0.5,0.43,0.17,-538,114,-205,-0.2705981,0.6532815,0.2705981,0.6532815;

custom,cuboid,brick2,0.8,1.7,4.3,0,0.5,0.5,0.5,0.43,0.17,-472,114,-205,0.2705981,0.6532815,-0.2705981,0.6532815;

custom,cuboid,brick2,0.82,-1.7,4.3,0,0.5,0.5,0.5,0.43,0.17,-538,73,-205,-0.2705981,-0.6532815,0.2705981,-0.6532815;

custom,cuboid,brick2,0.82,-1.7,4.3,0,0.5,0.5,0.5,0.43,0.17,-472,73,-205,0.2705981,-0.6532815,-0.2705981,-0.6532815;

racing,killcuboid,0.84,1.8,4.3,-538,114,-205,-0.2705981,0.6532815,0.2705981,0.6532815;
racing,killcuboid,0.84,1.8,4.3,-472,114,-205,0.2705981,0.6532815,-0.2705981,0.6532815;
racing,killcuboid,0.84,-1.8,4.3,-538,73,-205,-0.2705981,-0.6532815,0.2705981,-0.6532815;
racing,killcuboid,0.84,-1.8,4.3,-472,73,-205,0.2705981,-0.6532815,-0.2705981,-0.6532815;

custom,cuboid,brick2,1,6,10,0,0.5,0.5,0.5,1,0.6,-505,43,-205,0,1,0,1;
racing,killcuboid,1.1,6.2,10,-505,43,-205,0,1,0,1;

custom,cuboid,brick2,0.98,1,10,0,0.5,0.5,0.5,0.1,1,-505,68.1,-205,0,1,0,1;

custom,cuboid,brick2,0.98,1,10,0,0.5,0.5,0.5,0.1,1,-505,119.9,-205,0,1,0,1;

racing,killcuboid,10,1,55,-505,25,-465,0,0,0,0;
racing,killcuboid,10,1.1,55,-505,235,-465,0,0,0,0;

racing,killcuboid,1.5,1.5,53,-455.1,35,-474.9,0,0,-0.3826834,0.9238795;
racing,killcuboid,1.5,1.5,53,-455.1,45,-474.9,0,0,-0.3826834,0.9238795;
racing,killcuboid,1.5,1.5,53,-455.1,55,-474.9,0,0,-0.3826834,0.9238795;
racing,killcuboid,1.5,1.5,53,-455.1,65,-474.9,0,0,-0.3826834,0.9238795;
racing,killcuboid,1.5,1.5,53,-455.1,75,-474.9,0,0,-0.3826834,0.9238795;
racing,killcuboid,1.5,1.5,53,-455.1,85,-474.9,0,0,-0.3826834,0.9238795;
racing,killcuboid,1.5,1.5,53,-455.1,95,-474.9,0,0,-0.3826834,0.9238795;
racing,killcuboid,1.5,1.5,53,-455.1,105,-474.9,0,0,-0.3826834,0.9238795;
racing,killcuboid,1.5,1.5,53,-455.1,115,-474.9,0,0,-0.3826834,0.9238795;
racing,killcuboid,1.5,1.5,53,-455.1,125,-474.9,0,0,-0.3826834,0.9238795;
racing,killcuboid,1.5,1.5,53,-455.1,135,-474.9,0,0,-0.3826834,0.9238795;
racing,killcuboid,1.5,1.5,53,-455.1,145,-474.9,0,0,-0.3826834,0.9238795;
racing,killcuboid,1.5,1.5,53,-455.1,155,-474.9,0,0,-0.3826834,0.9238795;
racing,killcuboid,1.5,1.5,53,-455.1,165,-474.9,0,0,-0.3826834,0.9238795;
racing,killcuboid,1.5,1.5,53,-455.1,175,-474.9,0,0,-0.3826834,0.9238795;
racing,killcuboid,1.5,1.5,53,-455.1,185,-474.9,0,0,-0.3826834,0.9238795;
racing,killcuboid,1.5,1.5,53,-455.1,195,-474.9,0,0,-0.3826834,0.9238795;
racing,killcuboid,1.5,1.5,53,-455.1,205,-474.9,0,0,-0.3826834,0.9238795;
racing,killcuboid,1.5,1.5,53,-455.1,215,-474.9,0,0,-0.3826834,0.9238795;
racing,killcuboid,1.5,1.5,53,-455.1,225,-474.9,0,0,-0.3826834,0.9238795;


racing,killcuboid,1.5,1.5,53,-554.1,35,-474.9,0,0,-0.3826834,0.9238795;
racing,killcuboid,1.5,1.5,53,-554.1,45,-474.9,0,0,-0.3826834,0.9238795;
racing,killcuboid,1.5,1.5,53,-554.1,55,-474.9,0,0,-0.3826834,0.9238795;
racing,killcuboid,1.5,1.5,53,-554.1,65,-474.9,0,0,-0.3826834,0.9238795;
racing,killcuboid,1.5,1.5,53,-554.1,75,-474.9,0,0,-0.3826834,0.9238795;
racing,killcuboid,1.5,1.5,53,-554.1,85,-474.9,0,0,-0.3826834,0.9238795;
racing,killcuboid,1.5,1.5,53,-554.1,95,-474.9,0,0,-0.3826834,0.9238795;
racing,killcuboid,1.5,1.5,53,-554.1,105,-474.9,0,0,-0.3826834,0.9238795;
racing,killcuboid,1.5,1.5,53,-554.1,115,-474.9,0,0,-0.3826834,0.9238795;
racing,killcuboid,1.5,1.5,53,-554.1,125,-474.9,0,0,-0.3826834,0.9238795;
racing,killcuboid,1.5,1.5,53,-554.1,135,-474.9,0,0,-0.3826834,0.9238795;
racing,killcuboid,1.5,1.5,53,-554.1,145,-474.9,0,0,-0.3826834,0.9238795;
racing,killcuboid,1.5,1.5,53,-554.1,155,-474.9,0,0,-0.3826834,0.9238795;
racing,killcuboid,1.5,1.5,53,-554.1,165,-474.9,0,0,-0.3826834,0.9238795;
racing,killcuboid,1.5,1.5,53,-554.1,175,-474.9,0,0,-0.3826834,0.9238795;
racing,killcuboid,1.5,1.5,53,-554.1,185,-474.9,0,0,-0.3826834,0.9238795;
racing,killcuboid,1.5,1.5,53,-554.1,195,-474.9,0,0,-0.3826834,0.9238795;
racing,killcuboid,1.5,1.5,53,-554.1,205,-474.9,0,0,-0.3826834,0.9238795;
racing,killcuboid,1.5,1.5,53,-554.1,215,-474.9,0,0,-0.3826834,0.9238795;
racing,killcuboid,1.5,1.5,53,-554.1,225,-474.9,0,0,-0.3826834,0.9238795;

//6part;
custom,cuboid,stone3,40,1,90,0,0.5,0.5,0.5,4,9,-505,67,245,0,0,0,0;
custom,cuboid,stone3,40,1,90,0,0.5,0.5,0.5,4,9,-505,174.5,245,0,0,0,0;

custom,cuboid,brick2,1,10,15,0,0.5,0.5,0.5,1.5,1,-555,119.9,-140,0,0,0,0;

custom,cuboid,brick2,1,10,15,0,0.5,0.5,0.5,1.5,1,-455,119.9,-140,0,0,0,0;

custom,cuboid,house9mat2,12,10,12,0,1,1,1,1.2,1,-505,120,150,0,0.3826834,0,0.9238795;
custom,cuboid,house9mat2,10,9.9,10,0,1,1,1,1,1,-505,120,120,0,0.3826834,0,0.9238795;
custom,cuboid,house9mat2,10,9.9,10,0,1,1,1,1,1,-505,120,180,0,0.3826834,0,0.9238795;
custom,cuboid,house9mat2,8,9.8,8,0,1,1,1,0.8,1,-505,120,90,0,0.3826834,0,0.9238795;
custom,cuboid,house9mat2,8,9.8,8,0,1,1,1,0.8,1,-505,120,210,0,0.3826834,0,0.9238795;

racing,killcuboid,12.1,2,12.1,-505,120,150,0,0.3826834,0,0.9238795;
racing,killcuboid,10.1,1.8,10.1,-505,120,120,0,0.3826834,0,0.9238795;
racing,killcuboid,10.1,1.8,10.1,-505,120,180,0,0.3826834,0,0.9238795;
racing,killcuboid,8.1,1.6,8.1,-505,120,90,0,0.3826834,0,0.9238795;
racing,killcuboid,8.1,1.6,8.1,-505,120,210,0,0.3826834,0,0.9238795;
racing,killcuboid,12.1,2,12.1,-505,120,150,0,0.3826834,0,0.9238795;
racing,killcuboid,10.1,1.8,10.1,-505,120,120,0,0.3826834,0,0.9238795;
racing,killcuboid,10.1,1.8,10.1,-505,120,180,0,0.3826834,0,0.9238795;
racing,killcuboid,8.1,1.6,8.1,-505,120,90,0,0.3826834,0,0.9238795;
racing,killcuboid,8.1,1.6,8.1,-505,120,210,0,0.3826834,0,0.9238795;

racing,killcuboid,12.1,2,12.1,-505,140,150,0,0.3826834,0,0.9238795;
racing,killcuboid,10.1,1.8,10.1,-505,138,120,0,0.3826834,0,0.9238795;
racing,killcuboid,10.1,1.8,10.1,-505,138,180,0,0.3826834,0,0.9238795;
racing,killcuboid,8.1,1.6,8.1,-505,136,90,0,0.3826834,0,0.9238795;
racing,killcuboid,8.1,1.6,8.1,-505,136,210,0,0.3826834,0,0.9238795;

racing,killcuboid,12.1,2,12.1,-505,100,150,0,0.3826834,0,0.9238795;
racing,killcuboid,10.1,1.8,10.1,-505,102,120,0,0.3826834,0,0.9238795;
racing,killcuboid,10.1,1.8,10.1,-505,102,180,0,0.3826834,0,0.9238795;
racing,killcuboid,8.1,1.6,8.1,-505,104,90,0,0.3826834,0,0.9238795;
racing,killcuboid,8.1,1.6,8.1,-505,104,210,0,0.3826834,0,0.9238795;

custom,cuboid,brick2,1,10,5,0,0.5,0.5,0.5,0.5,1,-575,119.9,-60,0,-0.5,0,0.8660254;
custom,cuboid,brick2,1,10,5,0,0.5,0.5,0.5,0.5,1,-615,119.9,-31.5,0,-0.4226183,0,0.9063078;
custom,cuboid,brick2,1,10,5,0,0.5,0.5,0.5,0.5,1,-647.5,119.9,1,0,-0.3420201,0,0.9396926;
custom,cuboid,brick2,1,10,5,0,0.5,0.5,0.5,0.5,1,-670,119.9,35,0,-0.258819,0,0.9659258;

custom,cuboid,brick2,1,-10,5,0,0.5,0.5,0.5,0.5,1,-435,119.9,-60,-0.5,0,-0.8660254,0;
custom,cuboid,brick2,1,-10,5,0,0.5,0.5,0.5,0.5,1,-395,119.9,-31.5,-0.4226183,0,-0.9063078,0;
custom,cuboid,brick2,1,-10,5,0,0.5,0.5,0.5,0.5,1,-362.5,119.9,1,-0.3420201,0,-0.9396926,0;
custom,cuboid,brick2,1,-10,5,0,0.5,0.5,0.5,0.5,1,-340,119.9,35,-0.258819,0,-0.9659258,0;

custom,cylinder,brick2,1.5,5,1.5,0,0.5,0.5,0.5,0.15,0.5,-455,119.9,-70,-0.5,0,0,0;
custom,cylinder,brick2,1.5,5,1.5,0,0.5,0.5,0.5,0.15,0.5,-555,119.9,-70,-0.5,0,0,0;

custom,cuboid,brick2,1,10,35,0,0.5,0.5,0.5,3.5,1,-683,119.9,200,0,0,0,0;
custom,cuboid,brick2,1,10,35,0,0.5,0.5,0.5,3.5,1,-327,119.9,200,0,0,0,0;

custom,cuboid,brick2,1,10,18.6,0,0.5,0.5,0.5,1.85,1,-505,119.9,370,0,1,0,1;

custom,cuboid,brick2,1,2,8,0,0.5,0.5,0.5,0.8,0.2,-638,159.9,370,0,1,0,1;
custom,cuboid,brick2,1,2,8,0,0.5,0.5,0.5,0.8,0.2,-372,159.9,370,0,1,0,1;

custom,cuboid,brick2,1,9,2,0,0.5,0.5,0.5,0.2,0.9,-668,105,370,0,1,0,1;
custom,cuboid,brick2,1,7,2,0,0.5,0.5,0.5,0.2,0.7,-648,95,370,0,1,0,1;
custom,cuboid,brick2,1,5,2,0,0.5,0.5,0.5,0.2,0.5,-628,85,370,0,1,0,1;
custom,cuboid,brick2,1,3,2,0,0.5,0.5,0.5,0.2,0.3,-608,75,370,0,1,0,1;

custom,cuboid,brick2,1,9,2,0,0.5,0.5,0.5,0.2,0.9,-342,105,370,0,1,0,1;
custom,cuboid,brick2,1,7,2,0,0.5,0.5,0.5,0.2,0.7,-362,95,370,0,1,0,1;
custom,cuboid,brick2,1,5,2,0,0.5,0.5,0.5,0.2,0.5,-382,85,370,0,1,0,1;
custom,cuboid,brick2,1,3,2,0,0.5,0.5,0.5,0.2,0.3,-402,75,370,0,1,0,1;

racing,killcuboid,1.1,0.1,2.1,-648,130,370,0,1,0,1;
racing,killcuboid,1.1,0.1,2.1,-628,110,370,0,1,0,1;
racing,killcuboid,1.1,0.1,2.1,-608,90,370,0,1,0,1;

racing,killcuboid,1.1,2.1,0.1,-658,140,370,0,1,0,1;
racing,killcuboid,1.1,2.1,0.1,-638,120,370,0,1,0,1;
racing,killcuboid,1.1,2.1,0.1,-618,100,370,0,1,0,1;

racing,killcuboid,1.1,6.1,0.1,-598,120,370,0,1,0,1;
racing,killcuboid,1.1,0.1,6.1,-628,150,370,0,1,0,1;

racing,killcuboid,1.1,0.1,2.1,-362,130,370,0,1,0,1;
racing,killcuboid,1.1,0.1,2.1,-382,110,370,0,1,0,1;
racing,killcuboid,1.1,0.1,2.1,-402,90,370,0,1,0,1;

racing,killcuboid,1.1,2.1,0.1,-352,140,370,0,1,0,1;
racing,killcuboid,1.1,2.1,0.1,-372,120,370,0,1,0,1;
racing,killcuboid,1.1,2.1,0.1,-392,100,370,0,1,0,1;

racing,killcuboid,1.1,6.1,0.1,-412,120,370,0,1,0,1;
racing,killcuboid,1.1,0.1,6.1,-382,150,370,0,1,0,1;


//7part;

custom,cuboid,brick2,1,10,30,0,0.5,0.5,0.5,3,1,-335,119.9,520,0,0,0,0;

custom,cuboid,brick2,1,10,30,0,0.5,0.5,0.5,3,1,-675,119.9,520,0,0,0,0;

custom,cylinder,brick2,3,5,3,0,0.5,0.5,0.5,0.5,0.3,-505,119.9,520,0,0,0,0;
racing,killcuboid,15,10.1,22,-505,119.9,480,0,0,0,0;
racing,killprism,15,10.1,25,-505,119.9,475,-1,0,0,0;

custom,cuboid,brick2,1,10,13,0,0.5,0.5,0.5,1.3,1,-615,119.9,670,0,1,0,1;
custom,cuboid,brick2,1,10,13,0,0.5,0.5,0.5,1.3,1,-395,119.9,670,0,1,0,1;

//8part;

custom,cuboid,brick2,1,10,6,0,0.5,0.5,0.5,0.6,1,-554.9,119.9,695.1,0,0,0,0;
custom,cuboid,brick2,1,10,6,0,0.5,0.5,0.5,0.6,1,-455.1,119.9,695.1,0,0,0,0;

custom,cuboid,brick2,1,10,22,0,0.5,0.5,0.5,2.2,1,-554.9,119.9,835,0,0,0,0;
custom,cuboid,brick2,1,10,13,0,0.5,0.5,0.5,1.3,1,-455.1,119.9,790,0,0,0,0;

custom,cuboid,stone3,25,1,9,0,0.5,0.5,0.5,2.5,0.9,-505,67,820,0,1,0,1;
custom,cuboid,stone3,65,1,9,0,0.5,0.5,0.5,6.5,0.9,-135,67,900,0,0,0,0;

custom,cuboid,stone3,25,1,9,0,0.5,0.5,0.5,2.5,0.9,-505,174.5,820,0,1,0,1;
custom,cuboid,stone3,65,1,9,0,0.5,0.5,0.5,6.5,0.9,-135,174.5,900,0,0,0,0;

custom,cuboid,brick2,1,10,65,0,0.5,0.5,0.5,6.5,1,-135,119.9,850.1,0,1,0,1;
custom,cuboid,brick2,1,10,65,0,0.5,0.5,0.5,6.5,1,-135,119.9,950,0,1,0,1;
custom,cuboid,brick2,1,10,9,0,0.5,0.5,0.5,0.9,1,-505,119.9,950,0,1,0,1;

custom,cuboid,house9mat2,55,1,1,0,1,1,1,5.5,0.1,-135,140,915,0,0,0,0;
custom,cuboid,house9mat2,55,1,1,0,1,1,1,5.5,0.1,-135,140,885,0,0,0,0;
custom,cuboid,house9mat2,55,1,1,0,1,1,1,5.5,0.1,-135,100,915,0,0,0,0;
custom,cuboid,house9mat2,55,1,1,0,1,1,1,5.5,0.1,-135,100,885,0,0,0,0;

custom,cuboid,house9mat2,1,10,1.2,0,1,1,1,0.12,1,-406,120,915,0,0,0,0;
custom,cuboid,house9mat2,1,10,1.2,0,1,1,1,0.12,1,-406,120,885,0,0,0,0;

custom,cuboid,house9mat2,1,1.2,10,0,1,1,1,1,0.12,-406.2,140,900,0,0,0,0;
custom,cuboid,house9mat2,1,1.2,10,0,1,1,1,1,0.12,-406.2,100,900,0,0,0,0;

racing,killcuboid,55,3.5,10,-135,152.6,900,0,0,0,0;
racing,killcuboid,55,3.5,10,-135,87.4,900,0,0,0,0;

racing,killcuboid,20,3,3.49,-310,120,927.5,0,0,0,0;
racing,killcuboid,20,3,3.49,-310,120,872.5,0,0,0,0;
racing,killcuboid,20,3,4,-80,120,900,0,0,0,0;

custom,cuboid,house9mat2,1,10,1,0,1,1,1,0.1,1,135.1,120,915,0,0,0,0;
custom,cuboid,house9mat2,1,10,1,0,1,1,1,0.1,1,135.1,120,885,0,0,0,0;

custom,cuboid,house9mat2,1,1,10,0,1,1,1,1,0.1,135.11,140,900,0,0,0,0;
custom,cuboid,house9mat2,1,1,10,0,1,1,1,1,0.1,135.11,100,900,0,0,0,0;

//9part;

custom,cuboid,stone3,65,1,69,0,0.5,0.5,0.5,6.5,6.9,515,67,600,0,0,0,0;

custom,cuboid,stone3,65,1,69,0,0.5,0.5,0.5,6.5,6.9,515,174.5,600,0,0,0,0;

custom,cuboid,brick2,1,10,65,0,0.5,0.5,0.5,6.5,1,515,119.9,950,0,1,0,1;
custom,cuboid,brick2,1,10,70,0,0.5,0.5,0.5,7,1,845,119.9,600,0,0,0,0;
custom,cuboid,brick2,1,10,64.9,0,0.5,0.5,0.5,6.5,1,515,119.9,250,0,1,0,1;
custom,cuboid,brick2,1.1,10,51,0,0.5,0.5,0.5,5.1,1,185.1,119.9,600,0,0,0,0;

custom,cuboid,brick2,1.1,3,55,0,0.5,0.5,0.5,5.5,0.3,455,120,850,0,1,0,1;
racing,killcuboid,1.1,3.5,55,455,152.5,850,0,1,0,1;
racing,killcuboid,1.1,3.5,55,455,87.5,850,0,1,0,1;

custom,cuboid,brick2,1,3,55,0,0.5,0.5,0.5,5.5,0.3,455,120,750,0,1,0,1;
racing,killcuboid,1,3.5,55,455,152.5,750,0,1,0,1;
racing,killcuboid,1,3.5,55,455,87.5,750,0,1,0,1;

custom,cuboid,brick2,1,3,10.9,0,0.5,0.5,0.5,1.09,0.3,725.1,120,800,0,0,0,0;
racing,killcuboid,1,3.5,9,725.1,152.5,800,0,0,0,0;
racing,killcuboid,1,3.5,9,725.1,87.5,800,0,0,0,0;

custom,cuboid,brick2,1,-3,55,0,0.5,0.5,0.5,5.5,0.3,575.1,120,650,1,0,-1,0;
racing,killcuboid,1,-3.5,55,575.1,152.5,650,1,0,-1,0;
racing,killcuboid,1,-3.5,55,575.1,87.5,650,1,0,-1,0;

custom,cuboid,brick2,1,-3,55,0,0.5,0.5,0.5,5.5,0.3,575.1,120,550,1,0,-1,0;
racing,killcuboid,1,-3.5,55,575.1,152.5,550,1,0,-1,0;
racing,killcuboid,1,-3.5,55,575.1,87.5,550,1,0,-1,0;

custom,cuboid,brick2,1,-3,10.9,0,0.5,0.5,0.5,1.09,0.3,305,120,600,0,0,0,0;
racing,killcuboid,1,-3.5,9,305,152.5,600,0,0,0,0;
racing,killcuboid,1,-3.5,9,305,87.5,600,0,0,0,0;

custom,cuboid,brick2,1,3,55,0,0.5,0.5,0.5,5.5,0.3,455,120,450,0,1,0,1;
racing,killcuboid,1,3.5,55,455,152.5,450,0,1,0,1;
racing,killcuboid,1,3.5,55,455,87.5,450,0,1,0,1;

custom,cuboid,brick2,1.1,3,55,0,0.5,0.5,0.5,5.5,0.3,455,120,350,0,1,0,1;
racing,killcuboid,1.1,3.5,55,455,152.5,350,0,1,0,1;
racing,killcuboid,1.1,3.5,55,455,87.5,350,0,1,0,1;

custom,cuboid,brick2,1,3,10.9,0,0.5,0.5,0.5,1.09,0.3,725.1,120,400,0,0,0,0;
racing,killcuboid,1,3.5,9,725.1,152.5,400,0,0,0,0;
racing,killcuboid,1,3.5,9,725.1,87.5,400,0,0,0,0;


racing,killcuboid,11,3.5,11,785,152.5,800,0,0,0,0;
racing,killcuboid,11,3.5,11,785,87.5,800,0,0,0,0;

racing,killcuboid,8,2.5,8,785,152.5,800,0,0.3826834,0,0.9238795;
racing,killcuboid,8,2.5,8,785,87.5,800,0,0.3826834,0,0.9238795;

racing,killcuboid,4,3,11,205,152.5,600,0,0,0,0;
racing,killcuboid,4,3,11,205,87.5,600,0,0,0,0;
custom,cuboid,brick2,4,3.5,1,0,0.5,0.5,0.5,0.4,0.35,205,120,650,0,0,0,0;
custom,cuboid,brick2,4,3.5,1,0,0.5,0.5,0.5,0.4,0.35,205,120,550,0,0,0,0;
custom,cuboid,brick2,1,-3.5,10.9,0,0.5,0.5,0.5,1.09,0.3,220.1,120,600,0,0,0,0;

//10part;

custom,cuboid,stone3,45,1,95,0,0.5,0.5,0.5,4.5,9.5,-35,67,10,0,0,0,0;
custom,cuboid,stone3,45,1,75,0,0.5,0.5,0.5,4.5,7.5,-35,174.6,110,0,0,0,0;

custom,cuboid,brick2,1,10,45,0,0.5,0.5,0.5,4.5,1,-35,119.9,490,0,1,0,1;
custom,cuboid,brick2,1,10,95,0,0.5,0.5,0.5,9.5,1,-265,119.9,10,0,0,0,0;
custom,cuboid,brick2,1,10,73,0,0.5,0.5,0.5,7.3,1,195,119.9,-110.1,0,0,0,0;

custom,cuboid,brick2,1,10,13,0,0.5,0.5,0.5,1.3,1,125,119.9,250,0,1,0,1;
custom,cuboid,brick2,1,10,13,0,0.5,0.5,0.5,1.3,1,65,119.9,320,0,0,0,0;

custom,cuboid,brick2,1.1,10,20.9,0,0.5,0.5,0.5,2.1,1,-35,119.9,380,0,1,0,1;
custom,cuboid,brick2,1,10,65,0,0.5,0.5,0.5,6.5,1,-135,119.9,60,0,0,0,0;
custom,cuboid,brick2,1,10,43,0,0.5,0.5,0.5,4.3,1,65,119.9,-50,0,0,0,0;

custom,cuboid,brick2,1,30,10,0,0.5,0.5,0.5,1,3,65,119.9,-315,0,0,0,0;
custom,cuboid,brick2,1,30,10,0,0.5,0.5,0.5,1,3,-135,119.9,-315,0,0,0,0;

custom,cuboid,brick2,1,30,12,0,0.5,0.5,0.5,1.2,3,-200,119.9,-360,0,1,0,1;

custom,cuboid,brick2,1,30,12,0,0.5,0.5,0.5,1.2,3,130,119.9,-360,0,1,0,1;

custom,cuboid,stone3,20.9,1,10.1,0,0.5,0.5,0.5,2.1,1.1,-35,265,-315,0,0,0,0;

custom,cuboid,brick2,1,8,45,0,0.5,0.5,0.5,4.5,0.8,-35,310,-360,0,1,0,1;

custom,cuboid,brick2,1,8,21,0,0.5,0.5,0.5,3.1,0.8,-35,310,-270,0,1,0,1;

custom,cuboid,brick2,1,18,12,0,0.5,0.5,0.5,1.2,1.8,130,260,-270,0,1,0,1;
custom,cuboid,brick2,1,18,12,0,0.5,0.5,0.5,1.2,1.8,-200,260,-270,0,1,0,1;

racing,killcuboid,1,18,10,195,260,-315,0,0,0,0;
racing,killcuboid,1,18,10,-265,260,-315,0,0,0,0;

racing,killcuboid,1,7,7,195,300,-315,-0.3826834,0,0,0.9238795;
racing,killcuboid,1,7,7,-265,300,-315,-0.3826834,0,0,0.9238795;

racing,killcuboid,1,5,5,195,210,-315,-0.3826834,0,0,0.9238795;
racing,killcuboid,1,5,5,-265,210,-315,-0.3826834,0,0,0.9238795;

custom,cuboid,stone3,45,1,10.1,0,0.5,0.5,0.5,4.5,1.1,-35,355,-315,0,0,0,0;

custom,cuboid,brick2,0.98,10,1,0,0.5,0.5,0.5,0.1,1.0,65,119.9,161,0,0,0,0;
custom,cuboid,brick2,1.1,10,0.98,0,0.5,0.5,0.5,0.1,1.0,65,119.9,250,0,0,0,0;


racing,killcuboid,20,1,1,-35,75,-40,0,0,0,0;
racing,killcuboid,20,1,1,-35,165,-40,0,0,0,0;

racing,killcuboid,1,8,1,-35,120,-40,0,0,0,0;

racing,killcuboid,1,8,1,-125,120,-40,0,0,0,0;
racing,killcuboid,1,8,1,55,120,-40,0,0,0,0;

racing,killcuboid,20,1,1,-35,85,-50,0,0,0,0;
racing,killcuboid,20,1,1,-35,95,-60,0,0,0,0;
racing,killcuboid,20,1,1,-35,105,-70,0,0,0,0;

racing,killcuboid,20,1,1,-35,155,-50,0,0,0,0;
racing,killcuboid,20,1,1,-35,145,-60,0,0,0,0;
racing,killcuboid,20,1,1,-35,135,-70,0,0,0,0;

racing,killcuboid,1,6,1,45,120,-50,0,0,0,0;
racing,killcuboid,1,4,1,35,120,-60,0,0,0,0;
racing,killcuboid,1,2,1,25,120,-70,0,0,0,0;

racing,killcuboid,1,6,1,-25,120,-50,0,0,0,0;
racing,killcuboid,1,4,1,-15,120,-60,0,0,0,0;
racing,killcuboid,1,2,1,-5,120,-70,0,0,0,0;

racing,killcuboid,1,6,1,-45,120,-50,0,0,0,0;
racing,killcuboid,1,4,1,-55,120,-60,0,0,0,0;
racing,killcuboid,1,2,1,-65,120,-70,0,0,0,0;

racing,killcuboid,1,6,1,-115,120,-50,0,0,0,0;
racing,killcuboid,1,4,1,-105,120,-60,0,0,0,0;
racing,killcuboid,1,2,1,-95,120,-70,0,0,0,0;

racing,killcuboid,20,1,6,-35,105,-105,0,0,0,0;
racing,killcuboid,20,1,6,-35,135,-105,0,0,0,0;

racing,killcuboid,20,3,1,-35,85,-130,0,0,0,0;
racing,killcuboid,20,3,1,-35,155,-130,0,0,0,0;

racing,killcuboid,1,2,6,-125,120,-105,0,0,0,0;
racing,killcuboid,1,2,6,55,120,-105,0,0,0,0;

racing,endcuboid,20,10,1,-35,120,-255,0,0,0,0;

//acce;

racing,killCuboid,-6,-1.3,-1.3,-32.25,119,370.25,-0.5,-0.5,0.5,0.5;
racing,killCuboid,-6,-1.3,-1.3,-32.25,119,370.25,-0.5,-0.5,0.5,0.5;

racing,killCuboid,-6,-1.3,-1.3,10.75,119,370.25,-0.5,-0.5,0.5,0.5;
racing,killCuboid,-6,-1.3,-1.3,10.75,119,370.25,-0.5,-0.5,0.5,0.5;

racing,killCuboid,-5,-1.3,-1.3,29.25,95.5,370.25,-0.7071068,0,0,0.7071068;
racing,killCuboid,-5,-1.3,-1.3,29.25,95.5,370.25,-0.7071068,0,0,0.7071068;

racing,killCuboid,-6,-1.3,-1.3,-90.75,95.5,370.25,-0.7071068,0,0,0.7071068;
racing,killCuboid,-6,-1.3,-1.3,-90.75,95.5,370.25,-0.7071068,0,0,0.7071068;

racing,killCuboid,-6,-1.3,-1.3,-90.75,141.5,370.25,-0.7071068,0,0,0.7071068;
racing,killCuboid,-6,-1.3,-1.3,-90.75,141.5,370.25,-0.7071068,0,0,0.7071068;

racing,killCuboid,-7,-1.3,-1.3,-91.25,119,370.25,-0.6532815,-0.2705981,0.2705981,0.6532815;
racing,killCuboid,-7,-1.3,-1.3,-91.25,119,370.25,-0.6532815,-0.2705981,0.2705981,0.6532815;

custom,killcuboid,default,20,10,13,0,1,1,1,0.5,0.3,-35,120,311,0,0,0,0;

custom,cylinder,house9mat2,5,3,5,0,1,1,1,0.5,0.3,-55,40,-435,0,0,0,0;
custom,cylinder,house9mat2,5,3,5,0,1,1,1,0.5,0.3,-15,40,-435,0,0,0,0;

custom,cylinder,house9mat2,5,3,5,0,1,1,1,0.5,0.3,-235,40,-435,0,0,0,0;
custom,cylinder,house9mat2,5,3,5,0,1,1,1,0.5,0.3,165,40,-435,0,0,0,0;
custom,cylinder,house9mat2,5,3,5,0,1,1,1,0.5,0.3,-235,40,-135,0,0,0,0;
custom,cylinder,house9mat2,5,3,5,0,1,1,1,0.5,0.3,165,40,-135,0,0,0,0;

custom,cylinder,house9mat2,5,3,5,0,1,1,1,0.5,0.3,-55,40,465,0,0,0,0;
custom,cylinder,house9mat2,5,3,5,0,1,1,1,0.5,0.3,-15,40,465,0,0,0,0;

custom,cylinder,house9mat2,5,3,5,0,1,1,1,0.5,0.3,-235,40,465,0,0,0,0;
custom,cylinder,house9mat2,5,3,5,0,1,1,1,0.5,0.3,165,40,465,0,0,0,0;
custom,cylinder,house9mat2,5,3,5,0,1,1,1,0.5,0.3,-235,40,165,0,0,0,0;
custom,cylinder,house9mat2,5,3,5,0,1,1,1,0.5,0.3,165,40,165,0,0,0,0;

custom,cylinder,house9mat2,5,3,5,0,1,1,1,0.5,0.3,265,40,285,0,0,0,0;
custom,cylinder,house9mat2,5,3,5,0,1,1,1,0.5,0.3,535,40,285,0,0,0,0;
custom,cylinder,house9mat2,5,3,5,0,1,1,1,0.5,0.3,805,40,285,0,0,0,0;

custom,cylinder,house9mat2,5,3,5,0,1,1,1,0.5,0.3,265,40,595,0,0,0,0;
custom,cylinder,house9mat2,5,3,5,0,1,1,1,0.5,0.3,805,40,595,0,0,0,0;

custom,cylinder,house9mat2,5,3,5,0,1,1,1,0.5,0.3,265,40,895,0,0,0,0;
custom,cylinder,house9mat2,5,3,5,0,1,1,1,0.5,0.3,535,40,895,0,0,0,0;
custom,cylinder,house9mat2,5,3,5,0,1,1,1,0.5,0.3,805,40,895,0,0,0,0;

custom,cylinder,house9mat2,5,3,5,0,1,1,1,0.5,0.3,-495,40,895,0,0,0,0;
custom,cylinder,house9mat2,5,3,5,0,1,1,1,0.5,0.3,-135,40,895,0,0,0,0;

custom,cylinder,house9mat2,5,3,5,0,1,1,1,0.5,0.3,-345,40,655,0,0,0,0;
custom,cylinder,house9mat2,5,3,5,0,1,1,1,0.5,0.3,-645,40,655,0,0,0,0;

custom,cylinder,house9mat2,5,3,5,0,1,1,1,0.5,0.3,-345,40,375,0,0,0,0;
custom,cylinder,house9mat2,5,3,5,0,1,1,1,0.5,0.3,-645,40,375,0,0,0,0;

custom,cylinder,house9mat2,5,3,5,0,1,1,1,0.5,0.3,-345,40,75,0,0,0,0;
custom,cylinder,house9mat2,5,3,5,0,1,1,1,0.5,0.3,-645,40,75,0,0,0,0;

custom,cylinder,house9mat2,5,3,5,0,1,1,1,0.5,0.3,-345,40,-175,0,0,0,0;
custom,cylinder,house9mat2,5,3,5,0,1,1,1,0.5,0.3,-645,40,-175,0,0,0,0;

custom,cylinder,house9mat2,6,8,6,0,1,1,1,0.6,0.8,-505,40,-850,0,0,0,0;





custom,killcuboid,cannonregionmat,0.1,2,0.1,0,0,0,0,0.1,0.4,333,180,-830,0,0,0,0;
custom,killcuboid,cannonregionmat,0.1,2,0.1,0,0,0,0,0.1,0.4,333,180,-840,0,0,0,0;

custom,killcuboid,cannonregionmat,0.1,0.1,1.1,0,0,0,0,0.1,0.4,333,190,-835,0,0,0,0;
custom,killcuboid,cannonregionmat,0.1,0.1,1.1,0,0,0,0,0.1,0.4,333,170,-835,0,0,0,0;

custom,killcuboid,cannonregionmat,0.1,2,0.1,0,0,0,0,0.1,0.4,333,180,-845,0,0,0,0;
custom,killcuboid,cannonregionmat,0.1,2,0.1,0,0,0,0,0.1,0.4,333,180,-855,0,0,0,0;

custom,killcuboid,cannonregionmat,0.1,0.1,1.1,0,0,0,0,0.1,0.4,333,190,-850,0,0,0,0;
custom,killcuboid,cannonregionmat,0.1,0.1,1.1,0,0,0,0,0.1,0.4,333,170,-850,0,0,0,0;

custom,killcuboid,cannonregionmat,0.1,2,0.1,0,0,0,0,0.1,0.4,333,180,-860,0,0,0,0;
custom,killcuboid,cannonregionmat,0.1,2,0.1,0,0,0,0,0.1,0.4,333,180,-870,0,0,0,0;

custom,killcuboid,cannonregionmat,0.1,0.1,1.1,0,0,0,0,0.1,0.4,333,190,-865,0,0,0,0;
custom,killcuboid,cannonregionmat,0.1,0.1,1.1,0,0,0,0,0.1,0.4,333,170,-865,0,0,0,0;

custom,killcuboid,cannonregionmat,0.1,2,0.1,0,0,0,0,0.1,0.4,183,180,-845,0,0,0,0;
custom,killcuboid,cannonregionmat,0.1,2,0.1,0,0,0,0,0.1,0.4,183,180,-855,0,0,0,0;

custom,killcuboid,cannonregionmat,0.1,0.1,1.1,0,0,0,0,0.1,0.4,183,190,-850,0,0,0,0;
custom,killcuboid,cannonregionmat,0.1,0.1,1.1,0,0,0,0,0.1,0.4,183,170,-850,0,0,0,0;

custom,killcuboid,cannonregionmat,0.1,2,0.1,0,0,0,0,0.1,0.4,108,180,-845,0,0,0,0;
custom,killcuboid,cannonregionmat,0.1,2,0.1,0,0,0,0,0.1,0.4,108,180,-855,0,0,0,0;

custom,killcuboid,cannonregionmat,0.1,0.1,1.1,0,0,0,0,0.1,0.4,108,190,-850,0,0,0,0;
custom,killcuboid,cannonregionmat,0.1,0.1,1.1,0,0,0,0,0.1,0.4,108,170,-850,0,0,0,0;
custom,killcuboid,cannonregionmat,0.1,0.1,1.1,0,0,0,0,0.1,0.4,108,180,-850,0,0,0,0;

custom,killcuboid,cannonregionmat,0.1,2,0.1,0,0,0,0,0.1,0.4,258,180,-860,0,0,0,0;
custom,killcuboid,cannonregionmat,0.1,2,0.1,0,0,0,0,0.1,0.4,258,180,-855,0,0,0,0;

custom,killcuboid,cannonregionmat,0.1,0.1,0.6,0,0,0,0,0.1,0.4,258,190,-857.5,0,0,0,0;
custom,killcuboid,cannonregionmat,0.1,0.1,0.6,0,0,0,0,0.1,0.4,258,170,-857.5,0,0,0,0;

custom,killcuboid,cannonregionmat,0.1,2,0.1,0,0,0,0,0.1,0.4,258,180,-840,0,0,0,0;
custom,killcuboid,cannonregionmat,0.1,2,0.1,0,0,0,0,0.1,0.4,258,180,-845,0,0,0,0;

custom,killcuboid,cannonregionmat,0.1,0.1,0.6,0,0,0,0,0.1,0.4,258,190,-842.5,0,0,0,0;
custom,killcuboid,cannonregionmat,0.1,0.1,0.6,0,0,0,0,0.1,0.4,258,170,-842.5,0,0,0,0;


racing,checkpointCuboid,12,10,1,130,120,-269,0,0,0,0;

custom,cylinder,house9mat2,3.5,5,3.5,0,1,1,1,0.35,0.5,350,70,-950,0,0,0,0;
custom,cylinder,house9mat2,3.5,5,3.5,0,1,1,1,0.35,0.5,550,70,-950,0,0,0,0;
custom,cylinder,house9mat2,3.5,5,3.5,0,1,1,1,0.35,0.5,350,70,-750,0,0,0,0;
custom,cylinder,house9mat2,3.5,5,3.5,0,1,1,1,0.35,0.5,550,70,-750,0,0,0,0;


custom,cuboid,house9mat2,14.6,1.01,1,0,1,1,1,1.46,0.1,450,30,-916,0,0,0,0;
custom,cuboid,house9mat2,3,1,1,0,1,1,1,0.3,0.1,530,30,-925,0,0.3826834,0,0.9238795;
custom,cuboid,house9mat2,3,1,1,0,1,1,1,0.3,0.1,370,30,-925,0,-0.3826834,0,0.9238795;

custom,cuboid,house9mat2,14.6,1.01,1,0,1,1,1,1.46,0.1,450,40,-926,0,0,0,0;
custom,cuboid,house9mat2,3,1,1,0,1,1,1,0.3,0.1,530,40,-935,0,0.3826834,0,0.9238795;
custom,cuboid,house9mat2,3,1,1,0,1,1,1,0.3,0.1,370,40,-935,0,-0.3826834,0,0.9238795;

custom,cuboid,house9mat2,14.6,1.01,1,0,1,1,1,1.46,0.1,450,50,-936,0,0,0,0;
custom,cuboid,house9mat2,3,1,1,0,1,1,1,0.3,0.1,530,50,-945,0,0.3826834,0,0.9238795;
custom,cuboid,house9mat2,3,1,1,0,1,1,1,0.3,0.1,370,50,-945,0,-0.3826834,0,0.9238795;

custom,cuboid,house9mat2,14.6,1.01,1,0,1,1,1,1.46,0.1,450,60,-946,0,0,0,0;
custom,cuboid,house9mat2,3,1,1,0,1,1,1,0.3,0.1,530,60,-955,0,0.3826834,0,0.9238795;
custom,cuboid,house9mat2,3,1,1,0,1,1,1,0.3,0.1,370,60,-955,0,-0.3826834,0,0.9238795;


custom,prism,house9mat2,1.5,18,1.5,0,1,1,1,0.15,1.8,550,25,-855,-0.664463,-0.2418448,0.2418448,0.664463;
custom,prism,house9mat2,1.5,18,1.5,0,1,1,1,0.15,1.8,350,25,-855,-0.664463,0.2418448,-0.2418448,0.664463;



custom,cuboid,house9mat2,1,7,1,0,0.1477273,0.1704545,0.1590909,0.1,0.7,-35,85,-375,0,1,0,0;
custom,cuboid,metal1,1.1,0.1,1.1,1,246,255,0,0.11,0.1,-35,120,-375,0,1,0,0;

custom,killcuboid,cannonregionmat,0.9,0.2,0.9,1,1,0.01,1,0.45,0.2,-35,120,-375,0,1,0,0;
custom,killcuboid,cannonregionmat,0.9,0.4,0.9,1,0.9,0.01,0.9,0.45,0.4,-35,120,-375,0,1,0,0;
custom,killcuboid,cannonregionmat,0.9,0.6,0.9,1,0.8,0.01,0.8,0.45,0.6,-35,120,-375,0,1,0,0;
custom,killcuboid,cannonregionmat,0.9,0.8,0.9,1,0.7,0.01,0.7,0.45,0.8,-35,120,-375,0,1,0,0;
custom,killcuboid,cannonregionmat,0.9,1,0.9,1,0.6,0.01,0.6,0.45,1,-35,120,-375,0,1,0,0;
custom,killcuboid,cannonregionmat,0.9,1.2,0.9,1,0.5,0.01,0.5,0.45,1.2,-35,120,-375,0,1,0,0;
custom,killcuboid,cannonregionmat,0.9,1.4,0.9,1,0.4,0.01,0.4,0.45,1.4,-35,120,-375,0,1,0,0;
custom,killcuboid,cannonregionmat,0.9,1.6,0.9,1,0.3,0.01,0.3,0.45,1.6,-35,120,-375,0,1,0,0;
custom,killcuboid,cannonregionmat,0.9,1.8,0.9,1,0.2,0.01,0.2,0.45,1.8,-35,120,-375,0,1,0,0;
custom,killcuboid,cannonregionmat,0.9,2,0.9,1,0.1,0.01,0.1,0.45,2,-35,120,-375,0,1,0,0;
custom,killcuboid,cannonregionmat,0.9,2.2,0.9,1,0,0.01,0,0.45,2.2,-35,120,-375,0,1,0,0;
custom,killcuboid,cannonregionmat,0.9,2.4,0.9,1,-0.1,0.01,-0.1,0.45,2.4,-35,120,-375,0,1,0,0;




custom,cuboid,house9mat2,1,3,1,0,0.1477273,0.1704545,0.1590909,0.1,0.3,15,85,-345,0,1,0,0;
custom,cuboid,metal1,1.1,0.1,1.1,1,160,0.30,0,0.11,0.1,15,100,-345,0,1,0,0;

custom,killcuboid,cannonregionmat,0.9,0.2,0.9,1,1,0.01,1,0.45,0.2,15,100,-345,0,1,0,0;
custom,killcuboid,cannonregionmat,0.9,0.4,0.9,1,0.9,0.01,0.9,0.45,0.4,15,100,-345,0,1,0,0;
custom,killcuboid,cannonregionmat,0.9,0.6,0.9,1,0.8,0.01,0.8,0.45,0.6,15,100,-345,0,1,0,0;
custom,killcuboid,cannonregionmat,0.9,0.8,0.9,1,0.7,0.01,0.7,0.45,0.8,15,100,-345,0,1,0,0;
custom,killcuboid,cannonregionmat,0.9,1,0.9,1,0.6,0.01,0.6,0.45,1,15,100,-345,0,1,0,0;
custom,killcuboid,cannonregionmat,0.9,1.2,0.9,1,0.5,0.01,0.5,0.45,1.2,15,100,-345,0,1,0,0;
custom,killcuboid,cannonregionmat,0.9,1.4,0.9,1,0.4,0.01,0.4,0.45,1.4,15,100,-345,0,1,0,0;
custom,killcuboid,cannonregionmat,0.9,1.6,0.9,1,0.3,0.01,0.3,0.45,1.6,15,100,-345,0,1,0,0;
custom,killcuboid,cannonregionmat,0.9,1.8,0.9,1,0.2,0.01,0.2,0.45,1.8,15,100,-345,0,1,0,0;
custom,killcuboid,cannonregionmat,0.9,2,0.9,1,0.1,0.01,0.1,0.45,2,15,100,-345,0,1,0,0;
custom,killcuboid,cannonregionmat,0.9,2.2,0.9,1,0,0.01,0,0.45,2.2,15,100,-345,0,1,0,0;
custom,killcuboid,cannonregionmat,0.9,2.4,0.9,1,-0.1,0.01,-0.1,0.45,2.4,15,100,-345,0,1,0,0;



custom,cuboid,house9mat2,1,5,1,0,0.1477273,0.1704545,0.1590909,0.1,0.5,-85,85,-345,0,1,0,0;
custom,cuboid,metal1,1.1,0.1,1.1,1,0.122,0.3,0.4,0.11,0.1,-85,110,-345,0,1,0,0;

custom,killcuboid,cannonregionmat,0.9,0.2,0.9,1,1,0.01,1,0.45,0.2,-85,110,-345,0,1,0,0;
custom,killcuboid,cannonregionmat,0.9,0.4,0.9,1,0.9,0.01,0.9,0.45,0.4,-85,110,-345,0,1,0,0;
custom,killcuboid,cannonregionmat,0.9,0.6,0.9,1,0.8,0.01,0.8,0.45,0.6,-85,110,-345,0,1,0,0;
custom,killcuboid,cannonregionmat,0.9,0.8,0.9,1,0.7,0.01,0.7,0.45,0.8,-85,110,-345,0,1,0,0;
custom,killcuboid,cannonregionmat,0.9,1,0.9,1,0.6,0.01,0.6,0.45,1,-85,110,-345,0,1,0,0;
custom,killcuboid,cannonregionmat,0.9,1.2,0.9,1,0.5,0.01,0.5,0.45,1.2,-85,110,-345,0,1,0,0;
custom,killcuboid,cannonregionmat,0.9,1.4,0.9,1,0.4,0.01,0.4,0.45,1.4,-85,110,-345,0,1,0,0;
custom,killcuboid,cannonregionmat,0.9,1.6,0.9,1,0.3,0.01,0.3,0.45,1.6,-85,110,-345,0,1,0,0;
custom,killcuboid,cannonregionmat,0.9,1.8,0.9,1,0.2,0.01,0.2,0.45,1.8,-85,110,-345,0,1,0,0;
custom,killcuboid,cannonregionmat,0.9,2,0.9,1,0.1,0.01,0.1,0.45,2,-85,110,-345,0,1,0,0;
custom,killcuboid,cannonregionmat,0.9,2.2,0.9,1,0,0.01,0,0.45,2.2,-85,110,-345,0,1,0,0;
custom,killcuboid,cannonregionmat,0.9,2.4,0.9,1,-0.1,0.01,-0.1,0.45,2.4,-85,110,-345,0,1,0,0;


custom,arc90,brick2,10,20,10,0,0.5,0.5,0.5,2,1,-97,108,-410,0,0,0,0;
custom,arc90,brick2,10,20,10,0,0.5,0.5,0.5,2,1,27,108,-410,0,0.7071068,0,-0.7071068;

misc,barrier,19,1,20,-35,175,-345,0,1,0,0;

custom,killcuboid,brick2,0.9,10,0.9,0,-0.1,0.01,-0.1,0.09,1,-35,120,-449,0,1,0,0;
custom,cuboid,brick2,1.5,10,1.5,0,-0.1,0.01,-0.1,0.15,1,-45,120,-449,0,1,0,0;
custom,cuboid,brick2,1.5,10,1.5,0,-0.1,0.01,-0.1,0.15,1,-25,120,-449,0,1,0,0;



custom,endPrism,default,-2.4,-0.2,-3,1,0,1,1,1,1,-200,105,-355,-0.7071068,0,0,0.7071068;
custom,endPrism,default,-2.4,-0.2,-3,1,0,1,1,1,1,-200,135,-355,-0.7071068,0,0,0.7071068;
custom,endPrism,default,2.4,-0.2,-3,0,0.5,0.5,0.5,1.3,1,70,119.9,305,0,0,-0.7071068,0.7071068;
custom,endPrism,default,2.4,-0.2,-3,0,0.5,0.5,0.5,1.3,1,120,119.9,485,0.5,-0.5,-0.5,0.5;
custom,endPrism,default,2.4,-0.2,-3,0,0.5,0.5,0.5,1.3,1,120,119.9,245,0.5,-0.5,-0.5,0.5;
custom,endPrism,default,2.4,-0.2,-3,0,0.5,0.5,0.5,1.3,1,-260,119.9,425,0.7071068,-0.7071068,0,0;
custom,endPrism,default,2.4,-0.2,-3,0,0.5,0.5,0.5,1.3,1,840,119.9,905,0.7071068,-0.7071068,0,0;

custom,endPrism,default,1.4,-0.2,-2,0,0.5,0.5,0.5,1.3,1,-410,119.9,933,0.7071068,-0.7071068,0,0;
custom,endPrism,default,1.4,-0.2,-2,0,0.5,0.5,0.5,1.3,1,-410,119.9,867,0,0,-0.7071068,0.7071068;

custom,endPrism,default,1.2,-0.2,-1.8,0,0.5,0.5,0.5,1.3,1,-180,119.9,892,0.7071068,-0.7071068,0,0;
custom,endPrism,default,1.2,-0.2,-1.8,0,0.5,0.5,0.5,1.3,1,-180,119.9,908,0,0,-0.7071068,0.7071068;

custom,endPrism,default,2.4,-0.2,-3,0,0.5,0.5,0.5,1.3,1,-625,119.9,665,0.5,-0.5,0.5,-0.5;
custom,endPrism,default,2.4,-0.2,-3,0,0.5,0.5,0.5,1.3,1,-380,119.9,665,0.5,-0.5,-0.5,0.5;

racing,killcuboid,0.5,1.5,10,-505,120,-737,-0.2705981,0.6532815,-0.2705981,0.6532815;
racing,killcuboid,0.5,1.5,10,-505,115,-727,-0.2705981,0.6532815,-0.2705981,0.6532815;
racing,killcuboid,0.5,1.5,10,-505,110,-717,-0.2705981,0.6532815,-0.2705981,0.6532815;
racing,killcuboid,0.5,1.5,10,-505,105,-707,-0.2705981,0.6532815,-0.2705981,0.6532815;
racing,killcuboid,0.5,1.5,10,-505,100,-697,-0.2705981,0.6532815,-0.2705981,0.6532815;
racing,killcuboid,0.5,1.5,10,-505,95,-687,-0.2705981,0.6532815,-0.2705981,0.6532815;
racing,killcuboid,0.5,1.5,10,-505,90,-677,-0.2705981,0.6532815,-0.2705981,0.6532815;
racing,killcuboid,0.5,1.5,10,-505,85,-667,-0.2705981,0.6532815,-0.2705981,0.6532815;
racing,killcuboid,0.5,1.5,10,-505,80,-657,-0.2705981,0.6532815,-0.2705981,0.6532815;
racing,killcuboid,0.5,1.5,10,-505,75,-647,-0.2705981,0.6532815,-0.2705981,0.6532815;
racing,killcuboid,0.5,1.5,10,-505,70,-637,-0.2705981,0.6532815,-0.2705981,0.6532815;
racing,killcuboid,0.5,1.5,10,-505,65,-627,-0.2705981,0.6532815,-0.2705981,0.6532815;
racing,killcuboid,0.5,1.5,10,-505,60,-617,-0.2705981,0.6532815,-0.2705981,0.6532815;
racing,killcuboid,0.5,1.5,10,-505,55,-607,-0.2705981,0.6532815,-0.2705981,0.6532815;
racing,killcuboid,0.5,1.5,10,-505,50,-597,-0.2705981,0.6532815,-0.2705981,0.6532815;
custom,killcuboid,default,0.5,1.5,10,0,0,0,0,0,0,-505,45,-587,-0.2705981,0.6532815,-0.2705981,0.6532815;
racing,killcuboid,0.5,1.5,10,-505,40,-577,-0.2705981,0.6532815,-0.2705981,0.6532815;
racing,killcuboid,0.5,1.5,10,-505,35,-567,-0.2705981,0.6532815,-0.2705981,0.6532815;

custom,cylinder,house9mat2,3,5,3,0,1,1,1,0.3,0.5,-345,120,-175,0,0,0,0;
custom,cylinder,house9mat2,3,5,3,0,1,1,1,0.3,0.5,-645,120,-175,0,0,0,0;


custom,cylinder,house9mat2,5,16,5,0,1,1,1,0.5,1.6,-265,120,-475,0,0,0,0;
custom,cylinder,house9mat2,5,16,5,0,1,1,1,0.5,1.6,195,120,-475,0,0,0,0;

racing,killcylinder,7,0.5,7,-265,300,-475,0,0,0,0;
racing,killcylinder,7,0.5,7,195,300,-475,0,0,0,0;

racing,killcylinder,7,0.5,7,-265,300,-475,-0.7071068,0,0,0.7071068;
racing,killcylinder,7,0.5,7,195,300,-475,-0.7071068,0,0,0.7071068;

racing,killcylinder,7,0.5,7,-265,300,-475,0,0,-0.7071068,0.7071068;
racing,killcylinder,7,0.5,7,195,300,-475,0,0,-0.7071068,0.7071068;

racing,killcuboid,1,32,5,-265,120,-475,0,0,0,0;
racing,killcuboid,5,32,1,195,120,-475,0,0,0,0;

racing,killcuboid,5,32,1,-265,120,-475,0,0,0,0;
racing,killcuboid,1,32,5,195,120,-475,0,0,0,0;


custom,cuboid,default,0.4,0.02,0.7,1,0,0,0,1,1,-35,55,-382,0.5,0.5,0.5,0.5;
custom,cuboid,default,0.2,0.02,0.3,1,0,0,0,1,1,-35,55,-380.2,-0.5,0.5,-0.5,0.5;
custom,cylinder,default,0.05,0.2,0.05,1,0.03,0.03,0.03,1,1,-35,55,-380,-0.7071068,0,0,0.7071068;

custom,cuboid,default,0.02,0.02,0.05,0,0,0,0,1,1,-37,55.7,-382.1,0.5,0.5,0.5,0.5;
custom,cuboid,default,0.02,0.02,0.05,0,0,0,0,1,1,-37,55.2,-382.1,0.5,0.5,0.5,0.5;
custom,cuboid,default,0.02,0.02,0.05,0,0,0,0,1,1,-37,54.7,-382.1,0.5,0.5,0.5,0.5;
custom,cuboid,default,0.02,0.05,0.02,0,0,0,0,1,1,-36.85,55.4,-382.1,0,0,0,0;
custom,cuboid,default,0.02,0.05,0.02,0,0,0,0,1,1,-37.15,55,-382.1,0,0,0,0;

custom,cuboid,default,0.02,0.02,0.05,0,0,0,0,1,1,-36.25,55.7,-382.1,0.5,0.5,0.5,0.5;
custom,cuboid,default,0.02,0.02,0.05,0,0,0,0,1,1,-36.25,55.2,-382.1,0.5,0.5,0.5,0.5;
custom,cuboid,default,0.02,0.02,0.05,0,0,0,0,1,1,-36.25,54.7,-382.1,0.5,0.5,0.5,0.5;
custom,cuboid,default,0.02,0.05,0.02,0,0,0,0,1,1,-36.1,55.4,-382.1,0,0,0,0;
custom,cuboid,default,0.02,0.05,0.02,0,0,0,0,1,1,-36.4,55,-382.1,0,0,0,0;

custom,cuboid,default,0.02,0.02,0.05,0,0,0,0,1,1,-35.5,55.7,-382.1,0.5,0.5,0.5,0.5;
custom,cuboid,default,0.02,0.11,0.02,0,0,0,0,1,1,-35.5,55.1,-382.1,0,0,-0.1305262,0.9914449;

custom,cuboid,default,0.02,0.02,0.05,0,0,0,0,1,1,-34.75,55.7,-382.1,0.5,0.5,0.5,0.5;
custom,cuboid,default,0.02,0.1,0.02,0,0,0,0,1,1,-34.9,55.1,-382.1,0,0,0,0;
custom,cuboid,default,0.02,0.02,0.05,0,0,0,0,1,1,-34.75,55.2,-382.1,0.5,0.5,0.5,0.5;
custom,cuboid,default,0.02,0.02,0.05,0,0,0,0,1,1,-34.75,54.7,-382.1,0.5,0.5,0.5,0.5;
custom,cuboid,default,0.02,0.07,0.02,0,0,0,0,1,1,-34.55,54.95,-382.1,0,0,0,0;

custom,cuboid,default,0.02,0.02,0.05,0,0,0,0,1,1,-34,55.7,-382.1,0.5,0.5,0.5,0.5;
custom,cuboid,default,0.02,0.11,0.02,0,0,0,0,1,1,-34,55.1,-382.1,0,0,-0.1305262,0.9914449;

custom,cuboid,default,0.02,0.02,0.05,0,0,0,0,1,1,-33.25,55.7,-382.1,0.5,0.5,0.5,0.5;
custom,cuboid,default,0.02,0.02,0.05,0,0,0,0,1,1,-33.25,55.2,-382.1,0.5,0.5,0.5,0.5;
custom,cuboid,default,0.02,0.02,0.05,0,0,0,0,1,1,-33.25,54.7,-382.1,0.5,0.5,0.5,0.5;
custom,cuboid,default,0.02,0.05,0.02,0,0,0,0,1,1,-33.4,55.4,-382.1,0,0,0,0;
custom,cuboid,default,0.02,0.05,0.02,0,0,0,0,1,1,-33.1,55,-382.1,0,0,0,0;





custom,cuboid,default,0.4,0.02,0.7,1,0,0,0,1,1,-562.075,165,680.825,0.7071068,0.7071068,0,0;
custom,cuboid,default,0.2,0.02,0.3,1,0,0,0,1,1,-560,165,680.825,-0.7071068,0.7071068,0,0;
custom,cylinder,default,0.05,0.2,0.05,1,0.03,0.03,0.03,1,1,-560.075,165,680.825,-0.5,0.5,0.5,0.5;

custom,cuboid,default,0.02,0.02,0.05,0,0,0,0,1,1,-562.175,165.7,682.825,0.7071068,0.7071068,0,0;
custom,cuboid,default,0.02,0.02,0.05,0,0,0,0,1,1,-562.175,165.2,682.825,0.7071068,0.7071068,0,0;
custom,cuboid,default,0.02,0.02,0.05,0,0,0,0,1,1,-562.175,164.7,682.825,0.7071068,0.7071068,0,0;
custom,cuboid,default,0.02,0.05,0.02,0,0,0,0,1,1,-562.175,165.4,682.675,0,0.7071068,0,0.7071068;
custom,cuboid,default,0.02,0.05,0.02,0,0,0,0,1,1,-562.175,165,682.975,0,0.7071068,0,0.7071068;

custom,cuboid,default,0.02,0.02,0.04,0,0,0,0,1,1,-562.175,165.7,682.17,0.7071068,0.7071068,0,0;
custom,cuboid,default,0.02,0.10,0.02,0,0,0,0,1,1,-562.175,165.1,682.075,0,0.7071068,0,0.7071068;
custom,cuboid,default,0.02,0.02,0.05,0,0,0,0,1,1,-562.175,164.70,682.075,0.7071068,0.7071068,0,0;

custom,cuboid,default,0.02,0.02,0.05,0,0,0,0,1,1,-562.175,165.7,681.325,0.7071068,0.7071068,0,0;
custom,cuboid,default,0.02,0.1,0.02,0,0,0,0,1,1,-562.175,165.1,681.175,0,0.7071068,0,0.7071068;
custom,cuboid,default,0.02,0.02,0.05,0,0,0,0,1,1,-562.175,165.2,681.325,0.7071068,0.7071068,0,0;
custom,cuboid,default,0.02,0.02,0.055,0,0,0,0,1,1,-562.175,164.7,681.35,0.7071068,0.7071068,0,0;
custom,cuboid,default,0.02,0.07,0.02,0,0,0,0,1,1,-562.175,165.45,681.55,0,0.7071068,0,0.7071068;

custom,cuboid,default,0.02,0.02,0.05,0,0,0,0,1,1,-562.175,165.7,680.575,0.7071068,0.7071068,0,0;
custom,cuboid,default,0.02,0.1,0.02,0,0,0,0,1,1,-562.175,165.1,680.425,0,0.7071068,0,0.7071068;
custom,cuboid,default,0.02,0.02,0.05,0,0,0,0,1,1,-562.175,165.2,680.575,0.7071068,0.7071068,0,0;
custom,cuboid,default,0.02,0.02,0.055,0,0,0,0,1,1,-562.175,164.7,680.6,0.7071068,0.7071068,0,0;
custom,cuboid,default,0.02,0.07,0.02,0,0,0,0,1,1,-562.175,165.45,680.8,0,0.7071068,0,0.7071068;

custom,cuboid,default,0.02,0.02,0.05,0,0,0,0,1,1,-562.175,165.7,679.825,0.7071068,0.7071068,0,0;
custom,cuboid,default,0.02,0.1,0.02,0,0,0,0,1,1,-562.175,165.1,679.975,0,0.7071068,0,0.7071068;
custom,cuboid,default,0.02,0.02,0.05,0,0,0,0,1,1,-562.175,165.2,679.825,0.7071068,0.7071068,0,0;
custom,cuboid,default,0.02,0.02,0.05,0,0,0,0,1,1,-562.175,164.7,679.825,0.7071068,0.7071068,0,0;
custom,cuboid,default,0.02,0.12,0.02,0,0,0,0,1,1,-562.175,165.2,679.625,0,0.7071068,0,0.7071068;

custom,cuboid,default,0.02,0.02,0.05,0,0,0,0,1,1,-562.175,165.7,679.075,0.7071068,0.7071068,0,0;
custom,cuboid,default,0.02,0.1,0.02,0,0,0,0,1,1,-562.175,165.1,679.225,0,0.7071068,0,0.7071068;
custom,cuboid,default,0.02,0.02,0.05,0,0,0,0,1,1,-562.175,165.2,679.075,0.7071068,0.7071068,0,0;
custom,cuboid,default,0.02,0.02,0.05,0,0,0,0,1,1,-562.175,164.7,679.075,0.7071068,0.7071068,0,0;
custom,cuboid,default,0.02,0.07,0.02,0,0,0,0,1,1,-562.175,164.95,678.875,0,0.7071068,0,0.7071068;


custom,cuboid,default,0.4,0.02,0.7,1,0,0,0,1,1,541.75,135,-948.6,-0.5,-0.5,0.5,0.5;
custom,cuboid,default,0.2,0.02,0.3,1,0,0,0,1,1,541.75,135,-950,0.5,-0.5,-0.5,0.5;
custom,cylinder,default,0.05,0.2,0.05,1,0.03,0.03,0.03,1,1,541.75,135,-950.6,0,-0.7071068,-0.7071068,0;

custom,cuboid,default,0.02,0.02,0.05,0,0,0,0,1,1,543.75,135.7,-948.5,-0.5,-0.5,0.5,0.5;
custom,cuboid,default,0.02,0.02,0.05,0,0,0,0,1,1,543.75,135.2,-948.5,-0.5,-0.5,0.5,0.5;
custom,cuboid,default,0.02,0.02,0.05,0,0,0,0,1,1,543.75,134.7,-948.5,-0.5,-0.5,0.5,0.5;
custom,cuboid,default,0.02,0.05,0.02,0,0,0,0,1,1,543.6,135.4,-948.5,0,-1,0,0;
custom,cuboid,default,0.02,0.05,0.02,0,0,0,0,1,1,543.6,135,-948.5,0,-1,0,0;

custom,cuboid,default,0.02,0.02,0.05,0,0,0,0,1,1,543,135.7,-948.5,-0.5,-0.5,0.5,0.5;
custom,cuboid,default,0.02,0.1,0.02,0,0,0,0,1,1,543.15,135.1,-948.5,0,-1,0,0;
custom,cuboid,default,0.02,0.02,0.05,0,0,0,0,1,1,543,135.2,-948.5,-0.5,-0.5,0.5,0.5;
custom,cuboid,default,0.02,0.02,0.05,0,0,0,0,1,1,543,134.7,-948.5,-0.5,-0.5,0.5,0.5;
custom,cuboid,default,0.02,0.07,0.02,0,0,0,0,1,1,542.8,134.95,-948.5,0,-1,0,0;

custom,cuboid,default,0.02,0.02,0.05,0,0,0,0,1,1,542.25,135.7,-948.5,-0.5,-0.5,0.5,0.5;
custom,cuboid,default,0.02,0.02,0.05,0,0,0,0,1,1,542.25,135.2,-948.5,-0.5,-0.5,0.5,0.5;
custom,cuboid,default,0.02,0.02,0.05,0,0,0,0,1,1,542.25,134.7,-948.5,-0.5,-0.5,0.5,0.5;
custom,cuboid,default,0.02,0.1,0.02,0,0,0,0,1,1,542.1,135.1,-948.5,0,-1,0,0;
custom,cuboid,default,0.02,0.06,0.02,0,0,0,0,1,1,542.4,135.5,-948.5,0,-1,0,0;


custom,cuboid,default,0.02,0.02,0.05,0,0,0,0,1,1,541.5,135.7,-948.5,-0.5,-0.5,0.5,0.5;
custom,cuboid,default,0.02,0.02,0.05,0,0,0,0,1,1,541.5,135.2,-948.5,-0.5,-0.5,0.5,0.5;
custom,cuboid,default,0.02,0.02,0.05,0,0,0,0,1,1,541.5,134.7,-948.5,-0.5,-0.5,0.5,0.5;
custom,cuboid,default,0.02,0.05,0.02,0,0,0,0,1,1,541.65,135.4,-948.5,0,-1,0,0;
custom,cuboid,default,0.02,0.05,0.02,0,0,0,0,1,1,541.35,135,-948.5,0,-1,0,0;

custom,cuboid,default,0.02,0.02,0.05,0,0,0,0,1,1,540.75,135.7,-948.5,-0.5,-0.5,0.5,0.5;
custom,cuboid,default,0.02,0.02,0.05,0,0,0,0,1,1,540.75,135.2,-948.5,-0.5,-0.5,0.5,0.5;
custom,cuboid,default,0.02,0.02,0.05,0,0,0,0,1,1,540.75,134.7,-948.5,-0.5,-0.5,0.5,0.5;
custom,cuboid,default,0.02,0.05,0.02,0,0,0,0,1,1,540.6,135.4,-948.5,0,-1,0,0;
custom,cuboid,default,0.02,0.05,0.02,0,0,0,0,1,1,540.6,135,-948.5,0,-1,0,0;

custom,cuboid,default,0.02,0.02,0.05,0,0,0,0,1,1,540,135.7,-948.5,-0.5,-0.5,0.5,0.5;
custom,cuboid,default,0.02,0.11,0.02,0,0,0,0,1,1,540,135.1,-948.5,0.1305262,-0.9914449,0,0;

custom,sphere,metal1,0.727272727272727,0.909090909090909,0.727272727272727,1,255,0,0,2,1,-32,83.5,311,0,0.38268343236509,0,0.923879532511287;
custom,cylinder,stone7,2.5,0.5,2.5,0,1,1,1,0.25,0.25,-32,75.3,311,0,0,0,0;

custom,sphere,house9mat2,6,6,6,0,1,1,1,0.6,0.6,-267,295,-472,0,0,0,0;
custom,sphere,house9mat2,6,6,6,0,1,1,1,0.6,0.6,192,295,-472,0,0,0,0;

custom,sphere,metal1,0.727272727272727,0.909090909090909,0.727272727272727,1,0.22,0.65,255,2,1,383,245,-97,0,0.38268343236509,0,0.923879532511287;
custom,cylinder,stone7,1.5,0.5,1.5,0,1,1,1,0.15,0.15,383,237,-97,0,0,0,0;

custom,sphere,metal1,0.727272727272727,0.909090909090909,0.727272727272727,1,0.29,255,0,2,1,-505,34,-717,0,0.38268343236509,0,0.923879532511287;
custom,cylinder,stone7,1.5,0.5,1.5,0,1,1,1,0.15,0.15,-505,26,-717,0,0,0,0;

custom,killcylinder,house9mat2,5,3,5,0,1,1,1,0.5,0.3,535,40,595,0,0,0,0;

custom,sphere,metal1,0.727272727272727,0.909090909090909,0.727272727272727,1,246,255,0,2,1,535,57,595,0,0.38268343236509,0,0.923879532511287;
custom,cylinder,stone7,4.9,2,4.9,0,1,1,1,0.45,0.2,535,34,595,0,0,0,0;