custom,cuboid,house9mat2,10,11,1,1,1,1,1,1.0,1.1,80.1,50,179.98,0,0,0,0;

custom,cuboid,house9mat2,10,11,1,1,1,1,1,1.0,1.1,-80.1,50,179.98,0,0,0,0;

custom,cuboid,house9mat2,10,11,1,1,1,1,1,1,1.1,120,50,140,0,0.8314696,0,0.5555702;

custom,cuboid,house9mat2,10,11,1,1,1,1,1,1,1.1,67,50,60,0,0.9238795,0,0.3826834;

custom,cuboid,house9mat2,10,11,1,1,1,1,1,1,1.1,-120,50,140,0,0.5555702,0,0.8314696;

custom,cuboid,house9mat2,10,11,1,1,1,1,1,1,1.1,-67,50,60,0,0.3826834,0,0.9238795;

custom,cuboid,house9mat2,9,11,1,1,1,1,1,0.9,1.1,0,50,25,0,0,0,0;


racing,startcuboid,6,14,1,0,60,180,0,0,0,0;

spawnpoint,playerC,20,10,100,0,0,0,0;


spawnpoint,playerC,-20,10,100,0,0,0,0;

map,disablebounds;

custom,cuboid,stone3,302,1,255,0.3,0.5,0.5,0.5,30.2,25.5,0,-1,0,0,1,0,1;

custom,cuboid,house9mat2,25,15,1,1,1,1,1,2.5,1.5,35,55,300,0,1,0,1;

custom,cuboid,house9mat2,25,15,1,1,1,1,1,2.5,1.5,-35,55,300,0,1,0,1;

custom,cuboid,house9mat2,55,15,1,1,1,1,1,5.5,1.5,530,55,690,0,1,0,1;

custom,cuboid,house9mat2,55,15,1,1,1,1,1,5.5,1.5,-530,55,690,0,1,0,1;

custom,cuboid,house9mat2,105,15,1,1,1,1,1,10.5,1.5,0,55,960,0,0,0,0;

custom,cuboid,house9mat2,5,8,1,1,1,1,1,0.5,0.8,35,90,450,0,1,0,1;

custom,cuboid,house9mat2,5,8,1,1,1,1,1,0.5,0.8,-35,90,450,0,1,0,1;


custom,cuboid,house9mat2,5,2,1,1,1,1,1,0.5,0.2,35,13,450,0,1,0,1;

custom,cuboid,house9mat2,5,2,1,1,1,1,1,0.5,0.2,-35,13,450,0,1,0,1;


custom,cuboid,house9mat2,2,2.7,1,1,1,1,1,0.2,0.27,35,36.5,435,0,1,0,1;

custom,cuboid,house9mat2,2,2.7,1,1,1,1,1,0.2,0.27,-35,36.5,435,0,1,0,1;


custom,cuboid,house9mat2,48,15,1,1,1,1,1,4.8,1.5,35,55,715,0,1,0,1;

custom,cuboid,house9mat2,48,15,1,1,1,1,1,4.8,1.5,-35,55,715,0,1,0,1;



custom,cuboid,stone2,4.7,1,1,1,1,1,1,0.48,0.1,20,9,300,0,0.3826834,0,0.9238795;

custom,cuboid,stone2,4.7,1,1,1,1,1,1,0.48,0.1,-20,9,300,0,0.9238795,0,0.3826834;

custom,cuboid,stone2,4.7,1,1,1,1,1,1,0.48,0.1,20,19,314,0,0.3826834,0,0.9238795;

custom,cuboid,stone2,4.7,1,1,1,1,1,1,0.48,0.1,-20,19,314,0,0.9238795,0,0.3826834;

custom,cuboid,stone2,4.7,1,1,1,1,1,1,0.48,0.1,20,29,328,0,0.3826834,0,0.9238795;

custom,cuboid,stone2,4.7,1,1,1,1,1,1,0.48,0.1,-20,29,328,0,0.9238795,0,0.3826834;

custom,cuboid,stone2,4.7,1,1,1,1,1,1,0.48,0.1,20,39,342,0,0.3826834,0,0.9238795;

custom,cuboid,stone2,4.7,1,1,1,1,1,1,0.48,0.1,-20,39,342,0,0.9238795,0,0.3826834;

custom,cuboid,stone2,4.7,1,1,1,1,1,1,0.48,0.1,20,49,356,0,0.3826834,0,0.9238795;

custom,cuboid,stone2,4.7,1,1,1,1,1,1,0.48,0.1,-20,49,356,0,0.9238795,0,0.3826834;

custom,cuboid,stone2,4.7,1,1,1,1,1,1,0.48,0.1,20,59,370,0,0.3826834,0,0.9238795;

custom,cuboid,stone2,4.7,1,1,1,1,1,1,0.48,0.1,-20,59,370,0,0.9238795,0,0.3826834;

custom,cuboid,stone2,4.7,1,1,1,1,1,1,0.48,0.1,20,69,384,0,0.3826834,0,0.9238795;

custom,cuboid,stone2,4.7,1,1,1,1,1,1,0.48,0.1,-20,69,384,0,0.9238795,0,0.3826834;

custom,cuboid,stone2,4.7,1,1,1,1,1,1,0.48,0.1,20,79,398,0,0.3826834,0,0.9238795;

custom,cuboid,stone2,4.7,1,1,1,1,1,1,0.48,0.1,-20,79,398,0,0.9238795,0,0.3826834;



custom,cuboid,stone2,1,1.5,1,1,1,1,1,0.15,0.1,0,9,320,0,0.3826834,0,0.9238795;

custom,cuboid,stone2,1,1.5,1,1,1,1,1,0.15,0.1,0,19,334,0,0.3826834,0,0.9238795;

custom,cuboid,stone2,1,1.5,1,1,1,1,1,0.15,0.1,0,29,348,0,0.3826834,0,0.9238795;

custom,cuboid,stone2,1,1.5,1,1,1,1,1,0.15,0.1,0,39,362,0,0.3826834,0,0.9238795;

custom,cuboid,stone2,1,1.5,1,1,1,1,1,0.15,0.1,0,49,376,0,0.3826834,0,0.9238795;

custom,cuboid,stone2,1,1.5,1,1,1,1,1,0.15,0.1,0,59,390,0,0.3826834,0,0.9238795;

custom,cuboid,stone2,1,1.5,1,1,1,1,1,0.15,0.1,0,69,404,0,0.3826834,0,0.9238795;


custom,cuboid,stone2,3.4,1,1.4,1,1,1,1,0.34,0.14,23,79,412,0,0.3826834,0,0.9238795;

custom,cuboid,stone2,3.4,1,1.4,1,1,1,1,0.34,0.14,-23,79,412,0,0.9238795,0,0.3826834;



custom,cuboid,stone2,7,2.01,45,1,1,1,1,0.7,4.5,-0,74,636,0,0,0,0;





custom,cuboid,house9mat2,25,15,1,1,1,1,1,2.5,1.5,410,55,420,0,0,0,0;

custom,cuboid,house9mat2,25,15,1,1,1,1,1,2.5,1.5,-410,55,420,0,0,0,0;

custom,cuboid,house9mat2,15,15,1,1,1,1,1,1.5,1.5,115,55,420,0,0,0,0;

custom,cuboid,house9mat2,15,15,1,1,1,1,1,1.5,1.5,-115,55,420,0,0,0,0;

custom,cuboid,house9mat2,9.5,7.5,1,1,1,1,1,0.95,0.75,-237.5,41,420,0,0,0,0;

custom,cuboid,house9mat2,9.5,7.5,1,1,1,1,1,0.95,0.75,237.5,41,420,0,0,0,0;


custom,cylinder,wood3,2,3.8,2,0,0.5,0.5,0.5,0.2,0.38,0,74,863,-0.7071068,0.7071068,0,0;


custom,cylinder,house9mat2,28,7.5,28,1,1,1,1,2.8,0.75,282.5,55.1,690,0,0,0,0;


custom,cylinder,house9mat2,28,7.5,28,1,1,1,1,2.8,0.75,-282.5,55.1,690,0,0,0,0;




racing,killcuboid,1,15,16,-475,55,477,0,-0.3826834,0,0.9238795;

racing,killcuboid,1,15,16,-475,55,903,0,0.3826834,0,0.9238795;

racing,killcuboid,1,15,16,475,55,903,0,0.9238795,0,0.3826834;

racing,killcuboid,1,15,16,475,55,477,0,-0.9238795,0,0.3826834;

racing,killcuboid,55.1,15.1,1.3,530,55,690,0,1,0,1;

racing,killcuboid,55.1,15.1,1.3,-530,55,690,0,1,0,1;

custom,cuboid,stone2,50,1,40,1,1,1,1,5.0,4.0,-282.5,73.4,620,0,0,0,0;

custom,cuboid,stone2,50,1,40,1,1,1,1,5.0,4.0,282.5,73.4,620,0,0,0,0;

racing,killcuboid,12,6,1,465,100,690,0,0,0,0;

racing,killcuboid,12,6,1,-465,100,690,0,0,0,0;


racing,killcuboid,22,7,1,140,35,540,0,-0.1736482,0,0.9848078;

racing,killcuboid,22,7,1,-140,35,540,0,0.9848078,0,-0.1736482;


custom,cuboid,stone2,15,1,1,1,1,1,1,1.5,0.1,-340,9,885,0,1,0,1;

custom,cuboid,stone2,15,1,1,1,1,1,1,1.5,0.1,-330,19,885,0,1,0,1;

custom,cuboid,stone2,15,1,1,1,1,1,1,1.5,0.1,-320,29,885,0,1,0,1;

custom,cuboid,stone2,15,1,1,1,1,1,1,1.5,0.1,-310,39,885,0,1,0,1;

custom,cuboid,stone2,15,1,1,1,1,1,1,1.5,0.1,-300,49,885,0,1,0,1;

custom,cuboid,stone2,15,1,1,1,1,1,1,1.5,0.1,-290,59,885,0,1,0,1;

custom,cuboid,stone2,15,1,1,1,1,1,1,1.5,0.1,-280,69,885,0,1,0,1;

custom,cuboid,stone2,15,1,1,1,1,1,1,1.5,0.1,-270.1,73,885,0,1,0,1;

custom,cuboid,stone2,24,1,14,1,1,1,1,2.4,1.4,-155,73.4,890,0,0,0,0;


racing,killprism,15.1,1,0.5,-347,9,886.5,0,1,0,1;
racing,killprism,15.1,1,0.5,-337,19,886.5,0,1,0,1;
racing,killprism,15.1,1,0.5,-327,29,886.5,0,1,0,1;
racing,killprism,15.1,1,0.5,-317,39,886.5,0,1,0,1;
racing,killprism,15.1,1,0.5,-307,49,886.5,0,1,0,1;
racing,killprism,15.1,1,0.5,-297,59,886.5,0,1,0,1;
racing,killprism,15.1,1,0.5,-287,69,886.5,0,1,0,1;
racing,killprism,15.1,1,0.5,-277,74,886.5,0,1,0,1;


racing,killprism,15.1,1,0.5,347,9,886.5,0,-1,0,1;
racing,killprism,15.1,1,0.5,337,19,886.5,0,-1,0,1;
racing,killprism,15.1,1,0.5,327,29,886.5,0,-1,0,1;
racing,killprism,15.1,1,0.5,317,39,886.5,0,-1,0,1;
racing,killprism,15.1,1,0.5,307,49,886.5,0,-1,0,1;
racing,killprism,15.1,1,0.5,297,59,886.5,0,-1,0,1;
racing,killprism,15.1,1,0.5,287,69,886.5,0,-1,0,1;
racing,killprism,15.1,1,0.5,277,74,886.5,0,-1,0,1;

custom,cuboid,stone2,15,1,1,1,1,1,1,1.5,0.1,340,9,885,0,1,0,1;

custom,cuboid,stone2,15,1,1,1,1,1,1,1.5,0.1,330,9,885,0,1,0,1;

custom,cuboid,stone2,15,1,1,1,1,1,1,1.5,0.1,330,19,885,0,1,0,1;

custom,cuboid,stone2,15,1,1,1,1,1,1,1.5,0.1,320,19,885,0,1,0,1;

custom,cuboid,stone2,15,1,1,1,1,1,1,1.5,0.1,320,29,885,0,1,0,1;

custom,cuboid,stone2,15,1,1,1,1,1,1,1.5,0.1,310,29,885,0,1,0,1;

custom,cuboid,stone2,15,1,1,1,1,1,1,1.5,0.1,310,39,885,0,1,0,1;

custom,cuboid,stone2,15,1,1,1,1,1,1,1.5,0.1,300,39,885,0,1,0,1;

custom,cuboid,stone2,15,1,1,1,1,1,1,1.5,0.1,300,49,885,0,1,0,1;

custom,cuboid,stone2,15,1,1,1,1,1,1,1.5,0.1,290,49,885,0,1,0,1;

custom,cuboid,stone2,15,1,1,1,1,1,1,1.5,0.1,290,59,885,0,1,0,1;

custom,cuboid,stone2,15,1,1,1,1,1,1,1.5,0.1,280,59,885,0,1,0,1;

custom,cuboid,stone2,15,1,1,1,1,1,1,1.5,0.1,280,69,885,0,1,0,1;

custom,cuboid,stone2,15,1,1,1,1,1,1,1.5,0.1,270,69,885,0,1,0,1;

custom,cuboid,stone2,15,1,1,1,1,1,1,1.5,0.1,270.1,73,885,0,1,0,1;

custom,cuboid,stone2,24,1,14,1,1,1,1,2.4,1.4,155,73.4,890,0,0,0,0;





racing,killcuboid,29.5,5.2,1,-185,104,267.5,0,1,0,1;

racing,killcuboid,20,5.2,1,-290,104,315,0,1,0,1;


custom,cylinder,wood3,3,7.5,3,0,0.5,0.5,0.5,0.3,0.75,-400,55,290,0,0,0,0;


racing,killcuboid,25,5.2,1,-410,104,220,0,0,0,0;

racing,killcuboid,37,5.2,1,-365,104,115,0,0,0,0;


racing,killCuboid,3.3069396,5.2,1.2,-555.8152111,104,109.9868943,0,0.2334454,0,-0.9723699;
racing,killCuboid,3.3069396,5.2,1.2,-580.8104439,104,91.8267946,0,0.3826835,0,-0.9238795;
racing,killCuboid,3.3069396,5.2,1.2,-598.9705436,104,66.8315618,0,0.5224986,0,-0.8526402;
racing,killCuboid,3.3069396,5.2,1.2,-608.5178729,104,37.4479034,0,0.6494481,0,-0.760406;
racing,killCuboid,3.3069396,5.2,1.2,-608.5178729,104,6.5520966,0,-0.6494481,0,-0.760406;
racing,killCuboid,3.3069396,5.2,1.2,-598.9705436,104,-22.8315618,0,-0.5224986,0,-0.8526402;
racing,killCuboid,3.3069396,5.2,1.2,-580.8104439,104,-47.8267946,0,-0.3826835,0,-0.9238795;
racing,killCuboid,3.3069396,5.2,1.2,-555.8152111,104,-65.9868943,0,-0.2334454,0,-0.9723699;
racing,killCuboid,3.3069396,5.2,1.2,-526.4315527,104,-75.5342236,0,-0.0784591,0,-0.9969173;
racing,killCuboid,6.4442926,5.2,1.2,-541.8794561,104,217.0684473,0,0.0784591,0,-0.9969173;
racing,killCuboid,6.4442926,5.2,1.2,-600.646773,104,197.9737885,0,0.2334454,0,-0.9723699;
racing,killCuboid,6.4442926,5.2,1.2,-650.6372386,104,161.6535893,0,0.3826835,0,-0.9238795;
racing,killCuboid,6.4442926,5.2,1.2,-686.9574378,104,111.6631237,0,0.5224986,0,-0.8526402;
racing,killCuboid,6.4442926,5.2,1.2,-706.0520966,104,52.8958068,0,0.6494481,0,-0.760406;
racing,killCuboid,6.4442926,5.2,1.2,-706.0520966,104,-8.8958068,0,-0.6494481,0,-0.760406;
racing,killCuboid,6.4442926,5.2,1.2,-686.9574378,104,-67.6631237,0,-0.5224986,0,-0.8526402;
racing,killCuboid,6.4442926,5.2,1.2,-650.6372386,104,-117.6535893,0,-0.3826835,0,-0.9238795;
racing,killCuboid,6.4442926,5.2,1.2,-600.646773,104,-153.9737885,0,-0.2334454,0,-0.9723699;
racing,killCuboid,6.4442926,5.2,1.2,-541.8794561,104,-173.0684473,0,-0.0784591,0,-0.9969173;



racing,killCuboid,6.4442926,1.2,11.075,-534.1555044,135.5,168.3013355,0,0.0784591,0,-0.9969173;
racing,killCuboid,6.4442926,1.2,11.075,-578.2309921,135.5,153.9803414,0,0.2334454,0,-0.9723699;
racing,killCuboid,6.4442926,1.2,11.075,-615.7238413,135.5,126.740192,0,0.3826835,0,-0.9238795;
racing,killCuboid,6.4442926,1.2,11.075,-642.9639907,135.5,89.2473428,0,0.5224986,0,-0.8526402;
racing,killCuboid,6.4442926,1.2,11.075,-657.2849848,135.5,45.1718551,0,0.6494481,0,-0.760406;
racing,killCuboid,6.4442926,1.2,11.075,-657.2849848,135.5,-1.1718551,0,-0.6494481,0,-0.760406;
racing,killCuboid,6.4442926,1.2,11.075,-642.9639907,135.5,-45.2473428,0,-0.5224986,0,-0.8526402;
racing,killCuboid,6.4442926,1.2,11.075,-615.7238413,135.5,-82.740192,0,-0.3826835,0,-0.9238795;
racing,killCuboid,6.4442926,1.2,11.075,-578.2309921,135.5,-109.9803414,0,-0.2334454,0,-0.9723699;
racing,killCuboid,6.4442926,1.2,11.075,-534.1555044,135.5,-124.3013355,0,-0.0784591,0,-0.9969173;



racing,killCuboid,11.5,1,30.5,-237.5,135,263,0,0,0,0;

custom,cylinder,wood3,3,7.5,3,0,0.5,0.5,0.5,0.3,0.75,-510,55,21,0,0,0,0;

racing,killCuboid,11.5,1,21.5,-402.5,135,168,0,1,0,1;




racing,killcuboid,29.5,-5.2,1,184.9479034,104,267.5,1,0,-1,0;

racing,killcuboid,20,-5.2,1,289.9479034,104,315,1,0,-1,0;


custom,cylinder,wood3,3,-7.5,3,0,0.5,0.5,0.5,0.3,0.75,399.9479034,55,290,0,0,0,0;


racing,killcuboid,25,-5.2,1,409.9479034,104,220,0,0,0,0;

racing,killcuboid,37,-5.2,1,364.9479034,104,115,0,0,0,0;


racing,killCuboid,3.3069396,-5.2,1.2,555.7631145,104,109.9868943,0.2334454,0,0.9723699,0;
racing,killCuboid,3.3069396,-5.2,1.2,580.7583473,104,91.8267946,0.3826835,0,0.9238795,0;
racing,killCuboid,3.3069396,-5.2,1.2,598.918447,104,66.8315618,0.5224986,0,0.8526402,0;
racing,killCuboid,3.3069396,-5.2,1.2,608.4657763,104,37.4479034,0.6494481,0,0.760406,0;
racing,killCuboid,3.3069396,-5.2,1.2,608.4657763,104,6.5520966,-0.6494481,0,0.760406,0;
racing,killCuboid,3.3069396,-5.2,1.2,598.918447,104,-22.8315618,-0.5224986,0,0.8526402,0;
racing,killCuboid,3.3069396,-5.2,1.2,580.7583473,104,-47.8267946,-0.3826835,0,0.9238795,0;
racing,killCuboid,3.3069396,-5.2,1.2,555.7631145,104,-65.9868943,-0.2334454,0,0.9723699,0;
racing,killCuboid,3.3069396,-5.2,1.2,526.3794561,104,-75.5342236,-0.0784591,0,0.9969173,0;
racing,killCuboid,6.5442926,-5.2,1.2,541.8273595,104,217.0684473,0.0784591,0,0.9969173,0;
racing,killCuboid,6.5442926,-5.2,1.2,600.5946764,104,197.9737885,0.2334454,0,0.9723699,0;
racing,killCuboid,6.5442926,-5.2,1.2,650.585142,104,161.6535893,0.3826835,0,0.9238795,0;
racing,killCuboid,6.5442926,-5.2,1.2,686.9053412,104,111.6631237,0.5224986,0,0.8526402,0;
racing,killCuboid,6.5442926,-5.2,1.2,706,104,52.8958068,0.6494481,0,0.760406,0;
racing,killCuboid,6.5442926,-5.2,1.2,706,104,-8.8958068,-0.6494481,0,0.760406,0;
racing,killCuboid,6.5442926,-5.2,1.2,686.9053412,104,-67.6631237,-0.5224986,0,0.8526402,0;
racing,killCuboid,6.5442926,-5.2,1.2,650.585142,104,-117.6535893,-0.3826835,0,0.9238795,0;
racing,killCuboid,6.5442926,-5.2,1.2,600.5946764,104,-153.9737885,-0.2334454,0,0.9723699,0;
racing,killCuboid,6.5442926,-5.2,1.2,541.8273595,104,-173.0684473,-0.0784591,0,0.9969173,0;



racing,killCuboid,6.6442926,-1.2,11.075,534.1034078,135.5,168.3013355,0.0784591,0,0.9969173,0;
racing,killCuboid,6.6442926,-1.2,11.075,578.1788955,135.5,153.9803414,0.2334454,0,0.9723699,0;
racing,killCuboid,6.6442926,-1.2,11.075,615.6717447,135.5,126.740192,0.3826835,0,0.9238795,0;
racing,killCuboid,6.6442926,-1.2,11.075,642.9118941,135.5,89.2473428,0.5224986,0,0.8526402,0;
racing,killCuboid,6.6442926,-1.2,11.075,657.2328882,135.5,45.1718551,0.6494481,0,0.760406,0;
racing,killCuboid,6.6442926,-1.2,11.075,657.2328882,135.5,-1.1718551,-0.6494481,0,0.760406,0;
racing,killCuboid,6.6442926,-1.2,11.075,642.9118941,135.5,-45.2473428,-0.5224986,0,0.8526402,0;
racing,killCuboid,6.6442926,-1.2,11.075,615.6717447,135.5,-82.740192,-0.3826835,0,0.9238795,0;
racing,killCuboid,6.6442926,-1.2,11.075,578.1788955,135.5,-109.9803414,-0.2334454,0,0.9723699,0;
racing,killCuboid,6.5442926,-1.2,11.075,534.1034078,135.5,-124.3013355,-0.0784591,0,0.9969173,0;



racing,killCuboid,11.5,-1,30.5,237.4479034,135,263,0,0,0,0;

custom,cylinder,wood3,3,-7.5,3,0,0.5,0.5,0.5,0.3,0.75,509.9479034,55,21,0,0,0,0;

racing,killCuboid,11.5,-1,21.5,402.4479034,135,168,1,0,-1,0;





custom,cuboid,stone2,11.5,1,105,1,1,1,1,1.1,10.0,0,73.4,-128.5,0,1,0,1;

racing,killcuboid,1,5.2,102.5,0,104,-79,0,1,0,1;

racing,killcuboid,11.5,1,105,0,135,-130,0,1,0,1;


racing,killcuboid,1,5.2,40,-310,104,-181,0,1,0,1;

racing,killcuboid,1,5.2,40,310,104,-181,0,1,0,1;

racing,killcuboid,1,5.2,10,0,104,-181,0,1,0,1;

custom,cylinder,wood3,3,-8.5,3,0,0.5,0.5,0.5,0.3,0.85,0,65,-240,0,0,0,0;


custom,cuboid,house9mat2,14.5,14.5,1,1,1,1,1,1.45,1.45,115,67.5,-258.5,0,1,0,1;

custom,cuboid,house9mat2,14.5,14.5,1,1,1,1,1,1.45,1.45,-115,67.5,-258.5,0,1,0,1;


custom,cuboid,house9mat2,20.5,14.5,1,1,1,1,1,2.05,1.45,188,67.5,-404.5,0,0.3826834,0,0.9238795;

custom,cuboid,house9mat2,20.5,14.5,1,1,1,1,1,2.05,1.45,-188,67.5,-404.5,0,0.9238795,0,0.3826834;



custom,cylinder,house9mat2,2,7.2,2,1,0.5,0.5,0.5,-0.2,-0.72,115,68,-333,0,0,0,0;

custom,cylinder,house9mat2,2,7.2,2,1,0.5,0.5,0.5,-0.2,-0.72,-115,68,-333,0,0,0,0;

custom,cylinder,house9mat2,2,7.2,2,1,0.5,0.5,0.5,-0.2,-0.72,260,68,-476,0,0,0,0;

custom,cylinder,house9mat2,2,7.2,2,1,0.5,0.5,0.5,-0.2,-0.72,-260,68,-476,0,0,0,0;

custom,cuboid,house9mat2,60,14.5,1,1,1,1,1,6.0,1.45,260,67.5,-780,0,1,0,1;

custom,cuboid,house9mat2,60,14.5,1,1,1,1,1,6.0,1.45,-260,67.5,-780,0,1,0,1;

racing,killcuboid,60.1,14.6,1.3,260,67.5,-780,0,1,0,1;

racing,killcuboid,60.1,14.6,1.3,-260,67.5,-780,0,1,0,1;



custom,cylinder,house9mat2,2,7.2,2,1,0.5,0.5,0.5,-0.2,-0.72,260,68,-1084,0,0,0,0;

custom,cylinder,house9mat2,2,7.2,2,1,0.5,0.5,0.5,-0.2,-0.72,-260,68,-1084,0,0,0,0;


racing,killcuboid,80,14.5,1,0,68,-587,0,1,0,1;

custom,cylinder,wood3,2,-7.2,2,0,0.5,0.5,0.5,0.2,0.72,130,68,-476,0,0,0,0;

custom,cylinder,wood3,2,-7.2,2,0,0.5,0.5,0.5,0.2,0.72,130,68,-600,0,0,0,0;

custom,cylinder,wood3,2,-7.2,2,0,0.5,0.5,0.5,0.2,0.72,130,68,-724,0,0,0,0;

custom,cylinder,wood3,2,-7.2,2,0,0.5,0.5,0.5,0.2,0.72,130,68,-848,0,0,0,0;

custom,cylinder,wood3,2,-7.2,2,0,0.5,0.5,0.5,0.2,0.72,130,68,-972,0,0,0,0;


custom,cylinder,wood3,2,-7.2,2,0,0.5,0.5,0.5,0.2,0.72,-130,68,-476,0,0,0,0;

custom,cylinder,wood3,2,-7.2,2,0,0.5,0.5,0.5,0.2,0.72,-130,68,-600,0,0,0,0;

custom,cylinder,wood3,2,-7.2,2,0,0.5,0.5,0.5,0.2,0.72,-130,68,-724,0,0,0,0;

custom,cylinder,wood3,2,-7.2,2,0,0.5,0.5,0.5,0.2,0.72,-130,68,-848,0,0,0,0;

custom,cylinder,wood3,2,-7.2,2,0,0.5,0.5,0.5,0.2,0.72,-130,68,-972,0,0,0,0;



custom,cuboid,stone2,23.9,1,1,1,1,1,1,2.4,0.1,0,73.4,-191,0,0,0,0;

custom,cuboid,stone2,23.9,1,1,1,1,1,1,2.4,0.1,0,73.4,-201,0,0,0,0;

custom,cuboid,stone2,23.9,1,1,1,1,1,1,2.4,0.1,0,63.4,-211,0,0,0,0;

custom,cuboid,stone2,23.9,1,1,1,1,1,1,2.4,0.1,0,63.4,-221,0,0,0,0;

custom,cuboid,stone2,23.9,1,1,1,1,1,1,2.4,0.1,0,53.4,-231,0,0,0,0;

custom,cuboid,stone2,23.9,1,1,1,1,1,1,2.4,0.1,0,53.4,-241,0,0,0,0;

custom,cuboid,stone2,23.9,1,1,1,1,1,1,2.4,0.1,0,43.4,-251,0,0,0,0;

custom,cuboid,stone2,23.9,1,1,1,1,1,1,2.4,0.1,0,43.4,-261,0,0,0,0;

custom,cuboid,stone2,23.9,1,1,1,1,1,1,2.4,0.1,0,33.4,-271,0,0,0,0;

custom,cuboid,stone2,23.9,1,1,1,1,1,1,2.4,0.1,0,33.4,-281,0,0,0,0;

custom,cuboid,stone2,23.9,1,1,1,1,1,1,2.4,0.1,0,23.4,-291,0,0,0,0;

custom,cuboid,stone2,23.9,1,1,1,1,1,1,2.4,0.1,0,23.4,-301,0,0,0,0;

custom,cuboid,stone2,23.9,1,1,1,1,1,1,2.4,0.1,0,13.4,-311,0,0,0,0;

custom,cuboid,stone2,23.9,1,1,1,1,1,1,2.4,0.1,0,13.4,-321,0,0,0,0;

custom,cuboid,stone2,23.9,1,1,1,1,1,1,2.4,0.1,0,3.4,-331,0,0,0,0;

custom,cuboid,stone2,25,1,1,1,1,1,1,2.5,0.1,0,3.4,-341,0,0,0,0;


custom,cuboid,house9mat2,20,14.5,1,1,1,1,1,2,1.45,175,68,-1135,0,-0.258819,0,0.9659258;

custom,cuboid,house9mat2,20,14.5,1,1,1,1,1,2,1.45,-175,68,-1135,0,0.258819,0,0.9659258;


custom,cylinder,house9mat2,2,7.2,2,1,0.5,0.5,0.5,-0.2,-0.72,90,68,-1185,0,0,0,0;

custom,cylinder,house9mat2,2,7.2,2,1,0.5,0.5,0.5,-0.2,-0.72,-90,68,-1185,0,0,0,0;



custom,cuboid,house9mat2,40,14.5,1,1,1,1,1,4,1.45,-90,68,-1390,0,1,0,1;

custom,cuboid,house9mat2,40,14.5,1,1,1,1,1,4,1.45,90,68,-1390,0,1,0,1;


custom,cuboid,house9mat2,17,5.5,1,1,1,1,1,1.7,0.55,0,112.5,-1185,0,0,0,0;

custom,cuboid,house9mat2,17,5.5,1,1,1,1,1,1.7,0.55,0,30,-1185,0,0,0,0;


custom,cuboid,house9mat2,17,14.5,1,1,1,1,1,1.7,1.45,0,68,-1585,0,0,0,0;


custom,cuboid,stone3,8,1,4,0.3,0.5,0.5,0.5,0.8,0.5,70,-1,-1550,0,1,0,1;

custom,cuboid,stone3,8,1,4,0.3,0.5,0.5,0.5,0.8,0.5,-70,-1,-1550,0,1,0,1;

racing,killcuboid,17,5.5,4,0,112.5,-1210,0,0,0,0;

racing,killcuboid,17,5.5,4,0,30,-1210,0,0,0,0;


racing,killcuboid,17,6.5,4,0,112.5,-1250,0,0,0,0;

racing,killcuboid,17,6.5,4,0,30,-1250,0,0,0,0;


racing,killcuboid,17,7.5,4,0,112.5,-1290,0,0,0,0;

racing,killcuboid,17,7.5,4,0,30,-1290,0,0,0,0;


custom,cuboid,house9mat2,12,30,1,1,1,1,1,1.2,3.0,0,-154.5,-1585,0,0,0,0;

custom,cuboid,house9mat2,12,30,1,1,1,1,1,1.2,3.0,55.1,-154.5,-1550,0,1,0,1;

custom,cuboid,house9mat2,12,30,1,1,1,1,1,1.2,3.0,-55.1,-154.5,-1550,0,1,0,1;

custom,cuboid,house9mat2,12,25,1,1,1,1,1,1.2,2.5,0,-125,-1504.9,0,0,0,0;



custom,cuboid,stone3,320,1,255,0.3,0.5,0.5,0.5,32.0,25.5,0,-310,0,0,1,0,1;

racing,killcuboid,320.1,1.3,255.1,0,-310,0,0,1,0,1;

racing,checkpointcuboid,9.99,1,12,0,-240,-1540,0,1,0,1;


custom,cuboid,stone2,9.99,1,12,1,1,1,1,1.0,1.2,0,-300,-1540,0,1,0,1;


custom,cuboid,house9mat2,1,8,1,1,1,1,1,0.1,0.8,52,-280,-1485,0,0.3826834,0,0.9238795;

custom,cuboid,house9mat2,1,12,1,1,1,1,1,0.1,1.2,0,-240,-1485,-0.2705981,-0.2705981,-0.6532815,0.6532815;

custom,cuboid,house9mat2,1,10,1,1,1,1,1,0.1,1.0,0,-245,-1495,-0.2705981,-0.2705981,-0.6532815,0.6532815;

custom,cuboid,house9mat2,1,8,1,1,1,1,1,0.1,0.8,-52,-280,-1485,0,0.3826834,0,0.9238795;



custom,cuboid,house9mat2,1,8,1,1,1,1,1,0.1,0.8,42,-280,-1335,0,0.3826834,0,0.9238795;

custom,cuboid,house9mat2,1,10,1,1,1,1,1,0.1,1.2,0,-240,-1335,-0.2705981,-0.2705981,-0.6532815,0.6532815;

custom,cuboid,house9mat2,1,8,1,1,1,1,1,0.1,0.8,-42,-280,-1335,0,0.3826834,0,0.9238795;



custom,cuboid,house9mat2,1,8,1,1,1,1,1,0.1,0.8,32,-280,-1185,0,0.3826834,0,0.9238795;

custom,cuboid,house9mat2,1,8,1,1,1,1,1,0.1,1.2,0,-240,-1185,-0.2705981,-0.2705981,-0.6532815,0.6532815;

custom,cuboid,house9mat2,1,8,1,1,1,1,1,0.1,0.8,-32,-280,-1185,0,0.3826834,0,0.9238795;



custom,cuboid,house9mat2,1,8,1,1,1,1,1,0.1,0.8,22,-280,-1035,0,0.3826834,0,0.9238795;

custom,cuboid,house9mat2,1,6,1,1,1,1,1,0.1,1.2,0,-240,-1035,-0.2705981,-0.2705981,-0.6532815,0.6532815;

custom,cuboid,house9mat2,1,8,1,1,1,1,1,0.1,0.8,-22,-280,-1035,0,0.3826834,0,0.9238795;



custom,cuboid,house9mat2,48,8,1,1,1,1,1,4.8,0.8,52,-280,-1245,0,1,0,1;

custom,cuboid,house9mat2,48,8,1,1,1,1,1,4.8,0.8,-52,-280,-1245,0,1,0,1;


racing,killcuboid,48.1,8.1,1.3,52,-280,-1245,0,1,0,1;

racing,killcuboid,48.1,8.1,1.3,-52,-280,-1245,0,1,0,1;


racing,killcuboid,15,8,1,42,-280,-1260,0,1,0,1;

racing,killcuboid,15,8,1,-42,-280,-1260,0,1,0,1;


racing,killcuboid,17,8,2,37,-280,-1100,0,1,0,1;

racing,killcuboid,17,8,2,-37,-280,-1100,0,1,0,1;





racing,killcuboid,12,14.5,1,-195,68,-476,0,0,0,0;

racing,killcuboid,12,14.5,1,-65,68,-600,0,0,0,0;

racing,killcuboid,12,14.5,1,-195,68,-724,0,0,0,0;

racing,killcuboid,12,14.5,1,-65,68,-848,0,0,0,0;

racing,killcuboid,12,14.5,1,-195,68,-972,0,0,0,0;




racing,killcuboid,3.5,4,1,-105,23,-476,0,0,0,0;

racing,killcuboid,3.5,4,1,-105,120.5,-476,0,0,0,0;

racing,killcuboid,3.5,4,1,-192,23,-600,0,0,0,0;

racing,killcuboid,3.5,4,1,-192,120.5,-600,0,0,0,0;

racing,killcuboid,3.5,4,1,-64,23,-724,0,0,0,0;

racing,killcuboid,3.5,4,1,-64,120.5,-724,0,0,0,0;

racing,killcuboid,3.5,4,1,-237.5,23,-848,0,0,0,0;

racing,killcuboid,3.5,4,1,-237.5,120.5,-848,0,0,0,0;

racing,killcuboid,3.5,4,1,-22.5,23,-972,0,0,0,0;

racing,killcuboid,3.5,4,1,-22.5,120.5,-972,0,0,0,0;




racing,killcuboid,8.5,14.5,1,-45,68,-476,0,0,0,0;

racing,killcuboid,4.5,14.5,1,-152,68,-600,0,0,0,0;

racing,killcuboid,4.5,14.5,1,-232,68,-600,0,0,0,0;

racing,killcuboid,4.5,14.5,1,-24,68,-724,0,0,0,0;

racing,killcuboid,4.5,14.5,1,-104,68,-724,0,0,0,0;

racing,killcuboid,8.5,14.5,1,-177.5,68,-848,0,0,0,0;

racing,killcuboid,8.5,14.5,1,-82.5,68,-972,0,0,0,0;






racing,killcuboid,12,14.5,1,195,68,-476,0,0,0,0;

racing,killcuboid,12,14.5,1,65,68,-600,0,0,0,0;

racing,killcuboid,12,14.5,1,195,68,-724,0,0,0,0;

racing,killcuboid,12,14.5,1,65,68,-848,0,0,0,0;

racing,killcuboid,12,14.5,1,195,68,-972,0,0,0,0;




racing,killcuboid,3.5,4,1,105,23,-476,0,0,0,0;

racing,killcuboid,3.5,4,1,105,120.5,-476,0,0,0,0;

racing,killcuboid,3.5,4,1,192,23,-600,0,0,0,0;

racing,killcuboid,3.5,4,1,192,120.5,-600,0,0,0,0;

racing,killcuboid,3.5,4,1,64,23,-724,0,0,0,0;

racing,killcuboid,3.5,4,1,64,120.5,-724,0,0,0,0;

racing,killcuboid,3.5,4,1,237.5,23,-848,0,0,0,0;

racing,killcuboid,3.5,4,1,237.5,120.5,-848,0,0,0,0;

racing,killcuboid,3.5,4,1,22.5,23,-972,0,0,0,0;

racing,killcuboid,3.5,4,1,22.5,120.5,-972,0,0,0,0;




racing,killcuboid,8.5,14.5,1,45,68,-476,0,0,0,0;

racing,killcuboid,4.5,14.5,1,152,68,-600,0,0,0,0;

racing,killcuboid,4.5,14.5,1,232,68,-600,0,0,0,0;

racing,killcuboid,4.5,14.5,1,24,68,-724,0,0,0,0;

racing,killcuboid,4.5,14.5,1,104,68,-724,0,0,0,0;

racing,killcuboid,8.5,14.5,1,177.5,68,-848,0,0,0,0;

racing,killcuboid,8.5,14.5,1,82.5,68,-972,0,0,0,0;










custom,cuboid,house9mat2,48,8,1,1,1,1,1,4.8,0.8,-267,-280,-1010,0,0,0,0;

custom,cuboid,house9mat2,48,8,1,1,1,1,1,4.8,0.8,267,-280,-1010,0,0,0,0;

custom,cuboid,house9mat2,40,8,1,1,1,1,1,4.0,0.8,-512,-280,-700,0,1,0,1;

custom,cuboid,house9mat2,48,8,1,1,1,1,1,4.8,0.8,512,-280,-770,0,1,0,1;


custom,cuboid,house9mat2,105,10,1,1,1,1,1,10.5,1.0,0,-270,-540,0,0,0,0;


custom,cuboid,house9mat2,48,8,1,1,1,1,1,4.8,0.8,-31.99,-280,-775,0,1,0,1;

custom,cuboid,house9mat2,38,8,1,1,1,1,1,3.8,0.8,31.99,-280,-825,0,1,0,1;


custom,cuboid,house9mat2,38,8,1,1,1,1,1,3.8,0.8,217,-280,-639.99,0,0,0,0;


custom,cuboid,house9mat2,38,8,1,1,1,1,1,3.8,0.8,217,-280,-750,0,0,0,0;

custom,cuboid,house9mat2,38,8,1,1,1,1,1,3.8,0.8,217,-280,-860,0,0,0,0;


racing,killcuboid,37.5,8,10,219.5,-280,-695,0,0,0,0;

racing,killcuboid,37.5,8,14,219.5,-280,-935,0,0,0,0;



custom,cuboid,stone2,10,1,1,1,1,1,1,1.2,0.1,42,-245,-805,0,1,0,1;

custom,cuboid,stone2,10,1,1,1,1,1,1,1.2,0.1,52,-245,-805,0,1,0,1;

custom,cuboid,stone2,10,1,1,1,1,1,1,1.2,0.1,62,-255,-805,0,1,0,1;

custom,cuboid,stone2,10,1,1,1,1,1,1,1.2,0.1,72,-255,-805,0,1,0,1;

custom,cuboid,stone2,10,1,1,1,1,1,1,1.2,0.1,82,-265,-805,0,1,0,1;

custom,cuboid,stone2,10,1,1,1,1,1,1,1.2,0.1,92,-265,-805,0,1,0,1;

custom,cuboid,stone2,10,1,1,1,1,1,1,1.2,0.1,102,-275,-805,0,1,0,1;

custom,cuboid,stone2,10,1,1,1,1,1,1,1.2,0.1,112,-275,-805,0,1,0,1;

custom,cuboid,stone2,10,1,1,1,1,1,1,1.2,0.1,122,-285,-805,0,1,0,1;

custom,cuboid,stone2,10,1,1,1,1,1,1,1.2,0.1,132,-285,-805,0,1,0,1;

custom,cuboid,stone2,10,1,1,1,1,1,1,1.2,0.1,142,-295,-805,0,1,0,1;

custom,cuboid,stone2,10,1,1,1,1,1,1,1.2,0.1,152,-295,-805,0,1,0,1;

custom,cuboid,stone2,10,1,1,1,1,1,1,1.2,0.1,162,-305,-805,0,1,0,1;

custom,cuboid,stone2,10,1,1,1,1,1,1,1.2,0.1,172,-305,-805,0,1,0,1;

racing,killprism,10.1,1,0.5,179,-305,-806,0,-1,0,1;
racing,killprism,10.1,1,0.5,159,-295,-806,0,-1,0,1;
racing,killprism,10.1,1,0.5,139,-285,-806,0,-1,0,1;
racing,killprism,10.1,1,0.5,119,-275,-806,0,-1,0,1;
racing,killprism,10.1,1,0.5,99,-265,-806,0,-1,0,1;
racing,killprism,10.1,1,0.5,79,-255,-806,0,-1,0,1;
racing,killprism,10.1,1,0.5,59,-245,-806,0,-1,0,1;
racing,killprism,10.1,1,0.5,40,-235,-806,0,-1,0,1;


custom,cuboid,stone2,9.99,0.9,1,1,1,1,1,1.2,0.1,33,-235,-805,0,1,0,1;

custom,cuboid,stone2,10,1,55,1,1,1,1,1.0,5.5,-237.5,-235,-805,0,1,0,1;


custom,cuboid,stone2,10,1,1,1,1,1,1,1.0,0.1,-457,-235,-750,0,0,0,0;

custom,cuboid,stone2,10,1,1,1,1,1,1,1.0,0.1,-457,-235,-740,0,0,0,0;

custom,cuboid,stone2,10,1,1,1,1,1,1,1.0,0.1,-457,-245,-730,0,0,0,0;

custom,cuboid,stone2,10,1,1,1,1,1,1,1.0,0.1,-457,-245,-720,0,0,0,0;

custom,cuboid,stone2,10,1,1,1,1,1,1,1.0,0.1,-457,-255,-710,0,0,0,0;

custom,cuboid,stone2,10,1,1,1,1,1,1,1.0,0.1,-457,-255,-700,0,0,0,0;

custom,cuboid,stone2,10,1,1,1,1,1,1,1.0,0.1,-457,-265,-690,0,0,0,0;

custom,cuboid,stone2,10,1,1,1,1,1,1,1.0,0.1,-457,-265,-680,0,0,0,0;

custom,cuboid,stone2,10,1,1,1,1,1,1,1.0,0.1,-457,-275,-670,0,0,0,0;

custom,cuboid,stone2,10,1,1,1,1,1,1,1.0,0.1,-457,-275,-660,0,0,0,0;


custom,cuboid,stone2,10,1,12,1,1,1,1,1.0,1.2,-457,-275,-595,0,0,0,0;


custom,cuboid,stone2,10,1,1,1,1,1,1,1.0,0.1,-402,-275,-595,0,1,0,1;

custom,cuboid,stone2,10,1,1,1,1,1,1,1.0,0.1,-392,-275,-595,0,1,0,1;

custom,cuboid,stone2,10,1,1,1,1,1,1,1.0,0.1,-382,-285,-595,0,1,0,1;

custom,cuboid,stone2,10,1,1,1,1,1,1,1.0,0.1,-372,-285,-595,0,1,0,1;

custom,cuboid,stone2,10,1,1,1,1,1,1,1.0,0.1,-362,-295,-595,0,1,0,1;

custom,cuboid,stone2,10,1,1,1,1,1,1,1.0,0.1,-352,-295,-595,0,1,0,1;

custom,cuboid,stone2,10,1,1,1,1,1,1,1.0,0.1,-342,-305,-595,0,1,0,1;

custom,cuboid,stone2,10,1,1,1,1,1,1,1.0,0.1,-332,-305,-595,0,1,0,1;

racing,killprism,10.1,1,0.5,-325,-305,-596,0,-1,0,1;
racing,killprism,10.1,1,0.5,-345,-295,-596,0,-1,0,1;
racing,killprism,10.1,1,0.5,-365,-285,-596,0,-1,0,1;
racing,killprism,10.1,1,0.5,-385,-275,-596,0,-1,0,1;
racing,killprism,10.1,1,0.5,-457,-235,-745,0,0,0,0;

racing,killprism,10.1,1,0.5,-456,-235,-733,0,-1,0,0;
racing,killprism,10.1,1,0.5,-456,-245,-713,0,-1,0,0;
racing,killprism,10.1,1,0.5,-456,-255,-693,0,-1,0,0;
racing,killprism,10.1,1,0.5,-456,-265,-673,0,-1,0,0;

custom,cuboid,house9mat2,11,20,30,1,1,1,1,3.0,2.0,-257,-240,-700,0,1,0,1;


custom,cuboid,house9mat2,51.4,10,1,1,1,1,1,5.14,1.0,150,-190,-750,0,0,0,0;

custom,cuboid,house9mat2,92,10,1,1,1,1,1,9.3,1.0,-53,-190,-860,0,0,0,0;


custom,cuboid,house9mat2,48,10,1,1,1,1,1,4.0,1.0,-512,-190,-770,0,1,0,1;




custom,cuboid,house9mat2,38,8,1,1,1,1,1,3.8,0.8,-217,-280,-860,0,0,0,0;



custom,cuboid,house9mat2,10.5,8,1,1,1,1,1,1.0,0.8,-456,-280,-750,0,0,0,0;


custom,cuboid,house9mat2,15,8,1,1,1,1,1,1.5,0.8,-402.1,-280,-930.01,0,1,0,1;






custom,cuboid,stone2,10,1,55,1,1,1,1,1.0,5.5,-237.5,-155,-805,0,1,0,1;





custom,cuboid,stone2,10,1,35,1,1,1,1,1.0,3.5,350,-235,-805,0,1,0,1;



custom,cuboid,stone2,10,1,17,1,1,1,1,1,1.7,104,-193.2,-805,0.1830127,0.6830127,-0.1830127,0.6830127;

custom,cuboid,stone2,10,1,13,1,1,1,1,1,1.3,-457,-185,-704,-0.258819,0,0,-0.9659258;



custom,cuboid,stone2,12,1,20,1,1,1,1,1.2,2.0,-410,-217,-590,0,1,0,1;


custom,cuboid,stone2,11,2.01,85,1,1,1,1,1.1,8.5,90,-230,-590,0,1,0,1;

custom,cuboid,stone2,11,2.01,1,1,1,1,1,1.1,0.1,-330.02,-230,-590,0,1,0,1;


custom,cuboid,stone2,16,1.01,105,1,1,1,1,1.6,10.5,18,-235,-935.1,0,1,0,1;


custom,cuboid,stone2,11,1.01,65,1,1,1,1,1.1,6.5,200,-235,-699.99,0,1,0,1;



custom,cuboid,house9mat2,25,8,1,1,1,1,1,2.5,0.8,-590,-280,-914,0,0.4226183,0,0.9063078;

custom,cuboid,house9mat2,16.3,8,1,1,1,1,1,1.6,0.8,-565,-280,-835,0,0.4226183,0,0.9063078;


custom,cuboid,house9mat2,34,8,1,1,1,1,1,3.4,0.8,-670,-280,-694,0,1,0,1;


custom,cuboid,house9mat2,25.2,8,1,1,1,1,1,2.5,0.8,-616,-280,-650,0,1,0,1;





custom,cuboid,house9mat2,25.2,8,1,1,1,1,1,2.5,0.8,-564,-280,45,0,0,0,0;


custom,cuboid,house9mat2,17,8,1,1,1,1,1,1.7,0.8,-522,-280,-45,0,0,0,0;



custom,cuboid,house9mat2,10,11,1,1,1,1,1,1.0,1.1,-433,-270,75,0,1,0,1;


custom,cuboid,house9mat2,10,11,1,1,1,1,1,1.0,1.1,-433,-270,-75,0,1,0,1;



custom,cuboid,house9mat2,5,3,1,1,1,1,1,0.5,0.3,-350,-260,0,0,1,0,1;

custom,cuboid,house9mat2,3,3,1,1,1,1,1,0.3,0.3,-350,-260,40,0,1,0,1;

custom,cuboid,house9mat2,3,3,1,1,1,1,1,0.3,0.3,-350,-260,-40,0,1,0,1;


racing,killcuboid,5,3,1,-350,-290,0,0,1,0,1;

racing,killcuboid,5,3,1,-350,-230,0,0,1,0,1;


racing,killcuboid,3,3,1,-275,-260,40,0,1,0,1;

racing,killcuboid,3,3,1,-275,-260,-40,0,1,0,1;


custom,cuboid,house9mat2,5,3,1,1,1,1,1,0.5,0.3,-275,-290,0,0,1,0,1;

custom,cuboid,house9mat2,3,3,1,1,1,1,1,0.3,0.3,-275,-290,40,0,1,0,1;

custom,cuboid,house9mat2,3,3,1,1,1,1,1,0.3,0.3,-275,-290,-40,0,1,0,1;



custom,cuboid,house9mat2,5,3,1,1,1,1,1,0.5,0.3,-275,-230,0,0,1,0,1;

custom,cuboid,house9mat2,3,3,1,1,1,1,1,0.3,0.3,-275,-230,40,0,1,0,1;

custom,cuboid,house9mat2,3,3,1,1,1,1,1,0.3,0.3,-275,-230,-40,0,1,0,1;


custom,cuboid,house9mat2,5,3,1,1,1,1,1,0.5,0.3,-200,-260,0,0,1,0,1;

custom,cuboid,house9mat2,3,3,1,1,1,1,1,0.3,0.3,-200,-260,40,0,1,0,1;

custom,cuboid,house9mat2,3,3,1,1,1,1,1,0.3,0.3,-200,-260,-40,0,1,0,1;


racing,killcuboid,3,3,1,-200,-290,40,0,1,0,1;

racing,killcuboid,3,3,1,-200,-290,-40,0,1,0,1;



racing,killcuboid,3,3,1,-200,-230,40,0,1,0,1;

racing,killcuboid,3,3,1,-200,-230,-40,0,1,0,1;



racing,killcuboid,5,3,1,-125,-260,0,0,1,0,1;



custom,cuboid,house9mat2,5,3,1,1,1,1,1,0.5,0.3,-125,-290,0,0,1,0,1;

custom,cuboid,house9mat2,3,3,1,1,1,1,1,0.3,0.3,-125,-290,40,0,1,0,1;

custom,cuboid,house9mat2,3,3,1,1,1,1,1,0.3,0.3,-125,-290,-40,0,1,0,1;



custom,cuboid,house9mat2,5,3,1,1,1,1,1,0.5,0.3,-125,-230,0,0,1,0,1;

custom,cuboid,house9mat2,3,3,1,1,1,1,1,0.3,0.3,-125,-230,40,0,1,0,1;

custom,cuboid,house9mat2,3,3,1,1,1,1,1,0.3,0.3,-125,-230,-40,0,1,0,1;



custom,cuboid,house9mat2,37,11,1,1,1,1,1,3.7,1.1,-243,-270,-60,0,0,0,0;

custom,cuboid,house9mat2,37,11,1,1,1,1,1,3.7,1.1,-243,-270,60,0,0,0,0;



custom,cuboid,house9mat2,35,11,1,1,1,1,1,3.5,1.1,120,-270,45,0,0,0,0;

custom,cuboid,house9mat2,35,11,1,1,1,1,1,3.5,1.1,120,-270,-45,0,0,0,0;


custom,cuboid,house9mat2,1,11,1.5,1,1,1,1,0.15,1.1,-60,-270,47.5,0,0,0,0;

custom,cuboid,house9mat2,1,11,1.5,1,1,1,1,0.1,1.1,-60,-270,-47.5,0,0,0,0;



racing,killcuboid,6,6,1,-25,-305,0,-0.2705981,0.6532815,-0.2705981,0.6532815;


racing,killcuboid,6,6,1,-25,-220,0,-0.2705981,0.6532815,-0.2705981,0.6532815;


racing,killcuboid,6,6,1,-25,-262.5,42.5,-0.2705981,0.6532815,-0.2705981,0.6532815;





racing,killcuboid,6,6,1,70,-305,0,-0.2705981,0.6532815,-0.2705981,0.6532815;


racing,killcuboid,6,6,1,70,-220,0,-0.2705981,0.6532815,-0.2705981,0.6532815;




racing,killcuboid,6,6,1,70,-262.5,-42.5,-0.2705981,0.6532815,-0.2705981,0.6532815;




racing,killcuboid,6,6,1,260,-305,0,-0.2705981,0.6532815,-0.2705981,0.6532815;


racing,killcuboid,6,6,1,260,-220,0,-0.2705981,0.6532815,-0.2705981,0.6532815;


racing,killcuboid,6,6,1,260,-262.5,-42.5,-0.2705981,0.6532815,-0.2705981,0.6532815;



racing,killcuboid,6,6,1,165,-305,0,-0.2705981,0.6532815,-0.2705981,0.6532815;


racing,killcuboid,6,6,1,165,-220,0,-0.2705981,0.6532815,-0.2705981,0.6532815;


racing,killcuboid,6,6,1,165,-262.5,42.5,-0.2705981,0.6532815,-0.2705981,0.6532815;






custom,cuboid,house9mat2,58,8,1,1,1,1,1,5.8,0.8,-685,-280,-250,0,1,0,1;


custom,cuboid,house9mat2,50,8,1,1,1,1,1,5.8,0.8,-602,-280,-300,0,1,0,1;


racing,killcuboid,58,8.1,1.3,-685,-280,-250,0,1,0,1;


racing,killcuboid,50,8.1,1.3,-602,-280,-300,0,1,0,1;


racing,killcuboid,1,8,0.5,-677.5,-280,-529,0,1,0,1;

racing,killcuboid,1,8,0.4,-609,-280,-529,0,1,0,1;


racing,killcuboid,45,11,0.3,-643.5,-270,-275,0.2705981,0.6532815,-0.2705981,0.6532815;


racing,killcuboid,45,11,0.3,-643.5,-270,-275,-0.2705981,0.6532815,0.2705981,0.6532815;


custom,cuboid,stone2,20,1,140,1,1,1,1,2.0,14.0,-617,-235,-300,0,0,0,0;


racing,killcuboid,45,11,1.3,-643.5,-235,-275,0.5,0.5,-0.5,0.5;



custom,cuboid,stone2,12,1,35,1,1,1,1,1.2,3.5,120,-217,0,0,1,0,1;

custom,cuboid,stone2,12,0.99,1,1,1,1,1,1.2,0.1,-50.1,-217,0,0,1,0,1;

custom,cuboid,stone2,12,0.99,1,1,1,1,1,1.2,0.1,290.1,-217,0,0,1,0,1;


custom,cuboid,stone2,12,1,40,1,1,1,1,1.2,4.0,-240,-210,0,0,1,0,1;


custom,cuboid,stone2,12,1,8,1,1,1,1,1.2,0.8,-477,-235,0,0,1,0,1;


racing,killcuboid,5,3,1,-433,-225,0,0,1,0,1;


custom,cuboid,stone2,12,1,50,1,1,1,1,1.2,5.0,0,-235,-1250,0,0,0,0;




racing,killcuboid,7,6,7,75,100,460,0,0,0,0;

racing,killcuboid,7,6,7,-75,100,460,0,0,0,0;


racing,killcuboid,10,6,10,85,100,910,0,0,0,0;

racing,killcuboid,10,6,10,-85,100,910,0,0,0,0;

custom,cuboid,stone2,110,1,55,1,1,1,1,11.0,5.5,0,135,690,0,0,0,0;

custom,cuboid,stone2,8,1,24,1,1,1,1,0.8,2.4,0,135,295,0,0,0,0;






misc,barrier,26,1,16,0,110,95,0,0,0,0;


misc,barrier,7,2,1,0,120,170,0,0,0,0;



misc,barrier,52,1,142,0,145,-885,0,0,0,0;



custom,cylinder,house9mat2,7,5.5,7,1,1,1,1,0.7,0.7,300,-270,75,0,0,0,0;


custom,arc90,house9mat2,16,18,16,1,1,1,1,1.2,1.8,370,-270,14.5,0,-0.7071068,0,0.7071068;


custom,cuboid,house9mat2,26,11,1,1,1,1,1,2.4,1.1,300,-270,235,0,1,0,1;


custom,cuboid,house9mat2,29,11,1,1,1,1,1,2.9,1.1,427,-270,220,0,1,0,1;




custom,cylinder,house9mat2,2,7,2,1,1,1,1,0.2,0.7,363.5,-220,370,0.5,0.5,-0.5,0.5;




racing,killcuboid,10,8.5,1,363.5,-267.5,520,-0.1736482,0,0,0.9848078;

racing,killcuboid,10,8.5,1,363.5,-267.5,480,0.9848078,0,0,-0.1736482;

racing,killcylinder,2.2,5,2.2,363.5,-225,500,0.5,0.5,-0.5,0.5;

custom,cylinder,house9mat2,2,4.9,2,1,1,1,1,0.2,0.7,363.5,-225,500,0.5,0.5,-0.5,0.5;

racing,killcuboid,10,-8.5,1,363.5,-182.5,620,-0.1736482,0,0,-0.9848078;

racing,killcuboid,10,-8.5,1,363.5,-182.5,580,0.9848078,0,0,0.1736482;

racing,killcylinder,2.2,-5,2.2,363.5,-225,600,0.5,-0.5,-0.5,-0.5;

custom,cylinder,house9mat2,2,4.9,2,1,1,1,1,0.2,0.7,363.5,-225,600,0.5,0.5,-0.5,0.5;

racing,killcuboid,10,8.5,1,363.5,-267.5,720,-0.1736482,0,0,0.9848078;

racing,killcuboid,10,8.5,1,363.5,-267.5,680,0.9848078,0,0,-0.1736482;

racing,killcylinder,2.2,5,2.2,363.5,-225,700,0.5,0.5,-0.5,0.5;

custom,cylinder,house9mat2,2,4.9,2,1,1,1,1,0.2,0.7,363.5,-225,700,0.5,0.5,-0.5,0.5;

racing,killcuboid,10,-8.5,1,363.5,-182.5,820,-0.1736482,0,0,-0.9848078;

racing,killcuboid,10,-8.5,1,363.5,-182.5,780,0.9848078,0,0,0.1736482;

racing,killcylinder,2.2,-5,2.2,363.5,-225,800,0.5,-0.5,-0.5,-0.5;

custom,cylinder,house9mat2,2,4.9,2,1,1,1,1,0.2,0.7,363.5,-225,800,0.5,0.5,-0.5,0.5;



custom,cuboid,house9mat2,52,21,1,1,1,1,1,5.2,2.1,309,-240,625,0,1,0,1;

custom,cuboid,house9mat2,52,21,1,1,1,1,1,5.2,2.1,418,-240,625,0,1,0,1;



custom,cuboid,house9mat2,1,21,0.99,1,1,1,1,0.1,2.1,309,-240,368,0,1,0,1;

custom,cuboid,house9mat2,1,21,0.99,1,1,1,1,0.1,2.1,418,-240,368,0,1,0,1;






custom,cuboid,house9mat2,10,9,1,1,1,1,1,1.0,0.9,363.5,-180,368,0,0,0,0;


custom,cuboid,stone2,10,1,65,1,1,1,1,1.0,6.5,363.5,-140,655,0,0,0,0;






racing,killcuboid,1,6,1,375,-275,-740,0,0,0,0;

racing,killcuboid,1,6,1,375,-275,-725,0.9659258,0,0,0.258819;

racing,killcuboid,1,6,1,375,-275,-710,0,0,0,0;

racing,killtube,5.5,1,5,375,-275,-670,0,0,-0.7071068,0.7071068;





racing,killpyramid,1.2,1,1,499,-299,-865,0.7071068,0,0,0.7071068;

racing,killpyramid,1.2,1,1,478,-299,-865,0.7071068,0,0,0.7071068;

racing,killpyramid,1.2,1,1,456.5,-299,-865,0.7071068,0,0,0.7071068;

racing,killpyramid,1.2,1,1,435,-299,-865,0.7071068,0,0,0.7071068;

racing,killpyramid,1.2,1,1,414,-299,-865,0.7071068,0,0,0.7071068;



racing,killpyramid,1.2,1,1,499,-264,-865,0.7071068,0,0,0.7071068;

racing,killpyramid,1.2,1,1,478,-264,-865,0.7071068,0,0,0.7071068;

racing,killpyramid,1.2,1,1,456.5,-264,-865,0.7071068,0,0,0.7071068;

racing,killpyramid,1.2,1,1,435,-264,-865,0.7071068,0,0,0.7071068;

racing,killpyramid,1.2,1,1,414,-264,-865,0.7071068,0,0,0.7071068;




racing,killpyramid,1.2,1,1,499,-246.5,-865,0.7071068,0,0,0.7071068;

racing,killpyramid,1.2,1,1,478,-246.5,-865,0.7071068,0,0,0.7071068;

racing,killpyramid,1.2,1,1,456.5,-246.5,-865,0.7071068,0,0,0.7071068;

racing,killpyramid,1.2,1,1,435,-246.5,-865,0.7071068,0,0,0.7071068;

racing,killpyramid,1.2,1,1,414,-246.5,-865,0.7071068,0,0,0.7071068;



racing,killpyramid,1.2,1,1,499,-281.5,-865,0.7071068,0,0,0.7071068;

racing,killpyramid,1.2,1,1,478,-281.5,-865,0.7071068,0,0,0.7071068;

racing,killpyramid,1.2,1,1,456.5,-281.5,-865,0.7071068,0,0,0.7071068;

racing,killpyramid,1.2,1,1,435,-281.5,-865,0.7071068,0,0,0.7071068;

racing,killpyramid,1.2,1,1,414,-281.5,-865,0.7071068,0,0,0.7071068;




custom,cuboid,stone2,10,1,1,1,1,1,1,1,0.1,363.5,-300,955,0,0,0,0;


custom,cuboid,stone2,10,1,1,1,1,1,1,1,0.1,363.5,-300,965,0,0,0,0;

custom,cuboid,stone2,10,1,1,1,1,1,1,1,0.1,363.5,-290,965,0,0,0,0;


custom,cuboid,stone2,10,1,1,1,1,1,1,1,0.1,363.5,-140,965,0,0,0,0;

custom,cuboid,stone2,10,1,1,1,1,1,1,1,0.1,363.5,-150,965,0,0,0,0;


custom,cuboid,stone2,10,1,1,1,1,1,1,1,0.1,363.5,-290,975,0,0,0,0;

custom,cuboid,stone2,10,1,1,1,1,1,1,1,0.1,363.5,-280,975,0,0,0,0;


custom,cuboid,stone2,10,1,1,1,1,1,1,1,0.1,363.5,-150,975,0,0,0,0;

custom,cuboid,stone2,10,1,1,1,1,1,1,1,0.1,363.5,-160,975,0,0,0,0;



custom,cuboid,stone2,10,1,1,1,1,1,1,1,0.1,363.5,-270,985,0,0,0,0;

custom,cuboid,stone2,10,1,1,1,1,1,1,1,0.1,363.5,-280,985,0,0,0,0;


custom,cuboid,stone2,10,1,1,1,1,1,1,1,0.1,363.5,-170,985,0,0,0,0;

custom,cuboid,stone2,10,1,1,1,1,1,1,1,0.1,363.5,-160,985,0,0,0,0;



custom,cuboid,stone2,10,1,1,1,1,1,1,1,0.1,363.5,-270,995,0,0,0,0;

custom,cuboid,stone2,10,1,1,1,1,1,1,1,0.1,363.5,-260,995,0,0,0,0;


custom,cuboid,stone2,10,1,1,1,1,1,1,1,0.1,363.5,-170,995,0,0,0,0;

custom,cuboid,stone2,10,1,1,1,1,1,1,1,0.1,363.5,-180,995,0,0,0,0;


custom,cuboid,stone2,10,1,1,1,1,1,1,1,0.1,363.5,-250,1005,0,0,0,0;

custom,cuboid,stone2,10,1,1,1,1,1,1,1,0.1,363.5,-260,1005,0,0,0,0;


custom,cuboid,stone2,10,1,1,1,1,1,1,1,0.1,363.5,-190,1005,0,0,0,0;

custom,cuboid,stone2,10,1,1,1,1,1,1,1,0.1,363.5,-180,1005,0,0,0,0;


custom,cuboid,stone2,10,1,1,1,1,1,1,1,0.1,363.5,-240,1015,0,0,0,0;

custom,cuboid,stone2,10,1,1,1,1,1,1,1,0.1,363.5,-250,1015,0,0,0,0;


custom,cuboid,stone2,10,1,1,1,1,1,1,1,0.1,363.5,-190,1015,0,0,0,0;

custom,cuboid,stone2,10,1,1,1,1,1,1,1,0.1,363.5,-200,1015,0,0,0,0;

custom,cuboid,stone2,10,1,1,1,1,1,1,1,0.1,363.5,-200,1025,0,0,0,0;

custom,cuboid,stone2,10,1,1,1,1,1,1,1,0.1,363.5,-240,1025,0,0,0,0;




custom,cuboid,house9mat2,18,21,1,1,1,1,1,1.8,2.1,309,-240,975,0,1,0,1;
custom,cuboid,house9mat2,18,21,1,1,1,1,1,1.8,2.1,418,-240,975,0,1,0,1;



custom,cuboid,stone2,15,1,42,1,1,1,1,1.5,4.2,363.5,-210,155,0,0,0,0;



racing,endcuboid,10,3,1,363.5,-220,1025,0,0,0,0;

racing,killcuboid,10,1,8,456.5,-270,-875,0.7071068,0,0,0.7071068;

racing,killcuboid,10,1,8,456.5,-270,-885,0.7071068,0,0,0.7071068;



custom,cuboid,house9mat2,9,9,1,1,1,1,1,0.9,0.9,0,28,406.5,0,0,0,0;

racing,killcuboid,9,9,1,0,28,414.5,0,0,0,0;


racing,killprism,2,0.5,2,-15,35,414.5,-0.5,0.5,-0.5,0.5;


racing,killprism,2,0.5,2,15,35,414.5,0.5,-0.5,-0.5,0.5;


racing,killcuboid,9,9,1.5,80,28,432,0,0,0,0;

racing,killcuboid,9,9,1.5,170,28,442,0,0,0,0;

racing,killcuboid,9,9,1.5,260,28,452,0,0,0,0;

racing,killcuboid,9,9,1.5,350,28,462,0,0,0,0;

racing,killcuboid,9,9,1.5,440,28,472,0,0,0,0;

racing,killcuboid,13,9,1.5,490,28,545,0,1,0,1;

racing,killcuboid,13,9,1.5,505,28,675,0,1,0,1;

racing,killcuboid,15,9,1.5,490,28,815,0,1,0,1;


racing,killcuboid,9,9,1.5,-80,28,432,0,0,0,0;

racing,killcuboid,9,9,1.5,-170,28,442,0,0,0,0;

racing,killcuboid,9,9,1.5,-260,28,452,0,0,0,0;

racing,killcuboid,9,9,1.5,-350,28,462,0,0,0,0;

racing,killcuboid,8,9,1.5,-435,28,472,0,0,0,0;


racing,killcuboid,13,9,1.5,-490,28,545,0,1,0,1;

racing,killcuboid,13,9,1.5,-505,28,675,0,1,0,1;

racing,killcuboid,15,9,1.5,-490,28,815,0,1,0,1;




racing,killcuboid,21.5,7.5,21.5,282.5,116.1,690,0,0,0,0;
racing,killcuboid,21.5,7.5,21.5,282.5,116.1,690,0,0.0871557,0,0.9961947;
racing,killcuboid,21.5,7.5,21.5,282.5,116.1,690,0,0.1736482,0,0.9848078;
racing,killcuboid,21.5,7.5,21.5,282.5,116.1,690,0,0.258819,0,0.9659258;
racing,killcuboid,21.5,7.5,21.5,282.5,116.1,690,0,0.3420201,0,0.9396926;
racing,killcuboid,21.5,7.5,21.5,282.5,116.1,690,0,0.4226183,0,0.9063078;
racing,killcuboid,21.5,7.5,21.5,282.5,116.1,690,0,0.5,0,0.8660254;
racing,killcuboid,21.5,7.5,21.5,282.5,116.1,690,0,0.5735764,0,0.819152;
racing,killcuboid,21.5,7.5,21.5,282.5,116.1,690,0,0.6427876,0,0.7660444;



racing,killcuboid,21.5,7.5,21.5,-282.5,116.1,690,0,0,0,0;
racing,killcuboid,21.5,7.5,21.5,-282.5,116.1,690,0,0.0871557,0,0.9961947;
racing,killcuboid,21.5,7.5,21.5,-282.5,116.1,690,0,0.1736482,0,0.9848078;
racing,killcuboid,21.5,7.5,21.5,-282.5,116.1,690,0,0.258819,0,0.9659258;
racing,killcuboid,21.5,7.5,21.5,-282.5,116.1,690,0,0.3420201,0,0.9396926;
racing,killcuboid,21.5,7.5,21.5,-282.5,116.1,690,0,0.4226183,0,0.9063078;
racing,killcuboid,21.5,7.5,21.5,-282.5,116.1,690,0,0.5,0,0.8660254;
racing,killcuboid,21.5,7.5,21.5,-282.5,116.1,690,0,0.5735764,0,0.819152;
racing,killcuboid,21.5,7.5,21.5,-282.5,116.1,690,0,0.6427876,0,0.7660444;





racing,killcuboid,1,7.5,10,45,116.1,690,0,0,0,0;

racing,killcuboid,1,7.5,16,85,116.1,800,0,0.3007058,0,0.953717;

racing,killcuboid,1,7.5,10,55,116.1,590,0,0,0,0;

racing,killcuboid,1,7.5,10,75,116.1,520,0,0.953717,0,0.3007058;


racing,killcuboid,1,7.5,10,-45,116.1,690,0,0,0,0;

racing,killcuboid,1,7.5,10,-75,116.1,520,0,0.3007058,0,0.953717;

racing,killcuboid,1,7.5,10,-55,116.1,590,0,0,0,0;

racing,killcuboid,1,7.5,16,-85,116.1,800,0,0.953717,0,0.3007058;





custom,cuboid,house9mat2,12,1,12,1,1,1,1,1.8,2.1,363.5,-240,1125,0,0,0,0;

racing,killcuboid,1.6,2.1,1.6,363.5,-240,1125,0,0.3826834,0,0.9238795;

custom,cuboid,house9mat2,1.5,8,1.5,1,1,1,1,0.15,0.8,363.5,-270,1125,0,0.3826834,0,0.9238795;

custom,cuboid,house9mat2,1.5,16,1.5,1,1,1,1,0.15,1.6,309,-230,1180,0,0.3826834,0,0.9238795;

custom,cuboid,house9mat2,1.5,16,1.5,1,1,1,1,0.15,1.6,418,-230,1180,0,0.3826834,0,0.9238795;

custom,cuboid,house9mat2,1.5,16,1.5,1,1,1,1,0.15,1.6,309,-230,1071,0,0.3826834,0,0.9238795;

custom,cuboid,house9mat2,1.5,16,1.5,1,1,1,1,0.15,1.6,418,-230,1071,0,0.3826834,0,0.9238795;


custom,cuboid,house9mat2,13,1,13,1,1,1,1,1.3,1.3,363.5,-150,1125,0,0,0,0;

custom,cuboid,house9mat2,12,1.1,12,1,1,1,1,1.2,1.2,363.5,-150,1125,0,0.3826834,0,0.9238795;

custom,cuboid,house9mat2,8,1.1,8,1,1,1,1,0.8,0.8,363.5,-145,1125,0,0.3826834,0,0.9238795;

custom,cuboid,house9mat2,8,1,8,1,1,1,1,0.8,0.8,363.5,-145,1125,0,0,0,0;

custom,cuboid,house9mat2,4,1.1,4,1,1,1,1,0.4,0.4,363.5,-140,1125,0,0.3826834,0,0.9238795;


custom,cuboid,stone2,16,1,1,1,1,1,1,1.6,0.1,0,5,75,0,0,0,0;

custom,cuboid,stone2,14.8,1,1,1,1,1,1,1.48,0.1,0,15,65,0,0,0,0;

custom,cuboid,stone2,12,1,1,1,1,1,1,1.2,0.1,0,25,55,0,0,0,0;

custom,cuboid,stone2,10,1,1,1,1,1,1,1.0,0.1,0,35,45,0,0,0,0;

custom,cuboid,stone2,8,1,1,1,1,1,1,0.8,0.1,0,45,35,0,0,0,0;


custom,cuboid,stone2,3,1,1,1,1,1,1,0.3,0.1,125,45,168,0,1,0,1;

custom,cuboid,stone2,5,1,1,1,1,1,1,0.5,0.1,115,35,155,0,1,0,1;

custom,cuboid,stone2,7.8,1,1,1,1,1,1,0.78,0.1,105,25,145,0,1,0,1;

custom,cuboid,stone2,9.8,1,1,1,1,1,1,0.98,0.1,95,15,135,0,1,0,1;

custom,cuboid,stone2,10.5,1,1,1,1,1,1,1.05,0.1,85,5,130,0,1,0,1;



custom,cuboid,stone2,3,1,1,1,1,1,1,0.3,0.1,-125,45,168,0,1,0,1;

custom,cuboid,stone2,5,1,1,1,1,1,1,0.5,0.1,-115,35,155,0,1,0,1;

custom,cuboid,stone2,7.8,1,1,1,1,1,1,0.78,0.1,-105,25,145,0,1,0,1;

custom,cuboid,stone2,9.8,1,1,1,1,1,1,0.98,0.1,-95,15,135,0,1,0,1;

custom,cuboid,stone2,10.5,1,1,1,1,1,1,1.05,0.1,-85,5,130,0,1,0,1;




custom,statue2,default,2,2,2,1,1,1,1,0.1,0.1,-50,1,155,0,-1,0,0;

custom,statue2,default,2,2,2,1,1,1,1,0.1,0.1,50,1,155,0,-1,0,0;





custom,cuboid,stone4,14.3,1,1,1,0.9,0.8,0,1.4,0.1,363.5,-210,1210,0,0,0,0;
custom,cuboid,stone4,16,1,1,1,0.9,0.8,0,1.6,0.1,440,-210,1135,0,1,0,1;
custom,cuboid,stone4,16,1,1,1,0.9,0.8,0,1.6,0.1,287,-210,1135,0,1,0,1;

custom,cuboid,stone4,12.3,1,1,1,0.7,0.7,0.7,1.2,0.1,363.5,-220,1200,0,0,0,0;
custom,cuboid,stone4,14,1,1,1,0.7,0.7,0.7,1.4,0.1,430,-220,1135,0,1,0,1;
custom,cuboid,stone4,14,1,1,1,0.7,0.7,0.7,1.4,0.1,297,-220,1135,0,1,0,1;

custom,cuboid,stone4,10.3,1,1,1,0.6,0.4,0.3,1.2,0.1,363.5,-230,1190,0,0,0,0;
custom,cuboid,stone4,12,1,1,1,0.6,0.4,0.3,1.2,0.1,420,-230,1135,0,1,0,1;
custom,cuboid,stone4,12,1,1,1,0.6,0.4,0.3,1.2,0.1,307,-230,1135,0,1,0,1;

custom,cuboid,house9mat2,16.3,1,1,0,0.9,0.8,0,1.4,0.1,363.5,-210.5,1210.5,0,0,0,0;
custom,cuboid,house9mat2,14.3,1,1,0,0.7,0.7,0.7,1.2,0.1,363.5,-220.5,1200.5,0,0,0,0;
custom,cuboid,house9mat2,12.3,1,1,0,0.6,0.4,0.3,1.2,0.1,363.5,-230.5,1190.5,0,0,0,0;

custom,cuboid,house9mat2,16,1,1,0,0.9,0.8,0,1.6,0.1,440.5,-210.5,1134.5,0,1,0,1;
custom,cuboid,house9mat2,14,1,1,0,0.7,0.7,0.7,1.4,0.1,430.5,-220.5,1134.5,0,1,0,1;
custom,cuboid,house9mat2,12,1,1,0,0.6,0.4,0.3,1.2,0.1,420.5,-230.5,1134.5,0,1,0,1;

custom,cuboid,house9mat2,16,1,1,0,0.9,0.8,0,1.6,0.1,286.5,-210.5,1134.5,0,1,0,1;
custom,cuboid,house9mat2,14,1,1,0,0.7,0.7,0.7,1.4,0.1,296.5,-220.5,1134.5,0,1,0,1;
custom,cuboid,house9mat2,12,1,1,0,0.6,0.4,0.3,1.2,0.1,306.5,-230.5,1134.5,0,1,0,1;

racing,killCuboid,2.5,0.5,5.5,-510,70.5,840,0,0,0,-0;
racing,killCuboid,2.5,0.5,5.5,510,70.5,840,0,0,0,-0;

racing,killCuboid,2,0.5,0.5,-16,10,402,0,0,0,0;
racing,killCuboid,2,0.5,0.5,-16,30,402,0,0,0,0;
racing,killCuboid,0.5,2.5,0.5,-16,20,402,0,0,-0.3007058,0.953717;

racing,killCuboid,0.5,2.5,0.5,1,20,402,0,0,0,0;

racing,killCuboid,0.5,2.5,0.5,11,20,402,0,0,0,0;

racing,killCuboid,2,0.5,0.5,18.5,10,402,0,0,0,0;




custom,prism,house9mat2,1.5,18,1.5,0,0,0,0,0.15,1.8,275,-300,1135,0.7071068,0,0,0.7071068;
custom,prism,house9mat2,1.5,18,1.5,0,0,0,0,0.15,1.8,275,-287,1127.8,-0.7071068,0,0,0.7071068;

custom,prism,house9mat2,1.5,18,1.5,0,0,0,0,0.15,1.8,275,-275,1135,0.7071068,0,0,0.7071068;
custom,prism,house9mat2,1.5,18,1.5,0,0,0,0,0.15,1.8,275,-262,1127.8,-0.7071068,0,0,0.7071068;


custom,prism,house9mat2,1.5,18,1.5,0,0,0,0,0.15,1.8,275,-250,1135,0.7071068,0,0,0.7071068;
custom,prism,house9mat2,1.5,18,1.5,0,0,0,0,0.15,1.8,275,-237,1127.8,-0.7071068,0,0,0.7071068;

custom,prism,house9mat2,1.5,18,1.5,0,0,0,0,0.15,1.8,275,-225,1135,0.7071068,0,0,0.7071068;
custom,prism,house9mat2,1.5,18,1.5,0,0,0,0,0.15,1.8,275,-212,1127.8,-0.7071068,0,0,0.7071068;

custom,prism,house9mat2,1.5,18,1.5,0,0,0,0,0.15,1.8,275,-200,1135,0.7071068,0,0,0.7071068;
custom,prism,house9mat2,1.5,18,1.5,0,0,0,0,0.15,1.8,275,-187,1127.8,-0.7071068,0,0,0.7071068;

custom,prism,house9mat2,1.5,18,1.5,0,0,0,0,0.15,1.8,275,-175,1135,0.7071068,0,0,0.7071068;
custom,prism,house9mat2,1.5,18,1.5,0,0,0,0,0.15,1.8,275,-162,1127.8,-0.7071068,0,0,0.7071068;


custom,prism,house9mat2,1.5,18,1.5,0,0,0,0,0.15,1.8,275,-150,1135,0.7071068,0,0,0.7071068;
custom,prism,house9mat2,1.5,18,1.5,0,0,0,0,0.15,1.8,275,-137,1127.8,-0.7071068,0,0,0.7071068;

custom,prism,house9mat2,1.5,18,1.5,0,0,0,0,0.15,1.8,275,-125,1135,0.7071068,0,0,0.7071068;
custom,prism,house9mat2,1.5,18,1.5,0,0,0,0,0.15,1.8,275,-112,1127.8,-0.7071068,0,0,0.7071068;






custom,prism,house9mat2,1.5,18,1.5,0,0,0,0,0.15,1.8,452,-300,1135,0.7071068,0,0,0.7071068;
custom,prism,house9mat2,1.5,18,1.5,0,0,0,0,0.15,1.8,452,-287,1127.8,-0.7071068,0,0,0.7071068;

custom,prism,house9mat2,1.5,18,1.5,0,0,0,0,0.15,1.8,452,-275,1135,0.7071068,0,0,0.7071068;
custom,prism,house9mat2,1.5,18,1.5,0,0,0,0,0.15,1.8,452,-262,1127.8,-0.7071068,0,0,0.7071068;


custom,prism,house9mat2,1.5,18,1.5,0,0,0,0,0.15,1.8,452,-250,1135,0.7071068,0,0,0.7071068;
custom,prism,house9mat2,1.5,18,1.5,0,0,0,0,0.15,1.8,452,-237,1127.8,-0.7071068,0,0,0.7071068;

custom,prism,house9mat2,1.5,18,1.5,0,0,0,0,0.15,1.8,452,-225,1135,0.7071068,0,0,0.7071068;
custom,prism,house9mat2,1.5,18,1.5,0,0,0,0,0.15,1.8,452,-212,1127.8,-0.7071068,0,0,0.7071068;

custom,prism,house9mat2,1.5,18,1.5,0,0,0,0,0.15,1.8,452,-200,1135,0.7071068,0,0,0.7071068;
custom,prism,house9mat2,1.5,18,1.5,0,0,0,0,0.15,1.8,452,-187,1127.8,-0.7071068,0,0,0.7071068;

custom,prism,house9mat2,1.5,18,1.5,0,0,0,0,0.15,1.8,452,-175,1135,0.7071068,0,0,0.7071068;
custom,prism,house9mat2,1.5,18,1.5,0,0,0,0,0.15,1.8,452,-162,1127.8,-0.7071068,0,0,0.7071068;


custom,prism,house9mat2,1.5,18,1.5,0,0,0,0,0.15,1.8,452,-150,1135,0.7071068,0,0,0.7071068;
custom,prism,house9mat2,1.5,18,1.5,0,0,0,0,0.15,1.8,452,-137,1127.8,-0.7071068,0,0,0.7071068;

custom,prism,house9mat2,1.5,18,1.5,0,0,0,0,0.15,1.8,452,-125,1135,0.7071068,0,0,0.7071068;
custom,prism,house9mat2,1.5,18,1.5,0,0,0,0,0.15,1.8,452,-112,1127.8,-0.7071068,0,0,0.707106;


custom,prism,house9mat2,1.5,18,1.5,0,0,0,0,0.15,1.8,366,-300,1221.4,0.5,0.5,-0.5,0.5;
custom,prism,house9mat2,1.5,18,1.5,0,0,0,0,0.15,1.8,358.8,-287,1221.4,-0.5,0.5,0.5,0.5;

custom,prism,house9mat2,1.5,18,1.5,0,0,0,0,0.15,1.8,366,-275,1221.4,0.5,0.5,-0.5,0.5;
custom,prism,house9mat2,1.5,18,1.5,0,0,0,0,0.15,1.8,358.8,-262,1221.4,-0.5,0.5,0.5,0.5;

custom,prism,house9mat2,1.5,18,1.5,0,0,0,0,0.15,1.8,366,-250,1221.4,0.5,0.5,-0.5,0.5;
custom,prism,house9mat2,1.5,18,1.5,0,0,0,0,0.15,1.8,358.8,-237,1221.4,-0.5,0.5,0.5,0.5;

custom,prism,house9mat2,1.5,18,1.5,0,0,0,0,0.15,1.8,366,-225,1221.4,0.5,0.5,-0.5,0.5;
custom,prism,house9mat2,1.5,18,1.5,0,0,0,0,0.15,1.8,358.8,-212,1221.4,-0.5,0.5,0.5,0.5;

custom,prism,house9mat2,1.5,18,1.5,0,0,0,0,0.15,1.8,366,-200,1221.4,0.5,0.5,-0.5,0.5;
custom,prism,house9mat2,1.5,18,1.5,0,0,0,0,0.15,1.8,358.8,-187,1221.4,-0.5,0.5,0.5,0.5;

custom,prism,house9mat2,1.5,18,1.5,0,0,0,0,0.15,1.8,366,-175,1221.4,0.5,0.5,-0.5,0.5;
custom,prism,house9mat2,1.5,18,1.5,0,0,0,0,0.15,1.8,358.8,-162,1221.4,-0.5,0.5,0.5,0.5;

custom,prism,house9mat2,1.5,18,1.5,0,0,0,0,0.15,1.8,366,-150,1221.4,0.5,0.5,-0.5,0.5;
custom,prism,house9mat2,1.5,18,1.5,0,0,0,0,0.15,1.8,358.8,-137,1221.4,-0.5,0.5,0.5,0.5;

custom,prism,house9mat2,1.5,18,1.5,0,0,0,0,0.15,1.8,366,-125,1221.4,0.5,0.5,-0.5,0.5;
custom,prism,house9mat2,1.5,18,1.5,0,0,0,0,0.15,1.8,358.8,-112,1221.4,-0.5,0.5,0.5,0.5;



custom,prism,house9mat2,1.5,3,1.5,0,0,0,0,0.15,0.3,289.8,-125,1060,0.5,0.5,-0.5,0.5;
custom,prism,house9mat2,1.5,3,1.5,0,0,0,0,0.15,0.3,288.8,-112,1060,-0.5,0.5,0.5,0.5;

custom,prism,house9mat2,1.5,3,1.5,0,0,0,0,0.15,0.3,289.8,-150,1060,0.5,0.5,-0.5,0.5;
custom,prism,house9mat2,1.5,3,1.5,0,0,0,0,0.15,0.3,288.8,-137,1060,-0.5,0.5,0.5,0.5;

custom,prism,house9mat2,1.5,3,1.5,0,0,0,0,0.15,0.3,289.8,-175,1060,0.5,0.5,-0.5,0.5;
custom,prism,house9mat2,1.5,3,1.5,0,0,0,0,0.15,0.3,288.8,-162,1060,-0.5,0.5,0.5,0.5;

custom,prism,house9mat2,1.5,3,1.5,0,0,0,0,0.15,0.3,289.8,-200,1060,0.5,0.5,-0.5,0.5;
custom,prism,house9mat2,1.5,3,1.5,0,0,0,0,0.15,0.3,288.8,-187,1060,-0.5,0.5,0.5,0.5;

custom,prism,house9mat2,1.5,3,1.5,0,0,0,0,0.15,0.3,289.8,-225,1060,0.5,0.5,-0.5,0.5;
custom,prism,house9mat2,1.5,3,1.5,0,0,0,0,0.15,0.3,288.8,-212,1060,-0.5,0.5,0.5,0.5;

custom,prism,house9mat2,1.5,3,1.5,0,0,0,0,0.15,0.3,289.8,-250,1060,0.5,0.5,-0.5,0.5;
custom,prism,house9mat2,1.5,3,1.5,0,0,0,0,0.15,0.3,288.8,-237,1060,-0.5,0.5,0.5,0.5;

custom,prism,house9mat2,1.5,3,1.5,0,0,0,0,0.15,0.3,289.8,-275,1060,0.5,0.5,-0.5,0.5;
custom,prism,house9mat2,1.5,3,1.5,0,0,0,0,0.15,0.3,288.8,-262,1060,-0.5,0.5,0.5,0.5;

custom,prism,house9mat2,1.5,3,1.5,0,0,0,0,0.15,0.3,289.8,-300,1060,0.5,0.5,-0.5,0.5;
custom,prism,house9mat2,1.5,3,1.5,0,0,0,0,0.15,0.3,288.8,-287,1060,-0.5,0.5,0.5,0.5;


custom,prism,house9mat2,1.5,3,1.5,0,0,0,0,0.15,0.3,438.4,-125,1060,0.5,0.5,-0.5,0.5;
custom,prism,house9mat2,1.5,3,1.5,0,0,0,0,0.15,0.3,437.2,-112,1060,-0.5,0.5,0.5,0.5;

custom,prism,house9mat2,1.5,3,1.5,0,0,0,0,0.15,0.3,438.4,-150,1060,0.5,0.5,-0.5,0.5;
custom,prism,house9mat2,1.5,3,1.5,0,0,0,0,0.15,0.3,437.2,-137,1060,-0.5,0.5,0.5,0.5;

custom,prism,house9mat2,1.5,3,1.5,0,0,0,0,0.15,0.3,438.4,-175,1060,0.5,0.5,-0.5,0.5;
custom,prism,house9mat2,1.5,3,1.5,0,0,0,0,0.15,0.3,437.2,-162,1060,-0.5,0.5,0.5,0.5;

custom,prism,house9mat2,1.5,3,1.5,0,0,0,0,0.15,0.3,438.4,-200,1060,0.5,0.5,-0.5,0.5;
custom,prism,house9mat2,1.5,3,1.5,0,0,0,0,0.15,0.3,437.2,-187,1060,-0.5,0.5,0.5,0.5;

custom,prism,house9mat2,1.5,3,1.5,0,0,0,0,0.15,0.3,438.4,-225,1060,0.5,0.5,-0.5,0.5;
custom,prism,house9mat2,1.5,3,1.5,0,0,0,0,0.15,0.3,437.2,-212,1060,-0.5,0.5,0.5,0.5;

custom,prism,house9mat2,1.5,3,1.5,0,0,0,0,0.15,0.3,438.4,-250,1060,0.5,0.5,-0.5,0.5;
custom,prism,house9mat2,1.5,3,1.5,0,0,0,0,0.15,0.3,437.2,-237,1060,-0.5,0.5,0.5,0.5;

custom,prism,house9mat2,1.5,3,1.5,0,0,0,0,0.15,0.3,438.4,-275,1060,0.5,0.5,-0.5,0.5;
custom,prism,house9mat2,1.5,3,1.5,0,0,0,0,0.15,0.3,437.2,-262,1060,-0.5,0.5,0.5,0.5;

custom,prism,house9mat2,1.5,3,1.5,0,0,0,0,0.15,0.3,438.4,-300,1060,0.5,0.5,-0.5,0.5;
custom,prism,house9mat2,1.5,3,1.5,0,0,0,0,0.15,0.3,437.2,-287,1060,-0.5,0.5,0.5,0.5;


racing,killcuboid,17,1,16.1,363.5,-145.9,1140,0,0,0,0;


custom,cuboid,stone2,10,1,9,0,0,0,0,1.0,0.9,363.5,-146,1015,0,0,0,0;


custom,cylinder,arena2tex,5,0.5,5,1,0.5,0.3,0.5,1,1,470,74,740,0,0,0,-0;

racing,checkpointcylinder,4.9,0.49,4.9,470,74,740,0,0,0,-0;

custom,cylinder,arena2tex,5,0.5,5,1,0.5,0.3,0.5,1,1,-470,74,740,0,0,0,-0;

racing,checkpointcylinder,4.9,0.49,4.9,-470,74,740,0,0,0,-0;





custom,cuboid,stone2,11.4,0.9,30.4,1,1,1,1,1.15,3.05,-237.5,74,263,0,0,0,0;

custom,cuboid,stone2,11.4,0.9,21.4,1,1,1,1,1.15,2.15,-401.5,74,168,0,1,0,1;

custom,cuboid,stone2,6.4442926,1.19,11.075,1,1,1,1,0.6,1.1,-534.1555044,72.5,168.3013355,0,0.0784591,0,-0.9969173;
custom,cuboid,stone2,6.4442926,1.18,11.075,1,1,1,1,0.6,1.1,-578.2309921,72.5,153.9803414,0,0.2334454,0,-0.9723699;
custom,cuboid,stone2,6.4442926,1.197,11.075,1,1,1,1,0.6,1.1,-615.7238413,72.5,126.740192,0,0.3826835,0,-0.9238795;
custom,cuboid,stone2,6.4442926,1.196,11.075,1,1,1,1,0.6,1.1,-642.9639907,72.5,89.2473428,0,0.5224986,0,-0.8526402;
custom,cuboid,stone2,6.4442926,1.195,11.075,1,1,1,1,0.6,1.1,-657.2849848,72.5,45.1718551,0,0.6494481,0,-0.760406;
custom,cuboid,stone2,6.4442926,1.194,11.075,1,1,1,1,0.6,1.1,-657.2849848,72.5,-1.1718551,0,-0.6494481,0,-0.760406;
custom,cuboid,stone2,6.4442926,1.193,11.075,1,1,1,1,0.6,1.1,-642.9639907,72.5,-45.2473428,0,-0.5224986,0,-0.8526402;
custom,cuboid,stone2,6.4442926,1.192,11.075,1,1,1,1,0.6,1.1,-615.7238413,72.5,-82.740192,0,-0.3826835,0,-0.9238795;
custom,cuboid,stone2,6.4442926,1.191,11.075,1,1,1,1,0.6,1.1,-578.2309921,72.5,-109.9803414,0,-0.2334454,0,-0.9723699;
custom,cuboid,stone2,6.4442926,1.190,11.075,1,1,1,1,0.6,1.1,-534.1555044,72.5,-124.3013355,0,-0.0784591,0,-0.9969173;

custom,cuboid,stone2,11.4,0.9,30.4,1,1,1,1,1.15,3.05,237.5,74,263,0,0,0,0;

custom,cuboid,stone2,11.4,0.9,21.4,1,1,1,1,1.15,2.15,401.5,74,168,0,1,0,1;


custom,cuboid,stone2,6.4442926,-1.19,11.075,1,1,1,1,0.6,1.1,534.1555044,72.5,168.3013355,0.0784591,0,0.9969173,0;
custom,cuboid,stone2,6.4442926,-1.18,11.075,1,1,1,1,0.6,1.1,578.2309921,72.5,153.9803414,0.2334454,0,0.9723699,0;
custom,cuboid,stone2,6.4442926,-1.197,11.075,1,1,1,1,0.6,1.1,615.7238413,72.5,126.740192,0.3826835,0,0.9238795,0;
custom,cuboid,stone2,6.4442926,-1.196,11.075,1,1,1,1,0.6,1.1,642.9639907,72.5,89.2473428,0.5224986,0,0.8526402,0;
custom,cuboid,stone2,6.4442926,-1.195,11.075,1,1,1,1,0.6,1.1,657.2849848,72.5,45.1718551,0.6494481,0,0.760406,0;
custom,cuboid,stone2,6.4442926,-1.194,11.075,1,1,1,1,0.6,1.1,657.2849848,72.5,-1.1718551,-0.6494481,0,0.760406,0;
custom,cuboid,stone2,6.4442926,-1.193,11.075,1,1,1,1,0.6,1.1,642.9639907,72.5,-45.2473428,-0.5224986,0,0.8526402,0;
custom,cuboid,stone2,6.4442926,-1.192,11.075,1,1,1,1,0.6,1.1,615.7238413,72.5,-82.740192,-0.3826835,0,0.9238795,0;
custom,cuboid,stone2,6.4442926,-1.191,11.075,1,1,1,1,0.6,1.1,578.2309921,72.5,-109.9803414,-0.2334454,0,0.9723699,0;
custom,cuboid,stone2,6.4442926,-1.190,11.075,1,1,1,1,0.6,1.1,534.1555044,72.5,-124.3013355,-0.0784591,0,0.9969173,0;






racing,killprism,12,1,1,-58.5,73.4,-209.5,0,0,0,0;
racing,killprism,12,1,1,58.5,73.4,-209.5,0,0,0,0;

racing,killprism,12,1,1,-58.5,63.4,-229.5,0,0,0,0;
racing,killprism,12,1,1,58.5,63.4,-229.5,0,0,0,0;

racing,killprism,12,1,1,-58.5,53.4,-249.5,0,0,0,0;
racing,killprism,12,1,1,58.5,53.4,-249.5,0,0,0,0;

racing,killprism,12,1,1,-58.5,43.4,-269.5,0,0,0,0;
racing,killprism,12,1,1,58.5,43.4,-269.5,0,0,0,0;

racing,killprism,12,1,1,-58.5,33.4,-289.5,0,0,0,0;
racing,killprism,12,1,1,58.5,33.4,-289.5,0,0,0,0;

racing,killprism,12,1,1,-58.5,23.4,-309.5,0,0,0,0;
racing,killprism,12,1,1,58.5,23.4,-309.5,0,0,0,0;

racing,killprism,12,1,1,-58.5,13.4,-329.5,0,0,0,0;
racing,killprism,12,1,1,58.5,13.4,-329.5,0,0,0,0;

racing,killprism,13,1,1,-60,3.4,-349.8,0,0,0,0;
racing,killprism,13,1,1,60,3.4,-349.8,0,0,0,0;