
custom,cuboid,stone2,1,1.5,1,1,1,1,1,0.15,0.1,0,19,334,0,0.3826834,0,0.9238796;
custom,cuboid,stone2,1,1.5,1,1,1,1,1,0.15,0.1,0,29,348,0,0.3826834,0,0.9238796;
custom,cuboid,stone2,1,1.5,1,1,1,1,1,0.15,0.1,0,39,362,0,0.3826834,0,0.9238796;
custom,cuboid,stone2,1,1.5,1,1,1,1,1,0.15,0.1,0,49,376,0,0.3826834,0,0.9238796;
custom,cuboid,stone2,1,1.5,1,1,1,1,1,0.15,0.1,0,59,390,0,0.3826834,0,0.9238796;
custom,cuboid,stone2,1,1.5,1,1,1,1,1,0.15,0.1,0,69,404,0,0.3826834,0,0.9238796;
custom,cuboid,stone2,1,1.5,1,1,1,1,1,0.15,0.1,0,9,320,0,0.3826834,0,0.9238796;
custom,cuboid,stone2,10,-1,1,1,1,1,1,1.2,0.1,-102,-285,-955,0.7071068,0,0.7071068,0;
custom,cuboid,stone2,10,-1,1,1,1,1,1,1.2,0.1,-112,-275,-955,0.7071068,0,0.7071068,0;
custom,cuboid,stone2,10,-1,1,1,1,1,1,1.2,0.1,-122,-275,-955,0.7071068,0,0.7071068,0;
custom,cuboid,stone2,10,-1,1,1,1,1,1,1.2,0.1,-132,-265,-955,0.7071068,0,0.7071068,0;
custom,cuboid,stone2,10,-1,1,1,1,1,1,1.2,0.1,-142,-265,-955,0.7071068,0,0.7071068,0;
custom,cuboid,stone2,10,-1,1,1,1,1,1,1.2,0.1,-152,-255,-955,0.7071068,0,0.7071068,0;
custom,cuboid,stone2,10,-1,1,1,1,1,1,1.2,0.1,-162,-255,-955,0.7071068,0,0.7071068,0;
custom,cuboid,stone2,10,-1,1,1,1,1,1,1.2,0.1,-172,-245,-955,0.7071068,0,0.7071068,0;
custom,cuboid,stone2,10,-1,1,1,1,1,1,1.2,0.1,-182,-245,-955,0.7071068,0,0.7071068,0;
custom,cuboid,stone2,10,-1,1,1,1,1,1,1.2,0.1,-247,-170,-191.5,0,0,1,0;
custom,cuboid,stone2,10,-1,1,1,1,1,1,1.2,0.1,-247,-170,-201.5,0,0,1,0;
custom,cuboid,stone2,10,-1,1,1,1,1,1,1.2,0.1,-247,-170,-760.5,1,0,0,0;
custom,cuboid,stone2,10,-1,1,1,1,1,1,1.2,0.1,-247,-170,-770.5,1,0,0,0;
custom,cuboid,stone2,10,-1,1,1,1,1,1,1.2,0.1,-247,-180,-171.5,0,0,1,0;
custom,cuboid,stone2,10,-1,1,1,1,1,1,1.2,0.1,-247,-180,-181.5,0,0,1,0;
custom,cuboid,stone2,10,-1,1,1,1,1,1,1.2,0.1,-247,-180,-780.5,1,0,0,0;
custom,cuboid,stone2,10,-1,1,1,1,1,1,1.2,0.1,-247,-180,-790.5,1,0,0,0;
custom,cuboid,stone2,10,-1,1,1,1,1,1,1.2,0.1,-247,-190,-151.5,0,0,1,0;
custom,cuboid,stone2,10,-1,1,1,1,1,1,1.2,0.1,-247,-190,-161.5,0,0,1,0;
custom,cuboid,stone2,10,-1,1,1,1,1,1,1.2,0.1,-247,-190,-800.5,1,0,0,0;
custom,cuboid,stone2,10,-1,1,1,1,1,1,1.2,0.1,-247,-190,-810.5,1,0,0,0;
custom,cuboid,stone2,10,-1,1,1,1,1,1,1.2,0.1,-247,-200,-131.5,0,0,1,0;
custom,cuboid,stone2,10,-1,1,1,1,1,1,1.2,0.1,-247,-200,-141.5,0,0,1,0;
custom,cuboid,stone2,10,-1,1,1,1,1,1,1.2,0.1,-247,-200,-820.5,1,0,0,0;
custom,cuboid,stone2,10,-1,1,1,1,1,1,1.2,0.1,-247,-200,-830.5,1,0,0,0;
custom,cuboid,stone2,10,-1,1,1,1,1,1,1.2,0.1,-247,-210,-111.5,0,0,1,0;
custom,cuboid,stone2,10,-1,1,1,1,1,1,1.2,0.1,-247,-210,-121.5,0,0,1,0;
custom,cuboid,stone2,10,-1,1,1,1,1,1,1.2,0.1,-247,-210,-840.5,1,0,0,0;
custom,cuboid,stone2,10,-1,1,1,1,1,1,1.2,0.1,-247,-210,-850.5,1,0,0,0;
custom,cuboid,stone2,10,-1,1,1,1,1,1,1.2,0.1,-247,-220,-101.5,0,0,1,0;
custom,cuboid,stone2,10,-1,1,1,1,1,1,1.2,0.1,-247,-220,-860.5,1,0,0,0;
custom,cuboid,stone2,10,-1,1,1,1,1,1,1.2,0.1,-247,-220,-870.5,1,0,0,0;
custom,cuboid,stone2,10,-1,1,1,1,1,1,1.2,0.1,-247,-220,-91.5,0,0,1,0;
custom,cuboid,stone2,10,-1,1,1,1,1,1,1.2,0.1,-247,-230,-71.5,0,0,1,0;
custom,cuboid,stone2,10,-1,1,1,1,1,1,1.2,0.1,-247,-230,-81.5,0,0,1,0;
custom,cuboid,stone2,10,-1,1,1,1,1,1,1.2,0.1,-247,-230,-880.5,1,0,0,0;
custom,cuboid,stone2,10,-1,1,1,1,1,1,1.2,0.1,-247,-230,-890.5,1,0,0,0;
custom,cuboid,stone2,10,-1,1,1,1,1,1,1.2,0.1,-312,-245,-7,-0.7071068,0,0.7071068,0;
custom,cuboid,stone2,10,-1,1,1,1,1,1,1.2,0.1,-322,-245,-7,-0.7071068,0,0.7071068,0;
custom,cuboid,stone2,10,-1,1,1,1,1,1,1.2,0.1,-332,-255,-7,-0.7071068,0,0.7071068,0;
custom,cuboid,stone2,10,-1,1,1,1,1,1,1.2,0.1,-342,-255,-7,-0.7071068,0,0.7071068,0;
custom,cuboid,stone2,10,-1,1,1,1,1,1,1.2,0.1,-352,-265,-7,-0.7071068,0,0.7071068,0;
custom,cuboid,stone2,10,-1,1,1,1,1,1,1.2,0.1,-362,-265,-7,-0.7071068,0,0.7071068,0;
custom,cuboid,stone2,10,-1,1,1,1,1,1,1.2,0.1,-372,-275,-7,-0.7071068,0,0.7071068,0;
custom,cuboid,stone2,10,-1,1,1,1,1,1,1.2,0.1,-382,-275,-7,-0.7071068,0,0.7071068,0;
custom,cuboid,stone2,10,-1,1,1,1,1,1,1.2,0.1,-392,-285,-7,-0.7071068,0,0.7071068,0;
custom,cuboid,stone2,10,-1,1,1,1,1,1,1.2,0.1,-402,-285,-7,-0.7071068,0,0.7071068,0;
custom,cuboid,stone2,10,-1,1,1,1,1,1,1.2,0.1,-412,-295,-7,-0.7071068,0,0.7071068,0;
custom,cuboid,stone2,10,-1,1,1,1,1,1,1.2,0.1,-422,-295,-7,-0.7071068,0,0.7071068,0;
custom,cuboid,stone2,10,-1,1,1,1,1,1,1.2,0.1,-432,-305,-7,-0.7071068,0,0.7071068,0;
custom,cuboid,stone2,10,-1,1,1,1,1,1,1.2,0.1,-442,-305,-7,-0.7071068,0,0.7071068,0;
custom,cuboid,stone2,10,-1,1,1,1,1,1,1.2,0.1,-52,-305,-955,0.7071068,0,0.7071068,0;
custom,cuboid,stone2,10,-1,1,1,1,1,1,1.2,0.1,-62,-305,-955,0.7071068,0,0.7071068,0;
custom,cuboid,stone2,10,-1,1,1,1,1,1,1.2,0.1,-72,-295,-955,0.7071068,0,0.7071068,0;
custom,cuboid,stone2,10,-1,1,1,1,1,1,1.2,0.1,-82,-295,-955,0.7071068,0,0.7071068,0;
custom,cuboid,stone2,10,-1,1,1,1,1,1,1.2,0.1,-92,-285,-955,0.7071068,0,0.7071068,0;
custom,cuboid,stone2,10,-1,55,1,1,1,1,1,5.5,-247,-160,-481,1,0,0,0;
custom,cuboid,stone2,10,-1,82.8,1,1,1,1,1,8.28,-247,-80,-481,1,0,0,0;
custom,cuboid,stone2,10,1,1,1,1,1,1,1,0.1,0,35,45,0,0,0,1;
custom,cuboid,stone2,10,1,1,1,1,1,1,1,0.1,1007,-140,1543,0,0,0,1;
custom,cuboid,stone2,10,1,1,1,1,1,1,1,0.1,1007,-140,2568,0,1,0,0;
custom,cuboid,stone2,10,1,1,1,1,1,1,1,0.1,1007,-150,1543,0,0,0,1;
custom,cuboid,stone2,10,1,1,1,1,1,1,1,0.1,1007,-150,1553,0,0,0,1;
custom,cuboid,stone2,10,1,1,1,1,1,1,1,0.1,1007,-150,2558,0,1,0,0;
custom,cuboid,stone2,10,1,1,1,1,1,1,1,0.1,1007,-150,2568,0,1,0,0;
custom,cuboid,stone2,10,1,1,1,1,1,1,1,0.1,1007,-160,1553,0,0,0,1;
custom,cuboid,stone2,10,1,1,1,1,1,1,1,0.1,1007,-160,1563,0,0,0,1;
custom,cuboid,stone2,10,1,1,1,1,1,1,1,0.1,1007,-160,2548,0,1,0,0;
custom,cuboid,stone2,10,1,1,1,1,1,1,1,0.1,1007,-160,2558,0,1,0,0;
custom,cuboid,stone2,10,1,1,1,1,1,1,1,0.1,1007,-170,1563,0,0,0,1;
custom,cuboid,stone2,10,1,1,1,1,1,1,1,0.1,1007,-170,1573,0,0,0,1;
custom,cuboid,stone2,10,1,1,1,1,1,1,1,0.1,1007,-170,2538,0,1,0,0;
custom,cuboid,stone2,10,1,1,1,1,1,1,1,0.1,1007,-170,2548,0,1,0,0;
custom,cuboid,stone2,10,1,1,1,1,1,1,1,0.1,1007,-180,1573,0,0,0,1;
custom,cuboid,stone2,10,1,1,1,1,1,1,1,0.1,1007,-180,1583,0,0,0,1;
custom,cuboid,stone2,10,1,1,1,1,1,1,1,0.1,1007,-180,2528,0,1,0,0;
custom,cuboid,stone2,10,1,1,1,1,1,1,1,0.1,1007,-180,2538,0,1,0,0;
custom,cuboid,stone2,10,1,1,1,1,1,1,1,0.1,1007,-190,1583,0,0,0,1;
custom,cuboid,stone2,10,1,1,1,1,1,1,1,0.1,1007,-190,1593,0,0,0,1;
custom,cuboid,stone2,10,1,1,1,1,1,1,1,0.1,1007,-190,2518,0,1,0,0;
custom,cuboid,stone2,10,1,1,1,1,1,1,1,0.1,1007,-190,2528,0,1,0,0;
custom,cuboid,stone2,10,1,1,1,1,1,1,1,0.1,1007,-200,1593,0,0,0,1;
custom,cuboid,stone2,10,1,1,1,1,1,1,1,0.1,1007,-200,1603,0,0,0,1;
custom,cuboid,stone2,10,1,1,1,1,1,1,1,0.1,1007,-200,2508,0,1,0,0;
custom,cuboid,stone2,10,1,1,1,1,1,1,1,0.1,1007,-200,2518,0,1,0,0;
custom,cuboid,stone2,10,1,1,1,1,1,1,1,0.1,1007,-240,1593,0,0,0,1;
custom,cuboid,stone2,10,1,1,1,1,1,1,1,0.1,1007,-240,1603,0,0,0,1;
custom,cuboid,stone2,10,1,1,1,1,1,1,1,0.1,1007,-240,2508,0,1,0,0;
custom,cuboid,stone2,10,1,1,1,1,1,1,1,0.1,1007,-240,2518,0,1,0,0;
custom,cuboid,stone2,10,1,1,1,1,1,1,1,0.1,1007,-250,1583,0,0,0,1;
custom,cuboid,stone2,10,1,1,1,1,1,1,1,0.1,1007,-250,1593,0,0,0,1;
custom,cuboid,stone2,10,1,1,1,1,1,1,1,0.1,1007,-250,2518,0,1,0,0;
custom,cuboid,stone2,10,1,1,1,1,1,1,1,0.1,1007,-250,2528,0,1,0,0;
custom,cuboid,stone2,10,1,1,1,1,1,1,1,0.1,1007,-260,1573,0,0,0,1;
custom,cuboid,stone2,10,1,1,1,1,1,1,1,0.1,1007,-260,1583,0,0,0,1;
custom,cuboid,stone2,10,1,1,1,1,1,1,1,0.1,1007,-260,2528,0,1,0,0;
custom,cuboid,stone2,10,1,1,1,1,1,1,1,0.1,1007,-260,2538,0,1,0,0;
custom,cuboid,stone2,10,1,1,1,1,1,1,1,0.1,1007,-270,1563,0,0,0,1;
custom,cuboid,stone2,10,1,1,1,1,1,1,1,0.1,1007,-270,1573,0,0,0,1;
custom,cuboid,stone2,10,1,1,1,1,1,1,1,0.1,1007,-270,2538,0,1,0,0;
custom,cuboid,stone2,10,1,1,1,1,1,1,1,0.1,1007,-270,2548,0,1,0,0;
custom,cuboid,stone2,10,1,1,1,1,1,1,1,0.1,1007,-280,1553,0,0,0,1;
custom,cuboid,stone2,10,1,1,1,1,1,1,1,0.1,1007,-280,1563,0,0,0,1;
custom,cuboid,stone2,10,1,1,1,1,1,1,1,0.1,1007,-280,2548,0,1,0,0;
custom,cuboid,stone2,10,1,1,1,1,1,1,1,0.1,1007,-280,2558,0,1,0,0;
custom,cuboid,stone2,10,1,1,1,1,1,1,1,0.1,1007,-290,1543,0,0,0,1;
custom,cuboid,stone2,10,1,1,1,1,1,1,1,0.1,1007,-290,1553,0,0,0,1;
custom,cuboid,stone2,10,1,1,1,1,1,1,1,0.1,1007,-290,2558,0,1,0,0;
custom,cuboid,stone2,10,1,1,1,1,1,1,1,0.1,1007,-290,2568,0,1,0,0;
custom,cuboid,stone2,10,1,1,1,1,1,1,1,0.1,1007,-300,1533,0,0,0,1;
custom,cuboid,stone2,10,1,1,1,1,1,1,1,0.1,1007,-300,1543,0,0,0,1;
custom,cuboid,stone2,10,1,1,1,1,1,1,1,0.1,1007,-300,2568,0,1,0,0;
custom,cuboid,stone2,10,1,1,1,1,1,1,1,0.1,1007,-300,2578,0,1,0,0;
custom,cuboid,stone2,10,1,1,1,1,1,1,1.2,0.1,102,-285,-955,0,0.7071068,0,-0.7071068;
custom,cuboid,stone2,10,1,1,1,1,1,1,1.2,0.1,112,-275,-955,0,0.7071068,0,-0.7071068;
custom,cuboid,stone2,10,1,1,1,1,1,1,1.2,0.1,122,-275,-955,0,0.7071068,0,-0.7071068;
custom,cuboid,stone2,10,1,1,1,1,1,1,1.2,0.1,132,-265,-955,0,0.7071068,0,-0.7071068;
custom,cuboid,stone2,10,1,1,1,1,1,1,1.2,0.1,142,-265,-955,0,0.7071068,0,-0.7071068;
custom,cuboid,stone2,10,1,1,1,1,1,1,1.2,0.1,152,-255,-955,0,0.7071068,0,-0.7071068;
custom,cuboid,stone2,10,1,1,1,1,1,1,1.2,0.1,162,-255,-955,0,0.7071068,0,-0.7071068;
custom,cuboid,stone2,10,1,1,1,1,1,1,1.2,0.1,172,-245,-955,0,0.7071068,0,-0.7071068;
custom,cuboid,stone2,10,1,1,1,1,1,1,1.2,0.1,182,-245,-955,0,0.7071068,0,-0.7071068;
custom,cuboid,stone2,10,1,1,1,1,1,1,1.2,0.1,247,-170,-191.5,0,0,0,-1;
custom,cuboid,stone2,10,1,1,1,1,1,1,1.2,0.1,247,-170,-201.5,0,0,0,-1;
custom,cuboid,stone2,10,1,1,1,1,1,1,1.2,0.1,247,-170,-760.5,0,1,0,0;
custom,cuboid,stone2,10,1,1,1,1,1,1,1.2,0.1,247,-170,-770.5,0,1,0,0;
custom,cuboid,stone2,10,1,1,1,1,1,1,1.2,0.1,247,-180,-171.5,0,0,0,-1;
custom,cuboid,stone2,10,1,1,1,1,1,1,1.2,0.1,247,-180,-181.5,0,0,0,-1;
custom,cuboid,stone2,10,1,1,1,1,1,1,1.2,0.1,247,-180,-780.5,0,1,0,0;
custom,cuboid,stone2,10,1,1,1,1,1,1,1.2,0.1,247,-180,-790.5,0,1,0,0;
custom,cuboid,stone2,10,1,1,1,1,1,1,1.2,0.1,247,-190,-151.5,0,0,0,-1;
custom,cuboid,stone2,10,1,1,1,1,1,1,1.2,0.1,247,-190,-161.5,0,0,0,-1;
custom,cuboid,stone2,10,1,1,1,1,1,1,1.2,0.1,247,-190,-800.5,0,1,0,0;
custom,cuboid,stone2,10,1,1,1,1,1,1,1.2,0.1,247,-190,-810.5,0,1,0,0;
custom,cuboid,stone2,10,1,1,1,1,1,1,1.2,0.1,247,-200,-131.5,0,0,0,-1;
custom,cuboid,stone2,10,1,1,1,1,1,1,1.2,0.1,247,-200,-141.5,0,0,0,-1;
custom,cuboid,stone2,10,1,1,1,1,1,1,1.2,0.1,247,-200,-820.5,0,1,0,0;
custom,cuboid,stone2,10,1,1,1,1,1,1,1.2,0.1,247,-200,-830.5,0,1,0,0;
custom,cuboid,stone2,10,1,1,1,1,1,1,1.2,0.1,247,-210,-111.5,0,0,0,-1;
custom,cuboid,stone2,10,1,1,1,1,1,1,1.2,0.1,247,-210,-121.5,0,0,0,-1;
custom,cuboid,stone2,10,1,1,1,1,1,1,1.2,0.1,247,-210,-840.5,0,1,0,0;
custom,cuboid,stone2,10,1,1,1,1,1,1,1.2,0.1,247,-210,-850.5,0,1,0,0;
custom,cuboid,stone2,10,1,1,1,1,1,1,1.2,0.1,247,-220,-101.5,0,0,0,-1;
custom,cuboid,stone2,10,1,1,1,1,1,1,1.2,0.1,247,-220,-860.5,0,1,0,0;
custom,cuboid,stone2,10,1,1,1,1,1,1,1.2,0.1,247,-220,-870.5,0,1,0,0;
custom,cuboid,stone2,10,1,1,1,1,1,1,1.2,0.1,247,-220,-91.5,0,0,0,-1;
custom,cuboid,stone2,10,1,1,1,1,1,1,1.2,0.1,247,-230,-71.5,0,0,0,-1;
custom,cuboid,stone2,10,1,1,1,1,1,1,1.2,0.1,247,-230,-81.5,0,0,0,-1;
custom,cuboid,stone2,10,1,1,1,1,1,1,1.2,0.1,247,-230,-880.5,0,1,0,0;
custom,cuboid,stone2,10,1,1,1,1,1,1,1.2,0.1,247,-230,-890.5,0,1,0,0;
custom,cuboid,stone2,10,1,1,1,1,1,1,1.2,0.1,312,-245,-7,0,-0.7071068,0,-0.7071068;
custom,cuboid,stone2,10,1,1,1,1,1,1,1.2,0.1,322,-245,-7,0,-0.7071068,0,-0.7071068;
custom,cuboid,stone2,10,1,1,1,1,1,1,1.2,0.1,332,-255,-7,0,-0.7071068,0,-0.7071068;
custom,cuboid,stone2,10,1,1,1,1,1,1,1.2,0.1,342,-255,-7,0,-0.7071068,0,-0.7071068;
custom,cuboid,stone2,10,1,1,1,1,1,1,1.2,0.1,352,-265,-7,0,-0.7071068,0,-0.7071068;
custom,cuboid,stone2,10,1,1,1,1,1,1,1.2,0.1,362,-265,-7,0,-0.7071068,0,-0.7071068;
custom,cuboid,stone2,10,1,1,1,1,1,1,1.2,0.1,372,-275,-7,0,-0.7071068,0,-0.7071068;
custom,cuboid,stone2,10,1,1,1,1,1,1,1.2,0.1,382,-275,-7,0,-0.7071068,0,-0.7071068;
custom,cuboid,stone2,10,1,1,1,1,1,1,1.2,0.1,392,-285,-7,0,-0.7071068,0,-0.7071068;
custom,cuboid,stone2,10,1,1,1,1,1,1,1.2,0.1,402,-285,-7,0,-0.7071068,0,-0.7071068;
custom,cuboid,stone2,10,1,1,1,1,1,1,1.2,0.1,412,-295,-7,0,-0.7071068,0,-0.7071068;
custom,cuboid,stone2,10,1,1,1,1,1,1,1.2,0.1,422,-295,-7,0,-0.7071068,0,-0.7071068;
custom,cuboid,stone2,10,1,1,1,1,1,1,1.2,0.1,432,-305,-7,0,-0.7071068,0,-0.7071068;
custom,cuboid,stone2,10,1,1,1,1,1,1,1.2,0.1,442,-305,-7,0,-0.7071068,0,-0.7071068;
custom,cuboid,stone2,10,1,1,1,1,1,1,1.2,0.1,52,-305,-955,0,0.7071068,0,-0.7071068;
custom,cuboid,stone2,10,1,1,1,1,1,1,1.2,0.1,62,-305,-955,0,0.7071068,0,-0.7071068;
custom,cuboid,stone2,10,1,1,1,1,1,1,1.2,0.1,72,-295,-955,0,0.7071068,0,-0.7071068;
custom,cuboid,stone2,10,1,1,1,1,1,1,1.2,0.1,82,-295,-955,0,0.7071068,0,-0.7071068;
custom,cuboid,stone2,10,1,1,1,1,1,1,1.2,0.1,92,-285,-955,0,0.7071068,0,-0.7071068;
custom,cuboid,stone2,10,1,55,1,1,1,1,1,5.5,247,-160,-481,0,1,0,0;
custom,cuboid,stone2,10,1,65,1,1,1,1,1,6.5,1007,-140,1233,0,0,0,1;
custom,cuboid,stone2,10,1,82.8,1,1,1,1,1,8.28,247,-80,-481,0,1,0,0;
custom,cuboid,stone2,10,1,9,0,0,0,0,1,0.9,1007,-146,2593,0,0,0,1;
custom,cuboid,stone2,10.5,1,1,1,1,1,1,1.05,0.1,-85,5,130,0,0.7071068,0,0.7071068;
custom,cuboid,stone2,10.5,1,1,1,1,1,1,1.05,0.1,85,5,130,0,0.7071068,0,0.7071068;
custom,cuboid,stone2,11,-1,11,0,1,1,1,1.1,1,-242,-235,-950,0,0,0,0;
custom,cuboid,stone2,11,-1,11,0,1,1,1,1.1,1,-252,-235,-12,1,0,0,0;
custom,cuboid,stone2,11,1,11,0,1,1,1,1.1,1,252,-235,-12,0,1,0,0;
custom,cuboid,stone2,11,1,11,0,1,1,1,1.1,1.0,242,-235,-950,0,0,0,0;
custom,cuboid,stone2,11.4,0.9,21.4,1,1,1,1,1.15,2.15,-402.5,73.4,168,0,0.7071068,0,0.7071068;
custom,cuboid,stone2,11.4,0.9,21.4,1,1,1,1,1.15,2.15,402.5,73.4,168,0,0.7071068,0,0.7071068;
custom,cuboid,stone2,11.4,0.9,30.4,1,1,1,1,1.15,3.05,-237.5,73.4,263,0,0,0,1;
custom,cuboid,stone2,11.4,0.9,30.4,1,1,1,1,1.15,3.05,237.5,73.4,263,0,0,0,1;
custom,cuboid,stone2,11.4,1,10,0,1,1,1,1.14,1.0,0,-145,-955,0,0,0,0;
custom,cuboid,stone2,11.4,1,49.5,1,1,1,1,1.2,5,0,-235,-1252.5,0,0,0,1;
custom,cuboid,stone2,11.5,1,105,1,1,1,1,1.1,10,0,73.4,-128.5,0,0.7071068,0,0.7071068;
custom,cuboid,stone2,110,1,55,1,1,1,1,11,5.5,0,135,690,0,0,0,1;
custom,cuboid,stone2,12,0.99,1,1,1,1,1,1.2,0.1,593.4,-217,578,0,0.7071068,0,0.7071068;
custom,cuboid,stone2,12,0.99,1,1,1,1,1,1.2,0.1,933.6,-217,578,0,0.7071068,0,0.7071068;
custom,cuboid,stone2,12,1,1,1,1,1,1,1.2,0.1,0,25,55,0,0,0,1;
custom,cuboid,stone2,12,1,35,1,1,1,1,1.2,3.5,763.5,-217,578,0,0.7071068,0,0.7071068;
custom,cuboid,stone2,12,1,40,1,1,1,1,1.2,4,403.5,-210,578,0,0.7071068,0,0.7071068;
custom,cuboid,stone2,12,1,8,1,1,1,1,1.2,0.8,166.5,-235,578,0,0.7071068,0,0.7071068;
custom,cuboid,stone2,14.8,1,1,1,1,1,1,1.48,0.1,0,15,65,0,0,0,1;
custom,cuboid,stone2,15,1,1,1,1,1,1,1.5,0.1,-270.1,73,885,0,0.7071068,0,0.7071068;
custom,cuboid,stone2,15,1,1,1,1,1,1,1.5,0.1,-280,69,885,0,0.7071068,0,0.7071068;
custom,cuboid,stone2,15,1,1,1,1,1,1,1.5,0.1,-290,59,885,0,0.7071068,0,0.7071068;
custom,cuboid,stone2,15,1,1,1,1,1,1,1.5,0.1,-300,49,885,0,0.7071068,0,0.7071068;
custom,cuboid,stone2,15,1,1,1,1,1,1,1.5,0.1,-310,39,885,0,0.7071068,0,0.7071068;
custom,cuboid,stone2,15,1,1,1,1,1,1,1.5,0.1,-320,29,885,0,0.7071068,0,0.7071068;
custom,cuboid,stone2,15,1,1,1,1,1,1,1.5,0.1,-330,19,885,0,0.7071068,0,0.7071068;
custom,cuboid,stone2,15,1,1,1,1,1,1,1.5,0.1,-340,9,885,0,0.7071068,0,0.7071068;
custom,cuboid,stone2,15,1,1,1,1,1,1,1.5,0.1,270,69,885,0,0.7071068,0,0.7071068;
custom,cuboid,stone2,15,1,1,1,1,1,1,1.5,0.1,270.1,73,885,0,0.7071068,0,0.7071068;
custom,cuboid,stone2,15,1,1,1,1,1,1,1.5,0.1,280,59,885,0,0.7071068,0,0.7071068;
custom,cuboid,stone2,15,1,1,1,1,1,1,1.5,0.1,280,69,885,0,0.7071068,0,0.7071068;
custom,cuboid,stone2,15,1,1,1,1,1,1,1.5,0.1,290,49,885,0,0.7071068,0,0.7071068;
custom,cuboid,stone2,15,1,1,1,1,1,1,1.5,0.1,290,59,885,0,0.7071068,0,0.7071068;
custom,cuboid,stone2,15,1,1,1,1,1,1,1.5,0.1,300,39,885,0,0.7071068,0,0.7071068;
custom,cuboid,stone2,15,1,1,1,1,1,1,1.5,0.1,300,49,885,0,0.7071068,0,0.7071068;
custom,cuboid,stone2,15,1,1,1,1,1,1,1.5,0.1,310,29,885,0,0.7071068,0,0.7071068;
custom,cuboid,stone2,15,1,1,1,1,1,1,1.5,0.1,310,39,885,0,0.7071068,0,0.7071068;
custom,cuboid,stone2,15,1,1,1,1,1,1,1.5,0.1,320,19,885,0,0.7071068,0,0.7071068;
custom,cuboid,stone2,15,1,1,1,1,1,1,1.5,0.1,320,29,885,0,0.7071068,0,0.7071068;
custom,cuboid,stone2,15,1,1,1,1,1,1,1.5,0.1,330,19,885,0,0.7071068,0,0.7071068;
custom,cuboid,stone2,15,1,1,1,1,1,1,1.5,0.1,330,9,885,0,0.7071068,0,0.7071068;
custom,cuboid,stone2,15,1,1,1,1,1,1,1.5,0.1,340,9,885,0,0.7071068,0,0.7071068;
custom,cuboid,stone2,15,1,42,1,1,1,1,1.5,4.2,1007,-210,733,0,0,0,1;
custom,cuboid,stone2,16,1,1,1,1,1,1,1.6,0.1,0,5,75,0,0,0,1;
custom,cuboid,stone2,23.9,1,1,1,1,1,1,2.4,0.1,0,13.4,-311,0,0,0,1;
custom,cuboid,stone2,23.9,1,1,1,1,1,1,2.4,0.1,0,13.4,-321,0,0,0,1;
custom,cuboid,stone2,23.9,1,1,1,1,1,1,2.4,0.1,0,23.4,-291,0,0,0,1;
custom,cuboid,stone2,23.9,1,1,1,1,1,1,2.4,0.1,0,23.4,-301,0,0,0,1;
custom,cuboid,stone2,23.9,1,1,1,1,1,1,2.4,0.1,0,3.4,-331,0,0,0,1;
custom,cuboid,stone2,23.9,1,1,1,1,1,1,2.4,0.1,0,33.4,-271,0,0,0,1;
custom,cuboid,stone2,23.9,1,1,1,1,1,1,2.4,0.1,0,33.4,-281,0,0,0,1;
custom,cuboid,stone2,23.9,1,1,1,1,1,1,2.4,0.1,0,43.4,-251,0,0,0,1;
custom,cuboid,stone2,23.9,1,1,1,1,1,1,2.4,0.1,0,43.4,-261,0,0,0,1;
custom,cuboid,stone2,23.9,1,1,1,1,1,1,2.4,0.1,0,53.4,-231,0,0,0,1;
custom,cuboid,stone2,23.9,1,1,1,1,1,1,2.4,0.1,0,53.4,-241,0,0,0,1;
custom,cuboid,stone2,23.9,1,1,1,1,1,1,2.4,0.1,0,63.4,-211,0,0,0,1;
custom,cuboid,stone2,23.9,1,1,1,1,1,1,2.4,0.1,0,63.4,-221,0,0,0,1;
custom,cuboid,stone2,23.9,1,1,1,1,1,1,2.4,0.1,0,73.4,-191,0,0,0,1;
custom,cuboid,stone2,23.9,1,1,1,1,1,1,2.4,0.1,0,73.4,-201,0,0,0,1;
custom,cuboid,stone2,24,1,14,1,1,1,1,2.4,1.4,-155,73.4,890,0,0,0,1;
custom,cuboid,stone2,24,1,14,1,1,1,1,2.4,1.4,155,73.4,890,0,0,0,1;
custom,cuboid,stone2,25,-1,10,0,1,1,1,2.5,1,-182,-145,-955,0,0,0,0;
custom,cuboid,stone2,25,-1,10,0,1,1,1,2.5,1,-312,-145,-7,1,0,0,0;
custom,cuboid,stone2,25,1,1,1,1,1,1,2.5,0.1,0,3.4,-341,0,0,0,1;
custom,cuboid,stone2,25,1,10,0,1,1,1,2.5,1,312,-145,-7,0,1,0,0;
custom,cuboid,stone2,25,1,10,0,1,1,1,2.5,1.0,182,-145,-955,0,0,0,0;
custom,cuboid,stone2,25.3,1,140,1,1,1,1,2.53,14,0,-235,278,0,0,0,0;
custom,cuboid,stone2,3,1,1,1,1,1,1,0.3,0.1,-125,45,168,0,0.7071068,0,0.7071068;
custom,cuboid,stone2,3,1,1,1,1,1,1,0.3,0.1,125,45,168,0,0.7071068,0,0.7071068;
custom,cuboid,stone2,3.4,1,1.4,1,1,1,1,0.34,0.14,-23,79,412,0,0.9238796,0,0.3826834;
custom,cuboid,stone2,3.4,1,1.4,1,1,1,1,0.34,0.14,23,79,412,0,0.3826834,0,0.9238796;
custom,cuboid,stone2,31.05,1,30,0,1,1,1,3.105,3.0,-281.75,-235,-317,0,0,0,0;
custom,cuboid,stone2,31.05,1,30,0,1,1,1,3.105,3.0,281.75,-235,-317,0,0,0,0;
custom,cuboid,stone2,4.7,1,1,1,1,1,1,0.48,0.1,-20,19,314,0,0.9238796,0,0.3826834;
custom,cuboid,stone2,4.7,1,1,1,1,1,1,0.48,0.1,-20,29,328,0,0.9238796,0,0.3826834;
custom,cuboid,stone2,4.7,1,1,1,1,1,1,0.48,0.1,-20,39,342,0,0.9238796,0,0.3826834;
custom,cuboid,stone2,4.7,1,1,1,1,1,1,0.48,0.1,-20,49,356,0,0.9238796,0,0.3826834;
custom,cuboid,stone2,4.7,1,1,1,1,1,1,0.48,0.1,-20,59,370,0,0.9238796,0,0.3826834;
custom,cuboid,stone2,4.7,1,1,1,1,1,1,0.48,0.1,-20,69,384,0,0.9238796,0,0.3826834;
custom,cuboid,stone2,4.7,1,1,1,1,1,1,0.48,0.1,-20,79,398,0,0.9238796,0,0.3826834;
custom,cuboid,stone2,4.7,1,1,1,1,1,1,0.48,0.1,-20,9,300,0,0.9238796,0,0.3826834;
custom,cuboid,stone2,4.7,1,1,1,1,1,1,0.48,0.1,20,19,314,0,0.3826834,0,0.9238796;
custom,cuboid,stone2,4.7,1,1,1,1,1,1,0.48,0.1,20,29,328,0,0.3826834,0,0.9238796;
custom,cuboid,stone2,4.7,1,1,1,1,1,1,0.48,0.1,20,39,342,0,0.3826834,0,0.9238796;
custom,cuboid,stone2,4.7,1,1,1,1,1,1,0.48,0.1,20,49,356,0,0.3826834,0,0.9238796;
custom,cuboid,stone2,4.7,1,1,1,1,1,1,0.48,0.1,20,59,370,0,0.3826834,0,0.9238796;
custom,cuboid,stone2,4.7,1,1,1,1,1,1,0.48,0.1,20,69,384,0,0.3826834,0,0.9238796;
custom,cuboid,stone2,4.7,1,1,1,1,1,1,0.48,0.1,20,79,398,0,0.3826834,0,0.9238796;
custom,cuboid,stone2,4.7,1,1,1,1,1,1,0.48,0.1,20,9,300,0,0.3826834,0,0.9238796;
custom,cuboid,stone2,5,1,1,1,1,1,1,0.5,0.1,-115,35,155,0,0.7071068,0,0.7071068;
custom,cuboid,stone2,5,1,1,1,1,1,1,0.5,0.1,115,35,155,0,0.7071068,0,0.7071068;
custom,cuboid,stone2,50,1,40,1,1,1,1,5,4,-282.5,73.4,620,0,0,0,1;
custom,cuboid,stone2,50,1,40,1,1,1,1,5,4,282.5,73.4,620,0,0,0,1;
custom,cuboid,stone2,55,-1,49,1,1,1,1,5.5,4.9,-682,-235,-227,0.7071068,0,-0.7071068,0;
custom,cuboid,stone2,55,1,49,1,1,1,1,5.5,4.9,682,-235,-227,0,0.7071068,0,0.7071068;
custom,cuboid,stone2,6.444293,-1.18,11.075,1,1,1,1,0.6,1.1,578.231,72.5,153.9803,0.2334454,0,0.9723699,0;
custom,cuboid,stone2,6.444293,-1.19,11.075,1,1,1,1,0.6,1.1,534.1555,72.5,-124.3013,-0.07845911,0,0.9969174,0;
custom,cuboid,stone2,6.444293,-1.19,11.075,1,1,1,1,0.6,1.1,534.1555,72.5,168.3013,0.07845911,0,0.9969174,0;
custom,cuboid,stone2,6.444293,-1.191,11.075,1,1,1,1,0.6,1.1,578.231,72.5,-109.9803,-0.2334454,0,0.9723699,0;
custom,cuboid,stone2,6.444293,-1.192,11.075,1,1,1,1,0.6,1.1,615.7238,72.5,-82.74019,-0.3826835,0,0.9238795,0;
custom,cuboid,stone2,6.444293,-1.193,11.075,1,1,1,1,0.6,1.1,642.964,72.5,-45.24734,-0.5224986,0,0.8526402,0;
custom,cuboid,stone2,6.444293,-1.194,11.075,1,1,1,1,0.6,1.1,657.285,72.5,-1.171855,-0.6494481,0,0.760406,0;
custom,cuboid,stone2,6.444293,-1.195,11.075,1,1,1,1,0.6,1.1,657.285,72.5,45.17186,0.6494481,0,0.760406,0;
custom,cuboid,stone2,6.444293,-1.196,11.075,1,1,1,1,0.6,1.1,642.964,72.5,89.24734,0.5224986,0,0.8526402,0;
custom,cuboid,stone2,6.444293,-1.197,11.075,1,1,1,1,0.6,1.1,615.7238,72.5,126.7402,0.3826835,0,0.9238795,0;
custom,cuboid,stone2,6.444293,1.18,11.075,1,1,1,1,0.6,1.1,-578.231,72.5,153.9803,0,0.2334454,0,-0.9723699;
custom,cuboid,stone2,6.444293,1.19,11.075,1,1,1,1,0.6,1.1,-534.1555,72.5,-124.3013,0,-0.07845911,0,-0.9969174;
custom,cuboid,stone2,6.444293,1.19,11.075,1,1,1,1,0.6,1.1,-534.1555,72.5,168.3013,0,0.07845911,0,-0.9969174;
custom,cuboid,stone2,6.444293,1.191,11.075,1,1,1,1,0.6,1.1,-578.231,72.5,-109.9803,0,-0.2334454,0,-0.9723699;
custom,cuboid,stone2,6.444293,1.192,11.075,1,1,1,1,0.6,1.1,-615.7238,72.5,-82.74019,0,-0.3826835,0,-0.9238795;
custom,cuboid,stone2,6.444293,1.193,11.075,1,1,1,1,0.6,1.1,-642.964,72.5,-45.24734,0,-0.5224986,0,-0.8526402;
custom,cuboid,stone2,6.444293,1.194,11.075,1,1,1,1,0.6,1.1,-657.285,72.5,-1.171855,0,-0.6494481,0,-0.760406;
custom,cuboid,stone2,6.444293,1.195,11.075,1,1,1,1,0.6,1.1,-657.285,72.5,45.17186,0,0.6494481,0,-0.760406;
custom,cuboid,stone2,6.444293,1.196,11.075,1,1,1,1,0.6,1.1,-642.964,72.5,89.24734,0,0.5224986,0,-0.8526402;
custom,cuboid,stone2,6.444293,1.197,11.075,1,1,1,1,0.6,1.1,-615.7238,72.5,126.7402,0,0.3826835,0,-0.9238795;
custom,cuboid,stone2,7,2.01,45,1,1,1,1,0.7,4.5,0,74,636,0,0,0,1;
custom,cuboid,stone2,7.8,1,1,1,1,1,1,0.78,0.1,-105,25,145,0,0.7071068,0,0.7071068;
custom,cuboid,stone2,7.8,1,1,1,1,1,1,0.78,0.1,105,25,145,0,0.7071068,0,0.7071068;
custom,cuboid,stone2,8,1,1,1,1,1,1,0.8,0.1,0,45,35,0,0,0,1;
custom,cuboid,stone2,8,1,24,1,1,1,1,0.8,2.4,0,135,295,0,0,0,1;
custom,cuboid,stone2,9.8,1,1,1,1,1,1,0.98,0.1,-95,15,135,0,0.7071068,0,0.7071068;
custom,cuboid,stone2,9.8,1,1,1,1,1,1,0.98,0.1,95,15,135,0,0.7071068,0,0.7071068;
custom,cuboid,stone2,9.99,-0.9,1,1,1,1,1,1.2,0.1,-191,-235,-955,0.7071068,0,0.7071068,0;
custom,cuboid,stone2,9.99,-0.9,1,1,1,1,1,1.2,0.1,-247,-160,-210.5,0,0,1,0;
custom,cuboid,stone2,9.99,-0.9,1,1,1,1,1,1.2,0.1,-247,-160,-751.5,1,0,0,0;
custom,cuboid,stone2,9.99,-0.9,1,1,1,1,1,1.2,0.1,-303,-235,-7,-0.7071068,0,0.7071068,0;
custom,cuboid,stone2,9.99,0.9,1,1,1,1,1,1.2,0.1,191,-235,-955,0,0.7071068,0,-0.7071068;
custom,cuboid,stone2,9.99,0.9,1,1,1,1,1,1.2,0.1,247,-160,-210.5,0,0,0,-1;
custom,cuboid,stone2,9.99,0.9,1,1,1,1,1,1.2,0.1,247,-160,-751.5,0,1,0,0;
custom,cuboid,stone2,9.99,0.9,1,1,1,1,1,1.2,0.1,303,-235,-7,0,-0.7071068,0,-0.7071068;
custom,cuboid,stone2,9.99,1,12,1,1,1,1,1,1.2,0,-300,-1540,0,0.7071068,0,0.7071068;
custom,cuboid,stone3,1000,1,1000,1,0.625,0.5,0.5,100,100,0,-310,0,0,0.7071068,0,0.7071068;
custom,cuboid,stone3,302,1,255,1,0.625,0.5,0.5,30.2,25.5,0,-1,0,0,0.7071068,0,0.7071068;
custom,cuboid,stone3,8,1,4,1,0.625,0.5,0.5,0.8,0.5,-70,-1,-1550,0,0.7071068,0,0.7071068;
custom,cuboid,stone3,8,1,4,1,0.625,0.5,0.5,0.8,0.5,70,-1,-1550,0,0.7071068,0,0.7071068;
custom,cuboid,stone4,10.3,1,1,1,0.6,0.4,0.3,1.2,0.1,1007,-230,2768,0,0,0,1;
custom,cuboid,stone4,12,1,1,1,0.6,0.4,0.3,1.2,0.1,1063.5,-230,2713,0,0.7071068,0,0.7071068;
custom,cuboid,stone4,12,1,1,1,0.6,0.4,0.3,1.2,0.1,950.5,-230,2713,0,0.7071068,0,0.7071068;
custom,cuboid,stone4,12.3,1,1,1,0.7,0.7,0.7,1.2,0.1,1007,-220,2778,0,0,0,1;
custom,cuboid,stone4,14,1,1,1,0.7,0.7,0.7,1.4,0.1,1073.5,-220,2713,0,0.7071068,0,0.7071068;
custom,cuboid,stone4,14,1,1,1,0.7,0.7,0.7,1.4,0.1,940.5,-220,2713,0,0.7071068,0,0.7071068;
custom,cuboid,stone4,14.3,1,1,1,0.9,0.8,0,1.4,0.1,1007,-210,2788,0,0,0,1;
custom,cuboid,stone4,16,1,1,1,0.9,0.8,0,1.6,0.1,1083.5,-210,2713,0,0.7071068,0,0.7071068;
custom,cuboid,stone4,16,1,1,1,0.9,0.8,0,1.6,0.1,930.5,-210,2713,0,0.7071068,0,0.7071068;
custom,cylinder,arena2tex,5,0.5,5,1,0.5,0.3,0.5,1,1,-470,74,740,0,0,0,1;
custom,cylinder,arena2tex,5,0.5,5,1,0.5,0.3,0.5,1,1,470,74,740,0,0,0,1;



custom,arc90,house9mat2,16,18,16,1,1,0.875,0.875,1.2,1.8,1013.5,-270,592.5,0,-0.7071068,0,0.7071068;
custom,cuboid,house9mat2,1,-16,1,1,1,0.875,0.875,0.1,1.6,-227,-155,-331,0.414,0,-1,0;
custom,cuboid,house9mat2,1,-16,1,1,1,0.875,0.875,0.1,1.6,-227,-155,-631,0.414,0,-1,0;
custom,cuboid,house9mat2,1,-16,1,1,1,0.875,0.875,0.1,1.6,-237,-155,-481,0.414,0,-1,0;
custom,cuboid,house9mat2,1,-16,1,1,1,0.875,0.875,0.1,1.6,-257,-155,-481,0.414,0,-1,0;
custom,cuboid,house9mat2,1,-16,1,1,1,0.875,0.875,0.1,1.6,-267,-155,-331,0.414,0,-1,0;
custom,cuboid,house9mat2,1,-16,1,1,1,0.875,0.875,0.1,1.6,-267,-155,-631,0.414,0,-1,0;
custom,cuboid,house9mat2,1,-8,10,1,1,0.875,0.875,1,0.8,-442,-280,-117,0,0,0,0;
custom,cuboid,house9mat2,1,-8,10,1,1,0.875,0.875,1,0.8,-442,-280,-337,0,0,0,0;
custom,cuboid,house9mat2,1,-9,10,1,1,0.875,0.875,1,0.9,-432,-195,-7,0,0,0,0;
custom,cuboid,house9mat2,1,10,1,1,1,0.875,0.875,0.1,1,0,-245,-1495,-0.2705981,-0.2705981,-0.6532815,0.6532815;
custom,cuboid,house9mat2,1,10,1,1,1,0.875,0.875,0.1,1.2,0,-240,-1335,-0.2705981,-0.2705981,-0.6532815,0.6532815;
custom,cuboid,house9mat2,1,11,1.5,1,1,0.875,0.875,0.1,1.1,583.5,-270,530.5,0,0,0,1;
custom,cuboid,house9mat2,1,11,1.5,1,1,0.875,0.875,0.15,1.1,583.5,-270,625.5,0,0,0,1;
custom,cuboid,house9mat2,1,12,1,1,1,0.875,0.875,0.1,1.2,0,-240,-1485,-0.2705981,-0.2705981,-0.6532815,0.6532815;
custom,cuboid,house9mat2,1,16,1,1,1,0.875,0.875,0.1,1.6,227,-155,-331,0,0.414,0,1;
custom,cuboid,house9mat2,1,16,1,1,1,0.875,0.875,0.1,1.6,227,-155,-631,0,0.414,0,1;
custom,cuboid,house9mat2,1,16,1,1,1,0.875,0.875,0.1,1.6,237,-155,-481,0,0.414,0,1;
custom,cuboid,house9mat2,1,16,1,1,1,0.875,0.875,0.1,1.6,257,-155,-481,0,0.414,0,1;
custom,cuboid,house9mat2,1,16,1,1,1,0.875,0.875,0.1,1.6,267,-155,-331,0,0.414,0,1;
custom,cuboid,house9mat2,1,16,1,1,1,0.875,0.875,0.1,1.6,267,-155,-631,0,0.414,0,1;
custom,cuboid,house9mat2,1,21,0.99,1,1,0.875,0.875,0.1,2.1,1061.5,-240,946,0,0.7071068,0,0.7071068;
custom,cuboid,house9mat2,1,21,0.99,1,1,0.875,0.875,0.1,2.1,952.5,-240,946,0,0.7071068,0,0.7071068;
custom,cuboid,house9mat2,1,6,1,1,1,0.875,0.875,0.1,1.2,0,-240,-1035,-0.2705981,-0.2705981,-0.6532815,0.6532815;
custom,cuboid,house9mat2,1,8,1,1,1,0.875,0.875,0.1,0.8,-22,-280,-1035,0,0.3826834,0,0.9238796;
custom,cuboid,house9mat2,1,8,1,1,1,0.875,0.875,0.1,0.8,-32,-280,-1185,0,0.3826834,0,0.9238796;
custom,cuboid,house9mat2,1,8,1,1,1,0.875,0.875,0.1,0.8,-42,-280,-1335,0,0.3826834,0,0.9238796;
custom,cuboid,house9mat2,1,8,1,1,1,0.875,0.875,0.1,0.8,-52,-280,-1485,0,0.3826834,0,0.9238796;
custom,cuboid,house9mat2,1,8,1,1,1,0.875,0.875,0.1,0.8,22,-280,-1035,0,0.3826834,0,0.9238796;
custom,cuboid,house9mat2,1,8,1,1,1,0.875,0.875,0.1,0.8,32,-280,-1185,0,0.3826834,0,0.9238796;
custom,cuboid,house9mat2,1,8,1,1,1,0.875,0.875,0.1,0.8,42,-280,-1335,0,0.3826834,0,0.9238796;
custom,cuboid,house9mat2,1,8,1,1,1,0.875,0.875,0.1,0.8,52,-280,-1485,0,0.3826834,0,0.9238796;
custom,cuboid,house9mat2,1,8,1,1,1,0.875,0.875,0.1,1.2,0,-240,-1185,-0.2705981,-0.2705981,-0.6532815,0.6532815;
custom,cuboid,house9mat2,1,8,10,1,1,0.875,0.875,1,0.8,442,-280,-117,0,0,0,0;
custom,cuboid,house9mat2,1,8,10,1,1,0.875,0.875,1,0.8,442,-280,-337,0,0,0,0;
custom,cuboid,house9mat2,1,9,10,1,1,0.875,0.875,1,0.9,432,-195,-7,0,0,0,0;
custom,cuboid,house9mat2,1.5,16,1.5,1,1,0.875,0.875,0.15,1.6,1061.5,-230,2649,0,0.3826834,0,0.9238796;
custom,cuboid,house9mat2,1.5,16,1.5,1,1,0.875,0.875,0.15,1.6,1061.5,-230,2758,0,0.3826834,0,0.9238796;
custom,cuboid,house9mat2,1.5,16,1.5,1,1,0.875,0.875,0.15,1.6,952.5,-230,2649,0,0.3826834,0,0.9238796;
custom,cuboid,house9mat2,1.5,16,1.5,1,1,0.875,0.875,0.15,1.6,952.5,-230,2758,0,0.3826834,0,0.9238796;
custom,cuboid,house9mat2,1.5,8,1.5,1,1,0.875,0.875,0.15,0.8,1007,-270,2703,0,0.3826834,0,0.9238796;
custom,cuboid,house9mat2,10,-1,1,1,1,0.875,0.875,1,0.1,-247,-85,-331,0,0.414,-1,0;
custom,cuboid,house9mat2,10,-1,1,1,1,0.875,0.875,1,0.1,-247,-85,-631,0,0.414,-1,0;
custom,cuboid,house9mat2,10,-8,1,1,1,0.875,0.875,1,0.8,-867,-280,-392,0,0,0,0;
custom,cuboid,house9mat2,10,1,1,1,1,0.875,0.875,1,0.1,247,-85,-331,0.414,0,0,1;
custom,cuboid,house9mat2,10,1,1,1,1,0.875,0.875,1,0.1,247,-85,-631,0.414,0,0,1;
custom,cuboid,house9mat2,10,11,1,1,1,0.875,0.875,1,1.1,-120,50,140,0,0.5555702,0,0.8314697;
custom,cuboid,house9mat2,10,11,1,1,1,0.875,0.875,1,1.1,-67,50,60,0,0.3826834,0,0.9238796;
custom,cuboid,house9mat2,10,11,1,1,1,0.875,0.875,1,1.1,-80.1,50,179.98,0,0,0,1;
custom,cuboid,house9mat2,10,11,1,1,1,0.875,0.875,1,1.1,120,50,140,0,0.8314697,0,0.5555702;
custom,cuboid,house9mat2,10,11,1,1,1,0.875,0.875,1,1.1,210.5,-270,503,0,0.7071068,0,0.7071068;
custom,cuboid,house9mat2,10,11,1,1,1,0.875,0.875,1,1.1,210.5,-270,653,0,0.7071068,0,0.7071068;
custom,cuboid,house9mat2,10,11,1,1,1,0.875,0.875,1,1.1,67,50,60,0,0.9238796,0,0.3826834;
custom,cuboid,house9mat2,10,11,1,1,1,0.875,0.875,1,1.1,80.1,50,179.98,0,0,0,1;
custom,cuboid,house9mat2,10,8,1,1,1,0.875,0.875,1,0.8,867,-280,-392,0,0,0,0;
custom,cuboid,house9mat2,10,9,1,1,1,0.875,0.875,1,0.9,1007,-180,946,0,0,0,1;
custom,cuboid,house9mat2,10.5,-8,1,1,1,0.875,0.875,1,0.8,-187.5,-280,-172,0,0,-1,0;
custom,cuboid,house9mat2,10.5,8,1,1,1,0.875,0.875,1,0.8,187.5,-280,-172,0,0,0,1;
custom,cuboid,house9mat2,105,15,1,1,1,0.875,0.875,10.5,1.5,0,55,960,0,0,0,1;
custom,cuboid,house9mat2,11,-16,1,1,1,0.875,0.875,1.1,1.6,-192,-230,-12,0.7071068,0,0.7071068,0;
custom,cuboid,house9mat2,11,-16,1,1,1,0.875,0.875,1.1,1.6,-302,-230,-950,1,0,-1,0;
custom,cuboid,house9mat2,11,16,1,1,1,0.875,0.875,1.1,1.6,192,-230,-12,0,0.7071068,0,-0.7071068;
custom,cuboid,house9mat2,11,16,1,1,1,0.875,0.875,1.1,1.6,302,-230,-950,0,1,0,1;
custom,cuboid,house9mat2,11.1,8,1,1,1,0.875,0.875,1.1,0.8,-181,-280,-422,0,0,0,0;
custom,cuboid,house9mat2,11.1,8,1,1,1,0.875,0.875,1.1,0.8,181,-280,-422,0,0,0,0;
custom,cuboid,house9mat2,11.4,16,1,1,1,0.875,0.875,1.14,1.6,0,-230,-900,0,0,0,0;
custom,cuboid,house9mat2,11.4,8,1,1,1,0.875,0.875,1.14,0.8,0,-190,-1010,0,0,0,0;
custom,cuboid,house9mat2,12,-7.5,1,1,1,0.875,0.875,1.2,0.8,-247,-112.5,-62,0,0,0,0;
custom,cuboid,house9mat2,12,-7.5,1,1,1,0.875,0.875,1.2,0.8,-247,-112.5,-900,0,0,0,0;
custom,cuboid,house9mat2,12,1,1,1,1,0.875,0.875,1.2,0.1,1064,-230.5,2712.5,0,0.7071068,0,0.7071068;
custom,cuboid,house9mat2,12,1,1,1,1,0.875,0.875,1.2,0.1,950,-230.5,2712.5,0,0.7071068,0,0.7071068;
custom,cuboid,house9mat2,12,1,12,1,1,0.875,0.875,1.8,2.1,1007,-240,2703,0,0,0,1;
custom,cuboid,house9mat2,12,1.1,12,1,1,0.875,0.875,1.2,1.2,1007,-150,2703,0,0.3826834,0,0.9238796;
custom,cuboid,house9mat2,12,25,1,1,1,0.875,0.875,1.2,2.5,0,-125,-1504.9,0,0,0,1;
custom,cuboid,house9mat2,12,30,1,1,1,0.875,0.875,1.2,3,-55.1,-154.5,-1550,0,0.7071068,0,0.7071068;
custom,cuboid,house9mat2,12,30,1,1,1,0.875,0.875,1.2,3,0,-154.5,-1585,0,0,0,1;
custom,cuboid,house9mat2,12,30,1,1,1,0.875,0.875,1.2,3,55.1,-154.5,-1550,0,0.7071068,0,0.7071068;
custom,cuboid,house9mat2,12,7.5,1,1,1,0.875,0.875,1.2,0.8,247,-112.5,-62,0,0,0,0;
custom,cuboid,house9mat2,12,7.5,1,1,1,0.875,0.875,1.2,0.8,247,-112.5,-900,0,0,0,0;
custom,cuboid,house9mat2,12.3,1,1,1,1,0.875,0.875,1.2,0.1,1007,-230.5,2768.5,0,0,0,1;
custom,cuboid,house9mat2,13,1,13,1,1,0.875,0.875,1.3,1.3,1007,-150,2703,0,0,0,1;
custom,cuboid,house9mat2,14,-16,1,1,1,0.875,0.875,1.4,1.6,-127,-230,-900,0,0,0,0;
custom,cuboid,house9mat2,14,-16,1,1,1,0.875,0.875,1.4,1.6,-367,-230,-62,1,0,0,0;
custom,cuboid,house9mat2,14,1,1,1,1,0.875,0.875,1.4,0.1,1074,-220.5,2712.5,0,0.7071068,0,0.7071068;
custom,cuboid,house9mat2,14,1,1,1,1,0.875,0.875,1.4,0.1,940,-220.5,2712.5,0,0.7071068,0,0.7071068;
custom,cuboid,house9mat2,14,16,1,1,1,0.875,0.875,1.4,1.6,127,-230,-900,0,0,0,0;
custom,cuboid,house9mat2,14,16,1,1,1,0.875,0.875,1.4,1.6,367,-230,-62,0,1,0,0;
custom,cuboid,house9mat2,14.3,1,1,1,1,0.875,0.875,1.2,0.1,1007,-220.5,2778.5,0,0,0,1;
custom,cuboid,house9mat2,15,-8,1,1,1,0.875,0.875,1.5,0.8,-241.4,-280,-352.01,0.7071068,0,-0.7071068,0;
custom,cuboid,house9mat2,15,15,1,1,1,0.875,0.875,1.5,1.5,-115,55,420,0,0,0,1;
custom,cuboid,house9mat2,15,15,1,1,1,0.875,0.875,1.5,1.5,115,55,420,0,0,0,1;
custom,cuboid,house9mat2,15,8,1,1,1,0.875,0.875,1.5,0.8,241.4,-280,-352.01,0,0.7071068,0,0.7071068;
custom,cuboid,house9mat2,16,1,1,1,1,0.875,0.875,1.6,0.1,1084,-210.5,2712.5,0,0.7071068,0,0.7071068;
custom,cuboid,house9mat2,16,1,1,1,1,0.875,0.875,1.6,0.1,930,-210.5,2712.5,0,0.7071068,0,0.7071068;
custom,cuboid,house9mat2,16.3,-8,1,1,1,0.875,0.875,1.6,0.8,-78.5,-280,-257,0.4226183,0,-0.9063078,0;
custom,cuboid,house9mat2,16.3,1,1,1,1,0.875,0.875,1.4,0.1,1007,-210.5,2788.5,0,0,0,1;
custom,cuboid,house9mat2,16.3,8,1,1,1,0.875,0.875,1.6,0.8,78.5,-280,-257,0,0.4226183,0,0.9063078;
custom,cuboid,house9mat2,17,14.5,1,1,1,0.875,0.875,1.7,1.45,0,68,-1585,0,0,0,1;
custom,cuboid,house9mat2,17,5.5,1,1,1,0.875,0.875,1.7,0.55,0,112.5,-1185,0,0,0,1;
custom,cuboid,house9mat2,17,5.5,1,1,1,0.875,0.875,1.7,0.55,0,30,-1185,0,0,0,1;
custom,cuboid,house9mat2,17,8,1,1,1,0.875,0.875,1.7,0.8,121.5,-280,533,0,0,0,1;
custom,cuboid,house9mat2,18,21,1,1,1,0.875,0.875,1.8,2.1,1061.5,-240,1553,0,0.7071068,0,0.7071068;
custom,cuboid,house9mat2,18,21,1,1,1,0.875,0.875,1.8,2.1,1061.5,-240,2558,0,0.7071068,0,-0.7071068;
custom,cuboid,house9mat2,18,21,1,1,1,0.875,0.875,1.8,2.1,952.5,-240,1553,0,0.7071068,0,0.7071068;
custom,cuboid,house9mat2,18,21,1,1,1,0.875,0.875,1.8,2.1,952.5,-240,2558,0,0.7071068,0,-0.7071068;
custom,cuboid,house9mat2,19.7,8,1,1,1,0.875,0.875,2,0.8,-338.5,-280,-172,0,0,0,0;
custom,cuboid,house9mat2,19.7,8,1,1,1,0.875,0.875,2,0.8,338.5,-280,-172,0,0,0,0;
custom,cuboid,house9mat2,2,2.7,1,1,1,0.875,0.875,0.2,0.27,-35,36.5,435,0,0.7071068,0,0.7071068;
custom,cuboid,house9mat2,2,2.7,1,1,1,0.875,0.875,0.2,0.27,35,36.5,435,0,0.7071068,0,0.7071068;
custom,cuboid,house9mat2,20,14.5,1,1,1,0.875,0.875,2,1.45,-175,68,-1135,0,0.258819,0,0.9659259;
custom,cuboid,house9mat2,20,14.5,1,1,1,0.875,0.875,2,1.45,-90,68,-1490,0,0.7071068,0,0.7071068;
custom,cuboid,house9mat2,20,14.5,1,1,1,0.875,0.875,2,1.45,175,68,-1135,0,-0.258819,0,0.9659259;
custom,cuboid,house9mat2,20,14.5,1,1,1,0.875,0.875,2,1.45,90,68,-1490,0,0.7071068,0,0.7071068;
custom,cuboid,house9mat2,20,8,1,1,1,0.875,0.875,2,0.8,-337,-280,-282,0,0,0,0;
custom,cuboid,house9mat2,20,8,1,1,1,0.875,0.875,2,0.8,337,-280,-282,0,0,0,0;
custom,cuboid,house9mat2,20.5,14.5,1,1,1,0.875,0.875,2.05,1.45,-188,67.5,-404.5,0,0.9238796,0,0.3826834;
custom,cuboid,house9mat2,20.5,14.5,1,1,1,0.875,0.875,2.05,1.45,188,67.5,-404.5,0,0.3826834,0,0.9238796;
custom,cuboid,house9mat2,25,-16,1,1,1,0.875,0.875,2.5,1.6,-182,-230,-1010,0,0,0,0;
custom,cuboid,house9mat2,25,-16,1,1,1,0.875,0.875,2.5,1.6,-312,-230,48,1,0,0,0;
custom,cuboid,house9mat2,25,-8,1,1,1,0.875,0.875,2.5,0.8,-78.5,-280,-361,0.4226183,0,-0.9063078,0;
custom,cuboid,house9mat2,25,15,1,1,1,0.875,0.875,2.5,1.5,-35,55,300,0,0.7071068,0,0.7071068;
custom,cuboid,house9mat2,25,15,1,1,1,0.875,0.875,2.5,1.5,-410,55,420,0,0,0,1;
custom,cuboid,house9mat2,25,15,1,1,1,0.875,0.875,2.5,1.5,35,55,300,0,0.7071068,0,0.7071068;
custom,cuboid,house9mat2,25,15,1,1,1,0.875,0.875,2.5,1.5,410,55,420,0,0,0,1;
custom,cuboid,house9mat2,25,16,1,1,1,0.875,0.875,2.5,1.6,182,-230,-1010,0,0,0,0;
custom,cuboid,house9mat2,25,16,1,1,1,0.875,0.875,2.5,1.6,312,-230,48,0,1,0,0;
custom,cuboid,house9mat2,25,8,1,1,1,0.875,0.875,2.5,0.8,78.5,-280,-361,0,0.4226183,0,0.9063078;
custom,cuboid,house9mat2,25.2,8,1,1,1,0.875,0.875,2.5,0.8,27.5,-280,-72,0,0.7071068,0,0.7071068;
custom,cuboid,house9mat2,25.2,8,1,1,1,0.875,0.875,2.5,0.8,79.5,-280,623,0,0,0,1;
custom,cuboid,house9mat2,25.2,8,1,1,1,0.875,0.875,3.4,0.8,-26.5,-280,-72,0,0.7071068,0,0.7071068;
custom,cuboid,house9mat2,26,11,1,1,1,0.875,0.875,2.4,1.1,943.5,-270,813,0,0.7071068,0,0.7071068;
custom,cuboid,house9mat2,29,11,1,1,1,0.875,0.875,2.9,1.1,1070.5,-270,798,0,0.7071068,0,0.7071068;
custom,cuboid,house9mat2,3,3,1,1,1,0.875,0.875,0.3,0.3,293.5,-260,538,0,0.7071068,0,0.7071068;
custom,cuboid,house9mat2,3,3,1,1,1,0.875,0.875,0.3,0.3,293.5,-260,618,0,0.7071068,0,0.7071068;
custom,cuboid,house9mat2,3,3,1,1,1,0.875,0.875,0.3,0.3,368.5,-230,538,0,0.7071068,0,0.7071068;
custom,cuboid,house9mat2,3,3,1,1,1,0.875,0.875,0.3,0.3,368.5,-230,618,0,0.7071068,0,0.7071068;
custom,cuboid,house9mat2,3,3,1,1,1,0.875,0.875,0.3,0.3,368.5,-290,538,0,0.7071068,0,0.7071068;
custom,cuboid,house9mat2,3,3,1,1,1,0.875,0.875,0.3,0.3,368.5,-290,618,0,0.7071068,0,0.7071068;
custom,cuboid,house9mat2,3,3,1,1,1,0.875,0.875,0.3,0.3,443.5,-260,538,0,0.7071068,0,0.7071068;
custom,cuboid,house9mat2,3,3,1,1,1,0.875,0.875,0.3,0.3,443.5,-260,618,0,0.7071068,0,0.7071068;
custom,cuboid,house9mat2,3,3,1,1,1,0.875,0.875,0.3,0.3,518.5,-230,538,0,0.7071068,0,0.7071068;
custom,cuboid,house9mat2,3,3,1,1,1,0.875,0.875,0.3,0.3,518.5,-230,618,0,0.7071068,0,0.7071068;
custom,cuboid,house9mat2,3,3,1,1,1,0.875,0.875,0.3,0.3,518.5,-290,538,0,0.7071068,0,0.7071068;
custom,cuboid,house9mat2,3,3,1,1,1,0.875,0.875,0.3,0.3,518.5,-290,618,0,0.7071068,0,0.7071068;
custom,cuboid,house9mat2,35,11,1,1,1,0.875,0.875,3.5,1.1,763.5,-270,533,0,0,0,1;
custom,cuboid,house9mat2,35,11,1,1,1,0.875,0.875,3.5,1.1,763.5,-270,623,0,0,0,1;
custom,cuboid,house9mat2,37,11,1,1,1,0.875,0.875,3.7,1.1,400.5,-270,518,0,0,0,1;
custom,cuboid,house9mat2,37,11,1,1,1,0.875,0.875,3.7,1.1,400.5,-270,638,0,0,0,1;
custom,cuboid,house9mat2,38,-8,1,1,1,0.875,0.875,3.8,0.8,-627,-280,-172,0,0,-1,0;
custom,cuboid,house9mat2,38,-8,1,1,1,0.875,0.875,3.8,0.8,-627,-280,-282,0,0,-1,0;
custom,cuboid,house9mat2,38,-8,1,1,1,0.875,0.875,3.8,0.8,-627,-280,-392,0,0,-1,0;
custom,cuboid,house9mat2,38,-8,1,1,1,0.875,0.875,3.8,0.8,-627,-280,-61.99,0,0,-1,0;
custom,cuboid,house9mat2,38,8,1,1,1,0.875,0.875,3.8,0.8,627,-280,-172,0,0,0,1;
custom,cuboid,house9mat2,38,8,1,1,1,0.875,0.875,3.8,0.8,627,-280,-282,0,0,0,1;
custom,cuboid,house9mat2,38,8,1,1,1,0.875,0.875,3.8,0.8,627,-280,-392,0,0,0,1;
custom,cuboid,house9mat2,38,8,1,1,1,0.875,0.875,3.8,0.8,627,-280,-61.99,0,0,0,1;
custom,cuboid,house9mat2,4,-1,1,1,1,0.875,0.875,0.4,0.1,-247,-85,-481,0,0.414,-1,0;
custom,cuboid,house9mat2,4,1,1,1,1,0.875,0.875,0.4,0.1,247,-85,-481,0.414,0,0,1;
custom,cuboid,house9mat2,4,1.1,4,1,1,0.875,0.875,0.4,0.4,1007,-140,2703,0,0.3826834,0,0.9238796;
custom,cuboid,house9mat2,40,-8,1,1,1,0.875,0.875,4,0.8,-131.5,-280,-122,0.7071068,0,-0.7071068,0;
custom,cuboid,house9mat2,40,8,1,1,1,0.875,0.875,4,0.8,131.5,-280,-122,0,0.7071068,0,0.7071068;
custom,cuboid,house9mat2,48,-8,1,1,1,0.875,0.875,4.8,0.8,-677,-280,48,0,0,0,0;
custom,cuboid,house9mat2,48,-8,1,1,1,0.875,0.875,4.8,0.8,-922,-280,-192,0.7071068,0,-0.7071068,0;
custom,cuboid,house9mat2,48,15,1,1,1,0.875,0.875,4.8,1.5,-35,55,715,0,0.7071068,0,0.7071068;
custom,cuboid,house9mat2,48,15,1,1,1,0.875,0.875,4.8,1.5,35,55,715,0,0.7071068,0,0.7071068;
custom,cuboid,house9mat2,48,8,1,1,1,0.875,0.875,4.8,0.8,677,-280,48,0,0,0,0;
custom,cuboid,house9mat2,48,8,1,1,1,0.875,0.875,4.8,0.8,-52,-280,-1245,0,0.7071068,0,0.7071068;
custom,cuboid,house9mat2,48,8,1,1,1,0.875,0.875,4.8,0.8,52,-280,-1245,0,0.7071068,0,0.7071068;
custom,cuboid,house9mat2,48,8,1,1,1,0.875,0.875,4.8,0.8,922,-280,-192,0,0.7071068,0,0.7071068;
custom,cuboid,house9mat2,5,2,1,1,1,0.875,0.875,0.5,0.2,-35,13,450,0,0.7071068,0,0.7071068;
custom,cuboid,house9mat2,5,2,1,1,1,0.875,0.875,0.5,0.2,35,13,450,0,0.7071068,0,0.7071068;
custom,cuboid,house9mat2,5,3,1,1,1,0.875,0.875,0.5,0.3,293.5,-260,578,0,0.7071068,0,0.7071068;
custom,cuboid,house9mat2,5,3,1,1,1,0.875,0.875,0.5,0.3,368.5,-230,578,0,0.7071068,0,0.7071068;
custom,cuboid,house9mat2,5,3,1,1,1,0.875,0.875,0.5,0.3,368.5,-290,578,0,0.7071068,0,0.7071068;
custom,cuboid,house9mat2,5,3,1,1,1,0.875,0.875,0.5,0.3,443.5,-260,578,0,0.7071068,0,0.7071068;
custom,cuboid,house9mat2,5,3,1,1,1,0.875,0.875,0.5,0.3,518.5,-230,578,0,0.7071068,0,0.7071068;
custom,cuboid,house9mat2,5,3,1,1,1,0.875,0.875,0.5,0.3,518.5,-290,578,0,0.7071068,0,0.7071068;
custom,cuboid,house9mat2,5,8,1,1,1,0.875,0.875,0.5,0.8,-35,90,450,0,0.7071068,0,0.7071068;
custom,cuboid,house9mat2,5,8,1,1,1,0.875,0.875,0.5,0.8,35,90,450,0,0.7071068,0,0.7071068;
custom,cuboid,house9mat2,50,8,1,1,1,0.875,0.875,5.8,0.8,41.5,-280,278,0,0.7071068,0,0.7071068;
custom,cuboid,house9mat2,52,21,1,1,1,0.875,0.875,5.2,2.1,1061.5,-240,1203,0,0.7071068,0,0.7071068;
custom,cuboid,house9mat2,52,21,1,1,1,0.875,0.875,5.2,2.1,952.5,-240,1203,0,0.7071068,0,0.7071068;
custom,cuboid,house9mat2,55,15,1,1,1,0.875,0.875,5.5,1.5,-530,55,690,0,0.7071068,0,0.7071068;
custom,cuboid,house9mat2,55,15,1,1,1,0.875,0.875,5.5,1.5,530,55,690,0,0.7071068,0,0.7071068;
custom,cuboid,house9mat2,58,8,1,1,1,0.875,0.875,5.8,0.8,-41.5,-280,328,0,0.7071068,0,0.7071068;
custom,cuboid,house9mat2,60,14.5,1,1,1,0.875,0.875,6,1.45,-260,67.5,-780,0,0.7071068,0,0.7071068;
custom,cuboid,house9mat2,60,14.5,1,1,1,0.875,0.875,6,1.45,260,67.5,-780,0,0.7071068,0,0.7071068;
custom,cuboid,house9mat2,8,1,8,1,1,0.875,0.875,0.8,0.8,1007,-145,2703,0,0,0,1;
custom,cuboid,house9mat2,8,1.1,8,1,1,0.875,0.875,0.8,0.8,1007,-145,2703,0,0.3826834,0,0.9238796;
custom,cuboid,house9mat2,82.8,-16,1,1,1,0.875,0.875,8.28,1.6,-192,-155,-481,0.7071068,0,-0.7071068,0;
custom,cuboid,house9mat2,82.8,-16,1,1,1,0.875,0.875,8.28,1.6,-302,-155,-481,0.7071068,0,-0.7071068,0;
custom,cuboid,house9mat2,82.8,16,1,1,1,0.875,0.875,8.28,1.6,192,-155,-481,0,0.7071068,0,0.7071068;
custom,cuboid,house9mat2,82.8,16,1,1,1,0.875,0.875,8.28,1.6,302,-155,-481,0,0.7071068,0,0.7071068;
custom,cuboid,house9mat2,9,11,1,1,1,0.875,0.875,0.9,1.1,0,50,25,0,0,0,1;
custom,cuboid,house9mat2,9,9,1,1,1,0.875,0.875,0.9,0.9,0,28,406.5,0,0,0,1;
custom,cuboid,house9mat2,9.5,7.5,1,1,1,0.875,0.875,0.95,0.75,-237.5,41,420,0,0,0,1;
custom,cuboid,house9mat2,9.5,7.5,1,1,1,0.875,0.875,0.95,0.75,237.5,41,420,0,0,0,1;
custom,cylinder,house9mat2,2,4.9,2,1,1,0.875,0.875,0.2,0.7,1007,-225,1078,0.5,0.5,-0.5,0.5;
custom,cylinder,house9mat2,2,4.9,2,1,1,0.875,0.875,0.2,0.7,1007,-225,1178,0.5,0.5,-0.5,0.5;
custom,cylinder,house9mat2,2,4.9,2,1,1,0.875,0.875,0.2,0.7,1007,-225,1278,0.5,0.5,-0.5,0.5;
custom,cylinder,house9mat2,2,4.9,2,1,1,0.875,0.875,0.2,0.7,1007,-225,1378,0.5,0.5,-0.5,0.5;
custom,cylinder,house9mat2,2,7,2,1,1,0.875,0.875,0.2,0.7,1007,-220,948,0.5,0.5,-0.5,0.5;
custom,cylinder,house9mat2,2,7.2,2,1,1,0.875,0.875,-0.2,-0.72,-115,68,-333,0,0,0,1;
custom,cylinder,house9mat2,2,7.2,2,1,1,0.875,0.875,-0.2,-0.72,-260,68,-1084,0,0,0,1;
custom,cylinder,house9mat2,2,7.2,2,1,1,0.875,0.875,-0.2,-0.72,-260,68,-476,0,0,0,1;
custom,cylinder,house9mat2,2,7.2,2,1,1,0.875,0.875,-0.2,-0.72,-90,68,-1185,0,0,0,1;
custom,cylinder,house9mat2,2,7.2,2,1,1,0.875,0.875,-0.2,-0.72,115,68,-333,0,0,0,1;
custom,cylinder,house9mat2,2,7.2,2,1,1,0.875,0.875,-0.2,-0.72,260,68,-1084,0,0,0,1;
custom,cylinder,house9mat2,2,7.2,2,1,1,0.875,0.875,-0.2,-0.72,260,68,-476,0,0,0,1;
custom,cylinder,house9mat2,2,7.2,2,1,1,0.875,0.875,-0.2,-0.72,90,68,-1185,0,0,0,1;
custom,cylinder,house9mat2,28,7.5,28,1,1,0.875,0.875,2.8,0.75,-282.5,55.1,690,0,0,0,1;
custom,cylinder,house9mat2,28,7.5,28,1,1,0.875,0.875,2.8,0.75,282.5,55.1,690,0,0,0,1;
custom,cylinder,house9mat2,7,5.5,7,1,1,0.875,0.875,0.7,0.7,943.5,-270,653,0,0,0,1;
custom,prism,house9mat2,1.5,18,1.5,1,1,0.875,0.875,0.15,1.8,1002.3,-112,2799.4,-0.5,0.5,0.5,0.5;
custom,prism,house9mat2,1.5,18,1.5,1,1,0.875,0.875,0.15,1.8,1002.3,-137,2799.4,-0.5,0.5,0.5,0.5;
custom,prism,house9mat2,1.5,18,1.5,1,1,0.875,0.875,0.15,1.8,1002.3,-162,2799.4,-0.5,0.5,0.5,0.5;
custom,prism,house9mat2,1.5,18,1.5,1,1,0.875,0.875,0.15,1.8,1002.3,-187,2799.4,-0.5,0.5,0.5,0.5;
custom,prism,house9mat2,1.5,18,1.5,1,1,0.875,0.875,0.15,1.8,1002.3,-212,2799.4,-0.5,0.5,0.5,0.5;
custom,prism,house9mat2,1.5,18,1.5,1,1,0.875,0.875,0.15,1.8,1002.3,-237,2799.4,-0.5,0.5,0.5,0.5;
custom,prism,house9mat2,1.5,18,1.5,1,1,0.875,0.875,0.15,1.8,1002.3,-262,2799.4,-0.5,0.5,0.5,0.5;
custom,prism,house9mat2,1.5,18,1.5,1,1,0.875,0.875,0.15,1.8,1002.3,-287,2799.4,-0.5,0.5,0.5,0.5;
custom,prism,house9mat2,1.5,18,1.5,1,1,0.875,0.875,0.15,1.8,1009.5,-125,2799.4,0.5,0.5,-0.5,0.5;
custom,prism,house9mat2,1.5,18,1.5,1,1,0.875,0.875,0.15,1.8,1009.5,-150,2799.4,0.5,0.5,-0.5,0.5;
custom,prism,house9mat2,1.5,18,1.5,1,1,0.875,0.875,0.15,1.8,1009.5,-175,2799.4,0.5,0.5,-0.5,0.5;
custom,prism,house9mat2,1.5,18,1.5,1,1,0.875,0.875,0.15,1.8,1009.5,-200,2799.4,0.5,0.5,-0.5,0.5;
custom,prism,house9mat2,1.5,18,1.5,1,1,0.875,0.875,0.15,1.8,1009.5,-225,2799.4,0.5,0.5,-0.5,0.5;
custom,prism,house9mat2,1.5,18,1.5,1,1,0.875,0.875,0.15,1.8,1009.5,-250,2799.4,0.5,0.5,-0.5,0.5;
custom,prism,house9mat2,1.5,18,1.5,1,1,0.875,0.875,0.15,1.8,1009.5,-275,2799.4,0.5,0.5,-0.5,0.5;
custom,prism,house9mat2,1.5,18,1.5,1,1,0.875,0.875,0.15,1.8,1009.5,-300,2799.4,0.5,0.5,-0.5,0.5;
custom,prism,house9mat2,1.5,18,1.5,1,1,0.875,0.875,0.15,1.8,1095.5,-112,2705.8,-0.7071072,0,0,0.7071064;
custom,prism,house9mat2,1.5,18,1.5,1,1,0.875,0.875,0.15,1.8,1095.5,-125,2713,0.7071068,0,0,0.7071068;
custom,prism,house9mat2,1.5,18,1.5,1,1,0.875,0.875,0.15,1.8,1095.5,-137,2705.8,-0.7071068,0,0,0.7071068;
custom,prism,house9mat2,1.5,18,1.5,1,1,0.875,0.875,0.15,1.8,1095.5,-150,2713,0.7071068,0,0,0.7071068;
custom,prism,house9mat2,1.5,18,1.5,1,1,0.875,0.875,0.15,1.8,1095.5,-162,2705.8,-0.7071068,0,0,0.7071068;
custom,prism,house9mat2,1.5,18,1.5,1,1,0.875,0.875,0.15,1.8,1095.5,-175,2713,0.7071068,0,0,0.7071068;
custom,prism,house9mat2,1.5,18,1.5,1,1,0.875,0.875,0.15,1.8,1095.5,-187,2705.8,-0.7071068,0,0,0.7071068;
custom,prism,house9mat2,1.5,18,1.5,1,1,0.875,0.875,0.15,1.8,1095.5,-200,2713,0.7071068,0,0,0.7071068;
custom,prism,house9mat2,1.5,18,1.5,1,1,0.875,0.875,0.15,1.8,1095.5,-212,2705.8,-0.7071068,0,0,0.7071068;
custom,prism,house9mat2,1.5,18,1.5,1,1,0.875,0.875,0.15,1.8,1095.5,-225,2713,0.7071068,0,0,0.7071068;
custom,prism,house9mat2,1.5,18,1.5,1,1,0.875,0.875,0.15,1.8,1095.5,-237,2705.8,-0.7071068,0,0,0.7071068;
custom,prism,house9mat2,1.5,18,1.5,1,1,0.875,0.875,0.15,1.8,1095.5,-250,2713,0.7071068,0,0,0.7071068;
custom,prism,house9mat2,1.5,18,1.5,1,1,0.875,0.875,0.15,1.8,1095.5,-262,2705.8,-0.7071068,0,0,0.7071068;
custom,prism,house9mat2,1.5,18,1.5,1,1,0.875,0.875,0.15,1.8,1095.5,-275,2713,0.7071068,0,0,0.7071068;
custom,prism,house9mat2,1.5,18,1.5,1,1,0.875,0.875,0.15,1.8,1095.5,-287,2705.8,-0.7071068,0,0,0.7071068;
custom,prism,house9mat2,1.5,18,1.5,1,1,0.875,0.875,0.15,1.8,1095.5,-300,2713,0.7071068,0,0,0.7071068;
custom,prism,house9mat2,1.5,18,1.5,1,1,0.875,0.875,0.15,1.8,918.5,-112,2705.8,-0.7071068,0,0,0.7071068;
custom,prism,house9mat2,1.5,18,1.5,1,1,0.875,0.875,0.15,1.8,918.5,-125,2713,0.7071068,0,0,0.7071068;
custom,prism,house9mat2,1.5,18,1.5,1,1,0.875,0.875,0.15,1.8,918.5,-137,2705.8,-0.7071068,0,0,0.7071068;
custom,prism,house9mat2,1.5,18,1.5,1,1,0.875,0.875,0.15,1.8,918.5,-150,2713,0.7071068,0,0,0.7071068;
custom,prism,house9mat2,1.5,18,1.5,1,1,0.875,0.875,0.15,1.8,918.5,-162,2705.8,-0.7071068,0,0,0.7071068;
custom,prism,house9mat2,1.5,18,1.5,1,1,0.875,0.875,0.15,1.8,918.5,-175,2713,0.7071068,0,0,0.7071068;
custom,prism,house9mat2,1.5,18,1.5,1,1,0.875,0.875,0.15,1.8,918.5,-187,2705.8,-0.7071068,0,0,0.7071068;
custom,prism,house9mat2,1.5,18,1.5,1,1,0.875,0.875,0.15,1.8,918.5,-200,2713,0.7071068,0,0,0.7071068;
custom,prism,house9mat2,1.5,18,1.5,1,1,0.875,0.875,0.15,1.8,918.5,-212,2705.8,-0.7071068,0,0,0.7071068;
custom,prism,house9mat2,1.5,18,1.5,1,1,0.875,0.875,0.15,1.8,918.5,-225,2713,0.7071068,0,0,0.7071068;
custom,prism,house9mat2,1.5,18,1.5,1,1,0.875,0.875,0.15,1.8,918.5,-237,2705.8,-0.7071068,0,0,0.7071068;
custom,prism,house9mat2,1.5,18,1.5,1,1,0.875,0.875,0.15,1.8,918.5,-250,2713,0.7071068,0,0,0.7071068;
custom,prism,house9mat2,1.5,18,1.5,1,1,0.875,0.875,0.15,1.8,918.5,-262,2705.8,-0.7071068,0,0,0.7071068;
custom,prism,house9mat2,1.5,18,1.5,1,1,0.875,0.875,0.15,1.8,918.5,-275,2713,0.7071068,0,0,0.7071068;
custom,prism,house9mat2,1.5,18,1.5,1,1,0.875,0.875,0.15,1.8,918.5,-287,2705.8,-0.7071068,0,0,0.7071068;
custom,prism,house9mat2,1.5,18,1.5,1,1,0.875,0.875,0.15,1.8,918.5,-300,2713,0.7071068,0,0,0.7071068;
custom,prism,house9mat2,1.5,3,1.5,1,1,0.875,0.875,0.15,0.3,1080.7,-112,2638,-0.5,0.5,0.5,0.5;
custom,prism,house9mat2,1.5,3,1.5,1,1,0.875,0.875,0.15,0.3,1080.7,-137,2638,-0.5,0.5,0.5,0.5;
custom,prism,house9mat2,1.5,3,1.5,1,1,0.875,0.875,0.15,0.3,1080.7,-162,2638,-0.5,0.5,0.5,0.5;
custom,prism,house9mat2,1.5,3,1.5,1,1,0.875,0.875,0.15,0.3,1080.7,-187,2638,-0.5,0.5,0.5,0.5;
custom,prism,house9mat2,1.5,3,1.5,1,1,0.875,0.875,0.15,0.3,1080.7,-212,2638,-0.5,0.5,0.5,0.5;
custom,prism,house9mat2,1.5,3,1.5,1,1,0.875,0.875,0.15,0.3,1080.7,-237,2638,-0.5,0.5,0.5,0.5;
custom,prism,house9mat2,1.5,3,1.5,1,1,0.875,0.875,0.15,0.3,1080.7,-262,2638,-0.5,0.5,0.5,0.5;
custom,prism,house9mat2,1.5,3,1.5,1,1,0.875,0.875,0.15,0.3,1080.7,-287,2638,-0.5,0.5,0.5,0.5;
custom,prism,house9mat2,1.5,3,1.5,1,1,0.875,0.875,0.15,0.3,1081.9,-125,2638,0.5,0.5,-0.5,0.5;
custom,prism,house9mat2,1.5,3,1.5,1,1,0.875,0.875,0.15,0.3,1081.9,-150,2638,0.5,0.5,-0.5,0.5;
custom,prism,house9mat2,1.5,3,1.5,1,1,0.875,0.875,0.15,0.3,1081.9,-175,2638,0.5,0.5,-0.5,0.5;
custom,prism,house9mat2,1.5,3,1.5,1,1,0.875,0.875,0.15,0.3,1081.9,-200,2638,0.5,0.5,-0.5,0.5;
custom,prism,house9mat2,1.5,3,1.5,1,1,0.875,0.875,0.15,0.3,1081.9,-225,2638,0.5,0.5,-0.5,0.5;
custom,prism,house9mat2,1.5,3,1.5,1,1,0.875,0.875,0.15,0.3,1081.9,-250,2638,0.5,0.5,-0.5,0.5;
custom,prism,house9mat2,1.5,3,1.5,1,1,0.875,0.875,0.15,0.3,1081.9,-275,2638,0.5,0.5,-0.5,0.5;
custom,prism,house9mat2,1.5,3,1.5,1,1,0.875,0.875,0.15,0.3,1081.9,-300,2638,0.5,0.5,-0.5,0.5;
custom,prism,house9mat2,1.5,3,1.5,1,1,0.875,0.875,0.15,0.3,932.3,-112,2638,-0.5,0.5,0.5,0.5;
custom,prism,house9mat2,1.5,3,1.5,1,1,0.875,0.875,0.15,0.3,932.3,-137,2638,-0.5,0.5,0.5,0.5;
custom,prism,house9mat2,1.5,3,1.5,1,1,0.875,0.875,0.15,0.3,932.3,-162,2638,-0.5,0.5,0.5,0.5;
custom,prism,house9mat2,1.5,3,1.5,1,1,0.875,0.875,0.15,0.3,932.3,-187,2638,-0.5,0.5,0.5,0.5;
custom,prism,house9mat2,1.5,3,1.5,1,1,0.875,0.875,0.15,0.3,932.3,-212,2638,-0.5,0.5,0.5,0.5;
custom,prism,house9mat2,1.5,3,1.5,1,1,0.875,0.875,0.15,0.3,932.3,-237,2638,-0.5,0.5,0.5,0.5;
custom,prism,house9mat2,1.5,3,1.5,1,1,0.875,0.875,0.15,0.3,932.3,-262,2638,-0.5,0.5,0.5,0.5;
custom,prism,house9mat2,1.5,3,1.5,1,1,0.875,0.875,0.15,0.3,932.3,-287,2638,-0.5,0.5,0.5,0.5;
custom,prism,house9mat2,1.5,3,1.5,1,1,0.875,0.875,0.15,0.3,933.3,-125,2638,0.5,0.5,-0.5,0.5;
custom,prism,house9mat2,1.5,3,1.5,1,1,0.875,0.875,0.15,0.3,933.3,-150,2638,0.5,0.5,-0.5,0.5;
custom,prism,house9mat2,1.5,3,1.5,1,1,0.875,0.875,0.15,0.3,933.3,-175,2638,0.5,0.5,-0.5,0.5;
custom,prism,house9mat2,1.5,3,1.5,1,1,0.875,0.875,0.15,0.3,933.3,-200,2638,0.5,0.5,-0.5,0.5;
custom,prism,house9mat2,1.5,3,1.5,1,1,0.875,0.875,0.15,0.3,933.3,-225,2638,0.5,0.5,-0.5,0.5;
custom,prism,house9mat2,1.5,3,1.5,1,1,0.875,0.875,0.15,0.3,933.3,-250,2638,0.5,0.5,-0.5,0.5;
custom,prism,house9mat2,1.5,3,1.5,1,1,0.875,0.875,0.15,0.3,933.3,-275,2638,0.5,0.5,-0.5,0.5;
custom,prism,house9mat2,1.5,3,1.5,1,1,0.875,0.875,0.15,0.3,933.3,-300,2638,0.5,0.5,-0.5,0.5;




custom,cylinder,wood3,2,-7.2,2,1,0.5,0.5,0.5,0.2,0.72,-130,68,-476,0,0,0,1;
custom,cylinder,wood3,2,-7.2,2,1,0.5,0.5,0.5,0.2,0.72,-130,68,-600,0,0,0,1;
custom,cylinder,wood3,2,-7.2,2,1,0.5,0.5,0.5,0.2,0.72,-130,68,-724,0,0,0,1;
custom,cylinder,wood3,2,-7.2,2,1,0.5,0.5,0.5,0.2,0.72,-130,68,-848,0,0,0,1;
custom,cylinder,wood3,2,-7.2,2,1,0.5,0.5,0.5,0.2,0.72,-130,68,-972,0,0,0,1;
custom,cylinder,wood3,2,-7.2,2,1,0.5,0.5,0.5,0.2,0.72,130,68,-476,0,0,0,1;
custom,cylinder,wood3,2,-7.2,2,1,0.5,0.5,0.5,0.2,0.72,130,68,-600,0,0,0,1;
custom,cylinder,wood3,2,-7.2,2,1,0.5,0.5,0.5,0.2,0.72,130,68,-724,0,0,0,1;
custom,cylinder,wood3,2,-7.2,2,1,0.5,0.5,0.5,0.2,0.72,130,68,-848,0,0,0,1;
custom,cylinder,wood3,2,-7.2,2,1,0.5,0.5,0.5,0.2,0.72,130,68,-972,0,0,0,1;
custom,cylinder,wood3,3,-7.5,3,1,0.5,0.5,0.5,0.3,0.75,399.9479,55,290,0,0,0,1;
custom,cylinder,wood3,3,-7.5,3,1,0.5,0.5,0.5,0.3,0.75,509.9479,55,21,0,0,0,1;
custom,cylinder,wood3,3,-8.5,3,1,0.5,0.5,0.5,0.3,0.85,0,65,-240,0,0,0,1;
custom,cylinder,wood3,3,7.5,3,1,0.5,0.5,0.5,0.3,0.75,-400,55,290,0,0,0,1;
custom,cylinder,wood3,3,7.5,3,1,0.5,0.5,0.5,0.3,0.75,-510,55,21,0,0,0,1;



custom,statue2,default,2,2,2,1,1,1,1,0.1,0.1,-50,1,155,0,-1,0,0;
custom,statue2,default,2,2,2,1,1,1,1,0.1,0.1,50,1,155,0,-1,0,0;
map,disablebounds;
racing,checkpointcuboid,9.99,1,12,0,-240,-1540,0,0.7071068,0,0.7071068;
racing,checkpointcylinder,4.9,0.49,4.9,-470,74,740,0,0,0,1;
racing,checkpointcylinder,4.9,0.49,4.9,470,74,740,0,0,0,1;
racing,endcuboid,10,3,1,1007,-220,2508,0,1,0,0;
racing,killCuboid,0.5,2.5,0.5,-16,20,402,0,0,-0.3007058,0.953717;
racing,killCuboid,0.5,2.5,0.5,1,20,402,0,0,0,1;
racing,killCuboid,0.5,2.5,0.5,11,20,402,0,0,0,1;
racing,killCuboid,1,-16,30,-227,-155,-481,0,0,0,0;
racing,killCuboid,1,-16,30,-267,-155,-481,0,0,0,0;
racing,killCuboid,1,16,30,227,-155,-481,0,0,0,0;
racing,killCuboid,1,16,30,267,-155,-481,0,0,0,0;
racing,killCuboid,10,-3,2,-247,-100,-196.5,1,0,0,0;
racing,killCuboid,10,-3,2,-247,-100,-765.5,0,0,0,0;
racing,killCuboid,10,-4,2,-247,-105,-176.5,1,0,0,0;
racing,killCuboid,10,-4,2,-247,-105,-785.5,0,0,0,0;
racing,killCuboid,10,-5,2,-247,-110,-156.5,1,0,0,0;
racing,killCuboid,10,-5,2,-247,-110,-805.5,0,0,0,0;
racing,killCuboid,10,-6,2,-247,-115,-136.5,1,0,0,0;
racing,killCuboid,10,-6,2,-247,-115,-825.5,0,0,0,0;
racing,killCuboid,10,-7,2,-247,-120,-116.5,1,0,0,0;
racing,killCuboid,10,-7,2,-247,-120,-845.5,0,0,0,0;
racing,killCuboid,10,-8,2,-247,-125,-865.5,0,0,0,0;
racing,killCuboid,10,-8,2,-247,-125,-96.5,1,0,0,0;
racing,killCuboid,10,-9,2,-247,-130,-76.5,1,0,0,0;
racing,killCuboid,10,-9,2,-247,-130,-885.5,0,0,0,0;
racing,killCuboid,10,3,2,247,-100,-196.5,0,1,0,0;
racing,killCuboid,10,3,2,247,-100,-765.5,0,0,0,0;
racing,killCuboid,10,4,2,247,-105,-176.5,0,1,0,0;
racing,killCuboid,10,4,2,247,-105,-785.5,0,0,0,0;
racing,killCuboid,10,5,2,247,-110,-156.5,0,1,0,0;
racing,killCuboid,10,5,2,247,-110,-805.5,0,0,0,0;
racing,killCuboid,10,6,2,247,-115,-136.5,0,1,0,0;
racing,killCuboid,10,6,2,247,-115,-825.5,0,0,0,0;
racing,killCuboid,10,7,2,247,-120,-116.5,0,1,0,0;
racing,killCuboid,10,7,2,247,-120,-845.5,0,0,0,0;
racing,killCuboid,10,8,2,247,-125,-865.5,0,0,0,0;
racing,killCuboid,10,8,2,247,-125,-96.5,0,1,0,0;
racing,killCuboid,10,9,2,247,-130,-76.5,0,1,0,0;
racing,killCuboid,10,9,2,247,-130,-885.5,0,0,0,0;
racing,killCuboid,11.5,-1,21.5,402.4479,135,168,0.7071068,0,-0.7071068,0;
racing,killCuboid,11.5,-1,30.5,237.4479,135,263,0,0,0,1;
racing,killCuboid,11.5,1,21.5,-402.5,135,168,0,0.7071068,0,0.7071068;
racing,killCuboid,11.5,1,30.5,-237.5,135,263,0,0,0,1;
racing,killCuboid,2,-3,10,-177,-165,-955,0,0,0,0;
racing,killCuboid,2,-3,10,-317,-165,-7,1,0,0,0;
racing,killCuboid,2,-4,10,-157,-170,-955,0,0,0,0;
racing,killCuboid,2,-4,10,-337,-170,-7,1,0,0,0;
racing,killCuboid,2,-5,10,-137,-175,-955,0,0,0,0;
racing,killCuboid,2,-5,10,-357,-175,-7,1,0,0,0;
racing,killCuboid,2,-6,10,-117,-180,-955,0,0,0,0;
racing,killCuboid,2,-6,10,-377,-180,-7,1,0,0,0;
racing,killCuboid,2,-7,10,-397,-185,-7,1,0,0,0;
racing,killCuboid,2,-7,10,-97,-185,-955,0,0,0,0;
racing,killCuboid,2,-8,10,-417,-190,-7,1,0,0,0;
racing,killCuboid,2,-8,10,-77,-190,-955,0,0,0,0;
racing,killCuboid,2,-9,10,-57,-195,-955,0,0,0,0;
racing,killCuboid,2,0.5,0.5,-16,10,402,0,0,0,1;
racing,killCuboid,2,0.5,0.5,-16,30,402,0,0,0,1;
racing,killCuboid,2,0.5,0.5,18.5,10,402,0,0,0,1;
racing,killCuboid,2,3,10,177,-165,-955,0,0,0,0;
racing,killCuboid,2,3,10,317,-165,-7,0,1,0,0;
racing,killCuboid,2,4,10,157,-170,-955,0,0,0,0;
racing,killCuboid,2,4,10,337,-170,-7,0,1,0,0;
racing,killCuboid,2,5,10,137,-175,-955,0,0,0,0;
racing,killCuboid,2,5,10,357,-175,-7,0,1,0,0;
racing,killCuboid,2,6,10,117,-180,-955,0,0,0,0;
racing,killCuboid,2,6,10,377,-180,-7,0,1,0,0;
racing,killCuboid,2,7,10,397,-185,-7,0,1,0,0;
racing,killCuboid,2,7,10,97,-185,-955,0,0,0,0;
racing,killCuboid,2,8,10,417,-190,-7,0,1,0,0;
racing,killCuboid,2,8,10,77,-190,-955,0,0,0,0;
racing,killCuboid,2,9,10,57,-195,-955,0,0,0,0;
racing,killCuboid,2.5,0.5,5.5,-510,70.5,840,0,0,0,1;
racing,killCuboid,2.5,0.5,5.5,510,70.5,840,0,0,0,1;
racing,killCuboid,3,-16,1,-212,-155,-331,0,0,0,0;
racing,killCuboid,3,-16,1,-212,-155,-631,0,0,0,0;
racing,killCuboid,3,-16,1,-282,-155,-331,0,0,0,0;
racing,killCuboid,3,-16,1,-282,-155,-631,0,0,0,0;
racing,killCuboid,3,16,1,212,-155,-331,0,0,0,0;
racing,killCuboid,3,16,1,212,-155,-631,0,0,0,0;
racing,killCuboid,3,16,1,282,-155,-331,0,0,0,0;
racing,killCuboid,3,16,1,282,-155,-631,0,0,0,0;
racing,killCuboid,3.30694,-5.2,1.2,526.3795,104,-75.53423,-0.07845911,0,0.9969174,0;
racing,killCuboid,3.30694,-5.2,1.2,555.7631,104,-65.98689,-0.2334454,0,0.9723699,0;
racing,killCuboid,3.30694,-5.2,1.2,555.7631,104,109.9869,0.2334454,0,0.9723699,0;
racing,killCuboid,3.30694,-5.2,1.2,580.7584,104,-47.82679,-0.3826835,0,0.9238795,0;
racing,killCuboid,3.30694,-5.2,1.2,580.7584,104,91.8268,0.3826835,0,0.9238795,0;
racing,killCuboid,3.30694,-5.2,1.2,598.9185,104,-22.83156,-0.5224986,0,0.8526402,0;
racing,killCuboid,3.30694,-5.2,1.2,598.9185,104,66.83156,0.5224986,0,0.8526402,0;
racing,killCuboid,3.30694,-5.2,1.2,608.4658,104,37.4479,0.6494481,0,0.760406,0;
racing,killCuboid,3.30694,-5.2,1.2,608.4658,104,6.552096,-0.6494481,0,0.760406,0;
racing,killCuboid,3.30694,5.2,1.2,-526.4316,104,-75.53423,0,-0.07845911,0,-0.9969174;
racing,killCuboid,3.30694,5.2,1.2,-555.8152,104,-65.98689,0,-0.2334454,0,-0.9723699;
racing,killCuboid,3.30694,5.2,1.2,-555.8152,104,109.9869,0,0.2334454,0,-0.9723699;
racing,killCuboid,3.30694,5.2,1.2,-580.8104,104,-47.82679,0,-0.3826835,0,-0.9238795;
racing,killCuboid,3.30694,5.2,1.2,-580.8104,104,91.8268,0,0.3826835,0,-0.9238795;
racing,killCuboid,3.30694,5.2,1.2,-598.9705,104,-22.83156,0,-0.5224986,0,-0.8526402;
racing,killCuboid,3.30694,5.2,1.2,-598.9705,104,66.83156,0,0.5224986,0,-0.8526402;
racing,killCuboid,3.30694,5.2,1.2,-608.5179,104,37.4479,0,0.6494481,0,-0.760406;
racing,killCuboid,3.30694,5.2,1.2,-608.5179,104,6.552096,0,-0.6494481,0,-0.760406;
racing,killCuboid,6.444293,1.2,11.075,-534.1555,135.5,-124.3013,0,-0.07845911,0,-0.9969174;
racing,killCuboid,6.444293,1.2,11.075,-534.1555,135.5,168.3013,0,0.07845911,0,-0.9969174;
racing,killCuboid,6.444293,1.2,11.075,-578.231,135.5,-109.9803,0,-0.2334454,0,-0.9723699;
racing,killCuboid,6.444293,1.2,11.075,-578.231,135.5,153.9803,0,0.2334454,0,-0.9723699;
racing,killCuboid,6.444293,1.2,11.075,-615.7238,135.5,-82.74019,0,-0.3826835,0,-0.9238795;
racing,killCuboid,6.444293,1.2,11.075,-615.7238,135.5,126.7402,0,0.3826835,0,-0.9238795;
racing,killCuboid,6.444293,1.2,11.075,-642.964,135.5,-45.24734,0,-0.5224986,0,-0.8526402;
racing,killCuboid,6.444293,1.2,11.075,-642.964,135.5,89.24734,0,0.5224986,0,-0.8526402;
racing,killCuboid,6.444293,1.2,11.075,-657.285,135.5,-1.171855,0,-0.6494481,0,-0.760406;
racing,killCuboid,6.444293,1.2,11.075,-657.285,135.5,45.17186,0,0.6494481,0,-0.760406;
racing,killCuboid,6.444293,5.2,1.2,-541.8795,104,-173.0685,0,-0.07845911,0,-0.9969174;
racing,killCuboid,6.444293,5.2,1.2,-541.8795,104,217.0685,0,0.07845911,0,-0.9969174;
racing,killCuboid,6.444293,5.2,1.2,-600.6468,104,-153.9738,0,-0.2334454,0,-0.9723699;
racing,killCuboid,6.444293,5.2,1.2,-600.6468,104,197.9738,0,0.2334454,0,-0.9723699;
racing,killCuboid,6.444293,5.2,1.2,-650.6373,104,-117.6536,0,-0.3826835,0,-0.9238795;
racing,killCuboid,6.444293,5.2,1.2,-650.6373,104,161.6536,0,0.3826835,0,-0.9238795;
racing,killCuboid,6.444293,5.2,1.2,-686.9575,104,-67.66312,0,-0.5224986,0,-0.8526402;
racing,killCuboid,6.444293,5.2,1.2,-686.9575,104,111.6631,0,0.5224986,0,-0.8526402;
racing,killCuboid,6.444293,5.2,1.2,-706.0521,104,-8.895807,0,-0.6494481,0,-0.760406;
racing,killCuboid,6.444293,5.2,1.2,-706.0521,104,52.89581,0,0.6494481,0,-0.760406;
racing,killCuboid,6.544292,-1.2,11.075,534.1034,135.5,-124.3013,-0.07845911,0,0.9969174,0;
racing,killCuboid,6.544292,-5.2,1.2,541.8273,104,-173.0685,-0.07845911,0,0.9969174,0;
racing,killCuboid,6.544292,-5.2,1.2,541.8273,104,217.0685,0.07845911,0,0.9969174,0;
racing,killCuboid,6.544292,-5.2,1.2,600.5947,104,-153.9738,-0.2334454,0,0.9723699,0;
racing,killCuboid,6.544292,-5.2,1.2,600.5947,104,197.9738,0.2334454,0,0.9723699,0;
racing,killCuboid,6.544292,-5.2,1.2,650.5851,104,-117.6536,-0.3826835,0,0.9238795,0;
racing,killCuboid,6.544292,-5.2,1.2,650.5851,104,161.6536,0.3826835,0,0.9238795,0;
racing,killCuboid,6.544292,-5.2,1.2,686.9053,104,-67.66312,-0.5224986,0,0.8526402,0;
racing,killCuboid,6.544292,-5.2,1.2,686.9053,104,111.6631,0.5224986,0,0.8526402,0;
racing,killCuboid,6.544292,-5.2,1.2,706,104,-8.895807,-0.6494481,0,0.760406,0;
racing,killCuboid,6.544292,-5.2,1.2,706,104,52.89581,0.6494481,0,0.760406,0;
racing,killCuboid,6.644293,-1.2,11.075,534.1034,135.5,168.3013,0.07845911,0,0.9969174,0;
racing,killCuboid,6.644293,-1.2,11.075,578.1789,135.5,-109.9803,-0.2334454,0,0.9723699,0;
racing,killCuboid,6.644293,-1.2,11.075,578.1789,135.5,153.9803,0.2334454,0,0.9723699,0;
racing,killCuboid,6.644293,-1.2,11.075,615.6718,135.5,-82.74019,-0.3826835,0,0.9238795,0;
racing,killCuboid,6.644293,-1.2,11.075,615.6718,135.5,126.7402,0.3826835,0,0.9238795,0;
racing,killCuboid,6.644293,-1.2,11.075,642.9119,135.5,-45.24734,-0.5224986,0,0.8526402,0;
racing,killCuboid,6.644293,-1.2,11.075,642.9119,135.5,89.24734,0.5224986,0,0.8526402,0;
racing,killCuboid,6.644293,-1.2,11.075,657.2329,135.5,-1.171855,-0.6494481,0,0.760406,0;
racing,killCuboid,6.644293,-1.2,11.075,657.2329,135.5,45.17186,0.6494481,0,0.760406,0;
racing,killPrism,12.1,1,0.5,-59.5,13.5,-328,0,0,0,1;
racing,killPrism,12.1,1,0.5,-59.5,23.5,-308,0,0,0,1;
racing,killPrism,12.1,1,0.5,-59.5,3.5,-348,0,0,0,1;
racing,killPrism,12.1,1,0.5,-59.5,33.5,-288,0,0,0,1;
racing,killPrism,12.1,1,0.5,-59.5,43.5,-268,0,0,0,1;
racing,killPrism,12.1,1,0.5,-59.5,53.5,-248,0,0,0,1;
racing,killPrism,12.1,1,0.5,-59.5,63.5,-228,0,0,0,1;
racing,killPrism,12.1,1,0.5,-59.5,73.5,-208,0,0,0,1;
racing,killPrism,12.1,1,0.5,57.5,13.5,-328,0,0,0,1;
racing,killPrism,12.1,1,0.5,57.5,23.5,-308,0,0,0,1;
racing,killPrism,12.1,1,0.5,57.5,3.5,-348,0,0,0,1;
racing,killPrism,12.1,1,0.5,57.5,33.5,-288,0,0,0,1;
racing,killPrism,12.1,1,0.5,57.5,43.5,-268,0,0,0,1;
racing,killPrism,12.1,1,0.5,57.5,53.5,-248,0,0,0,1;
racing,killPrism,12.1,1,0.5,57.5,63.5,-228,0,0,0,1;
racing,killPrism,12.1,1,0.5,57.5,73.5,-208,0,0,0,1;
racing,killcuboid,0.5,11,62.5,1061.5,-240,2055.5,0,0,0,0;
racing,killcuboid,0.5,11,62.5,952.5,-240,2055.5,0,0,0,0;
racing,killcuboid,0.5,16,72.5,1061.5,-240,2055.5,0,0,0,0;
racing,killcuboid,0.5,16,72.5,952.5,-240,2055.5,0,0,0,0;
racing,killcuboid,1,-6,1,-785,-275,-102,-1,0,0,0;
racing,killcuboid,1,-6,1,-785,-275,-292,-1,0,0,0;
racing,killcuboid,1,-6,1,-785,-275,-307,-0.258819,0,0,-0.9659258;
racing,killcuboid,1,-6,1,-785,-275,-322,-1,0,0,0;
racing,killcuboid,1,-6,1,-785,-275,-72,-1,0,0,0;
racing,killcuboid,1,-6,1,-785,-275,-87,-0.258819,0,0,-0.9659258;
racing,killcuboid,1,15,16,-475,55,477,0,-0.3826834,0,0.9238796;
racing,killcuboid,1,15,16,-475,55,903,0,0.3826834,0,0.9238796;
racing,killcuboid,1,15,16,475,55,477,0,-0.9238796,0,0.3826834;
racing,killcuboid,1,15,16,475,55,903,0,0.9238796,0,0.3826834;
racing,killcuboid,1,21,82.5,1061.5,-240,2055.5,0,0,0,0;
racing,killcuboid,1,21,82.5,952.5,-240,2055.5,0,0,0,0;
racing,killcuboid,1,5.2,10,0,104,-181,0,0.7071068,0,0.7071068;
racing,killcuboid,1,5.2,102.5,0,104,-79,0,0.7071068,0,0.7071068;
racing,killcuboid,1,5.2,40,-310,104,-181,0,0.7071068,0,0.7071068;
racing,killcuboid,1,5.2,40,310,104,-181,0,0.7071068,0,0.7071068;
racing,killcuboid,1,6,1,785,-275,-132,0,0,0,1;
racing,killcuboid,1,6,1,785,-275,-147,0.9659259,0,0,0.258819;
racing,killcuboid,1,6,1,785,-275,-162,0,0,0,1;
racing,killcuboid,1,6,1,785,-275,-352,0,0,0,1;
racing,killcuboid,1,6,1,785,-275,-367,0.9659259,0,0,0.258819;
racing,killcuboid,1,6,1,785,-275,-382,0,0,0,1;
racing,killcuboid,1,7.5,10,-45,116.1,690,0,0,0,1;
racing,killcuboid,1,7.5,10,-55,116.1,590,0,0,0,1;
racing,killcuboid,1,7.5,10,-75,116.1,520,0,0.3007058,0,0.953717;
racing,killcuboid,1,7.5,10,45,116.1,690,0,0,0,1;
racing,killcuboid,1,7.5,10,55,116.1,590,0,0,0,1;
racing,killcuboid,1,7.5,10,75,116.1,520,0,0.953717,0,0.3007058;
racing,killcuboid,1,7.5,16,-85,116.1,800,0,0.953717,0,0.3007058;
racing,killcuboid,1,7.5,16,85,116.1,800,0,0.3007058,0,0.953717;
racing,killcuboid,1,8,0.4,34.5,-280,49,0,0.7071068,0,0.7071068;
racing,killcuboid,1,8,0.5,-34,-280,49,0,0.7071068,0,0.7071068;
racing,killcuboid,1.6,2.1,1.6,1007,-240,2703,0,0.3826834,0,0.9238796;
racing,killcuboid,10,-8.5,1,1007,-182.5,1158,0.9848078,0,0,0.1736482;
racing,killcuboid,10,-8.5,1,1007,-182.5,1198,-0.1736482,0,0,-0.9848078;
racing,killcuboid,10,-8.5,1,1007,-182.5,1358,0.9848078,0,0,0.1736482;
racing,killcuboid,10,-8.5,1,1007,-182.5,1398,-0.1736482,0,0,-0.9848078;
racing,killcuboid,10,10,0.5,0,68,-1580,0,0,0.382515,0.9239493;
racing,killcuboid,10,6,10,-85,100,910,0,0,0,1;
racing,killcuboid,10,6,10,85,100,910,0,0,0,1;
racing,killcuboid,10,8.5,1,1007,-267.5,1058,0.9848078,0,0,-0.1736482;
racing,killcuboid,10,8.5,1,1007,-267.5,1098,-0.1736482,0,0,0.9848078;
racing,killcuboid,10,8.5,1,1007,-267.5,1258,0.9848078,0,0,-0.1736482;
racing,killcuboid,10,8.5,1,1007,-267.5,1298,-0.1736482,0,0,0.9848078;
racing,killcuboid,1000.1,1.3,1000.1,0,-310,0,0,0.7071068,0,0.7071068;
racing,killcuboid,11.5,-1,21.5,402.4479,73.4,168,0.7071068,0,-0.7071068,0;
racing,killcuboid,11.5,-1,30.5,237.4479,73.4,263,0,0,0,1;
racing,killcuboid,11.5,1,105,0,135,-130,0,0.7071068,0,0.7071068;
racing,killcuboid,11.5,1,21.5,-402.5,73.4,168,0,0.7071068,0,0.7071068;
racing,killcuboid,11.5,1,30.5,-237.5,73.4,263,0,0,0,1;
racing,killcuboid,11.6,1.1,105.1,0,73.4,-128.5,0,0.7071068,0,0.7071068;
racing,killcuboid,12,14.5,1,-195,68,-476,0,0,0,1;
racing,killcuboid,12,14.5,1,-195,68,-724,0,0,0,1;
racing,killcuboid,12,14.5,1,-195,68,-972,0,0,0,1;
racing,killcuboid,12,14.5,1,-65,68,-600,0,0,0,1;
racing,killcuboid,12,14.5,1,-65,68,-848,0,0,0,1;
racing,killcuboid,12,14.5,1,195,68,-476,0,0,0,1;
racing,killcuboid,12,14.5,1,195,68,-724,0,0,0,1;
racing,killcuboid,12,14.5,1,195,68,-972,0,0,0,1;
racing,killcuboid,12,14.5,1,65,68,-600,0,0,0,1;
racing,killcuboid,12,14.5,1,65,68,-848,0,0,0,1;
racing,killcuboid,12,6,1,-465,100,690,0,0,0,1;
racing,killcuboid,12,6,1,465,100,690,0,0,0,1;
racing,killcuboid,13,9,1.5,-490,28,545,0,0.7071068,0,0.7071068;
racing,killcuboid,13,9,1.5,-505,28,675,0,0.7071068,0,0.7071068;
racing,killcuboid,13,9,1.5,490,28,545,0,0.7071068,0,0.7071068;
racing,killcuboid,13,9,1.5,505,28,675,0,0.7071068,0,0.7071068;
racing,killcuboid,14.5,14.5,1,-115,67.5,-258.5,0,0.7071068,0,0.7071068;
racing,killcuboid,14.5,14.5,1,115,67.5,-258.5,0,0.7071068,0,0.7071068;
racing,killcuboid,15,10,0.5,-90,68,-1290,0,0.7071068,0,0.7071068;
racing,killcuboid,15,10,0.5,90,68,-1290,0,0.7071068,0,0.7071068;
racing,killcuboid,15,8,1,-42,-280,-1260,0,0.7071068,0,0.7071068;
racing,killcuboid,15,8,1,42,-280,-1260,0,0.7071068,0,0.7071068;
racing,killcuboid,15,8.1,1.3,-52,-280,-1410,0,0.7071068,0,0.7071068;
racing,killcuboid,15,8.1,1.3,52,-280,-1410,0,0.7071068,0,0.7071068;
racing,killcuboid,15,9,1.5,-490,28,815,0,0.7071068,0,0.7071068;
racing,killcuboid,15,9,1.5,490,28,815,0,0.7071068,0,0.7071068;
racing,killcuboid,17,1,16.1,1007,-145.9,2718,0,0,0,1;
racing,killcuboid,17,5.5,4,0,112.5,-1210,0,0,0,1;
racing,killcuboid,17,5.5,4,0,30,-1210,0,0,0,1;
racing,killcuboid,17,6.5,4,0,112.5,-1250,0,0,0,1;
racing,killcuboid,17,6.5,4,0,30,-1250,0,0,0,1;
racing,killcuboid,17,7.5,4,0,112.5,-1290,0,0,0,1;
racing,killcuboid,17,7.5,4,0,30,-1290,0,0,0,1;
racing,killcuboid,17,8,2,-37,-280,-1100,0,0.7071068,0,0.7071068;
racing,killcuboid,17,8,2,37,-280,-1100,0,0.7071068,0,0.7071068;
racing,killcuboid,20,-5.2,1,289.9479,104,315,0.7071068,0,-0.7071068,0;
racing,killcuboid,20,14.5,1,-90,68,-1290,0,0.7071068,0,0.7071068;
racing,killcuboid,20,14.5,1,90,68,-1290,0,0.7071068,0,0.7071068;
racing,killcuboid,20,5.2,1,-290,104,315,0,0.7071068,0,0.7071068;
racing,killcuboid,21.5,7.5,21.5,-282.5,116.1,690,0,0,0,1;
racing,killcuboid,21.5,7.5,21.5,-282.5,116.1,690,0,0.0871557,0,0.9961947;
racing,killcuboid,21.5,7.5,21.5,-282.5,116.1,690,0,0.1736482,0,0.9848078;
racing,killcuboid,21.5,7.5,21.5,-282.5,116.1,690,0,0.258819,0,0.9659259;
racing,killcuboid,21.5,7.5,21.5,-282.5,116.1,690,0,0.3420201,0,0.9396927;
racing,killcuboid,21.5,7.5,21.5,-282.5,116.1,690,0,0.4226183,0,0.9063078;
racing,killcuboid,21.5,7.5,21.5,-282.5,116.1,690,0,0.5,0,0.8660254;
racing,killcuboid,21.5,7.5,21.5,-282.5,116.1,690,0,0.5735765,0,0.8191521;
racing,killcuboid,21.5,7.5,21.5,-282.5,116.1,690,0,0.6427876,0,0.7660444;
racing,killcuboid,21.5,7.5,21.5,282.5,116.1,690,0,0,0,1;
racing,killcuboid,21.5,7.5,21.5,282.5,116.1,690,0,0.0871557,0,0.9961947;
racing,killcuboid,21.5,7.5,21.5,282.5,116.1,690,0,0.1736482,0,0.9848078;
racing,killcuboid,21.5,7.5,21.5,282.5,116.1,690,0,0.258819,0,0.9659259;
racing,killcuboid,21.5,7.5,21.5,282.5,116.1,690,0,0.3420201,0,0.9396927;
racing,killcuboid,21.5,7.5,21.5,282.5,116.1,690,0,0.4226183,0,0.9063078;
racing,killcuboid,21.5,7.5,21.5,282.5,116.1,690,0,0.5,0,0.8660254;
racing,killcuboid,21.5,7.5,21.5,282.5,116.1,690,0,0.5735765,0,0.8191521;
racing,killcuboid,21.5,7.5,21.5,282.5,116.1,690,0,0.6427876,0,0.7660444;
racing,killcuboid,22,7,1,-140,35,540,0,0.9848078,0,-0.1736482;
racing,killcuboid,22,7,1,140,35,540,0,-0.1736482,0,0.9848078;
racing,killcuboid,25,-5.2,1,409.9479,104,220,0,0,0,1;
racing,killcuboid,25,5.2,1,-410,104,220,0,0,0,1;
racing,killcuboid,26,1,16,0,110,95,0,0,0,1;
racing,killcuboid,29.5,-5.2,1,184.9479,104,267.5,0.7071068,0,-0.7071068,0;
racing,killcuboid,29.5,5.2,1,-185,104,267.5,0,0.7071068,0,0.7071068;
racing,killcuboid,3,3,1,368.5,-260,538,0,0.7071068,0,0.7071068;
racing,killcuboid,3,3,1,368.5,-260,618,0,0.7071068,0,0.7071068;
racing,killcuboid,3,3,1,443.5,-230,538,0,0.7071068,0,0.7071068;
racing,killcuboid,3,3,1,443.5,-230,618,0,0.7071068,0,0.7071068;
racing,killcuboid,3,3,1,443.5,-290,538,0,0.7071068,0,0.7071068;
racing,killcuboid,3,3,1,443.5,-290,618,0,0.7071068,0,0.7071068;
racing,killcuboid,3.5,4,1,-105,120.5,-476,0,0,0,1;
racing,killcuboid,3.5,4,1,-105,23,-476,0,0,0,1;
racing,killcuboid,3.5,4,1,-192,120.5,-600,0,0,0,1;
racing,killcuboid,3.5,4,1,-192,23,-600,0,0,0,1;
racing,killcuboid,3.5,4,1,-22.5,120.5,-972,0,0,0,1;
racing,killcuboid,3.5,4,1,-22.5,23,-972,0,0,0,1;
racing,killcuboid,3.5,4,1,-237.5,120.5,-848,0,0,0,1;
racing,killcuboid,3.5,4,1,-237.5,23,-848,0,0,0,1;
racing,killcuboid,3.5,4,1,-64,120.5,-724,0,0,0,1;
racing,killcuboid,3.5,4,1,-64,23,-724,0,0,0,1;
racing,killcuboid,3.5,4,1,105,120.5,-476,0,0,0,1;
racing,killcuboid,3.5,4,1,105,23,-476,0,0,0,1;
racing,killcuboid,3.5,4,1,192,120.5,-600,0,0,0,1;
racing,killcuboid,3.5,4,1,192,23,-600,0,0,0,1;
racing,killcuboid,3.5,4,1,22.5,120.5,-972,0,0,0,1;
racing,killcuboid,3.5,4,1,22.5,23,-972,0,0,0,1;
racing,killcuboid,3.5,4,1,237.5,120.5,-848,0,0,0,1;
racing,killcuboid,3.5,4,1,237.5,23,-848,0,0,0,1;
racing,killcuboid,3.5,4,1,64,120.5,-724,0,0,0,1;
racing,killcuboid,3.5,4,1,64,23,-724,0,0,0,1;
racing,killcuboid,37,-5.2,1,364.9479,104,115,0,0,0,1;
racing,killcuboid,37,5.2,1,-365,104,115,0,0,0,1;
racing,killcuboid,37.5,-8,10,-629.5,-280,-117,0,0,-1,0;
racing,killcuboid,37.5,-8,10,-629.5,-280,-337,0,0,-1,0;
racing,killcuboid,37.5,8,10,629.5,-280,-117,0,0,0,1;
racing,killcuboid,37.5,8,10,629.5,-280,-337,0,0,0,1;
racing,killcuboid,4.5,14.5,1,-104,68,-724,0,0,0,1;
racing,killcuboid,4.5,14.5,1,-152,68,-600,0,0,0,1;
racing,killcuboid,4.5,14.5,1,-232,68,-600,0,0,0,1;
racing,killcuboid,4.5,14.5,1,-24,68,-724,0,0,0,1;
racing,killcuboid,4.5,14.5,1,104,68,-724,0,0,0,1;
racing,killcuboid,4.5,14.5,1,152,68,-600,0,0,0,1;
racing,killcuboid,4.5,14.5,1,232,68,-600,0,0,0,1;
racing,killcuboid,4.5,14.5,1,24,68,-724,0,0,0,1;
racing,killcuboid,45,11,0.3,0,-270,303,-0.2705981,0.6532815,0.2705981,0.6532815;
racing,killcuboid,45,11,0.3,0,-270,303,0.2705981,0.6532815,-0.2705981,0.6532815;
racing,killcuboid,45,11,1.3,0,-235,303,0.5,0.5,-0.5,0.5;
racing,killcuboid,5,3,1,210.5,-225,578,0,0.7071068,0,0.7071068;
racing,killcuboid,5,3,1,293.5,-230,578,0,0.7071068,0,0.7071068;
racing,killcuboid,5,3,1,293.5,-290,578,0,0.7071068,0,0.7071068;
racing,killcuboid,5,3,1,518.5,-260,578,0,0.7071068,0,0.7071068;
racing,killcuboid,50,8.1,1.3,41.5,-280,278,0,0.7071068,0,0.7071068;
racing,killcuboid,52,1,142,0,145,-885,0,0,0,1;
racing,killcuboid,55.1,15.1,1.3,-530,55,690,0,0.7071068,0,0.7071068;
racing,killcuboid,55.1,15.1,1.3,530,55,690,0,0.7071068,0,0.7071068;
racing,killcuboid,58,8.1,1.3,-41.5,-280,328,0,0.7071068,0,0.7071068;
racing,killcuboid,6,6,1,618.5,-220,578,-0.2705981,0.6532815,-0.2705981,0.6532815;
racing,killcuboid,6,6,1,618.5,-305,578,-0.2705981,0.6532815,-0.2705981,0.6532815;
racing,killcuboid,6,6,1,713.5,-262.5,535.5,-0.6532815,0.270598,-0.6532815,0.270598;
racing,killcuboid,6,6,1,713.5,-262.5,620.5,-0.6532815,0.270598,-0.6532815,0.270598;
racing,killcuboid,6,6,1,808.5,-220,578,-0.2705981,0.6532815,-0.2705981,0.6532815;
racing,killcuboid,6,6,1,808.5,-305,578,-0.2705981,0.6532815,-0.2705981,0.6532815;
racing,killcuboid,6,6,1,903.5,-262.5,535.5,-0.6532815,0.270598,-0.6532815,0.270598;
racing,killcuboid,6,6,1,903.5,-262.5,620.5,-0.6532815,0.270598,-0.6532815,0.270598;
racing,killcuboid,6.644293,-1.2,11.08,534.1034,72.5,168.3013,0.07845911,0,0.9969174,0;
racing,killcuboid,6.644293,-1.201,11.08,534.1034,72.5,-124.3013,-0.07845911,0,0.9969174,0;
racing,killcuboid,6.644293,-1.202,11.08,578.1789,72.5,-109.9803,-0.2334454,0,0.9723699,0;
racing,killcuboid,6.644293,-1.203,11.08,615.6718,72.5,-82.74019,-0.3826835,0,0.9238795,0;
racing,killcuboid,6.644293,-1.204,11.08,642.9119,72.5,-45.24734,-0.5224986,0,0.8526402,0;
racing,killcuboid,6.644293,-1.205,11.08,657.2329,72.5,-1.171855,-0.6494481,0,0.760406,0;
racing,killcuboid,6.644293,-1.206,11.08,657.2329,72.5,45.17186,0.6494481,0,0.760406,0;
racing,killcuboid,6.644293,-1.207,11.08,642.9119,72.5,89.24734,0.5224986,0,0.8526402,0;
racing,killcuboid,6.644293,-1.208,11.08,615.6718,72.5,126.7402,0.3826835,0,0.9238795,0;
racing,killcuboid,6.644293,-1.209,11.08,578.1789,72.5,153.9803,0.2334454,0,0.9723699,0;
racing,killcuboid,6.744293,1.2,11.08,-534.1555,72.5,-124.3013,0,-0.07845911,0,-0.9969174;
racing,killcuboid,6.744293,1.2,11.08,-534.1555,72.5,168.3013,0,0.07845911,0,-0.9969174;
racing,killcuboid,6.744293,1.2,11.08,-578.231,72.5,-109.9803,0,-0.2334454,0,-0.9723699;
racing,killcuboid,6.744293,1.2,11.08,-578.231,72.5,153.9803,0,0.2334454,0,-0.9723699;
racing,killcuboid,6.744293,1.2,11.08,-615.7238,72.5,-82.74019,0,-0.3826835,0,-0.9238795;
racing,killcuboid,6.744293,1.2,11.08,-615.7238,72.5,126.7402,0,0.3826835,0,-0.9238795;
racing,killcuboid,6.744293,1.2,11.08,-642.964,72.5,-45.24734,0,-0.5224986,0,-0.8526402;
racing,killcuboid,6.744293,1.2,11.08,-642.964,72.5,89.24734,0,0.5224986,0,-0.8526402;
racing,killcuboid,6.744293,1.2,11.08,-657.285,72.5,-1.171855,0,-0.6494481,0,-0.760406;
racing,killcuboid,6.744293,1.2,11.08,-657.285,72.5,45.17186,0,0.6494481,0,-0.760406;
racing,killcuboid,60.1,14.6,1.3,-260,67.5,-780,0,0.7071068,0,0.7071068;
racing,killcuboid,60.1,14.6,1.3,260,67.5,-780,0,0.7071068,0,0.7071068;
racing,killcuboid,7,2,1,0,120,170,0,0,0,1;
racing,killcuboid,7,6,7,-75,100,460,0,0,0,1;
racing,killcuboid,7,6,7,75,100,460,0,0,0,1;
racing,killcuboid,7,7,0.25,0,68,-1580,0,0,0.382515,0.9239493;
racing,killcuboid,8,9,1.5,-435,28,472,0,0,0,1;
racing,killcuboid,8.5,14.5,1,-177.5,68,-848,0,0,0,1;
racing,killcuboid,8.5,14.5,1,-45,68,-476,0,0,0,1;
racing,killcuboid,8.5,14.5,1,-82.5,68,-972,0,0,0,1;
racing,killcuboid,8.5,14.5,1,177.5,68,-848,0,0,0,1;
racing,killcuboid,8.5,14.5,1,45,68,-476,0,0,0,1;
racing,killcuboid,8.5,14.5,1,82.5,68,-972,0,0,0,1;
racing,killcuboid,80,14.5,1,0,68,-587,0,0.7071068,0,0.7071068;
racing,killcuboid,9,9,1,0,28,414.5,0,0,0,1;
racing,killcuboid,9,9,1.5,-170,28,442,0,0,0,1;
racing,killcuboid,9,9,1.5,-260,28,452,0,0,0,1;
racing,killcuboid,9,9,1.5,-350,28,462,0,0,0,1;
racing,killcuboid,9,9,1.5,-80,28,432,0,0,0,1;
racing,killcuboid,9,9,1.5,170,28,442,0,0,0,1;
racing,killcuboid,9,9,1.5,260,28,452,0,0,0,1;
racing,killcuboid,9,9,1.5,350,28,462,0,0,0,1;
racing,killcuboid,9,9,1.5,440,28,472,0,0,0,1;
racing,killcuboid,9,9,1.5,80,28,432,0,0,0,1;
racing,killcuboid,9.9,1,99.5,1007,-140,2055.5,0,0,0,0;
racing,killcylinder,0.9,0.5,0.9,0,100,180,0.7071068,0,0,0.7071068;
racing,killcylinder,0.9,0.5,0.9,0,20,180,0.7071068,0,0,0.7071068;
racing,killcylinder,0.9,0.5,0.9,0,40,180,0.7071068,0,0,0.7071068;
racing,killcylinder,0.9,0.5,0.9,0,60,180,0.7071068,0,0,0.7071068;
racing,killcylinder,0.9,0.5,0.9,0,80,180,0.7071068,0,0,0.7071068;
racing,killcylinder,1,0.5,1,0,100,180,0.7071068,0,0,0.7071068;
racing,killcylinder,1,0.5,1,0,20,180,0.7071068,0,0,0.7071068;
racing,killcylinder,1,0.5,1,0,40,180,0.7071068,0,0,0.7071068;
racing,killcylinder,1,0.5,1,0,60,180,0.7071068,0,0,0.7071068;
racing,killcylinder,1,0.5,1,0,80,180,0.7071068,0,0,0.7071068;
racing,killcylinder,1,3.8,1,0,74,863,-0.7071068,0.7071068,0,0;
racing,killcylinder,2,3.8,2,0,74,863,-0.7071068,0.7071068,0,0;
racing,killcylinder,2.2,-5,2.2,1007,-225,1178,0.5,-0.5,-0.5,-0.5;
racing,killcylinder,2.2,-5,2.2,1007,-225,1378,0.5,-0.5,-0.5,-0.5;
racing,killcylinder,2.2,5,2.2,1007,-225,1078,0.5,0.5,-0.5,0.5;
racing,killcylinder,2.2,5,2.2,1007,-225,1278,0.5,0.5,-0.5,0.5;
racing,killprism,10.1,-1,0.5,-105,-275,-954,0.7071068,0,-0.7071068,0;
racing,killprism,10.1,-1,0.5,-125,-265,-954,0.7071068,0,-0.7071068,0;
racing,killprism,10.1,-1,0.5,-145,-255,-954,0.7071068,0,-0.7071068,0;
racing,killprism,10.1,-1,0.5,-165,-245,-954,0.7071068,0,-0.7071068,0;
racing,killprism,10.1,-1,0.5,-184,-235,-954,0.7071068,0,-0.7071068,0;
racing,killprism,10.1,-1,0.5,-246,-160,-758.5,0,0,-1,0;
racing,killprism,10.1,-1,0.5,-246,-170,-777.5,0,0,-1,0;
racing,killprism,10.1,-1,0.5,-246,-180,-797.5,0,0,-1,0;
racing,killprism,10.1,-1,0.5,-246,-190,-817.5,0,0,-1,0;
racing,killprism,10.1,-1,0.5,-246,-200,-837.5,0,0,-1,0;
racing,killprism,10.1,-1,0.5,-246,-210,-857.5,0,0,-1,0;
racing,killprism,10.1,-1,0.5,-246,-220,-877.5,0,0,-1,0;
racing,killprism,10.1,-1,0.5,-246,-230,-897.5,0,0,-1,0;
racing,killprism,10.1,-1,0.5,-248,-160,-203.5,1,0,0,0;
racing,killprism,10.1,-1,0.5,-248,-170,-184.5,1,0,0,0;
racing,killprism,10.1,-1,0.5,-248,-180,-164.5,1,0,0,0;
racing,killprism,10.1,-1,0.5,-248,-190,-144.5,1,0,0,0;
racing,killprism,10.1,-1,0.5,-248,-200,-124.5,1,0,0,0;
racing,killprism,10.1,-1,0.5,-248,-210,-104.5,1,0,0,0;
racing,killprism,10.1,-1,0.5,-248,-220,-84.5,1,0,0,0;
racing,killprism,10.1,-1,0.5,-248,-230,-64.5,1,0,0,0;
racing,killprism,10.1,-1,0.5,-310,-235,-8,0.7071068,0,0.7071068,0;
racing,killprism,10.1,-1,0.5,-329,-245,-8,0.7071068,0,0.7071068,0;
racing,killprism,10.1,-1,0.5,-349,-255,-8,0.7071068,0,0.7071068,0;
racing,killprism,10.1,-1,0.5,-369,-265,-8,0.7071068,0,0.7071068,0;
racing,killprism,10.1,-1,0.5,-389,-275,-8,0.7071068,0,0.7071068,0;
racing,killprism,10.1,-1,0.5,-409,-285,-8,0.7071068,0,0.7071068,0;
racing,killprism,10.1,-1,0.5,-429,-295,-8,0.7071068,0,0.7071068,0;
racing,killprism,10.1,-1,0.5,-449,-305,-8,0.7071068,0,0.7071068,0;
racing,killprism,10.1,-1,0.5,-45,-305,-954,0.7071068,0,-0.7071068,0;
racing,killprism,10.1,-1,0.5,-65,-295,-954,0.7071068,0,-0.7071068,0;
racing,killprism,10.1,-1,0.5,-85,-285,-954,0.7071068,0,-0.7071068,0;
racing,killprism,10.1,1,0.5,105,-275,-954,0,0.7071068,0,0.7071068;
racing,killprism,10.1,1,0.5,125,-265,-954,0,0.7071068,0,0.7071068;
racing,killprism,10.1,1,0.5,145,-255,-954,0,0.7071068,0,0.7071068;
racing,killprism,10.1,1,0.5,165,-245,-954,0,0.7071068,0,0.7071068;
racing,killprism,10.1,1,0.5,184,-235,-954,0,0.7071068,0,0.7071068;
racing,killprism,10.1,1,0.5,246,-160,-758.5,0,0,0,1;
racing,killprism,10.1,1,0.5,246,-170,-777.5,0,0,0,1;
racing,killprism,10.1,1,0.5,246,-180,-797.5,0,0,0,1;
racing,killprism,10.1,1,0.5,246,-190,-817.5,0,0,0,1;
racing,killprism,10.1,1,0.5,246,-200,-837.5,0,0,0,1;
racing,killprism,10.1,1,0.5,246,-210,-857.5,0,0,0,1;
racing,killprism,10.1,1,0.5,246,-220,-877.5,0,0,0,1;
racing,killprism,10.1,1,0.5,246,-230,-897.5,0,0,0,1;
racing,killprism,10.1,1,0.5,248,-160,-203.5,0,1,0,0;
racing,killprism,10.1,1,0.5,248,-170,-184.5,0,1,0,0;
racing,killprism,10.1,1,0.5,248,-180,-164.5,0,1,0,0;
racing,killprism,10.1,1,0.5,248,-190,-144.5,0,1,0,0;
racing,killprism,10.1,1,0.5,248,-200,-124.5,0,1,0,0;
racing,killprism,10.1,1,0.5,248,-210,-104.5,0,1,0,0;
racing,killprism,10.1,1,0.5,248,-220,-84.5,0,1,0,0;
racing,killprism,10.1,1,0.5,248,-230,-64.5,0,1,0,0;
racing,killprism,10.1,1,0.5,310,-235,-8,0,0.7071068,0,-0.7071068;
racing,killprism,10.1,1,0.5,329,-245,-8,0,0.7071068,0,-0.7071068;
racing,killprism,10.1,1,0.5,349,-255,-8,0,0.7071068,0,-0.7071068;
racing,killprism,10.1,1,0.5,369,-265,-8,0,0.7071068,0,-0.7071068;
racing,killprism,10.1,1,0.5,389,-275,-8,0,0.7071068,0,-0.7071068;
racing,killprism,10.1,1,0.5,409,-285,-8,0,0.7071068,0,-0.7071068;
racing,killprism,10.1,1,0.5,429,-295,-8,0,0.7071068,0,-0.7071068;
racing,killprism,10.1,1,0.5,449,-305,-8,0,0.7071068,0,-0.7071068;
racing,killprism,10.1,1,0.5,45,-305,-954,0,0.7071068,0,0.7071068;
racing,killprism,10.1,1,0.5,65,-295,-954,0,0.7071068,0,0.7071068;
racing,killprism,10.1,1,0.5,85,-285,-954,0,0.7071068,0,0.7071068;
racing,killprism,15.1,1,0.5,-277,74,886.5,0,0.7071068,0,0.7071068;
racing,killprism,15.1,1,0.5,-287,69,886.5,0,0.7071068,0,0.7071068;
racing,killprism,15.1,1,0.5,-297,59,886.5,0,0.7071068,0,0.7071068;
racing,killprism,15.1,1,0.5,-307,49,886.5,0,0.7071068,0,0.7071068;
racing,killprism,15.1,1,0.5,-317,39,886.5,0,0.7071068,0,0.7071068;
racing,killprism,15.1,1,0.5,-327,29,886.5,0,0.7071068,0,0.7071068;
racing,killprism,15.1,1,0.5,-337,19,886.5,0,0.7071068,0,0.7071068;
racing,killprism,15.1,1,0.5,-347,9,886.5,0,0.7071068,0,0.7071068;
racing,killprism,15.1,1,0.5,277,74,886.5,0,-0.7071068,0,0.7071068;
racing,killprism,15.1,1,0.5,287,69,886.5,0,-0.7071068,0,0.7071068;
racing,killprism,15.1,1,0.5,297,59,886.5,0,-0.7071068,0,0.7071068;
racing,killprism,15.1,1,0.5,307,49,886.5,0,-0.7071068,0,0.7071068;
racing,killprism,15.1,1,0.5,317,39,886.5,0,-0.7071068,0,0.7071068;
racing,killprism,15.1,1,0.5,327,29,886.5,0,-0.7071068,0,0.7071068;
racing,killprism,15.1,1,0.5,337,19,886.5,0,-0.7071068,0,0.7071068;
racing,killprism,15.1,1,0.5,347,9,886.5,0,-0.7071068,0,0.7071068;
racing,killprism,2,0.5,2,-15,35,414.5,-0.5,0.5,-0.5,0.5;
racing,killprism,2,0.5,2,15,35,414.5,0.5,-0.5,-0.5,0.5;
racing,killprism,5.1,1,0.5,-11.125,19.125,313,0,-0.3826834,0,0.9238796;
racing,killprism,5.1,1,0.5,-11.125,29.125,327,0,-0.3826834,0,0.9238796;
racing,killprism,5.1,1,0.5,-11.125,39.125,341,0,-0.3826834,0,0.9238796;
racing,killprism,5.1,1,0.5,-11.125,49.125,355,0,-0.3826834,0,0.9238796;
racing,killprism,5.1,1,0.5,-11.125,59.125,369,0,-0.3826834,0,0.9238796;
racing,killprism,5.1,1,0.5,-11.125,69.125,383,0,-0.3826834,0,0.9238796;
racing,killprism,5.1,1,0.5,-11.125,79.125,397,0,-0.3826834,0,0.9238796;
racing,killprism,5.1,1,0.5,-11.125,9.125,299,0,-0.3826834,0,0.9238796;
racing,killprism,5.1,1,0.5,11.125,19.125,313,0,0.3826834,0,0.9238796;
racing,killprism,5.1,1,0.5,11.125,29.125,327,0,0.3826834,0,0.9238796;
racing,killprism,5.1,1,0.5,11.125,39.125,341,0,0.3826834,0,0.9238796;
racing,killprism,5.1,1,0.5,11.125,49.125,355,0,0.3826834,0,0.9238796;
racing,killprism,5.1,1,0.5,11.125,59.125,369,0,0.3826834,0,0.9238796;
racing,killprism,5.1,1,0.5,11.125,69.125,383,0,0.3826834,0,0.9238796;
racing,killprism,5.1,1,0.5,11.125,79.125,397,0,0.3826834,0,0.9238796;
racing,killprism,5.1,1,0.5,11.125,9.125,299,0,0.3826834,0,0.9238796;
racing,killtube,5.5,-1,5,-785,-275,-142,-0.7071068,0.7071068,0,0;
racing,killtube,5.5,-1,5,-785,-275,-362,-0.7071068,0.7071068,0,0;
racing,killtube,5.5,1,5,785,-275,-312,0,0,-0.7071068,0.7071068;
racing,killtube,5.5,1,5,785,-275,-92,0,0,-0.7071068,0.7071068;
racing,startcuboid,6,14,1,0,60,180,0,0,0,1;
racing,startcuboid,6,5,1,0,60,180,0,0,0,1;
spawnpoint,playerC,-20,10,100,0,0,0,1;
spawnpoint,playerC,20,10,100,0,0,0,1;

