
map,disablebounds;

racing,killcuboid,185.1,1.3,135.1,-0,-0,0,0,0,0,0;


custom,cuboid,metal4,185,1,135,0,1,1,1,18.5,18.5,-0,-0,0,0,0,0,0;

custom,cuboid,house7mat,1,10,185,0,0,0,0,0.1,0.4,0,55,-655,0,0.7071068,0,0.7071068;

custom,cuboid,house7mat,1,10,185,0,0,0,0,0.1,0.4,0,55,655,0,0.7071068,0,0.7071068;

custom,cuboid,house7mat,1,10,135,0,0,0,0,0.1,0.4,925,55,25,0,0,0,1;

custom,cuboid,house7mat,1,10,135,0,0,0,0,0.1,0.4,-915,55,25,0,0,0,1;



custom,cuboid,brick2,13,2,35,0,0.1477273,0.1704545,0.1590909,1.3,3.5,-580,55,-150,-0.5,0.5,-0.5,0.5;

custom,cuboid,brick2,13,2,45,0,0.1477273,0.1704545,0.1590909,1.3,4.5,-765,55,-365,0,0,-0.7071068,0.7071068;

custom,cuboid,brick2,13,2,35,0,0.1477273,0.1704545,0.1590909,1.3,3.5,-580,55,-580,-0.5,0.5,-0.5,0.5;


custom,cuboid,brick2,13,2,35,0,0.1477273,0.1704545,0.1590909,1.3,3.5,-80,55,-150,-0.5,0.5,-0.5,0.5;

custom,cuboid,brick2,13,2,45,0,0.1477273,0.1704545,0.1590909,1.3,4.5,105,55,-365,0,0,-0.7071068,0.7071068;

custom,cuboid,brick2,13,2,35,0,0.1477273,0.1704545,0.1590909,1.3,3.5,-80,55,-580,-0.5,0.5,-0.5,0.5;




racing,killcuboid,15,13,2,-330,55,-580,0,0,0,0;

racing,killcuboid,2.5,2.5,0.6,-330,65,-580,0,0,-0.3826834,0.9238795;
racing,killcuboid,5,5,0.6,-330,65,-580,0,0,-0.3826834,0.9238795;

racing,killcuboid,0.6,3,0.6,-370,73,-580,0,0,-0.3826834,0.9238795;
racing,killcuboid,3,0.6,0.6,-370,56,-580,0,0,-0.3826834,0.9238795;

racing,killcuboid,0.6,-3,0.6,-290,73,-580,0,0,-0.9238795,0.3826834;
racing,killcuboid,3,-0.6,0.6,-290,56,-580,0,0,-0.9238795,0.3826834;


racing,killcuboid,0.6,3,0.6,-321.5,104.5,-580,0,0,-0.9238795,0.3826834;
racing,killcuboid,3,0.6,0.6,-338.5,104.5,-580,0,0,-0.9238795,0.3826834;

racing,killcuboid,0.6,-3,0.6,-321.5,24.5,-580,0,0,-0.9238795,-0.3826834;
racing,killcuboid,3,-0.6,0.6,-338.5,24.5,-580,0,0,-0.9238795,-0.3826834;


custom,cuboid,default,15,1,12.8,1,0.3,0.4,0.8636364,1.0,1.0,-330,10,-350,0,0,0,0;
custom,cuboid,default,1,15,13,1,1,1,0.8636364,1.0,1.0,-410,10,-350,0,0,0,0;
custom,cuboid,default,1,15,13,1,1,1,0.8636364,1.0,1.0,-250,10,-350,0,0,0,0;
custom,cuboid,default,15,13,1,1,1,1,0.8636364,1.0,1.0,-330,20,-290,0,0,0,0;
custom,cuboid,brick2,15,1,12.8,1,0.3,0.4,0.8636364,1.0,1.0,-330,90,-350,0,0,0,0;
racing,killcuboid,17.3,5.3,12.9,-330,110,-350,0,0,0,0;
racing,startcuboid,15,13,1,-330,20,-420,0,0,0,0;
misc,barrier,87,1,50,-330,125,-350,0,0,0,0;

misc,barrier,15,1,20,-330,125,-30,0,0,0,0;


spawnpoint,playerC,-350,15,-350,0,1,0,0;
spawnpoint,playerM,-310,15,-350,0,1,0,0;

custom,cylinder,brick2,3,6.4,3,0,0.1477273,0.1704545,0.1590909,0.3,1,-72,55,-350,0,0.7071068,0,-0.7071068;



custom,cylinder,brick2,3,6.4,3,0,0.1477273,0.1704545,0.1590909,0.3,1,-32,55,-475,0.7071068,0,0.7071068,0;

custom,cylinder,brick2,3,6.4,3,0,0.1477273,0.1704545,0.1590909,0.3,1,-32,55,-225,0.7071068,0,0.7071068,0;

racing,killcuboid,1.5,13,23,-20,55,-350,0,0.7071068,0,-0.7071068;

racing,killcuboid,1.5,13,23,-144,55,-435,0,0.5735764,0,-0.819152;

racing,killcuboid,1.5,13,23,-144,55,-265,0,0.819152,0,-0.5735764;


custom,cylinder,brick2,3,6.4,3,0,0.1477273,0.1704545,0.1590909,0.3,1,-585,55,-350,0.7071068,0,0.7071068,0;




custom,cylinder,brick2,3,6.4,3,0,0.1477273,0.1704545,0.1590909,0.3,1,-625,55,-475,0.7071068,0,0.7071068,0;

custom,cylinder,brick2,3,6.4,3,0,0.1477273,0.1704545,0.1590909,0.3,1,-625,55,-225,0.7071068,0,0.7071068,0;

racing,killcuboid,1.5,-13,23,-640,55,-350,0.7071068,0,0.7071068,0;

racing,killcuboid,1.5,-13,23,-516,55,-435,0.5735764,0,0.819152,0;

racing,killcuboid,1.5,-13,23,-516,55,-265,0.819152,0,0.5735764,0;


custom,cuboid,brick2,13,2,25,0,0.1477273,0.1704545,0.1590909,1.3,2.5,-265,55,-35,0,0,-0.7071068,0.7071068;


custom,cuboid,brick2,13,2,25,0,0.1477273,0.1704545,0.1590909,1.3,2.5,-395,55,-35,0,0,-0.7071068,0.7071068;


custom,cuboid,brick2,30,2,90,0,0,0,0,3.0,9.0,195,140,80,-0.5,0.5,-0.5,0.5;


custom,cuboid,brick2,30,2,45,0,0.1477273,0.1704545,0.1590909,3,4.5,-630,140,80,-0.5,0.5,-0.5,0.5;

custom,cuboid,brick2,30,2,50,0,0.1477273,0.1704545,0.1590909,3,5,-865,140,330,0,0,-0.7071068,0.7071068;


custom,cuboid,brick2,30,2,155,0,0.1477273,0.1704545,0.1590909,3,15.5,-130,140,590,-0.5,0.5,-0.5,0.5;

custom,cuboid,brick2,20,2,50,0,0.1477273,0.1704545,0.1590909,2,5,635,100,330,0,0,-0.7071068,0.7071068;



custom,cuboid,rock2,2,140,30,1,0.1477273,0.1704545,0.1590909,3,14,-55,100,330,0,0,-0.7071068,0.7071068;
racing,killcuboid,1.3,140,30.3,-55,95,330,0,0,-0.7071068,0.7071068;

custom,cuboid,stone3,2,11,30,0,0.1477273,0.1704545,0.1590909,2,1,-810,100,230,0,0,-0.7071068,0.7071068;

custom,cuboid,stone3,2,11,10,0,0.1477273,0.1704545,0.1590909,1,1,-810,85,430,0,0,-0.7071068,0.7071068;

custom,cuboid,stone3,2,11,10,0,0.1477273,0.1704545,0.1590909,1,1,-810,70,530,0,0,-0.7071068,0.7071068;

custom,cuboid,stone3,2,11,10,0,0.1477273,0.1704545,0.1590909,1,1,-710,55,530,0,0,-0.7071068,0.7071068;

custom,cuboid,stone3,2,11,10,0,0.1477273,0.1704545,0.1590909,1,1,-610,40,530,0,0,-0.7071068,0.7071068;

custom,cuboid,stone3,2,11,10,0,0.1477273,0.1704545,0.1590909,1,1,-510,25,530,0,0,-0.7071068,0.7071068;

custom,cuboid,stone3,2,11,10,0,0.1477273,0.1704545,0.1590909,1,1,-410,10,530,0,0,-0.7071068,0.7071068;

racing,killcuboid,12,50,30,-505,30,330,0,0,-0.7071068,0.7071068;


racing,killcuboid,15,17,2,-330,205,80,0,0,0,0;

racing,killcuboid,2.5,2.5,0.6,-330,215,80,0,0,-0.3826834,0.9238795;
racing,killcuboid,5,5,0.6,-330,215,80,0,0,-0.3826834,0.9238795;

racing,killcuboid,0.6,3,0.6,-370,223,80,0,0,-0.3826834,0.9238795;
racing,killcuboid,3,0.6,0.6,-370,206,80,0,0,-0.3826834,0.9238795;

racing,killcuboid,0.6,-3,0.6,-290,223,80,0,0,-0.9238795,0.3826834;
racing,killcuboid,3,-0.6,0.6,-290,206,80,0,0,-0.9238795,0.3826834;


racing,killcuboid,0.6,3,0.6,-321.5,254.5,80,0,0,-0.9238795,0.3826834;
racing,killcuboid,3,0.6,0.6,-338.5,254.5,80,0,0,-0.9238795,0.3826834;

racing,killcuboid,0.6,-3,0.6,-321.5,174.5,80,0,0,-0.9238795,-0.3826834;
racing,killcuboid,3,-0.6,0.6,-338.5,174.5,80,0,0,-0.9238795,-0.3826834;


racing,killcuboid,9,13,2,-395,55,135,-0.270598,0,-0.270598,0;

racing,killcuboid,2.5,2.5,0.6,-395,60,135,-0.270598,0.6532815,-0.270598,0.6532815;
racing,killcuboid,5,5,0.6,-395,60,135,-0.270598,0.6532815,-0.270598,0.6532815;







racing,killcuboid,2.3,3.6,10.3,-810,100,330,0,0,-0.7071068,0.7071068;

racing,killcuboid,2.3,3.6,11.3,-810,100,330,-0.5,0.5,-0.5,0.5;

racing,killcuboid,2.3,3.6,10.3,-810,85,430,0,0,-0.7071068,0.7071068;

racing,killcuboid,2.3,3.6,3.3,-810,70,497,0,0,-0.7071068,0.7071068;

racing,killcuboid,2.3,7.4,3.3,-791,70,530,0,0,-0.7071068,0.7071068;

racing,killcuboid,2.3,11.3,3.3,-710,55,530,0,0,-0.7071068,0.7071068;

racing,killcuboid,2.3,11.3,3.3,-610,40,530,0,0,-0.7071068,0.7071068;

racing,killcuboid,2.3,11.3,3.3,-510,25,530,0,0,-0.7071068,0.7071068;

racing,killcuboid,2.3,11.3,3.3,-410,10,530,0,0,-0.7071068,0.7071068;



racing,killcuboid,10,1.2,18,35,55,96,-0.5,0.5,-0.5,0.5;

racing,killcuboid,10,2.2,18,215,55,100,-0.5,0.5,-0.5,0.5;

racing,killcuboid,10,3.2,18,395,55,104,-0.5,0.5,-0.5,0.5;

racing,killcuboid,10,6,15,560,55,150,-0.5,0.5,-0.5,0.5;


racing,killcuboid,-10,1.2,-18,395,55,574,-0.5,0.5,-0.5,0.5;

racing,killcuboid,-10,2.2,-18,215,55,570,-0.5,0.5,-0.5,0.5;



racing,killcuboid,-10,4.2,68,-215,55,566,-0.5,0.5,-0.5,0.5;

racing,killcuboid,-10,4.2,68,-215,55,495,-0.5,0.5,-0.5,0.5;

racing,killcuboid,10,2,68,85,40,190,-0.5,0.5,-0.5,0.5;


racing,killcuboid,14,1.5,6,367,32,150,0,0,0.258819,0.9659258;

racing,killcuboid,14,1.5,6,367,32,250,0,0,0.258819,0.9659258;

racing,killcuboid,10,2,8,550,40,210,-0.5,0.5,-0.5,0.5;

racing,killcuboid,7,2,22,533,38.5,190,-0.5,0.5,-0.5,0.5;

racing,killcuboid,7,8,8,463,38.5,160,-0.5,0.5,-0.5,0.5;


racing,killcuboid,7,6,20,525,38.5,250,-0.5,0.5,-0.5,0.5;

racing,killcuboid,10,2,20,405,40,210,-0.5,0.5,-0.5,0.5;

racing,killcuboid,10,2,85,200,40,290,-0.5,0.5,-0.5,0.5;


custom,cuboid,metal3,1,9,1,0,0.1477273,0.1704545,0.1590909,0.1,0.9,270,50,294.5,0,0,0,0;
custom,cuboid,metal3,1,9,1,0,0.1477273,0.1704545,0.1590909,0.1,0.9,190,50,294.5,0,0,0,0;
custom,cuboid,metal3,1,9,1,0,0.1477273,0.1704545,0.1590909,0.1,0.9,110,50,294.5,0,0,0,0;
custom,cuboid,metal3,1,9,1,0,0.1477273,0.1704545,0.1590909,0.1,0.9,30,50,294.5,0,0,0,0;
custom,cuboid,metal3,1,9,1,0,0.1477273,0.1704545,0.1590909,0.1,0.9,-50,50,294.5,0,0,0,0;


racing,killcuboid,10,2,68,85,40,470,-0.5,0.5,-0.5,0.5;


racing,killcuboid,35,1.5,10,130,35,240,0,0,0,0;

racing,killcuboid,35,1.5,10,100,65,240,0,0,0,0;

racing,killcuboid,1.5,5.5,10,297,69,240,0,0,0,0;

racing,killcuboid,1.5,5.5,10,-67,32,240,0,0,0,0;


racing,killcuboid,1.5,7.5,10,-180,60,240,0,0,0,0;


custom,cuboid,stone3,3,2,2,0,0.1477273,0.1704545,0.1590909,0.3,0.2,-240,15,290,0,0,0,0;


racing,checkpointcuboid,3,7,2,-240,60,290,0,0,0,0;


racing,killcuboid,1.5,10,10,-50,45,350,-0.7071068,0,0,0.7071068;

racing,killcuboid,1.5,10,10,30,45,410,-0.7071068,0,0,0.7071068;

racing,killcuboid,1.5,10,10,110,45,350,-0.7071068,0,0,0.7071068;

racing,killcuboid,1.5,10,10,190,45,410,-0.7071068,0,0,0.7071068;

racing,killcuboid,1.5,10,10,270,45,350,-0.7071068,0,0,0.7071068;

racing,killcuboid,1.5,10,10,350,45,410,-0.7071068,0,0,0.7071068;


racing,killcuboid,1.5,6,6,-50,47,355,-0.9238795,0,0,0.3826834;

racing,killcuboid,1.5,6,6,30,47,404,-0.9238795,0,0,0.3826834;

racing,killcuboid,1.5,6,6,110,47,355,-0.9238795,0,0,0.3826834;

racing,killcuboid,1.5,6,6,190,47,404,-0.9238795,0,0,0.3826834;

racing,killcuboid,1.5,6,6,270,47,355,-0.9238795,0,0,0.3826834;

racing,killcuboid,1.5,6,6,350,47,404,-0.9238795,0,0,0.3826834;



custom,cuboid,metal3,1,9,1,0,0.1477273,0.1704545,0.1590909,0.1,0.9,350,50,468,0,0,0,0;
custom,cuboid,metal3,1,9,1,0,0.1477273,0.1704545,0.1590909,0.1,0.9,270,50,468,0,0,0,0;
custom,cuboid,metal3,1,9,1,0,0.1477273,0.1704545,0.1590909,0.1,0.9,190,50,468,0,0,0,0;
custom,cuboid,metal3,1,9,1,0,0.1477273,0.1704545,0.1590909,0.1,0.9,110,50,468,0,0,0,0;
custom,cuboid,metal3,1,9,1,0,0.1477273,0.1704545,0.1590909,0.1,0.9,30,50,468,0,0,0,0;
custom,cuboid,metal3,1,9,1,0,0.1477273,0.1704545,0.1590909,0.1,0.9,-50,50,468,0,0,0,0;

custom,cylinder,metal3,3,4.5,3,0,0.1477273,0.1704545,0.1590909,0.3,0.45,415,45,470,0,0,0,0;


racing,killcuboid,1.5,17,2,415,15,385,-0.7071068,0,0,0.7071068;

racing,killcuboid,1.5,17,3.5,430,20,385,-0.7071068,0,0,0.7071068;

racing,killcuboid,1.5,17,5,445,25,385,-0.7071068,0,0,0.7071068;

racing,killcuboid,17.5,17,6,540,35,385,-0.7071068,0,0,0.7071068;

racing,killcuboid,6,1.3,20,530,35,470,-0.5,0.5,-0.5,0.5;

racing,killcuboid,2.5,1.3,10,480,77,470,-0.5,0.5,-0.5,0.5;





racing,killprism,10,85,10,-113,130,515,-0.1830127,-0.1830127,-0.6830127,0.6830127;

racing,killprism,10,85,10,-113,130,124,-0.1830127,-0.1830127,-0.6830127,0.6830127;


racing,killprism,10,-85,10,-113,250,515,-0.1830127,0.1830127,-0.6830127,-0.6830127;

racing,killprism,10,-85,10,-113,250,124,-0.1830127,0.1830127,-0.6830127,-0.6830127;


custom,cylinder,stone3,2.2,5.5,2.2,0,0.1477273,0.1704545,0.1590909,0.22,0.55,-765,172.5,330,-0.5,0.5,-0.5,0.5;

custom,cuboid,stone3,2,11,10,0,0.1477273,0.1704545,0.1590909,1,1.1,-810,165,430,0,0,-0.7071068,0.7071068;

custom,cuboid,stone3,2,11,10,0,0.1477273,0.1704545,0.1590909,1,1.1,-810,150,530,0,0,-0.7071068,0.7071068;

custom,cuboid,stone3,2,11,10,0,0.1477273,0.1704545,0.1590909,1,1.1,-710,135,530,0,0,-0.7071068,0.7071068;

custom,cuboid,stone3,2,11,10,0,0.1477273,0.1704545,0.1590909,1,1.1,-610,120,530,0,0,-0.7071068,0.7071068;

custom,cuboid,stone3,2,11,30,0,0.1477273,0.1704545,0.1590909,3,1.1,-810,180,230,0,0,-0.7071068,0.7071068;

custom,cuboid,stone3,2,6,19,0,0.1477273,0.1704545,0.1590909,1.9,0.6,-765,140,185,0,0,0,0;

custom,cuboid,stone3,2,6,10,0,0.1477273,0.1704545,0.1590909,1,0.6,-765,125,430,0,0,0,0;

custom,cuboid,stone3,2,2,9,0,0.1477273,0.1704545,0.1590909,0.9,0.2,-710,115,490,0,0.7071068,0,0.7071068;

racing,checkpointcuboid,2,2,2,-815,140,95,0,0,0,0;
custom,checkpointcuboid,default,2,2,2,0,1,1,1,1,1,-815,140,95,0,0,-0.3826834,0.9238795;

custom,cuboid,house9mat2,3,3,3,0,0.1477273,0.1704545,0.1590909,0.3,0.3,-815,120,95,0,0,0,0;

custom,cuboid,stone3,2,11,10,0,0.1477273,0.1704545,0.1590909,1,1.1,-710,135,130,0,0,-0.7071068,0.7071068;

custom,cuboid,stone3,2,11,10,0,0.1477273,0.1704545,0.1590909,1,1.1,-610,120,130,0,0,-0.7071068,0.7071068;

custom,cuboid,stone3,2,2,9,0,0.1477273,0.1704545,0.1590909,0.2,0.9,-710,115,170,0,0.7071068,0,0.7071068;






racing,killCuboid,-6,-1.3,-1.3,-332.25,155,-141.75,-0.5,-0.5,0.5,0.5;
racing,killCuboid,-6,-1.3,-1.3,-332.25,155,-141.75,-0.5,-0.5,0.5,0.5;

racing,killCuboid,-6,-1.3,-1.3,-289.25,155,-141.75,-0.5,-0.5,0.5,0.5;
racing,killCuboid,-6,-1.3,-1.3,-289.25,155,-141.75,-0.5,-0.5,0.5,0.5;

racing,killCuboid,-5,-1.3,-1.3,-270.75,131.5,-141.75,-0.7071068,0,0,0.7071068;
racing,killCuboid,-5,-1.3,-1.3,-270.75,131.5,-141.75,-0.7071068,0,0,0.7071068;

racing,killCuboid,-6,-1.3,-1.3,-390.75,131.5,-141.75,-0.7071068,0,0,0.7071068;
racing,killCuboid,-6,-1.3,-1.3,-390.75,131.5,-141.75,-0.7071068,0,0,0.7071068;

racing,killCuboid,-6,-1.3,-1.3,-390.75,177.5,-141.75,-0.7071068,0,0,0.7071068;
racing,killCuboid,-6,-1.3,-1.3,-390.75,177.5,-141.75,-0.7071068,0,0,0.7071068;


racing,killCuboid,-7,-1.3,-1.3,-391.25,155,-141.75,-0.6532815,-0.2705981,0.2705981,0.6532815;
racing,killCuboid,-7,-1.3,-1.3,-391.25,155,-141.75,-0.6532815,-0.2705981,0.2705981,0.6532815;







racing,killcuboid,1.5,18,115,-180,195,472,0,0.7071068,0,0.7071068;

racing,killcuboid,1.5,18,115,-180,195,188,0,0.7071068,0,0.7071068;

racing,killcuboid,34.9,-18,10,470,195,130,0,0,0,0;

racing,killcuboid,34.9,-18,10,470,195,530,0,0.,0,0;


custom,cuboid,stone3,10.1,2.1,29.9,0,0.1477273,0.1704545,0.1590909,1,2.9,-765,220,330,0,0,-0.7071068,0.7071068;

racing,killcuboid,1.5,28,115,-180,278,330,-0.5,0.5,-0.5,0.5;



custom,cylinder,metal3,2,8,2,0,0.1477273,0.1704545,0.1590909,0.2,0.8,-445,190,330,0,0,0,0;

custom,cylinder,metal3,2,8,2,0,0.1477273,0.1704545,0.1590909,0.2,0.8,-245,190,330,0,0,0,0;

custom,cuboid,stone3,4,1,4,0,0.1477273,0.1704545,0.1590909,0.4,0.4,-245,180,330,0,0,0,0;

custom,cylinder,metal3,2,8,2,0,0.1477273,0.1704545,0.1590909,0.2,0.8,-145,190,330,0,0,0,0;

custom,cylinder,metal3,2,8,2,0,0.1477273,0.1704545,0.1590909,0.2,0.88,55,190,330,0,0,0,0;

custom,cylinder,metal3,2,8,2,0,0.1477273,0.1704545,0.1590909,0.2,0.8,255,190,330,0,0,0,0;



racing,killcuboid,6,2.1,15,-545,244,405,0,0,-0.7071068,0.7071068;

racing,killcuboid,6,2.1,15,-545,244,255,0,0,-0.7071068,0.7071068;

racing,killcuboid,6,2.1,15,-545,140,405,0,0,-0.7071068,0.7071068;

racing,killcuboid,6,2.1,15,-545,140,255,0,0,-0.7071068,0.7071068;

racing,killcuboid,5,2.1,6,-545,192,450,0,0,-0.7071068,0.7071068;

racing,killcuboid,5,2.1,6,-545,192,210,0,0,-0.7071068,0.7071068;

racing,killcuboid,5,2.1,6,-545,192,360,0,0,-0.7071068,0.7071068;

racing,killcuboid,5,2.1,6,-545,192,300,0,0,-0.7071068,0.7071068;




racing,killcuboid,7,2.1,15,-445,240,405,0,0,-0.7071068,0.7071068;

racing,killcuboid,7,2.1,15,-445,240,255,0,0,-0.7071068,0.7071068;

racing,killcuboid,7,2.1,15,-445,144,405,0,0,-0.7071068,0.7071068;

racing,killcuboid,7,2.1,15,-445,144,255,0,0,-0.7071068,0.7071068;

racing,killcuboid,3,2.1,6,-445,192,450,0,0,-0.7071068,0.7071068;

racing,killcuboid,3,2.1,6,-445,192,210,0,0,-0.7071068,0.7071068;

racing,killcuboid,3,2.1,6,-445,192,360,0,0,-0.7071068,0.7071068;

racing,killcuboid,3,2.1,6,-445,192,300,0,0,-0.7071068,0.7071068;





racing,killcuboid,8,2.1,15,-345,236,405,0,0,-0.7071068,0.7071068;

racing,killcuboid,8,2.1,15,-345,236,255,0,0,-0.7071068,0.7071068;

racing,killcuboid,8,2.1,15,-345,148,405,0,0,-0.7071068,0.7071068;

racing,killcuboid,8,2.1,15,-345,148,255,0,0,-0.7071068,0.7071068;


racing,killcuboid,1,2.1,6,-345,192,450,0,0,-0.7071068,0.7071068;

racing,killcuboid,1,2.1,6,-345,192,210,0,0,-0.7071068,0.7071068;

racing,killcuboid,1,2.1,6,-345,192,360,0,0,-0.7071068,0.7071068;

racing,killcuboid,1,2.1,6,-345,192,300,0,0,-0.7071068,0.7071068;




racing,killcuboid,7,12.1,15.1,-145,240,405,0,0,-0.7071068,0.7071068;

racing,killcuboid,7,12.1,15.1,-145,240,255,0,0,-0.7071068,0.7071068;

racing,killcuboid,7,12.1,15.1,-145,144,405,0,0,-0.7071068,0.7071068;

racing,killcuboid,7,12.1,15.1,-145,144,255,0,0,-0.7071068,0.7071068;



racing,killcuboid,8,12.1,15.1,55,236,405,0,0,-0.7071068,0.7071068;

racing,killcuboid,8,12.1,15.1,55,236,255,0,0,-0.7071068,0.7071068;

racing,killcuboid,8,12.1,15.1,55,148,405,0,0,-0.7071068,0.7071068;

racing,killcuboid,8,12.1,15.1,55,148,255,0,0,-0.7071068,0.7071068;



racing,killcuboid,14,12.1,15.1,255,170,405,0,0,-0.7071068,0.7071068;

racing,killcuboid,14,12.1,15.1,255,170,255,0,0,-0.7071068,0.7071068;


racing,killcuboid,2.5,12.1,15,255,250,330,0,0,-0.7071068,0.7071068;



custom,endPrism,default,1.4,0.12,3.8,1,1,1,0,1,1,205,180,330,0.2705981,0.2705981,-0.6532815,0.6532815;
custom,endPrism,default,1.4,0.12,3.8,1,1,1,0,1,1,205,180,330,0.6532815,0.6532815,-0.2705981,0.2705981;


misc,barrier,150,1,50,-110,290,330,0,0,0,0;




custom,endPrism,default,3.4,0.12,4.8,1,1,1,0,1,1,-330,50,190,-0.5,-0.5,0.5,0.5;
custom,endPrism,default,2,0.12,2.8,1,1,1,0,1,1,500,85,150,-0.7071068,0.7071068,0,0;


custom,endPrism,default,2.8,0.12,2.8,1,1,1,0,1,1,-180,70,240,-0.5,0.5,0.5,0.5;
custom,endPrism,default,2.8,0.12,2.8,1,1,1,0,1,1,300,70,240,-0.5,0.5,0.5,0.5;



custom,endPrism,default,2.4,0.12,3,1,1,1,0,1,1,-555,238,405,-0.5,-0.5,-0.5,0.5;
custom,endPrism,default,2.4,0.12,3,1,1,1,0,1,1,-555,238,255,-0.5,-0.5,-0.5,0.5;


custom,endPrism,default,-2.4,-0.12,-3,1,1,1,0,1,1,-555,148,255,-0.5,-0.5,-0.5,0.5;
custom,endPrism,default,-2.4,-0.12,-3,1,1,1,0,1,1,-555,148,405,-0.5,-0.5,-0.5,0.5;


custom,cuboid,stone3,10,4,29.9,0,0.1477273,0.1704545,0.1590909,1,2.9,605,150,330,0,0,-0.7071068,0.7071068;
custom,cuboid,stone3,8,4,29.9,0,0.1477273,0.1704545,0.1590909,0.8,2.9,565,140,330,0,0,-0.7071068,0.7071068;
custom,cuboid,stone3,6,4,29.9,0,0.1477273,0.1704545,0.1590909,0.6,2.9,525,130,330,0,0,-0.7071068,0.7071068;
custom,cuboid,stone3,4,4,29.9,0,0.1477273,0.1704545,0.1590909,0.4,2.9,485,120,330,0,0,-0.7071068,0.7071068;
custom,cuboid,stone3,2,4,29.9,0,0.1477273,0.1704545,0.1590909,0.2,2.9,445,110,330,0,0,-0.7071068,0.7071068;


custom,cuboid,stone3,10.02,3.98,29.8,0,0.1477273,0.1704545,0.1590909,2.98,0.398,605,150,330,0,0,-0.7071068,0.7071068;
custom,cuboid,stone3,8.02,3.98,29.8,0,0.1477273,0.1704545,0.1590909,2.98,0.398,565,140,330,0,0,-0.7071068,0.7071068;
custom,cuboid,stone3,6.02,3.98,29.8,0,0.1477273,0.1704545,0.1590909,2.98,0.398,525,130,330,0,0,-0.7071068,0.7071068;
custom,cuboid,stone3,4.02,3.98,29.8,0,0.1477273,0.1704545,0.1590909,2.98,0.398,485,120,330,0,0,-0.7071068,0.7071068;
custom,cuboid,stone3,2.02,3.98,29.8,0,0.1477273,0.1704545,0.1590909,2.98,0.398,445,110,330,0,0,-0.7071068,0.7071068;

custom,cylinder,stone3,2.5,4,2.5,0,0.1477273,0.1704545,0.1590909,0.25,0.4,605,240,210,0,0,0,0;
custom,cylinder,stone3,2.5,4,2.5,0,0.1477273,0.1704545,0.1590909,0.25,0.4,605,240,450,0,0,0,0;

custom,cylinder,stone3,2.5,6,2.5,0,0.1477273,0.1704545,0.1590909,0.25,0.6,525,220,210,0,0,0,0;
custom,cylinder,stone3,2.5,6,2.5,0,0.1477273,0.1704545,0.1590909,0.25,0.6,525,220,450,0,0,0,0;

custom,cylinder,stone3,2.5,8,2.5,0,0.1477273,0.1704545,0.1590909,0.25,0.8,445,200,210,0,0,0,0;
custom,cylinder,stone3,2.5,8,2.5,0,0.1477273,0.1704545,0.1590909,0.25,0.8,445,200,450,0,0,0,0;

custom,cylinder,stone3,2,12,2,0,0.1477273,0.1704545,0.1590909,0.2,1.2,445,270,330,-0.5,0.5,-0.5,0.5;
custom,cylinder,stone3,2,12,2,0,0.1477273,0.1704545,0.1590909,0.2,1.2,525,270,330,-0.5,0.5,-0.5,0.5;
custom,cylinder,stone3,2,12,2,0,0.1477273,0.1704545,0.1590909,0.2,1.2,605,270,330,-0.5,0.5,-0.5,0.5;


custom,cuboid,brick2,1.5,25,15,0,0.1477273,0.1704545,0.1590909,1.5,2.5,645,74.98,330,0,0,0,0;
custom,cuboid,brick2,1.5,30,15,0,0.1477273,0.1704545,0.1590909,1.5,3,795,145,330,0,0,0,0;

custom,cuboid,brick2,15,30,1.5,0,0.1477273,0.1704545,0.1590909,1.5,3,720,145,400,0,0,0,0;
custom,cuboid,brick2,15,21.4,1.5,0,0.1477273,0.1704545,0.1590909,1.5,2.14,720,195,260,0,0,0,0;

custom,cuboid,brick2,1.5,10,15,0,0.1477273,0.1704545,0.1590909,1.5,1,645,250,450,0,0,0,0;
custom,cuboid,brick2,1.5,10,15,0,0.1477273,0.1704545,0.1590909,1.5,1,645,250,210,0,0,0,0;

custom,cuboid,brick2,15,1.5,33,0,0.1477273,0.1704545,0.1590909,1.5,3.3,720,95,102,0,0,0,0;

racing,killCuboid,1.5,10,33,795,50,90,0,0,0,0;

racing,killCuboid,1.5,10,33,645,50,90,0,0,0,0;

custom,cuboid,metal3,1,9,1,0,0.1477273,0.1704545,0.1590909,0.1,0.9,720,50,200,0,0,0,0;
racing,killCuboid,9,9,0.8,677.5,50,200,0,0,0,0;
racing,killCuboid,8,3.5,0.8,755.5,70,200,0,0,0,0;
racing,killCuboid,8,3.5,0.8,755.5,20,200,0,0,0,0;

racing,killCuboid,3.5,0.5,0.8,740,40,200,0,0,0,0;
racing,killCuboid,3.5,0.5,0.8,740,50,200,0,0,0,0;

custom,killcuboid,cannonregionmat,3.5,0.5,0.8,1,0.1,0.1,0.1,1,1,740,40,200,0,0,0,0;
custom,killcuboid,cannonregionmat,3.5,0.5,0.8,1,0.1,0.1,0.1,1,1,740,50,200,0,0,0,0;
custom,killcuboid,cannonregionmat,3.5,0.5,0.8,1,0.1,0.1,0.1,1,1,700,40,125,0,0,0,0;
custom,killcuboid,cannonregionmat,3.5,0.5,0.8,1,0.1,0.1,0.1,1,1,700,50,125,0,0,0,0;
custom,killcuboid,cannonregionmat,3.5,0.5,0.8,1,0.1,0.1,0.1,1,1,740,40,50,0,0,0,0;
custom,killcuboid,cannonregionmat,3.5,0.5,0.8,1,0.1,0.1,0.1,1,1,740,50,50,0,0,0,0;
custom,killcuboid,cannonregionmat,3.5,0.5,0.8,1,0.1,0.1,0.1,1,1,700,40,-25,0,0,0,0;
custom,killcuboid,cannonregionmat,3.5,0.5,0.8,1,0.1,0.1,0.1,1,1,700,50,-25,0,0,0,0;


racing,killCuboid,3.85,1.5,0.8,776.5,45,200,0,0,0,0;

custom,cuboid,metal3,1,9,1,0,0.1477273,0.1704545,0.1590909,0.1,0.9,720,50,125,0,1,0,0;
racing,killCuboid,9,9,0.8,762.5,50,125,0,1,0,0;
racing,killCuboid,8,3.5,0.8,684.5,70,125,0,1,0,0;
racing,killCuboid,8,3.5,0.8,684.5,20,125,0,1,0,0;



racing,killCuboid,3.5,0.5,0.8,700,40,125,0,1,0,0;
racing,killCuboid,3.5,0.5,0.8,700,50,125,0,1,0,0;
racing,killCuboid,3.85,1.5,0.8,663.5,45,125,0,1,0,0;

custom,cuboid,metal3,1,9,1,0,0.1477273,0.1704545,0.1590909,0.1,0.9,720,50,50,0,0,0,0;
racing,killCuboid,9,9,0.8,677.5,50,50,0,0,0,0;
racing,killCuboid,8,3.5,0.8,755.5,70,50,0,0,0,0;
racing,killCuboid,8,3.5,0.8,755.5,20,50,0,0,0,0;

racing,killCuboid,3.5,0.5,0.8,740,40,50,0,0,0,0;
racing,killCuboid,3.5,0.5,0.8,740,50,50,0,0,0,0;
racing,killCuboid,3.85,1.5,0.8,776.5,45,50,0,0,0,0;

custom,cuboid,metal3,1,9,1,0,0.1477273,0.1704545,0.1590909,0.1,0.9,720,50,-25,0,1,0,0;
racing,killCuboid,9,9,0.8,762.5,50,-25,0,1,0,0;
racing,killCuboid,8,3.5,0.8,684.5,70,-25,0,1,0,0;
racing,killCuboid,8,3.5,0.8,684.5,20,-25,0,1,0,0;

racing,killCuboid,3.5,0.5,0.8,700,40,-25,0,1,0,0;
racing,killCuboid,3.5,0.5,0.8,700,50,-25,0,1,0,0;
racing,killCuboid,3.85,1.5,0.8,663.5,45,-25,0,1,0,0;

custom,cuboid,brick2,1.5,10,50,0,0.1477273,0.1704545,0.1590909,5,1,795,50,-325,0,0,0,0;
custom,cuboid,brick2,50,10,1.5,0,0.1477273,0.1704545,0.1590909,5,1,395,50,-75,0,0,0,0;
custom,cylinder,brick2,1.5,5,1.5,0,0.1477273,0.1704545,0.1590909,0.15,0.5,645,50,-75,0,0,0,0;
custom,cylinder,brick2,1.5,5,1.5,0,0.1477273,0.1704545,0.1590909,0.15,0.5,795,50,-75,0,0,0,0;

custom,cuboid,brick2,1.5,10,50,0,0.1477273,0.1704545,0.1590909,5,1,145,50,-325,0,0,0,0;

custom,cuboid,brick2,65,10,1.5,0,0.1477273,0.1704545,0.1590909,6.5,1,465,50,-575,0,0,0,0;

racing,killCuboid,65,1,55,475,105,-330,0,1,0,0;

racing,killCuboid,4,10,0.8,766.5,50,-75,0,1,0,0;
racing,killCuboid,4,10,0.8,667.5,50,-75,0,1,0,0;

custom,cuboid,house9mat2,15,1,15,0,0.1477273,0.1704545,0.1590909,1.5,1.5,720,10,330,0,0,0,0;
racing,checkpointcuboid,15,8,1,720,50,265,0,0,0,0;



racing,killcuboid,16,1,15,720,290,330,0,0,0,0;



racing,killCuboid,0.975,10,45,742,50,-296,0,0,0,0;
racing,killCuboid,0.975,10,35,692,50,-246,0,0,0,0;

racing,killCuboid,45,10,0.975,572,50,-526,0,0,0,0;
racing,killCuboid,35,10,0.975,522,50,-426,0,0,0,0;

racing,killCylinder,1,2,1,717,20,-126,0,0,-0.7071068,0.7071068;
racing,killCylinder,1,2,1,717,35,-156,0,0,-0.7071068,0.7071068;
racing,killCylinder,1,2,1,717,55,-186,0,0,-0.7071068,0.7071068;

racing,killCylinder,1,2,1,717,20,-306,0,0,-0.7071068,0.7071068;
racing,killCylinder,1,2,1,717,35,-276,0,0,-0.7071068,0.7071068;
racing,killCylinder,1,2,1,717,55,-246,0,0,-0.7071068,0.7071068;

racing,killCylinder,1,2,1,717,75,-216,0,0,-0.7071068,0.7071068;

racing,killCuboid,4,2,1,717,10,-126,0,0,0,0;
racing,killCuboid,4,3,1,717,20,-156,0,0,0,0;
racing,killCuboid,4,5,1,717,30,-186,0,0,0,0;

racing,killCuboid,4,7,1,717,40,-216,0,0,0,0;

racing,killCuboid,4,2,1,717,10,-306,0,0,0,0;
racing,killCuboid,4,3,1,717,20,-276,0,0,0,0;
racing,killCuboid,4,5,1,717,30,-246,0,0,0,0;


racing,killCuboid,20,8,9,522,60,-476,0,0,0,0;

racing,killCuboid,15,2,2,547,10,-441,0,0,0,0;
racing,killCuboid,15,2,2,547,10,-511,0,0,0,0;

racing,killCuboid,5,2,3,447,10,-446,0,0,0,0;
racing,killCuboid,5,2,3,447,10,-506,0,0,0,0;

racing,killCuboid,10,10,0.975,297,50,-526,0,0,0,0;

racing,killCuboid,0.975,10,20,243,50,-423.5,0,0,0,0;
racing,killCuboid,0.975,10,10,352,50,-373.5,0,0,0,0;


racing,killCuboid,10,1,0.5,297,50,-326,0,0,0,0;
racing,killCuboid,10,1,0.5,297,50,-310,0,0,0,0;

racing,killCuboid,10,0.5,2.1,297,42.5,-318,0,0,0,0;
racing,killCuboid,10,0.5,2.1,297,57.5,-318,0,0,0,0;

racing,endCuboid,1,1,1.2,243,50,-318,0,0,0,0;

racing,killCuboid,10,1.98,2.1,297,10,-318,0,0,0,0;
racing,killCuboid,10,3,2.1,297,10,-297,0,0,0,0;
racing,killCuboid,10,4,2.1,297,10,-276,0,0,0,0;
racing,killCuboid,10,3,2.1,297,10,-339,0,0,0,0;
racing,killCuboid,10,4,2.1,297,10,-360,0,0,0,0;


racing,killCuboid,10,2,2.1,297,90,-318,0,0,0,0;
racing,killCuboid,10,3,2.1,297,90,-297,0,0,0,0;
racing,killCuboid,10,4,2.1,297,90,-276,0,0,0,0;
racing,killCuboid,10,3,2.1,297,90,-339,0,0,0,0;
racing,killCuboid,10,4,2.1,297,90,-360,0,0,0,0;


custom,killcuboid,cannonregionmat,10,2,2.1,1,0.1,0.1,0.1,0.1,0.1,297,10,-318,0,0,0,0;
custom,killcuboid,cannonregionmat,10,3,2.1,1,0.1,0.1,0.1,0.1,0.1,297,10,-297,0,0,0,0;
custom,killcuboid,cannonregionmat,10,4,2.1,1,0.1,0.1,0.1,0.1,0.1,297,10,-276,0,0,0,0;
custom,killcuboid,cannonregionmat,10,3,2.1,1,0.1,0.1,0.1,0.1,0.1,297,10,-339,0,0,0,0;
custom,killcuboid,cannonregionmat,10,4,2.1,1,0.1,0.1,0.1,0.1,0.1,297,10,-360,0,0,0,0;


custom,killcuboid,cannonregionmat,10,2,2.1,1,0.1,0.1,0.1,0.1,0.1,297,90,-318,0,0,0,0;
custom,killcuboid,cannonregionmat,10,3,2.1,1,0.1,0.1,0.1,0.1,0.1,297,90,-297,0,0,0,0;
custom,killcuboid,cannonregionmat,10,4,2.1,1,0.1,0.1,0.1,0.1,0.1,297,90,-276,0,0,0,0;
custom,killcuboid,cannonregionmat,10,3,2.1,1,0.1,0.1,0.1,0.1,0.1,297,90,-339,0,0,0,0;
custom,killcuboid,cannonregionmat,10,4,2.1,1,0.1,0.1,0.1,0.1,0.1,297,90,-360,0,0,0,0;



custom,cuboid,metal3,1,0.4,1.2,0,1,1,1,0.1,0.04,243,57,-318,0,0,0,0;

custom,cuboid,bombtex,1.02,0.42,1.22,1,1,1,1,99999999999,99999999999,243,57,-318,0,0,0,0;


racing,killCuboid,0.975,4,1.1,352,25,-318,0,0,0,0;
racing,killCuboid,0.975,5,1.1,352,80,-318,0,0,0,0;


racing,killCuboid,0.975,4,1.1,243,25,-318,0,0,0,0;
racing,killCuboid,0.975,5,1.1,243,80,-318,0,0,0,0;


racing,killCuboid,0.975,10,20,243,50,-212.5,0,0,0,0;
racing,killCuboid,0.975,10,10,352,50,-262.5,0,0,0,0;


racing,killCuboid,0.975,10,30,600,50,-272.5,0,0,0,0;

racing,killCuboid,35,10,0.975,421.5,50,-152.5,0,0,0,0;

racing,killCuboid,15,10,0.975,422,50,-207.65,0,0,0,0; 

racing,killCylinder,1.5,2.5,1.5,365,55,-180,-0.5,0.5,-0.5,0.5;
racing,killCylinder,1.5,2.5,1.5,405,50,-180,-0.5,0.5,-0.5,0.5;

racing,killCylinder,1.5,2.5,1.5,445,55,-180,-0.5,0.5,-0.5,0.5;
racing,killCylinder,1.5,2.5,1.5,485,50,-180,-0.5,0.5,-0.5,0.5;


racing,killCuboid,1.5,5,5,365,30,-180,0,0,0,0; 
racing,killCuboid,1.5,5,5,405,75,-180,0,0,0,0; 
racing,killCuboid,1.5,5,5,445,30,-180,0,0,0,0; 
racing,killCuboid,1.5,5,5,485,75,-180,0,0,0,0; 


racing,killCuboid,0.975,10,10,500,50,-373.5,0,0,0,0;

racing,killCuboid,0.975,8,1.1,500,40,-318,0,0,0,0;
racing,killCuboid,0.975,10,10,500,50,-262.5,0,0,0,0;

custom,endPrism,default,1,0.2,1,0,1,1,1,1,1,500,74,-318,0.5,-0.5,0.5,0.5;

custom,endPrism,default,1,0.2,1,0,1,1,1,1,1,500,86,-307,0,0,0.7071068,0.7071068;
custom,endPrism,default,1,0.2,1,0,1,1,1,1,1,500,86,-329,0.7071068,-0.7071068,0,0;


racing,killCuboid,0.975,10,10,465,50,-373.5,0,-0.3826834,0,0.9238795;
racing,killCuboid,0.975,10,10,465,50,-262.5,0,0.3826834,0,0.9238795;

racing,killCuboid,0.975,10,12,455,50,-373.5,0,-0.3826834,0,0.9238795;
racing,killCuboid,0.975,10,12,455,50,-262.5,0,0.3826834,0,0.9238795;

racing,killCuboid,0.975,10,14,445,50,-373.5,0,-0.3826834,0,0.9238795;
racing,killCuboid,0.975,10,14,445,50,-262.5,0,0.3826834,0,0.9238795;


custom,cylinder,metal3,2.5,5,2.5,0,1,1,1,0.25,0.5,395,50,-383.5,0,0,0,0;
custom,cylinder,metal3,2.5,5,2.5,0,1,1,1,0.25,0.5,395,50,-252.5,0,0,0,0;

custom,killcylinder,bombexplosiontex,2.65,5.1,2.65,1,0,1,1,0.4,1,395,50,-383.5,0,0,0,0;
custom,killcylinder,bombexplosiontex,2.65,5.1,2.65,1,0,1,1,0.4,1,395,50,-252.5,0,0,0,0;

custom,cuboid,house9mat2,2.5,1,2.5,0,1,1,1,0.25,0.25,550,10,-393.5,0,0,0,0;
racing,checkpointcuboid,2,1,2,550,15,-393.5,0,0,0,0;

custom,cylinder,metal1,2,1.4,2,0,0.6136364,1,0.9090909,1,1,183,30,-318,0,-1,0,0;
custom,cylinder,crystal2,2,1,2,0,0.6136364,1,0.9090909,1,1,183,25,-338,0,-1,0,0;
custom,cylinder,earth2,2,1,2,0,0.6136364,1,0.9090909,1,1,183,20,-298,0,-1,0,0;

racing,killcylinder,2.1,1.8,2.1,183,27,-318,0,-1,0,0;
racing,killcylinder,2.1,1.55,2.1,183,20,-338,0,-1,0,0;
racing,killcylinder,2.1,0.55,2.1,183,25,-298,0,-1,0,0;

custom,cuboid,house9mat2,2.5,1.5,7,0,0.6136364,1,0.9090909,0.7,0.15,183,12,-318,0,-1,0,0;
custom,cuboid,house9mat2,2.48,1.502,6.98,0,0.6136364,1,0.9090909,0.15,0.5,183,12,-318,0,-1,0,0;


custom,cylinder,ice1,1.8,0.1,1.8,0,0.6136364,1,0.9090909,1,1,183,45,-318,0,-1,0,0;
custom,cylinder,ice1,1.8,0.1,1.8,0,0.6136364,1,0.9090909,1,1,183,35,-338,0,-1,0,0;
custom,cylinder,ice1,1.8,0.1,1.8,0,0.6136364,1,0.9090909,1,1,183,30,-298,0,-1,0,0;

custom,cuboid,ice1,0.1,0.1,0.3,0,1,1,1,1,4,193,27,-338,0,0,0,1;
custom,cuboid,ice1,0.1,0.1,0.3,0,1,1,1,1,4,193,30,-338,0,0,0,1;
custom,cuboid,ice1,0.1,0.1,0.3,0,1,1,1,1,4,193,33,-338,0,0,0,1;
custom,cuboid,ice1,0.1,0.2,0.1,0,1,1,1,1,4,193,28.5,-339,0,0,0,1;
custom,cuboid,ice1,0.1,0.2,0.1,0,1,1,1,1,4,193,31.5,-337,0,0,0,1;
custom,cuboid,ice1,0.1,0.1,0.3,0,1,1,1,1,4,193,22,-298,0,0,0,1;
custom,cuboid,ice1,0.1,0.1,0.3,0,1,1,1,1,4,193,25,-298,0,0,0,1;
custom,cuboid,ice1,0.1,0.1,0.3,0,1,1,1,1,4,193,28,-298,0,0,0,1;
custom,cuboid,ice1,0.1,0.2,0.1,0,1,1,1,1,4,193,23.5,-297,0,0,0,1;
custom,cuboid,ice1,0.1,0.2,0.1,0,1,1,1,1,4,193,26.5,-297,0,0,0,1;
custom,cuboid,ice1,0.1,0.1,0.6,0,1,1,1,1,4,193,32,-318,0,0,0,1;
custom,cuboid,ice1,0.1,0.8,0.1,0,1,1,1,1,4,193,36,-318,0,0,0,1;
custom,cuboid,ice1,0.1,0.5,0.1,0,1,1,1,1,4,193,38.6,-319.6,0.3825151,0,0,0.9239492;
