map,disablebounds;

spawnpoint,playerC,-15,15,70,0,1,0,0;
spawnpoint,playerm,15,15,70,0,1,0,0;

custom,cuboid,wallmat,2.1,6,2.1,0,0,0,0,0.005,1,65,46,15,0,0,0,0;
custom,cuboid,wallmat,2.1,6,2.1,0,0,0,0,0.005,1,-65,46,15,0,0,0,0;

custom,cuboid,house9mat2,12,1,5,0,1,1,1,1.2,0.5,0,15,20,0,0,0,0;
custom,cuboid,house9mat2,12,1,2,0,1,1,1,1.2,0.2,0,25,15,0,0,0,0;

custom,cuboid,house9mat2,2,0.98,14,0,1,1,1,0.2,1.4,70,15,70,0,0,0,0;
custom,cuboid,house9mat2,2,0.98,14,0,1,1,1,0.2,1.4,-70,15,70,0,0,0,0;

custom,cuboid,wallmat,12.02,0.98,5.02,0,1,1,1,6,1,0,15,20,0,0,0,0;
custom,cuboid,wallmat,12.02,0.98,2.02,0,1,1,1,6,1,0,25,15,0,0,0,0;

custom,cuboid,wallmat,2.02,0.96,14.02,0,1,1,1,7,1,70,15,70,0,0,0,0;
custom,cuboid,wallmat,2.02,0.96,14.02,0,1,1,1,7,1,-70,15,70,0,0,0,0;


custom,cuboid,stone2,70,0.98,70,0,1,1,1,7,7,-250,75,480,0,0,0,0;
custom,cuboid,stone2,75,1,100,0,1,1,1,7.5,10,1875,75,975,0,0,0,0;

custom,cuboid,house9mat2,400,1,400,0,1,1,1,40.0,40.0,300,5,0,0,0,0,0;
custom,cuboid,wallmat,15,6,1.5,0,0,0,0,5.0,5.0,0,40,0,0,0,0,0;
custom,cuboid,wallmat,15,6,1.5,0,0,0,0,5.0,5.0,82.5,40,67.5,0,1,0,1;
custom,cuboid,wallmat,15,6,1.5,0,0,0,0,5.0,5.0,-82.5,40,67.5,0,1,0,1;

custom,cuboid,wallmat,1.6,6,1.5,0,0,0,0,5.0,5.0,0,40,135,0,1,0,1;
custom,cylinder,wallmat,1.6,3,1.5,0,0,0,0,5.0,5.0,8,40,135,0,1,0,1;
custom,cylinder,wallmat,1.6,3,1.5,0,0,0,0,5.0,5.0,-8,40,134.8,0,1,0,1;

custom,cuboid,house9mat2,1.96,0.2,1.96,0,0,0,0,0.19,0.02,0,10.9,205,0,0.9238795,0,0.3826834;
custom,cuboid,house9mat2,1.96,0.2,1.96,0,0,0,0,0.19,0.02,0,20.9,205,0,0.9238795,0,0.3826834;
custom,cuboid,house9mat2,1.96,0.2,1.96,0,0,0,0,0.19,0.02,0,30.9,205,0,0.9238795,0,0.3826834;
custom,cuboid,house9mat2,1.26,0.2,1.26,0,0,0,0,0.19,0.02,0,32.9,205,0,1,0,1;
custom,cuboid,house9mat2,1.26,0.2,1.26,0,0,0,0,0.19,0.02,0,41.9,205,0,1,0,1;
custom,cuboid,house9mat2,1.26,0.2,1.26,0,0,0,0,0.19,0.02,0,50.9,205,0,1,0,1;

custom,cylinder,house9mat2,1.02,0.2,1.02,0,0,0,0,0.19,0.02,0,52.9,205,0,1,0,1;
custom,cylinder,house9mat2,1.02,0.2,1.02,0,0,0,0,0.19,0.02,0,68.9,205,0,1,0,1;

custom,cuboid,wallmat,1.95,2,1.95,0,0,0,0,5,5,0,22,205,0,0.9238795,0,0.3826834;
custom,cuboid,wallmat,1.25,2,1.25,0,0,0,0,5,5,0,42,205,0,1,0,1;
custom,cylinder,wallmat,1,1,1,0,0,0,0,5,5,0,62,205,0,0.9238795,0,0.3826834;

custom,cuboid,house9mat2,1.96,0.2,1.96,0,0,0,0,0.19,0.02,0,10.9,330,0,0.9238795,0,0.3826834;
custom,cuboid,house9mat2,1.96,0.2,1.96,0,0,0,0,0.19,0.02,0,20.9,330,0,0.9238795,0,0.3826834;
custom,cuboid,house9mat2,1.96,0.2,1.96,0,0,0,0,0.19,0.02,0,30.9,330,0,0.9238795,0,0.3826834;
custom,cuboid,house9mat2,1.26,0.2,1.26,0,0,0,0,0.19,0.02,0,32.9,330,0,1,0,1;
custom,cuboid,house9mat2,1.26,0.2,1.26,0,0,0,0,0.19,0.02,0,41.9,330,0,1,0,1;
custom,cuboid,house9mat2,1.26,0.2,1.26,0,0,0,0,0.19,0.02,0,50.9,330,0,1,0,1;

custom,cylinder,house9mat2,1.02,0.2,1.02,0,0,0,0,0.19,0.02,0,52.9,330,0,1,0,1;
custom,cylinder,house9mat2,1.02,0.2,1.02,0,0,0,0,0.19,0.02,0,68.9,330,0,1,0,1;

custom,cuboid,wallmat,1.95,2,1.95,0,0,0,0,5,5,0,22,330,0,0.9238795,0,0.3826834;
custom,cuboid,wallmat,1.25,2,1.25,0,0,0,0,5,5,0,42,330,0,1,0,1;
custom,cylinder,wallmat,1,1,1,0,0,0,0,5,5,0,62,330,0,0.9238795,0,0.3826834;

custom,cuboid,house9mat2,1.96,0.2,1.96,0,0,0,0,0.19,0.02,0,10.9,455,0,0.9238795,0,0.3826834;
custom,cuboid,house9mat2,1.96,0.2,1.96,0,0,0,0,0.19,0.02,0,20.9,455,0,0.9238795,0,0.3826834;
custom,cuboid,house9mat2,1.96,0.2,1.96,0,0,0,0,0.19,0.02,0,30.9,455,0,0.9238795,0,0.3826834;
custom,cuboid,house9mat2,1.26,0.2,1.26,0,0,0,0,0.19,0.02,0,32.9,455,0,1,0,1;
custom,cuboid,house9mat2,1.26,0.2,1.26,0,0,0,0,0.19,0.02,0,41.9,455,0,1,0,1;
custom,cuboid,house9mat2,1.26,0.2,1.26,0,0,0,0,0.19,0.02,0,50.9,455,0,1,0,1;

custom,cylinder,house9mat2,1.02,0.2,1.02,0,0,0,0,0.19,0.02,0,52.9,455,0,1,0,1;
custom,cylinder,house9mat2,1.02,0.2,1.02,0,0,0,0,0.19,0.02,0,68.9,455,0,1,0,1;

custom,cuboid,wallmat,1.95,2,1.95,0,0,0,0,5,5,0,22,455,0,0.9238795,0,0.3826834;
custom,cuboid,wallmat,1.25,2,1.25,0,0,0,0,5,5,0,42,455,0,1,0,1;
custom,cylinder,wallmat,1,1,1,0,0,0,0,5,5,0,62,455,0,0.9238795,0,0.3826834;

custom,cuboid,house9mat2,1.96,0.2,1.96,0,0,0,0,0.19,0.02,0,10.9,580,0,0.9238795,0,0.3826834;
custom,cuboid,house9mat2,1.96,0.2,1.96,0,0,0,0,0.19,0.02,0,20.9,580,0,0.9238795,0,0.3826834;
custom,cuboid,house9mat2,1.96,0.2,1.96,0,0,0,0,0.19,0.02,0,30.9,580,0,0.9238795,0,0.3826834;
custom,cuboid,house9mat2,1.26,0.2,1.26,0,0,0,0,0.19,0.02,0,32.9,580,0,1,0,1;
custom,cuboid,house9mat2,1.26,0.2,1.26,0,0,0,0,0.19,0.02,0,41.9,580,0,1,0,1;
custom,cuboid,house9mat2,1.26,0.2,1.26,0,0,0,0,0.19,0.02,0,50.9,580,0,1,0,1;

custom,cylinder,house9mat2,1.02,0.2,1.02,0,0,0,0,0.19,0.02,0,52.9,580,0,1,0,1;
custom,cylinder,house9mat2,1.02,0.2,1.02,0,0,0,0,0.19,0.02,0,68.9,580,0,1,0,1;

custom,cuboid,wallmat,1.95,2,1.95,0,0,0,0,5,5,0,22,580,0,0.9238795,0,0.3826834;
custom,cuboid,wallmat,1.25,2,1.25,0,0,0,0,5,5,0,42,580,0,1,0,1;
custom,cylinder,wallmat,1,1,1,0,0,0,0,5,5,0,62,580,0,0.9238795,0,0.3826834;


custom,cylinder,wallmat,1.6,3,1.5,0,0,0,0,5.0,5.0,67.5,40,140,0,1,0,1;
custom,cylinder,wallmat,1.6,3,1.5,0,0,0,0,5.0,5.0,-67.5,40,140,0,1,0,1;

racing,startcuboid,15,6,1.5,0,40,135,0,0,0,0;

custom,cuboid,house9mat2,30,1,15,0,1,1,1,3,1.5,60,75,67.5,0,0,0,0;

custom,cuboid,wallmat,65,6,1.5,0,0,0,0,32,5.0,67.5,40,465,0,1,0,1;
custom,cuboid,wallmat,50,6,1.5,0,0,0,0,25,5.0,-67.5,40,390,0,1,0,1;
custom,cuboid,wallmat,50,6,1.5,0,0,0,0,25,5.0,-185,40,390,0,1,0,1;


custom,cylinder,wallmat,15,3,15,0,0,0,0,10,5.0,-130,40,620,0,1,0,1;
custom,cuboid,wallmat,65,6,1.5,0,0,0,0,32.5,5.0,-250,40,795,0,0,0,0;
custom,cuboid,wallmat,78,6,1.5,0,0,0,0,39,5.0,-567.5,40,397.5,0,1,0,1;

custom,cuboid,wallmat,50,6,1.5,0,0,0,0,25,5.0,-340,40,0,0,0,0,0;


custom,cuboid,wallmat,28,6,1.5,0,0,0,0,14,5.0,-330,40,650,0,0,0,0;
custom,cylinder,wallmat,1.5,3,1.5,0,0,0,0,5,5.0,-470,40,650,0,0,0,0;

custom,cuboid,wallmat,28,6,1.5,0,0,0,0,14,5.0,-420,40,550,0,0,0,0;
custom,cylinder,wallmat,1.5,3,1.5,0,0,0,0,5,5.0,-280,40,550,0,0,0,0;

custom,cuboid,wallmat,28,6,1.5,0,0,0,0,14,5,-330,40,450,0,0,0,0;
custom,cylinder,wallmat,1.5,3,1.5,0,0,0,0,5,5,-470,40,450,0,0,0,0;

custom,cuboid,wallmat,28,6,1.5,0,0,0,0,14,5,-420,40,350,0,0,0,0;
custom,cylinder,wallmat,1.5,3,1.5,0,0,0,0,5,5,-280,40,350,0,0,0,0;

custom,cuboid,wallmat,28,6,1.5,0,0,0,0,14,5,-330,40,135,0,0,0,0;
custom,cylinder,wallmat,1.5,3,1.5,0,0,0,0,5,5,-470,40,135,0,0,0,0;


racing,killcuboid,33,5.99,1.5,-425,40,268,0,-0.258819,0,0.9659258;
racing,killcuboid,33,5.99,1.5,-325,40,218,0,-0.258819,0,0.9659258;

racing,killcuboid,23,4.99,1.45,-425,40,268,0,-0.258819,0,0.9659258;
racing,killcuboid,23,4.99,1.45,-325,40,218,0,-0.258819,0,0.9659258;

racing,killcuboid,13,3.99,1.45,-425,40,268,0,-0.258819,0,0.9659258;
racing,killcuboid,13,3.99,1.45,-325,40,218,0,-0.258819,0,0.9659258;

custom,cuboid,wallmat,1.01,0.9,12.01,0,1,1,1,5,1,-85,75,67.5,0,0,0,0;
custom,cuboid,wallmat,1.01,1.9,12.01,0,1,1,1,5,2,-95,65,67.5,0,0,0,0;
custom,cuboid,wallmat,1.01,1.9,12.01,0,1,1,1,5,2,-105,55,67.5,0,0,0,0;
custom,cuboid,wallmat,1.01,1.9,12.01,0,1,1,1,5,2,-115,45,67.5,0,0,0,0;
custom,cuboid,wallmat,1.01,1.9,12.01,0,1,1,1,5,2,-125,35,67.5,0,0,0,0;
custom,cuboid,wallmat,1.01,1.9,12.01,0,1,1,1,5,2,-135,25,67.5,0,0,0,0;
custom,cuboid,wallmat,1.01,1.9,12.01,0,1,1,1,5,2,-145,15,67.5,0,0,0,0;
custom,cuboid,wallmat,1.01,1.9,12.01,0,1,1,1,5,2,-155,5,67.5,0,0,0,0;
custom,cuboid,house9mat2,1,2,12,0,1,1,1,0.1,1.3,-95,65,67.5,0,0,0,0;
custom,cuboid,house9mat2,1,2,12,0,1,1,1,0.1,1.3,-105,55,67.5,0,0,0,0;
custom,cuboid,house9mat2,1,2,12,0,1,1,1,0.1,1.3,-115,45,67.5,0,0,0,0;
custom,cuboid,house9mat2,1,2,12,0,1,1,1,0.1,1.3,-125,35,67.5,0,0,0,0;
custom,cuboid,house9mat2,1,2,12,0,1,1,1,0.1,1.3,-135,25,67.5,0,0,0,0;
custom,cuboid,house9mat2,1,2,12,0,1,1,1,0.1,1.3,-145,15,67.5,0,0,0,0;
custom,cuboid,house9mat2,1,2,12,0,1,1,1,0.1,1.3,-155,5,67.5,0,0,0,0;


custom,cuboid,wallmat,30,6,1.5,0,1,1,1,15,5,60,110,135,0,0,0,0;
custom,cuboid,wallmat,30,6,1.5,0,1,1,1,15,5,60,110,0,0,0,0,0;

custom,cuboid,stone2,30,1,15,0,1,1,1,3,1.5,60,145,67.5,0,0,0,0;


custom,cuboid,stone2,16,1,15,0,1,1,1,1.6,1.5,-170,112,67.5,0,0,0.2249511,0.9743701;
custom,cylinder,stone2,2,7.5,2,0,1,1,1,0.2,0.75,-95,145,67.5,-0.7071068,0,0,0.7071068;
custom,cylinder,stone2,2,7.5,2,0,1,1,1,0.2,0.75,-245,75,67.5,-0.7071068,0,0,0.7071068;

custom,cuboid,stone2,35,1.05,15,0,1,1,1,3.5,1.5,-425,75,67.5,0,0,0,0;

custom,cuboid,wallmat,16,16,1.48,0,1,1,1,8,8,-170,70,135,0,0,0,0;
custom,cuboid,wallmat,16,8,1.5,0,1,1,1,8,8,-170,110,0,0,0,0,0;



custom,cuboid,house9mat2,70,1,65,0,1,1,1,7,6.5,560,75,67.5,0,0,0,0;
custom,cuboid,stone2,70,1,65,0,1,1,1,7,6.5,560,145,67.5,0,0,0,0;

custom,cuboid,wallmat,15,6,15,0,1,1,1,7.5,7.5,560,110,67.5,0,0,0,0;

custom,cylinder,wallmat,5,4,5,0,1,1,1,5,5,560,39.5,67.5,0,0,0,0;
custom,cylinder,wallmat,5,4,5,0,1,1,1,5,5,230,39.5,67.5,0,0,0,0;
custom,cylinder,wallmat,5,4,5,0,1,1,1,5,5,250,39.5,-207.5,0,0,0,0;
custom,cylinder,wallmat,5,4,5,0,1,1,1,5,5,250,39.5,327.5,0,0,0,0;

custom,cylinder,wallmat,5,4,5,0,1,1,1,5,5,560,39.5,-207.5,0,0,0,0;
custom,cylinder,wallmat,5,4,5,0,1,1,1,5,5,560,39.5,327.5,0,0,0,0;

custom,cylinder,wallmat,5,4,5,0,1,1,1,5,5,870,39.5,-207.5,0,0,0,0;
custom,cylinder,wallmat,5,4,5,0,1,1,1,5,5,870,39.5,327.5,0,0,0,0;
custom,cylinder,wallmat,5,4,5,0,1,1,1,5,5,870,39.5,67.5,0,0,0,0;


custom,cylinder,wallmat,2.5,4,2.5,0,1,1,1,5,5,1000,39.5,157.5,0,0,0,0;
custom,cylinder,wallmat,2.5,4,2.5,0,1,1,1,5,5,1000,39.5,-27.5,0,0,0,0;

custom,cylinder,wallmat,2.5,4,2.5,0,1,1,1,5,5,1150,39.5,157.5,0,0,0,0;
custom,cylinder,wallmat,2.5,4,2.5,0,1,1,1,5,5,1150,39.5,-27.5,0,0,0,0;

custom,cylinder,wallmat,2.5,4,2.5,0,1,1,1,5,5,1300,39.5,157.5,0,0,0,0;
custom,cylinder,wallmat,2.5,4,2.5,0,1,1,1,5,5,1300,39.5,-27.5,0,0,0,0;


custom,cuboid,wallmat,70,6,1.5,0,1,1,1,35,8,560,110,385,0,0,0,0;
custom,cuboid,wallmat,70,6,1.5,0,1,1,1,35,8,560,110,-250,0,0,0,0;

custom,cuboid,wallmat,30,6,1.5,0,1,1,1,35,8,217.5,110,-150,0,1,0,1;
custom,cuboid,wallmat,30,6,1.5,0,1,1,1,35,8,217.5,110,285,0,1,0,1;

custom,cylinder,wallmat,2,3,2,0,1,1,1,5,5,216.5,110,135,0,1,0,1;
custom,cylinder,wallmat,2,3,2,0,1,1,1,5,5,216.5,110,0,0,1,0,1;

custom,cuboid,wallmat,30,6,1.5,0,1,1,1,35,8,902.5,110,-150,0,1,0,1;
custom,cuboid,wallmat,30,6,1.5,0,1,1,1,35,8,902.5,110,285,0,1,0,1;

custom,cylinder,wallmat,2,3,2,0,1,1,1,5,5,902.5,110,135,0,1,0,1;
custom,cylinder,wallmat,2,3,2,0,1,1,1,5,5,902.5,110,0,0,1,0,1;

custom,cuboid,wallmat,16,6,1.5,0,1,1,1,8,5,300,110,135,0,0,0,0;
custom,cuboid,wallmat,25,6,1.5,0,1,1,1,12,5,415,110,215,0,0.3826834,0,0.9238795;
custom,cuboid,wallmat,25,6,1.5,0,1,1,1,12,5,290,110,225,0,0.3826834,0,0.9238795;
custom,cuboid,wallmat,16,6,1.5,0,1,1,1,8,5,560,110,305,0,1,0,1;
custom,cuboid,wallmat,25,6,1.5,0,1,1,1,12,5,465,110,315,0,0.3826834,0,0.9238795;
custom,cuboid,wallmat,25,-6,1.5,0,1,1,1,12,5,705,110,215,0.3826834,0,-0.9238795,0;
custom,cuboid,wallmat,25,-6,1.5,0,1,1,1,12,5,830,110,225,0.3826834,0,-0.9238795,0;
custom,cuboid,wallmat,25,-6,1.5,0,1,1,1,12,5,655,110,315,0.3826834,0,-0.9238795,0;

custom,cylinder,wallmat,2,3,2,0,1,1,1,5,5,380,110,135,0,1,0,1;
custom,cylinder,wallmat,2.5,3,2.5,0,1,1,1,5,5,560,110,224,0,1,0,1;
custom,cylinder,wallmat,2,3,2,0,1,1,1,5,5,740,110,135,0,1,0,1;
custom,cylinder,wallmat,2,3,2,0,1,1,1,5,5,796,110,305,0,1,0,1;
custom,cylinder,wallmat,2,3,2,0,1,1,1,5,5,324,110,305,0,1,0,1;


custom,cuboid,wallmat,-16,-6,-1.5,0,1,1,1,8,5,300,110,0,0,0,0,0;
custom,cuboid,wallmat,-25,-6,-1.5,0,1,1,1,12,5,415,110,-80,0.3826834,0,-0.9238795,0;
custom,cuboid,wallmat,-25,-6,-1.5,0,1,1,1,12,5,290,110,-90,0.3826834,0,-0.9238795,0;
custom,cuboid,wallmat,-16,-6,-1.5,0,1,1,1,8,5,560,110,-170,1,0,-1,0;
custom,cuboid,wallmat,-25,-6,-1.5,0,1,1,1,12,5,465,110,-180,0.3826834,0,-0.9238795,0;
custom,cuboid,wallmat,-25,6,-1.5,0,1,1,1,12,5,705,110,-80,0,0.3826834,0,0.9238795;
custom,cuboid,wallmat,-25,6,-1.5,0,1,1,1,12,5,830,110,-90,0,0.3826834,0,0.9238795;
custom,cuboid,wallmat,-25,6,-1.5,0,1,1,1,12,5,655,110,-180,0,0.3826834,0,0.9238795;

custom,cuboid,wallmat,16,6,1.5,0,1,1,1,8,5,825,110,135,0,0,0,0;
custom,cuboid,wallmat,-16,-6,-1.5,0,1,1,1,8,5,825,110,0,0,0,0,0;


custom,cylinder,wallmat,-2,-3,-2,0,1,1,1,5,5,380,110,0,1,0,-1,0;
custom,cylinder,wallmat,-2.5,-3,-2.5,0,1,1,1,5,5,560,110,-89,1,0,-1,0;
custom,cylinder,wallmat,-2,-3,-2,0,1,1,1,5,5,740,110,0,1,0,-1,0;
custom,cylinder,wallmat,-2,-3,-2,0,1,1,1,5,5,796,110,-170,1,0,-1,0;
custom,cylinder,wallmat,-2,-3,-2,0,1,1,1,5,5,324,110,-170,1,0,-1,0;



custom,cuboid,house9mat2,60,1,25,0,1,1,1,6,2.5,1210,75,67.5,0,0,0,0;
custom,cuboid,stone2,60,1,25,0,1,1,1,6,2.5,1210,145,67.5,0,0,0,0;


custom,cuboid,wallmat,38,6,1.5,0,1,1,1,19,5,1210,110,198,0,0,0,0;
custom,cuboid,wallmat,12,6,1.5,0,1,1,1,6,5,960,110,168,0,-0.258819,0,0.9659258;
custom,cylinder,wallmat,-2,-3,-2,0,1,1,1,5,5,1015,110,198,1,0,-1,0;


custom,cuboid,wallmat,-38,-6,-1.5,0,1,1,1,19,5,1210,110,-63,0,0,0,0;
custom,cuboid,wallmat,-12,-6,-1.5,0,1,1,1,6,5,960,110,-33,-0.258819,0,-0.9659258,0;
custom,cylinder,wallmat,2,3,2,0,1,1,1,5,5,1015,110,-63,0,1,0,1;

custom,cylinder,wallmat,-2,-3,-2,0,1,1,1,5,5,1405,110,198,1,0,-1,0;
custom,cylinder,wallmat,2,3,2,0,1,1,1,5,5,1405,110,-63,0,1,0,1;

custom,cuboid,wallmat,12,6,1.5,0,1,1,1,6,5,1460,110,-33,0,-0.258819,0,0.9659258;
custom,cuboid,wallmat,-12,-6,-1.5,0,1,1,1,6,5,1460,110,168,-0.258819,0,-0.9659258,0;


racing,killcuboid,32,6.01,1.5,1210,110,67.5,0,0,0,0;

custom,cuboid,wallmat,12,6,1.5,0,1,1,1,6,5,1050,110,67.5,0,1,0,1;
custom,cylinder,wallmat,1.5,3,1.5,0,1,1,1,5,5,1050,110,129,0,1,0,1;
custom,cylinder,wallmat,1.5,3,1.5,0,1,1,1,5,5,1050,110,6,0,1,0,1;

racing,killcuboid,12,4,1.4,1130,110,67.5,0,0,0,0;
racing,killcuboid,12,4,1.4,1290,110,67.5,0,0,0,0;


custom,cuboid,wallmat,6.5,6,1.5,0,1,1,1,3,5,1130,110,160,0,1,0,1;
custom,cylinder,wallmat,1.5,3,1.5,0,1,1,1,5,5,1130,110,129,0,1,0,1;
custom,cuboid,wallmat,6.5,6,1.5,0,1,1,1,3,5,1290,110,160,0,1,0,1;
custom,cylinder,wallmat,1.5,3,1.5,0,1,1,1,5,5,1290,110,129,0,1,0,1;

custom,cuboid,wallmat,12,6,1.5,0,1,1,1,6,5,1210,110,67.5,0,1,0,1;
custom,cylinder,wallmat,1.5,3,1.5,0,1,1,1,5,5,1210,110,129,0,1,0,1;
custom,cylinder,wallmat,1.5,3,1.5,0,1,1,1,5,5,1210,110,6,0,1,0,1;

custom,cuboid,wallmat,6.5,6,1.5,0,1,1,1,3,5,1130,110,-25,0,1,0,1;
custom,cylinder,wallmat,1.5,3,1.5,0,1,1,1,5,5,1130,110,6,0,1,0,1;
custom,cuboid,wallmat,6.5,6,1.5,0,1,1,1,3,5,1290,110,-25,0,1,0,1;
custom,cylinder,wallmat,1.5,3,1.5,0,1,1,1,5,5,1290,110,6,0,1,0,1;

custom,cuboid,wallmat,12,6,1.5,0,1,1,1,6,5,1370,110,67.5,0,1,0,1;
custom,cylinder,wallmat,1.5,3,1.5,0,1,1,1,5,5,1370,110,129,0,1,0,1;
custom,cylinder,wallmat,1.5,3,1.5,0,1,1,1,5,5,1370,110,6,0,1,0,1;


custom,cylinder,wallmat,2,3,2,0,1,1,1,5,5,1514.5,110,135,0,1,0,1;
custom,cylinder,wallmat,2,3,2,0,1,1,1,5,5,1514.5,110,0,0,1,0,1;



custom,cuboid,house9mat2,50,1,15,0,1,1,1,5,1.5,1760,75,67.5,0,0,0,0;
custom,cuboid,stone2,60,0.98,15,0,1,1,1,6,1.5,1800,145,67.5,0,0,0,0;

custom,cylinder,house9mat2,1.2,7,1.2,0,1,1,1,0.12,0.7,2010,75,67.5,-0.5,0.5,-0.5,0.5;

custom,cuboid,wallmat,50,6,1.5,0,1,1,1,25,5,1760,110,0,0,0,0,0;
custom,cuboid,wallmat,50,6,1.5,0,1,1,1,25,5,1760,110,135,0,0,0,0;

custom,cuboid,wallmat,15,17,1.5,0,1,1,1,7,8,2085,75,135,0,0,0,0;
custom,cuboid,wallmat,15,17,1.5,0,1,1,1,7,8,2085,75,0,0,0,0,0;
custom,cuboid,wallmat,15,17,1.5,0,1,1,1,7,8,2100,75,67.5,0,1,0,1;

custom,cuboid,wallmat,50,6,1.5,0,1,1,1,25,5,1760,40,0,0,0,0,0;
custom,cuboid,wallmat,50,6,1.5,0,1,1,1,25,5,1760,40,135,0,0,0,0;


custom,arc90,wallmat,15,15,15,0,1,1,1,7,7,1442,30,56,0,0,0,0;

custom,cuboid,wallmat,35,6,1.5,0,1,1,1,17,5,1383,40,300,0,1,0,1;
custom,cuboid,wallmat,35,6,1.5,0,1,1,1,17,5,1502,40,300,0,1,0,1;

custom,cuboid,wallmat,85,13,1.5,0,1,1,1,42,6.5,1502,70,900,0,1,0,1;
custom,cuboid,wallmat,85,13,1.5,0,1,1,1,42,6.5,1383,70,900,0,1,0,1;

custom,cylinder,wallmat,2.55,3,2.55,0,1,1,1,5,5,1502,40,135,0,1,0,1;
racing,checkpointcuboid,12,6,1.5,1443,40,280,0,0,0,0;

custom,cuboid,stone2,12,1.02,28,0,1,1,1,1.2,2.8,1443,75,330,0,0,0,0;
custom,cuboid,stone2,12,1.02,20,0,1,1,1,1.2,2.0,1443,75,1420,0,0,0,0;

custom,cuboid,wallmat,12,5,1.5,0,1,1,1,6,2,1443,34,600,0,0,0,0;
custom,cylinder,wallmat,1.5,6,1.5,0,1,1,1,5,5,1443,58,600,0,0,-0.7071068,0.7071068;
custom,cuboid,wallmat,12,7,1,0,1,1,1,6,3.5,1443,32.5,580,0.3007058,0,0,0.953717;

custom,cuboid,wallmat,12,-5,1.5,0,1,1,1,6,2,1443,100,700,0,0,0,0;
custom,cylinder,wallmat,1.5,-6,1.5,0,1,1,1,5,5,1443,72.5,700,0,0,-0.7071068,-0.7071068;
custom,cuboid,wallmat,12,-7,1,0,1,1,1,6,3.5,1443,98,680,0.3007058,0,0,-0.953717;

custom,cuboid,wallmat,12,5,1.5,0,1,1,1,6,2,1443,34,800,0,0,0,0;
custom,cylinder,wallmat,1.5,6,1.5,0,1,1,1,5,5,1443,58,800,0,0,-0.7071068,0.7071068;
custom,cuboid,wallmat,12,7,1,0,1,1,1,6,3.5,1443,32.5,780,0.3007058,0,0,0.953717;

custom,cuboid,wallmat,12,-5,1.5,0,1,1,1,6,2,1443,100,900,0,0,0,0;
custom,cylinder,wallmat,1.5,-6,1.5,0,1,1,1,5,5,1443,72.5,900,0,0,-0.7071068,-0.7071068;
custom,cuboid,wallmat,12,-7,1,0,1,1,1,6,3.5,1443,98,880,0.3007058,0,0,-0.953717;

custom,cuboid,wallmat,12,5,1.5,0,1,1,1,6,2,1443,34,1000,0,0,0,0;
custom,cylinder,wallmat,1.5,6,1.5,0,1,1,1,5,5,1443,58,1000,0,0,-0.7071068,0.7071068;
custom,cuboid,wallmat,12,7,1,0,1,1,1,6,3.5,1443,32.5,980,0.3007058,0,0,0.953717;

custom,cuboid,wallmat,12,-5,1.5,0,1,1,1,6,2,1443,100,1100,0,0,0,0;
custom,cylinder,wallmat,1.5,-6,1.5,0,1,1,1,5,5,1443,72.5,1100,0,0,-0.7071068,-0.7071068;
custom,cuboid,wallmat,12,-7,1,0,1,1,1,6,3.5,1443,98,1080,0.3007058,0,0,-0.953717;

custom,cuboid,wallmat,12,5,1.5,0,1,1,1,6,2,1443,34,1200,0,0,0,0;
custom,cylinder,wallmat,1.5,6,1.5,0,1,1,1,5,5,1443,58,1200,0,0,-0.7071068,0.7071068;
custom,cuboid,wallmat,12,7,1,0,1,1,1,6,3.5,1443,32.5,1180,0.3007058,0,0,0.953717;


custom,cuboid,wallmat,15,6,1.5,0,1,1,1,7,3,1383,40,1400,0,1,0,1;



custom,cylinder,wallmat,2,6.5,2,0,1,1,1,5,5,1383,70,1320,0,1,0,1;
custom,cylinder,wallmat,2,6.5,2,0,1,1,1,5,5,1502,70,1320,0,1,0,1;

custom,cuboid,wallmat,35,6,8,0,1,1,1,12,3,1650,40,1300,0,1,0,1;
custom,cuboid,wallmat,45,6,8,0,1,1,1,22,3,1800,40,1250,0,1,0,1;
custom,cuboid,wallmat,55,6,8,0,1,1,1,27,3,1950,40,1200,0,1,0,1;
custom,cuboid,wallmat,65,6,8,0,1,1,1,32,3,2100,40,1150,0,1,0,1;

custom,cylinder,wallmat,8,3,8,0,1,1,1,12,3,1650,40,1125,0,1,0,1;
custom,cylinder,wallmat,8,3,8,0,1,1,1,12,3,1800,40,1025,0,1,0,1;
custom,cylinder,wallmat,8,3,8,0,1,1,1,12,3,1950,40,925,0,1,0,1;
custom,cylinder,wallmat,8,3,8,0,1,1,1,12,3,2100,40,825,0,1,0,1;

custom,cylinder,wallmat,8,3,8,0,1,1,1,12,3,1650,40,925,0,1,0,1;
custom,cylinder,wallmat,8,3,8,0,1,1,1,12,3,1800,40,825,0,1,0,1;
custom,cylinder,wallmat,8,3,8,0,1,1,1,12,3,1950,40,725,0,1,0,1;
custom,cylinder,wallmat,8,3,8,0,1,1,1,12,3,2100,40,625,0,1,0,1;

custom,cuboid,wallmat,55,6,8,0,1,1,1,27,3,1650,40,650,0,1,0,1;
custom,cuboid,wallmat,45,6,8,0,1,1,1,22,3,1800,40,600,0,1,0,1;
custom,cuboid,wallmat,35,6,8,0,1,1,1,17,3,1950,40,550,0,1,0,1;
custom,cuboid,wallmat,25,6,8,0,1,1,1,12,3,2100,40,500,0,1,0,1;

custom,cuboid,wallmat,75,6,1.5,0,1,1,1,37,3,1875,40,525,0,0,0,0;

racing,killcuboid,12,6.1,1.52,1560,40,925,0,0,0,0;
racing,killcuboid,12,6.1,1.52,1710,40,825,0,0,0,0;
racing,killcuboid,12,6.1,1.52,1860,40,725,0,0,0,0;
racing,killcuboid,12,6.1,1.52,2010,40,625,0,0,0,0;
racing,killcuboid,12,6.1,4,2180,40,605,0,0,0,0;

racing,killcuboid,12,6.1,1.52,1710,40,1125,0,0,0,0;
racing,killcuboid,12,6.1,1.52,1860,40,1025,0,0,0,0;
racing,killcuboid,12,6.1,1.52,2010,40,925,0,0,0,0;


custom,cuboid,wallmat,118,6,1.5,0,1,1,1,59,3,2240,40,1120,0,1,0,1;
custom,cuboid,wallmat,118,6,1.5,0,1,1,1,57,3,1550,40,1480,0,0,0,0;
custom,cuboid,wallmat,130,6,1.5,0,1,1,1,65,3,1610,40,1570,0,0,0,0;

custom,cuboid,stone2,130,1,10,0,1,1,1,13,1,1600,75,1525,0,0,0,0;


custom,cuboid,wallmat,10,6,1.5,0,1,1,1,5,3,952.5,40,1615,0,1,0,1;
custom,cuboid,wallmat,10,6,1.5,0,1,1,1,5,3,952.5,40,1435,0,1,0,1;

custom,cuboid,wallmat,10,6,1.5,0,1,1,1,5,3,552.5,40,1615,0,1,0,1;
custom,cuboid,wallmat,10,6,1.5,0,1,1,1,5,3,552.5,40,1435,0,1,0,1;

custom,cuboid,wallmat,40,6,1.5,0,1,1,1,20,3,752.5,40,1378,0,0,0,0;
custom,cuboid,wallmat,40,6,1.5,0,1,1,1,20,3,752.5,40,1672,0,0,0,0;

racing,killcuboid,40,6,10.02,752.5,40,1615,0,0,0,0;
racing,killcuboid,40,6,10.02,752.5,40,1435,0,0,0,0;
racing,killcuboid,40,1.5,28,752.5,5,1525,0,0,0,0;
racing,killcuboid,40,1.5,28,752.5,75,1525,0,0,0,0;

racing,killcylinder,4,1,4,912.5,40,1595,-0.7071068,0,0,0.7071068;
racing,killcuboid,4,4,1,862.5,40,1595,0,0,-0.3826834,0.9238795;
racing,killcylinder,4,1,4,807.5,40,1595,-0.7071068,0,0,0.7071068;
racing,killcuboid,4,4,1,752.5,40,1595,0,0,-0.3826834,0.9238795;
racing,killcylinder,4,1,4,697.5,40,1595,-0.7071068,0,0,0.7071068;
racing,killcuboid,4,4,1,642.5,40,1595,0,0,-0.3826834,0.9238795;
racing,killcylinder,4,1,4,582.5,40,1595,-0.7071068,0,0,0.7071068;



racing,killcylinder,4,1,4,912.5,40,1455,-0.7071068,0,0,0.7071068;
racing,killcuboid,4,4,1,862.5,40,1455,0,0,-0.3826834,0.9238795;
racing,killcylinder,4,1,4,807.5,40,1455,-0.7071068,0,0,0.7071068;
racing,killcuboid,4,4,1,752.5,40,1455,0,0,-0.3826834,0.9238795;
racing,killcylinder,4,1,4,697.5,40,1455,-0.7071068,0,0,0.7071068;
racing,killcuboid,4,4,1,642.5,40,1455,0,0,-0.3826834,0.9238795;
racing,killcylinder,4,1,4,582.5,40,1455,-0.7071068,0,0,0.7071068;



custom,cuboid,stone2,12,1.1,85,0,1,1,1,1.2,8.5,1440,130,895,0,0,0,0;

custom,cuboid,wallmat,12,10,1,0,1,1,1,5.0,5.0,1440,120,470,0,0,0,0;
custom,cuboid,wallmat,12,10,1,0,1,1,1,5.0,5.0,1440,120,1320,0,0,0,0;



custom,cuboid,wallmat,80,6,1.55,0,1,1,1,40,3,150,40,1480,0,0,0,0;
custom,cuboid,wallmat,80,6,1.55,0,1,1,1,40,3,150,40,1570,0,0,0,0;


custom,cuboid,wallmat,0.52,0.98,9,0,1,1,1,4.5,0.5,249.9,12,1525,0,0,0,0;
custom,cuboid,wallmat,0.52,0.98,9,0,1,1,1,4.5,0.5,249.9,68,1525,0,0,0,0;

custom,cuboid,wallmat,0.52,0.98,9,0,1,1,1,4.5,0.5,149.9,12,1525,0,0,0,0;
custom,cuboid,wallmat,0.52,0.98,9,0,1,1,1,4.5,0.5,149.9,68,1525,0,0,0,0;

custom,cuboid,wallmat,0.52,0.98,9,0,1,1,1,4.5,0.5,49.9,12,1525,0,0,0,0;
custom,cuboid,wallmat,0.52,0.98,9,0,1,1,1,4.5,0.5,49.9,68,1525,0,0,0,0;

custom,cuboid,wallmat,0.5,1,9,0,1,1,1,0.5,4.5,249.9,12,1525,0,0,0,0;
custom,cuboid,wallmat,-0.5,1,-9,0,1,1,1,0.5,4.5,249.9,68,1525,0,0,0,0;
custom,prism,wallmat,5,0.45,7,0,1,1,1,0.5,2.5,250,35.5,1525,-0.5,-0.5,-0.5,0.5;
racing,killprism,3,0.5,3,250,37.5,1525,-0.5,-0.5,-0.5,0.5;

custom,cuboid,wallmat,0.5,1,9,0,1,1,1,0.5,4.5,149.9,12,1525,0,0,0,0;
custom,cuboid,wallmat,-0.5,1,-9,0,1,1,1,0.5,4.5,149.9,68,1525,0,0,0,0;
custom,prism,wallmat,5,0.45,-7,0,1,1,1,0.5,2.5,150,35.5,1525,-0.5,-0.5,-0.5,0.5;
racing,killprism,3,0.5,-3,150,37.5,1525,-0.5,-0.5,-0.5,0.5;

custom,cuboid,wallmat,0.5,1,9,0,1,1,1,0.5,4.5,49.9,12,1525,0,0,0,0;
custom,cuboid,wallmat,-0.5,1,-9,0,1,1,1,0.5,4.5,49.9,68,1525,0,0,0,0;
custom,prism,wallmat,5,0.45,7,0,1,1,1,0.5,2.5,50,35.5,1525,-0.5,-0.5,-0.5,0.5;
racing,killprism,3,0.5,3,50,37.5,1525,-0.5,-0.5,-0.5,0.5;

custom,cylinder,wallmat,1.55,3,1.55,0,1,1,1,5,5,-250,40,1570,0,0,0,0;
custom,cylinder,wallmat,1.55,3,1.55,0,1,1,1,5,5,-250,40,1480,0,0,0,0;
custom,cylinder,wallmat,1.55,10,1.55,0,1,1,1,0.5,5,-250,70,1525,-0.7071068,0,0,0.7071068;

custom,cuboid,wallmat,1.55,6,3,0,1,1,1,5,5,-248,40,1590,0,0,0,0;
custom,cuboid,wallmat,1.55,6,3,0,1,1,1,5,5,-248,40,1460,0,0,0,0;

custom,cuboid,wallmat,60,48,1.5,0,1,1,1,30,24,-530,250,1445,0,0,0,0;
custom,cuboid,wallmat,60,48,1.5,0,1,1,1,30,24,-530,250,1605,0,0,0,0;

custom,endprism,default,2,0.46,-3,0,1,1,1,1,1,-355,37.5,1525,-0.5,-0.5,-0.5,0.5;


custom,cuboid,wallmat,1.55,40,15,0,1,1,1,7,20,-250,270,1525,0,0,0,0;
custom,cuboid,stone2,60,1.5,15,0,1,1,1,6,1.5,-530,477.5,1525,0,0,0,0;
custom,cuboid,wallmat,5,40,15,0,1,1,1,7,20,-380,190,1525,0,0,0,0;
custom,cuboid,house9mat2,35,1.5,14.98,0,1,1,1,3.5,1.5,-530.5,382.9,1525.05,0,0,0,0;
custom,cylinder,house9mat2,5,7.5,5,0,1,1,1,0.5,0.7,-715.5,367.9,1525.05,-0.7071068,0,0,0.7071068;
custom,cuboid,house9mat2,40,1.5,14.98,0,1,1,1,4,1.5,-565.5,269,1525.05,0,0,-0.3007058,0.953717;
custom,cuboid,house9mat2,35,1.5,14.98,0,1,1,1,3.5,1.5,-615.5,172.9,1525.05,0,0,-0.3007058,0.953717;
custom,cuboid,house9mat2,15,1.5,15,0,1,1,1,0.5,0.7,-828,272,1525.05,0,0,0,0;
custom,cuboid,wallmat,1.55,40,15,0,1,1,1,7,20,-820,270,1525,0,0,0,0;

custom,cylinder,house9mat2,2,7.5,2,0,1,1,1,0.5,0.7,-475.5,75,1525.05,-0.7071068,0,0,0.7071068;

custom,cuboid,stone2,60,1.5,15,0,1,1,1,6,1.5,-775,75,1525,0,0,0,0;
custom,cuboid,stone2,80,1.5,15,0,1,1,1,8,1.5,155,75,1525,0,0,0,0;

custom,prism,wallmat,5,1.55,7,0,1,1,1,0.5,2.5,-855,39.5,1445,-0.7071068,0,0,0.7071068;
custom,prism,wallmat,5,1.55,7,0,1,1,1,0.5,2.5,-855,39.5,1604.5,-0.7071068,0,0,0.7071068;

custom,prism,wallmat,5,1.55,-7,0,1,1,1,0.5,2.5,-905,37.5,1445,-0.7071068,0,0,0.7071068;
custom,prism,wallmat,5,1.55,-7,0,1,1,1,0.5,2.5,-905,37.5,1604.5,-0.7071068,0,0,0.7071068;

custom,prism,wallmat,5,1.55,7,0,1,1,1,0.5,2.5,-955,39.5,1445,-0.7071068,0,0,0.7071068;
custom,prism,wallmat,5,1.55,7,0,1,1,1,0.5,2.5,-955,39.5,1604.5,-0.7071068,0,0,0.7071068;

custom,prism,wallmat,5,1.55,-7,0,1,1,1,0.5,2.5,-1005,37.5,1445,-0.7071068,0,0,0.7071068;
custom,prism,wallmat,5,1.55,-7,0,1,1,1,0.5,2.5,-1005,37.5,1604.5,-0.7071068,0,0,0.7071068;

custom,prism,wallmat,5,1.55,7,0,1,1,1,0.5,2.5,-1055,39.5,1445,-0.7071068,0,0,0.7071068;
custom,prism,wallmat,5,1.55,7,0,1,1,1,0.5,2.5,-1055,39.5,1604.5,-0.7071068,0,0,0.7071068;

racing,killcuboid,25,7,1.45,-955,37.5,1445,0,0,0,0;
racing,killcuboid,25,7,1.45,-955,37.5,1605,0,0,0,0;

racing,endcuboid,2.5,7,15,-1065,40,1525,0,0,0,0;

custom,cylinder,wallmat,5,5,5,0,1,1,1,0.5,2.5,-1075,55,1604.5,0,0,0,0;
custom,cylinder,wallmat,5,5,5,0,1,1,1,0.5,2.5,-1075,55,1445,0,0,0,0;






custom,cuboid,wallmat,7,10,2,0,0,0,0,0.005,1,-1316.2853275,55,1784.263251,0,0.9998477,0,-0.0174524;
custom,cuboid,wallmat,7,10,2,0,0,0,0,0.005,1,-1251.9172755,55,1773.4917333,0,0.9890159,0,-0.1478094;
custom,cuboid,wallmat,7,10,2,0,0,0,0,0.005,1,-1192.5303857,55,1746.4275682,0,0.9612617,0,-0.2756374;
custom,cuboid,wallmat,7,10,2,0,0,0,0,0.005,1,-1142.1717763,55,1704.9151343,0,0.9170601,0,-0.3987491;
custom,cuboid,wallmat,7,10,2,0,0,0,0,0.005,1,-1104.2733035,55,1651.7834349,0,0.8571673,0,-0.5150381;
custom,cuboid,wallmat,7,10,2,0,0,0,0,0.005,1,-1112.9981777,55,1401.9357282,0,0.4848096,0,-0.8746197;
custom,cuboid,wallmat,7,10,2,0,0,0,0,0.005,1,-1154.5106117,55,1351.5771188,0,0.3665012,0,-0.9304176;
custom,cuboid,wallmat,7,10,2,0,0,0,0,0.005,1,-1207.642311,55,1313.6786461,0,0.2419219,0,-0.9702957;
custom,cuboid,wallmat,7,10,2,0,0,0,0,0.005,1,-1268.7724381,55,1290.823028,0,0.1132032,0,-0.9935719;
custom,cuboid,wallmat,7,10,2,0,0,0,0,0.005,1,-1333.7350759,55,1284.5678375,0,-0.0174524,0,-0.9998477;
custom,cuboid,wallmat,7,10,2,0,0,0,0,0.005,1,-1398.1031279,55,1295.3393552,0,0.1478094,0,0.9890159;
custom,cuboid,wallmat,7,10,2,0,0,0,0,0.005,1,-1457.4900178,55,1322.4035203,0,0.2756374,0,0.9612617;
custom,cuboid,wallmat,7,10,2,0,0,0,0,0.005,1,-1507.8486271,55,1363.9159542,0,0.3987491,0,0.9170601;
custom,cuboid,wallmat,7,10,2,0,0,0,0,0.005,1,-1545.7470999,55,1417.0476536,0,0.5150381,0,0.8571673;
custom,cuboid,wallmat,7,10,2,0,0,0,0,0.005,1,-1568.6027179,55,1478.1777806,0,0.6225146,0,0.7826082;
custom,cuboid,wallmat,7,10,2,0,0,0,0,0.005,1,-1574.8579085,55,1543.1404184,0,0.7193398,0,0.6946584;
custom,cuboid,wallmat,7,10,2,0,0,0,0,0.005,1,-1564.0863907,55,1607.5084705,0,0.8038569,0,0.5948228;
custom,cuboid,wallmat,7,10,2,0,0,0,0,0.005,1,-1537.0222257,55,1666.8953603,0,0.8746197,0,0.4848096;
custom,cuboid,wallmat,7,10,2,0,0,0,0,0.005,1,-1495.5097917,55,1717.2539697,0,0.9304176,0,0.3665013;
custom,cuboid,wallmat,7,10,2,0,0,0,0,0.005,1,-1442.3780924,55,1755.1524424,0,0.9702957,0,0.2419219;
custom,cuboid,wallmat,7,10,2,0,0,0,0,0.005,1,-1381.2479653,55,1778.0080605,0,0.9935719,0,0.1132032;


custom,killcuboid,transparent0.5,-4.5,-0.975,-0.975,1,0,0,0,1,1,-871,299.875,1524.1875,0,0,0.7071068,0.7071068;
custom,killcuboid,transparent0.5,-4.5,-0.975,-0.975,1,0,0,0,1,1,-871,299.875,1524.1875,0,0,0.7071068,0.7071068;

custom,killcuboid,transparent0.5,-4.5,-0.975,-0.975,1,0,0,0,1,1,-871,299.875,1491.9375,0,0,0.7071068,0.7071068;
custom,killcuboid,transparent0.5,-4.5,-0.975,-0.975,1,0,0,0,1,1,-871,299.875,1491.9375,0,0,0.7071068,0.7071068;

custom,killcuboid,transparent0.5,-3.75,-0.975,-0.975,1,0,0,0,1,1,-871,282.25,1478.0625,-0.5,0.5,0.5,0.5;
custom,killcuboid,transparent0.5,-3.75,-0.975,-0.975,1,0,0,0,1,1,-871,282.25,1478.0625,-0.5,0.5,0.5,0.5;

custom,killcuboid,transparent0.5,-4.5,-0.975,-0.975,1,0,0,0,1,1,-871,282.25,1568.0625,-0.5,0.5,0.5,0.5;
custom,killcuboid,transparent0.5,-4.5,-0.975,-0.975,1,0,0,0,1,1,-871,282.25,1568.0625,-0.5,0.5,0.5,0.5;

custom,killcuboid,transparent0.5,-4.5,-0.975,-0.975,1,0,0,0,1,1,-871,316.75,1568.0625,-0.5,0.5,0.5,0.5;
custom,killcuboid,transparent0.5,-4.5,-0.975,-0.975,1,0,0,0,1,1,-871,316.75,1568.0625,-0.5,0.5,0.5,0.5;

custom,killcuboid,transparent0.5,-5.25,-0.975,-0.975,1,0,0,0,1,1,-871,299.875,1568.4375,-0.270598,0.270598,0.6532815,0.6532815;
custom,killcuboid,transparent0.5,-5.25,-0.975,-0.975,1,0,0,0,1,1,-871,299.875,1568.4375,-0.270598,0.270598,0.6532815,0.6532815;

custom,cuboid,wallmat,2,20,2,0,1,1,1,1.0,10,-890,179,1580,0,0,0,0;
custom,cuboid,wallmat,2,20,2,0,1,1,1,1.0,10,-890,179,1470,0,0,0,0;

custom,cuboid,wallmat,7.5,1.45,15.2,0,1,1,1,6,1,-866,272,1525,0,0,0,0;


custom,cylinder,house9mat2,10.1,0.25,10.1,1,1,1,1,1,1,-1320,12,1525,0,0.7071068,0,0.7071068;
custom,cylinder,house9mat2,8,0.5,8,1,1,1,1,0.8,0.8,-1320,12,1525,0,0.7071068,0,0.7071068;
custom,cylinder,crystal2,6,0.6,6,1,1,1,1,0.01,0.01,-1320,13,1525,0,0.7071068,0,0.7071068;
custom,cylinder,house9mat2,4,0.75,4,1,1,1,1,0.4,0.4,-1320,15,1525,0,0.7071068,0,0.7071068;
custom,statue1,wallmat,2,2,2,1,0.5,0.5,0.5,1,1,-1320,15,1525,0,0.7071068,0,0.7071068;


custom,cuboid,grass3,25,1.5,10,0,1,1,1,2.5,1,-1300,15,1730,0,0,0,0;
custom,cuboid,grass3,25,1.5,10,0,1,1,1,2.5,1,-1300,15,1330,0,0,0,0;
custom,cuboid,grass3,15,1.5,30,0,1,1,1,1.5,3,-1500,15,1530,0,0,0,0;

custom,cuboid,wallmat,25.05,1.45,10.05,0,1,1,1,12,0.7,-1300,15,1730,0,0,0,0;
custom,cuboid,wallmat,25.05,1.45,10.05,0,1,1,1,12,0.7,-1300,15,1330,0,0,0,0;
custom,cuboid,wallmat,15.05,1.45,30.05,0,1,1,1,15,0.7,-1500,15,1530,0,0,0,0;


custom,cuboid,house9mat2,9,1.5,7,0,1,1,1,0.9,0.7,-1470,15,1345,0,0,0,0;
custom,cuboid,house9mat2,10,1.5,8,0,1,1,1,1,0.8,-1475,15,1720,0,0,0,0;

custom,tower4,default,1.5,1.5,1.5,0,1,1,1,1,0.8,-1455,55,1705,0,-0.9238795,0,-0.3826834;
custom,tower4,brick3,1.45,1.55,1.45,1,0.5,0,0,2.0,1.0,-1455,55,1705,0,-0.9238795,0,-0.3826834;

custom,tower4,default,1.5,1.5,1.5,0,1,1,1,1,0.8,-1455,55,1350,0,-0.3826834,0,-0.9238795;
custom,tower4,brick3,1.45,1.55,1.45,1,0.5,0,0,2.0,1.0,-1455,55,1350,0,-0.3826834,0,-0.9238795;

custom,tree3,default,1,1,1,0,1,1,1,2.5,1,-1225,35,1720,0,0,0,0;
custom,tree3,default,1,1,1,0,1,1,1,2.5,1,-1300,35,1720,0,0,0,0;
custom,tree3,default,1,1,1,0,1,1,1,2.5,1,-1375,35,1720,0,0,0,0;

custom,tree3,default,1,1,1,0,1,1,1,2.5,1,-1225,35,1340,0,0,0,0;
custom,tree3,default,1,1,1,0,1,1,1,2.5,1,-1300,35,1340,0,0,0,0;
custom,tree3,default,1,1,1,0,1,1,1,2.5,1,-1375,35,1340,0,0,0,0;


custom,cuboid,wallmat,4,5,4,0,1,1,1,0.005,1,-1155,35,1624.5,0,0,0,0;
custom,cuboid,house9mat2,4.1,2,4.1,0,1,1,1,0.005,1,-1155,42.5,1624.5,0,0,0,0;

custom,cuboid,wallmat,4,5,4,0,1,1,1,0.005,1,-1155,35,1425,0,0,0,0;
custom,cuboid,house9mat2,4.1,2,4.1,0,1,1,1,0.005,1,-1155,42.5,1425,0,0,0,0;

custom,pyramid,wallmat,4,3,4,0,1,1,1,0.005,1,-1155,30,1624.5,0,0,0,0;
custom,pyramid,wallmat,4,3,4,0,1,1,1,0.005,1,-1155,30,1425,0,0,0,0;

custom,statue2,wallmat,-2,2,-2,0,1,1,1,0.005,1,-1155,60,1624.5,0,0,0,0;
custom,statue2,wallmat,2,2,2,0,1,1,1,0.005,1,-1155,60,1425,0,0,0,0;


custom,cuboid,metal1,2.1,4,2.1,1,1,0.95,0,0.005,1,-1480,50,1530,0,0,0,0;
custom,pyramid,wallmat,3,2,3,0,1,1,1,0.005,1,-1480,30,1530,0,0,0,0;
custom,cuboid,wallmat,2.02,0.15,2.02,0,1,0.95,0,0.005,1,-1480,70,1530,0,0.7071068,0,0.7071068;
custom,killcuboid,transparent0.3,1.98,3,1.98,1,1,0.95,0,1,1,-1480,85,1530,0,0.7071068,0,0.7071068;


custom,cuboid,metal3,2.1,3,2.1,1,0.8,0.8,0.8,0.005,1,-1480,45,1480,0,0,0,0;
custom,pyramid,wallmat,3,2,3,0,1,1,1,0.005,1,-1480,30,1480,0,0,0,0;
custom,cuboid,wallmat,2.02,0.15,2.02,0,0.8,0.8,0.8,0.005,1,-1480,60,1480,0,0.7071068,0,0.7071068;
custom,killcuboid,transparent0.3,1.98,3,1.98,1,0.8,0.8,0.8,1,1,-1480,75,1480,0,0.7071068,0,0.7071068;


custom,cuboid,metal1,2,2,2,1,1,0.55,0,0.005,1,-1480,40,1580,0,0,0,0;
custom,pyramid,wallmat,3,2,3,0,1,1,1,0.005,1,-1480,30,1580,0,0,0,0;
custom,cuboid,wallmat,2.02,0.15,2.02,0,1,0.55,0,0.005,1,-1480,50,1580,0,0.7071068,0,0.7071068;
custom,killcuboid,transparent0.3,1.98,3,1.98,1,1,0.55,0,1,1,-1480,65,1580,0,0.7071068,0,0.7071068;
