

map,disablebounds;

custom,cuboid,stone3,92.5,0.5,15,0,0,0,0,18.5,3,2975,3718.75,113.75,0,0,0,0;
custom,cuboid,stone3,72.5,0.5,6,0,0,0,0,14.5,1.2,2855,3718.75,8.75,0,0,0,0;
custom,cuboid,stone3,92.5,0.5,15,0,0,0,0,18.5,3,2975,3718.75,-96.25,0,0,0,0;
custom,cuboid,stone3,17.5,0.5,6,0,0,0,0,3.5,1.2,3375,3718.75,8.75,0,0,0,0;


spawnpoint,playerM,2555,3726.25,1.25,1,0,-1,0;
spawnpoint,playerC,2555,3726.25,21.25,1,0,-1,0;

custom,cuboid,house9mat2,400,1,400,1,0.3,0.4,0.7,40,40,2260,3490,0,0,0,0,0;
custom,cuboid,stone2,280,1,400,1,0.3,0.4,1,28,40,1750,3560,0,0,0,0,0;

custom,cuboid,stone2,7,1,14,1,0.3,0.4,1,0.7,1.4,3185,3560,5,0,0,0,0;
custom,cuboid,stone2,7,1,14,1,0.3,0.4,1,0.7,1.4,3295,3560,5,0,0,0,0;
custom,cuboid,stone2,4,1,5,1,0.3,0.4,1,0.4,0.5,3240,3560,65,0,0,0,0;
custom,cuboid,stone2,4,1,5,1,0.3,0.4,1,0.4,0.5,3240,3560,-45,0,0,0,0;

custom,cuboid,stone2,6,1.1,10,1,0.3,0.4,1,0.6,1,320,3560,-965,0,0,0,0;

custom,cuboid,stone2,38,1.1,40,1,0.3,0.4,1,3.8,4,150,3670,-1105,0,0,0,0;



custom,house10,default,1,1.5,1,0,1,1,1,1,1,2567.5,3746.25,1.25,0,1,0,1;
custom,house10,default,1,1.5,1,0,1,1,1,1,1,2557.5,3746.25,-43.75,0,0.5,0,0.8660254;
custom,house10,default,1,1.5,1,0,1,1,1,1,1,2572.5,3746.25,-88.75,0,0.258819,0,0.9659258;
custom,house10,default,1,1.5,1,0,1,1,1,1,1,2627.5,3746.25,-123.75,0,0,0,0;
custom,house10,default,1,1.5,1,0,1,1,1,1,1,2692.5,3746.25,-123.75,0,0,0,0;
custom,house10,default,1,1.5,1,0,1,1,1,1,1,2757.5,3746.25,-123.75,0,0,0,0;
custom,house10,default,1,1.5,1,0,1,1,1,1,1,2822.5,3746.25,-123.75,0,0,0,0;
custom,house10,default,1,1.5,1,0,1,1,1,1,1,2897.5,3746.25,-73.75,0,1,0,1;
custom,house10,default,1,1.5,1,0,1,1,1,1,1,2955,3746.25,-58.75,0,-0.9659258,0,-0.258819;
custom,house10,default,1,1.5,1,0,1,1,1,1,1,2937.5,3746.25,-28.75,0,0,0,0;
custom,house10,default,1,1.5,1,0,1,1,1,1,1,3002.5,3746.25,-28.75,0,0,0,0;
custom,house10,default,1,1.5,1,0,1,1,1,1,1,3067.5,3746.25,-28.75,0,0,0,0;
custom,house10,default,1,1.5,1,0,1,1,1,1,1,3152.5,3746.25,-29.75,0,1,0,1;


custom,house10,default,1,1.5,1,0,1,1,1,1,1,3140,3746.25,-99.75,0,0,0,0;
custom,house10,default,1,1.5,1,0,1,1,1,1,1,3205,3746.25,-99.75,0,0,0,0;
custom,house10,default,1,1.5,1,0,1,1,1,1,1,3270,3746.25,-99.75,0,0,0,0;


custom,house10,default,-1,-1.5,-1,0,1,1,1,1,1,2567.5,3746.25,21.25,1,0,-1,0;
custom,house10,default,-1,-1.5,-1,0,1,1,1,1,1,2557.5,3746.25,66.25,0.5,0,-0.8660254,0;
custom,house10,default,-1,-1.5,-1,0,1,1,1,1,1,2572.5,3746.25,111.25,0.258819,0,-0.9659258,0;


custom,house10,default,1,1.5,1,0,1,1,1,1,1,2627.5,3746.25,181.25,0,0,0,0;
custom,house10,default,1,1.5,1,0,1,1,1,1,1,2692.5,3746.25,181.25,0,0,0,0;
custom,house10,default,1,1.5,1,0,1,1,1,1,1,2757.5,3746.25,181.25,0,0,0,0;
custom,house10,default,1,1.5,1,0,1,1,1,1,1,2822.5,3746.25,181.25,0,0,0,0;


custom,house10,default,1,1.5,1,0,1,1,1,1,1,2897.5,3746.25,181.25,0,1,0,1;
custom,house10,default,-1,-1.5,-1,0,1,1,1,1,1,2955,3746.25,81.25,-0.9659258,0,0.258819,0;


custom,house10,default,1,1.5,1,0,1,1,1,1,1,2937.5,3746.25,85.25,0,0,0,0;
custom,house10,default,1,1.5,1,0,1,1,1,1,1,3002.5,3746.25,85.25,0,0,0,0;
custom,house10,default,1,1.5,1,0,1,1,1,1,1,3067.5,3746.25,85.25,0,0,0,0;
custom,house10,default,1,1.5,1,0,1,1,1,1,1,3152.5,3746.25,136.25,0,1,0,1;


custom,house10,default,1,1.5,1,0,1,1,1,1,1,3140,3746.25,156.25,0,0,0,0;
custom,house10,default,1,1.5,1,0,1,1,1,1,1,3205,3746.25,156.25,0,0,0,0;
custom,house10,default,1,1.5,1,0,1,1,1,1,1,3270,3746.25,156.25,0,0,0,0;



custom,house10,default,-1,-1.5,-1,0,1,1,1,1,1,3372.5,3746.25,63.75,1,0,-1,0;
custom,house10,default,-1,-1.5,-1,0,1,1,1,1,1,3372.5,3746.25,-1.25,1,0,-1,0;
custom,house10,default,-1,-1.5,-1,0,1,1,1,1,1,3372.5,3746.25,-66.25,1,0,-1,0;
custom,house10,default,-1,-1.5,-1,0,1,1,1,1,1,3372.5,3746.25,-131.25,1,0,-1,0;


custom,house10,default,-1,-1.5,-1,0,1,1,1,1,1,3225,3746.25,-33.75,1,0,-1,0;
custom,house10,default,1,1.5,1,0,1,1,1,1,1,3210,3746.25,-18.75,0,0,0,0;
custom,house10,default,1,1.5,1,0,1,1,1,1,1,3210,3746.25,68.75,0,0,0,0;


custom,tower5,default,1.5,1.25,1.5,0,1,1,1,1,1,2940,3721.3,61.25,0,0,0,0;
custom,tower5,default,1.5,1.25,1.5,0,1,1,1,1,1,2940,3721.3,-38.75,0,0,0,0;


custom,house10,default,1,1.5,1,0,1,1,1,1,1,2770.75,3746.25,37,0,1,0,0;
custom,house10,default,1,1.5,1,0,1,1,1,1,1,2785.75,3746.25,-5.5,0,0.9238795,0,-0.3826834;
custom,house10,default,1,1.5,1,0,1,1,1,1,1,2730.75,3746.25,53,0,0.9238795,0,0.3826834;

custom,house10,default,1,-1.5,1,0,1,1,1,1,1,2770.75,3746.25,-14.5,0,0,-1,0;
custom,house10,default,1,-1.5,1,0,1,1,1,1,1,2785.75,3746.25,28,0.3826834,0,-0.9238795,0;
custom,house10,default,1,-1.5,1,0,1,1,1,1,1,2730.75,3746.25,-30.5,-0.3826834,0,-0.9238795,0;

custom,house10,default,1,-1.7,1,0,1,1,1,1,1,2832.5,3746.25,28.75,0,0,-1,0;
custom,house10,default,1,-1.7,1,0,1,1,1,1,1,2710,3746.25,28.75,0,0,-1,0;

custom,house10,default,1,-1.7,1,0,1,1,1,1,1,2882.5,3746.25,123.75,0.2164396,0,-0.976296,0;
custom,house10,default,1,-1.7,1,0,1,1,1,1,1,2808.5,3746.25,-66.25,-0.976296,0,0.2164396,0;
custom,house10,default,-1,-1,-1,0,1,1,1,1,1,3292.5,3726.25,-33.75,1,0,-1,0;




racing,killCuboid,-3,-0.65,-0.65,2734.875,3719,15.625,0,0.7071068,0,-0.7071068;
racing,killCuboid,-3,-0.65,-0.65,2734.875,3719,15.625,0,0.7071068,0,-0.7071068;

racing,killCuboid,-3,-0.65,-0.65,2745.375,3719,15.625,0,0.7071068,0,-0.7071068;
racing,killCuboid,-3,-0.65,-0.65,2745.375,3719,15.625,0,0.7071068,0,-0.7071068;

racing,killCuboid,-2.5,-0.65,-0.65,2754.625,3719,3.875,0,0,0,-1;
racing,killCuboid,-2.5,-0.65,-0.65,2754.625,3719,3.875,0,0,0,-1;



racing,killCuboid,-3,-0.65,-0.65,2712.125,3719,3.875,0,0,0,-1;
racing,killCuboid,-3,-0.65,-0.65,2712.125,3719,3.875,0,0,0,-1;

racing,killCuboid,-3,-0.65,-0.65,2712.125,3719,26.875,0,0,0,-1;
racing,killCuboid,-3,-0.65,-0.65,2712.125,3719,26.875,0,0,0,-1;

racing,killCuboid,-3.5,-0.65,-0.65,2711.875,3719,15.625,0,0.3826835,0,-0.9238795;
racing,killCuboid,-3.5,-0.65,-0.65,2711.875,3719,15.625,0,0.3826835,0,-0.9238795;


racing,killCuboid,27.5,6,0.75,2711.875,3746.25,163.75,0,0,0,0;

racing,killCuboid,27.5,6,0.75,2711.875,3746.25,-140.25,0,0,0,0;


racing,killCuboid,17.5,6,0.75,3240,3746.25,138.75,0,0,0,0;

racing,killCuboid,17.5,6,0.75,3240,3746.25,-116.25,0,0,0,0;


racing,killCuboid,17.5,6,0.75,3019,3746.25,67.75,0,0,0,0;

racing,killCuboid,17.5,6,0.75,3019,3746.25,-45.25,0,0,0,0;


racing,killCuboid,17.5,6,0.75,3355,3746.25,8.75,0,1,0,1;


custom,tower2,default,1.5,0.75,1.5,0,1,1,1,1,1,3140,3713.75,102.25,0,0,0,0;

custom,tower2,default,1.5,0.75,1.5,0,1,1,1,1,1,3140,3713.75,-146.25,0,0,0,0;


custom,tower2,default,1.5,0.75,1.5,0,1,1,1,1,1,3350,3713.75,102.25,0,0,0,0;

custom,tower2,default,1.5,0.75,1.5,0,1,1,1,1,1,3350,3713.75,-146.25,0,0,0,0;



custom,cuboid,stone1,4.5,0.5,4,1,0.4477273,0.4704545,0.4590909,0.6,0.9,2545,3721.25,11.25,1,0,-1,0;

custom,cuboid,stone1,4.5,0.5,4,1,0.6477273,0.6704545,0.6590909,0.6,0.9,2545,3761.25,11.25,1,0,-1,0;

custom,cuboid,brick2,1.5,3.5,0.5,1,0.1477273,0.1704545,0.1590909,0.3,0.7,2525,3741.25,11.25,1,0,1,0;

custom,cuboid,brick2,1.75,3.5,0.5,1,0.1477273,0.1704545,0.1590909,0.3,0.7,2529,3741.25,26.25,0.8660254,0,0.5,0;

custom,cuboid,brick2,1.75,3.5,0.5,1,0.1477273,0.1704545,0.1590909,0.3,0.7,2529,3741.25,-3.75,0.5,0,0.8660254,0;

racing,startcuboid,4.5,3.5,0.5,2565,3741.25,11.25,1,0,1,0;


misc,barrier,92.5,0.5,35,2975,3778.75,18.75,0,0,0,0;

misc,barrier,4.5,2,1,2560,3773.75,11.25,1,0,1,0;


custom,tower4,default,1,1,1,0,1,1,1,1,1,3213.5,3748.75,-30.25,0,-0.7071068,0,0.7071068;

custom,tower4,default,1,1,1,0,1,1,1,1,1,3213.5,3748.75,48.75,0,-0.7071068,0,0.7071068;

custom,tower4,default,1,1,1,0,1,1,1,1,1,3213.5,3748.75,-30.25,0,-1,0,0;

custom,tower4,default,1,1,1,0,1,1,1,1,1,3213.5,3748.75,48.75,0,0,0,1;


custom,cuboid,wallmat,6,17.5,0.5,0,0,0,0,3,8,3260,3646.25,8.75,1,0,-1,0;
custom,cuboid,wallmat,6,17.5,0.5,0,0,0,0,3,8,3222.5,3646.25,8.75,1,0,-1,0;
custom,cuboid,wallmat,0.5,17.5,3.5,0,0,0,0,3,8,3240,3646.25,36.25,1,0,-1,0;
custom,cuboid,wallmat,0.5,17.5,3.5,0,0,0,0,3,8,3240,3646.25,-19.75,1,0,-1,0;



custom,cuboid,house9mat2,1.96,0.2,1.96,0,0,0,0,0.19,0.02,2662.5,3495.9,8.5,0,0.9238795,0,-0.3826834;
custom,cuboid,house9mat2,1.96,0.2,1.96,0,0,0,0,0.19,0.02,2662.5,3505.9,8.5,0,0.9238795,0,-0.3826834;
custom,cuboid,house9mat2,1.96,0.2,1.96,0,0,0,0,0.19,0.02,2662.5,3515.9,8.5,0,0.9238795,0,-0.3826834;
custom,cuboid,house9mat2,1.26,0.2,1.26,0,0,0,0,0.19,0.02,2662.5,3517.9,8.5,0,1,0,0;
custom,cuboid,house9mat2,1.26,0.2,1.26,0,0,0,0,0.19,0.02,2662.5,3526.9,8.5,0,1,0,0;
custom,cuboid,house9mat2,1.26,0.2,1.26,0,0,0,0,0.19,0.02,2662.5,3535.9,8.5,0,1,0,0;

custom,cylinder,house9mat2,1.02,0.2,1.02,0,0,0,0,0.19,0.02,2662.5,3537.9,8.5,0,1,0,0;
custom,cylinder,house9mat2,1.02,0.2,1.02,0,0,0,0,0.19,0.02,2662.5,3553.9,8.5,0,1,0,0;

custom,cuboid,wallmat,1.95,2,1.95,0,0,0,0,5,5,2662.5,3507,8.5,0,0.9238795,0,-0.3826834;
custom,cuboid,wallmat,1.25,2,1.25,0,0,0,0,5,5,2662.5,3527,8.5,0,1,0,0;
custom,cylinder,wallmat,1,1,1,0,0,0,0,5,5,2662.5,3547,8.5,0,0.9238795,0,-0.3826834;

custom,cuboid,house9mat2,1.96,0.2,1.96,0,0,0,0,0.19,0.02,2787.5,3495.9,8.5,0,0.9238795,0,-0.3826834;
custom,cuboid,house9mat2,1.96,0.2,1.96,0,0,0,0,0.19,0.02,2787.5,3505.9,8.5,0,0.9238795,0,-0.3826834;
custom,cuboid,house9mat2,1.96,0.2,1.96,0,0,0,0,0.19,0.02,2787.5,3515.9,8.5,0,0.9238795,0,-0.3826834;
custom,cuboid,house9mat2,1.26,0.2,1.26,0,0,0,0,0.19,0.02,2787.5,3517.9,8.5,0,1,0,0;
custom,cuboid,house9mat2,1.26,0.2,1.26,0,0,0,0,0.19,0.02,2787.5,3526.9,8.5,0,1,0,0;
custom,cuboid,house9mat2,1.26,0.2,1.26,0,0,0,0,0.19,0.02,2787.5,3535.9,8.5,0,1,0,0;

custom,cylinder,house9mat2,1.02,0.2,1.02,0,0,0,0,0.19,0.02,2787.5,3537.9,8.5,0,1,0,0;
custom,cylinder,house9mat2,1.02,0.2,1.02,0,0,0,0,0.19,0.02,2787.5,3553.9,8.5,0,1,0,0;

custom,cuboid,wallmat,1.95,2,1.95,0,0,0,0,5,5,2787.5,3507,8.5,0,0.9238795,0,-0.3826834;
custom,cuboid,wallmat,1.25,2,1.25,0,0,0,0,5,5,2787.5,3527,8.5,0,1,0,0;
custom,cylinder,wallmat,1,1,1,0,0,0,0,5,5,2787.5,3547,8.5,0,0.9238795,0,-0.3826834;

custom,cuboid,house9mat2,1.96,0.2,1.96,0,0,0,0,0.19,0.02,2912.5,3495.9,8.5,0,0.9238795,0,-0.3826834;
custom,cuboid,house9mat2,1.96,0.2,1.96,0,0,0,0,0.19,0.02,2912.5,3505.9,8.5,0,0.9238795,0,-0.3826834;
custom,cuboid,house9mat2,1.96,0.2,1.96,0,0,0,0,0.19,0.02,2912.5,3515.9,8.5,0,0.9238795,0,-0.3826834;
custom,cuboid,house9mat2,1.26,0.2,1.26,0,0,0,0,0.19,0.02,2912.5,3517.9,8.5,0,1,0,0;
custom,cuboid,house9mat2,1.26,0.2,1.26,0,0,0,0,0.19,0.02,2912.5,3526.9,8.5,0,1,0,0;
custom,cuboid,house9mat2,1.26,0.2,1.26,0,0,0,0,0.19,0.02,2912.5,3535.9,8.5,0,1,0,0;

custom,cylinder,house9mat2,1.02,0.2,1.02,0,0,0,0,0.19,0.02,2912.5,3537.9,8.5,0,1,0,0;
custom,cylinder,house9mat2,1.02,0.2,1.02,0,0,0,0,0.19,0.02,2912.5,3553.9,8.5,0,1,0,0;

custom,cuboid,wallmat,1.95,2,1.95,0,0,0,0,5,5,2912.5,3507,8.5,0,0.9238795,0,-0.3826834;
custom,cuboid,wallmat,1.25,2,1.25,0,0,0,0,5,5,2912.5,3527,8.5,0,1,0,0;
custom,cylinder,wallmat,1,1,1,0,0,0,0,5,5,2912.5,3547,8.5,0,0.9238795,0,-0.3826834;

custom,cuboid,house9mat2,1.96,0.2,1.96,0,0,0,0,0.19,0.02,3037.5,3495.9,8.5,0,0.9238795,0,-0.3826834;
custom,cuboid,house9mat2,1.96,0.2,1.96,0,0,0,0,0.19,0.02,3037.5,3505.9,8.5,0,0.9238795,0,-0.3826834;
custom,cuboid,house9mat2,1.96,0.2,1.96,0,0,0,0,0.19,0.02,3037.5,3515.9,8.5,0,0.9238795,0,-0.3826834;
custom,cuboid,house9mat2,1.26,0.2,1.26,0,0,0,0,0.19,0.02,3037.5,3517.9,8.5,0,1,0,0;
custom,cuboid,house9mat2,1.26,0.2,1.26,0,0,0,0,0.19,0.02,3037.5,3526.9,8.5,0,1,0,0;
custom,cuboid,house9mat2,1.26,0.2,1.26,0,0,0,0,0.19,0.02,3037.5,3535.9,8.5,0,1,0,0;

custom,cylinder,house9mat2,1.02,0.2,1.02,0,0,0,0,0.19,0.02,3037.5,3537.9,8.5,0,1,0,0;
custom,cylinder,house9mat2,1.02,0.2,1.02,0,0,0,0,0.19,0.02,3037.5,3553.9,8.5,0,1,0,0;

custom,cuboid,wallmat,1.95,2,1.95,0,0,0,0,5,5,3037.5,3507,8.5,0,0.9238795,0,-0.3826834;
custom,cuboid,wallmat,1.25,2,1.25,0,0,0,0,5,5,3037.5,3527,8.5,0,1,0,0;
custom,cylinder,wallmat,1,1,1,0,0,0,0,5,5,3037.5,3547,8.5,0,0.9238795,0,-0.3826834;


custom,cuboid,wallmat,65,6,1.5,0,0,0,0,32,5,2922.5,3525,-59,0,1,0,0;
custom,cuboid,wallmat,65,6,1.5,0,0,0,0,32,5,2922.5,3525,76,0,1,0,0;
//317.5+76;
custom,arc180,wallmat,8,12,8,0,0,0,0,4,6,3260,3525,8.75,0,1,0,0;







custom,cuboid,wallmat,70,6,1.5,0,1,1,1,35,8,2260,3525,326,0,0,0,0;
custom,cuboid,wallmat,70,6,1.5,0,1,1,1,35,8,2260,3525,-309,0,0,0,0;

custom,cuboid,wallmat,30,6,1.5,0,1,1,1,35,8,1917.5,3525,-209,0,1,0,1;
custom,cuboid,wallmat,30,6,1.5,0,1,1,1,35,8,1917.5,3525,226,0,1,0,1;

custom,cylinder,wallmat,2,3,2,0,1,1,1,5,5,1916.5,3525,76,0,1,0,1;
custom,cylinder,wallmat,2,3,2,0,1,1,1,5,5,1916.5,3525,-59,0,1,0,1;

custom,cuboid,wallmat,30,6,1.5,0,1,1,1,35,8,2602.5,3525,-209,0,1,0,1;
custom,cuboid,wallmat,30,6,1.5,0,1,1,1,35,8,2602.5,3525,226,0,1,0,1;

custom,cylinder,wallmat,2,3,2,0,1,1,1,5,5,2602.5,3525,76,0,1,0,1;
custom,cylinder,wallmat,2,3,2,0,1,1,1,5,5,2602.5,3525,-59,0,1,0,1;

custom,cuboid,wallmat,16,6,1.5,0,1,1,1,8,5,2000,3525,76,0,0,0,0;
custom,cuboid,wallmat,25,6,1.5,0,1,1,1,12,5,2115,3525,156,0,0.3826834,0,0.9238795;
custom,cuboid,wallmat,25,6,1.5,0,1,1,1,12,5,1990,3525,166,0,0.3826834,0,0.9238795;
custom,cuboid,wallmat,16,6,1.5,0,1,1,1,8,5,2260,3525,246,0,1,0,1;
custom,cuboid,wallmat,25,6,1.5,0,1,1,1,12,5,2165,3525,256,0,0.3826834,0,0.9238795;
custom,cuboid,wallmat,25,-6,1.5,0,1,1,1,12,5,2405,3525,156,0.3826834,0,-0.9238795,0;
custom,cuboid,wallmat,25,-6,1.5,0,1,1,1,12,5,2530,3525,166,0.3826834,0,-0.9238795,0;
custom,cuboid,wallmat,25,-6,1.5,0,1,1,1,12,5,2355,3525,256,0.3826834,0,-0.9238795,0;

custom,cylinder,wallmat,2,3,2,0,1,1,1,5,5,2080,3525,76,0,1,0,1;
custom,cylinder,wallmat,2.5,3,2.5,0,1,1,1,5,5,2260,3525,165,0,1,0,1;
custom,cylinder,wallmat,2,3,2,0,1,1,1,5,5,2440,3525,76,0,1,0,1;
custom,cylinder,wallmat,2,3,2,0,1,1,1,5,5,2496,3525,246,0,1,0,1;
custom,cylinder,wallmat,2,3,2,0,1,1,1,5,5,2024,3525,246,0,1,0,1;


custom,cuboid,wallmat,-16,-6,-1.5,0,1,1,1,8,5,2000,3525,-59,0,0,0,0;
custom,cuboid,wallmat,-25,-6,-1.5,0,1,1,1,12,5,2115,3525,-139,0.3826834,0,-0.9238795,0;
custom,cuboid,wallmat,-25,-6,-1.5,0,1,1,1,12,5,1990,3525,-149,0.3826834,0,-0.9238795,0;
custom,cuboid,wallmat,-16,-6,-1.5,0,1,1,1,8,5,2260,3525,-229,1,0,-1,0;
custom,cuboid,wallmat,-25,-6,-1.5,0,1,1,1,12,5,2165,3525,-239,0.3826834,0,-0.9238795,0;
custom,cuboid,wallmat,-25,6,-1.5,0,1,1,1,12,5,2405,3525,-139,0,0.3826834,0,0.9238795;
custom,cuboid,wallmat,-25,6,-1.5,0,1,1,1,12,5,2530,3525,-149,0,0.3826834,0,0.9238795;
custom,cuboid,wallmat,-25,6,-1.5,0,1,1,1,12,5,2355,3525,-239,0,0.3826834,0,0.9238795;

custom,cuboid,wallmat,16,6,1.5,0,1,1,1,8,5,2525,3525,76,0,0,0,0;
custom,cuboid,wallmat,-16,-6,-1.5,0,1,1,1,8,5,2525,3525,-59,0,0,0,0;


custom,cylinder,wallmat,-2,-3,-2,0,1,1,1,5,5,2080,3525,-59,1,0,-1,0;
custom,cylinder,wallmat,-2.5,-3,-2.5,0,1,1,1,5,5,2260,3525,-148,1,0,-1,0;
custom,cylinder,wallmat,-2,-3,-2,0,1,1,1,5,5,2440,3525,-59,1,0,-1,0;
custom,cylinder,wallmat,-2,-3,-2,0,1,1,1,5,5,2496,3525,-229,1,0,-1,0;
custom,cylinder,wallmat,-2,-3,-2,0,1,1,1,5,5,2024,3525,-229,1,0,-1,0;


custom,cuboid,wallmat,15,6,15,0,1,1,1,7.5,7.5,2260,3525,8.5,0,0,0,0;







custom,cylinder,stone4,18,3.1,18,0,0,0,0,1.8,0.4,1027.5,3525,-204,0,0,-1,0;
custom,cylinder,stone4,2,3.1,2,1.5,0.125,0,1.5,0.2,0.4,1077.5,3525,-344,0,0,-1,0;

custom,cuboid,stone4,12,6,1.5,0,0,0,0,2.2,0.6,1017.5,3525,-374,0.2164396,0,-0.976296,0;
custom,cylinder,stone4,2,3.1,2,1.5,0.125,0,1.5,0.2,0.4,957.5,3525,-399,0,0,-1,0;

custom,cuboid,stone4,12,6,1.5,0,0,0,0,2.2,0.6,907.5,3525,-369,-0.3022567,0,-0.9532266,0;
custom,cylinder,stone4,2,3.1,2,1.5,0.125,0,1.5,0.2,0.4,857.5,3525,-334,0,0,-1,0;

custom,cuboid,stone4,1.5,6,20,0,0,0,0,2,0.6,857.5,3525,-234,0,0,-1,0;
custom,cylinder,stone4,2,3.1,2,1.5,0.125,0,1.5,0.2,0.4,857.5,3525,-134,0,0,-1,0;
custom,cuboid,stone4,1.5,6,24,0,0,0,0,2,0.6,887.5,3525,-14,-0.1305262,0,-0.9914449,0;
custom,cuboid,stone4,1.5,6,16,0,0,0,0,2,0.6,982.5,3525,-94,-0.1305262,0,-0.9914449,0;
custom,cylinder,stone4,2,3.1,2,1.5,0.125,0,1.5,0.2,0.4,917.5,3525,106,0,0,-1,0;
custom,cylinder,stone4,2,3.1,2,1.5,0.125,0,1.5,0.2,0.4,1003.5,3525,-14,0,0,-1,0;
custom,cuboid,stone4,1.5,6,48,0,0,0,0,5.4,0.6,1157.5,3525,106,0,0.7071068,0,0.7071068;
custom,cuboid,stone4,1.5,6,54,0,0,0,0,5.4,0.6,1277.5,3525,-14,0,0.7071068,0,0.7071068;
custom,cylinder,stone4,2,3.1,2,1.5,0.125,0,1.5,0.2,0.4,1542.5,3525,-14,0,0,-1,0;
custom,cylinder,stone4,2,3.1,2,1.5,0.125,0,1.5,0.2,0.4,1397.5,3525,106,0,0,-1,0;
custom,cuboid,stone4,1.5,6,72,0,0,0,0,6.2,0.6,1542.5,3525,231,0,1.5,0,0;
custom,cuboid,stone4,1.5,6,62,0,0,0,0,6.2,0.6,917.5,3525,411,0,1.5,0,0;


custom,cuboid,stone4,1.5,6,54,0,0,0,0,5.4,0.6,1276.5,3525,226,0,0.7071068,0,0.7071068;
custom,cylinder,stone4,2,3.1,2,1.5,0.125,0,1.5,0.2,0.4,1003.5,3525,226,0,0,-1,0;
custom,cuboid,stone4,1.5,6,48,0,0,0,0,5.4,0.6,1157.5,3525,346,0,0.7071068,0,0.7071068;
custom,cylinder,stone4,2,3.1,2,1.5,0.125,0,1.5,0.2,0.4,1397.5,3525,346,0,0,-1,0;


custom,cuboid,stone4,1.5,6,54,0,0,0,0,5.4,0.6,1277.5,3525,466,0,0.7071068,0,0.7071068;
custom,cylinder,stone4,2,3.1,2,1.5,0.125,0,1.5,0.2,0.4,1003.5,3525,466,0,0,-1,0;


custom,cuboid,stone4,1.5,6,48,0,0,0,0,5.4,0.6,1157.5,3525,586,0,0.7071068,0,0.7071068;
custom,cylinder,stone4,2,3.1,2,1.5,0.125,0,1.5,0.2,0.4,1397.5,3525,586,0,0,-1,0;

custom,cylinder,stone4,2,3.1,2,1.5,0.125,0,1.5,0.2,0.4,1542.5,3525,586,0,0,-1,0;
custom,cuboid,stone4,1.5,6,12,0,0,0,0,1.2,0.6,1397.5,3525,646,0,0,-1,0;

custom,cylinder,stone4,2,3.1,2,1.5,0.125,0,1.5,0.2,0.4,1397.5,3525,706,0,0,-1,0;
custom,cuboid,stone4,1.5,6,26,0,0,0,0,2.6,0.6,1532.5,3525,706,0,0.7071068,0,0.7071068;

custom,cylinder,stone4,2,3.1,2,1.5,0.125,0,1.5,0.2,0.4,1657.5,3525,706,0,0,-1,0;
custom,cuboid,stone4,12,7,25,0,0,0,0,2.6,0.6,1527.5,3534,646,0,0.7071068,0,0.7071068;

custom,cylinder,stone4,2,3.1,2,1.5,0.125,0,1.5,0.2,0.4,1657.5,3525,586,0,0,-1,0;
custom,cuboid,stone4,1.5,6,11,0,0,0,0,1.3,0.6,1657.5,3525,646,0,1.5,0,0;
custom,cuboid,stone4,1.5,6,52,0,0,0,0,6.2,0.6,1657.5,3525,341,0,1.5,0,0;


custom,cuboid,stone4,0.6,3,7,0,0,0,0,0.7,0.3,1277.5,3505,-309,0,0,-1,0;
custom,cuboid,stone4,0.6,3,7,0,0,0,0,0.7,0.3,1277.5,3550,-309,0,0,-1,0;


custom,cuboid,stone4,0.6,3,7,0,0,0,0,0.7,0.3,1197.5,3505,-309,0,0,-1,0;
custom,cuboid,stone4,0.6,3,7,0,0,0,0,0.7,0.3,1197.5,3550,-309,0,0,-1,0;


custom,cuboid,stone4,0.6,3,7,0,0,0,0,0.7,0.3,1117.5,3505,-309,0,0,-1,0;
custom,cuboid,stone4,0.6,3,7,0,0,0,0,0.7,0.3,1117.5,3550,-309,0,0,-1,0;



custom,cuboid,stone4,0.6,3,12,0,0,0,0,1.2,0.3,1297.5,3505,46,0,0,-1,0;
custom,cuboid,stone4,0.6,4,12,0,0,0,0,1.2,0.4,1247.5,3509,46,0,0,-1,0;
custom,cuboid,stone4,0.6,5,12,0,0,0,0,1.2,0.5,1197.5,3513,46,0,0,-1,0;
custom,cuboid,stone4,0.6,6,12,0,0,0,0,1.2,0.6,1147.5,3517,46,0,0,-1,0;



custom,cuboid,stone4,0.6,2.2,12,0,0,0,0,1.2,0.2,1297.5,3500,163,0,0,-1,0;
custom,cuboid,stone4,0.6,2,12,0,0,0,0,1.2,0.2,1297.5,3555,163,0,0,-1,0;
custom,cuboid,stone4,0.6,3.4,4,0,0,0,0,0.4,0.3,1297.5,3528,166,0,0,-1,0;


custom,cuboid,stone4,0.6,2.2,12,0,0,0,0,1.2,0.2,1197.5,3500,163,0,0,-1,0;
custom,cuboid,stone4,0.6,2,12,0,0,0,0,1.2,0.2,1197.5,3555,163,0,0,-1,0;
custom,cuboid,stone4,0.6,3.4,4,0,0,0,0,0.4,0.3,1197.5,3528,129,0,0,-1,0;
custom,cuboid,stone4,0.6,3.4,4,0,0,0,0,0.4,0.3,1197.5,3528,201,0,0,-1,0;


custom,cuboid,stone4,0.6,2.2,12,0,0,0,0,1.2,0.2,1097.5,3500,163,0,0,-1,0;
custom,cuboid,stone4,0.6,2,12,0,0,0,0,1.2,0.2,1097.5,3555,163,0,0,-1,0;
custom,cuboid,stone4,0.6,3.4,4,0,0,0,0,0.4,0.3,1097.5,3528,166,0,0,-1,0;


custom,cuboid,stone4,5,8,1.5,0,0,0,0,0.5,0.6,1017.5,3525,496,0,0.7071068,0,0.7071068;
custom,cuboid,stone4,5,8,1.5,0,0,0,0,0.5,0.6,1057.5,3525,556,0,0.7071068,0,0.7071068;
custom,cuboid,stone4,5,8,1.5,0,0,0,0,0.5,0.6,1097.5,3525,496,0,0.7071068,0,0.7071068;
custom,cuboid,stone4,5,8,1.5,0,0,0,0,0.5,0.6,1137.5,3525,556,0,0.7071068,0,0.7071068;

racing,checkpointcuboid,12,8,1,1600,3525,266,0,0,0,0;
custom,prism,stone4,4,8,2,0,0,0,0,0.5,0.6,1647.5,3526.5,466,0,0.7071068,0,0.7071068;
custom,prism,stone4,-4,-8,-2,0,0,0,0,0.5,0.6,1555.5,3523.5,466,0,0.7071068,0,0.7071068;

custom,prism,stone4,8,8,4,0,0,0,0,0.6,0.8,1645.5,3526.5,416,0,0.7071068,0,0.7071068;
custom,prism,stone4,-8,-8,-4,0,0,0,0,0.6,0.8,1557.5,3523.5,416,0,0.7071068,0,0.7071068;

custom,prism,stone4,12,8,6,0,0,0,0,1.2,0.6,1637.5,3526.5,331,0,0.7071068,0,0.7071068;
custom,prism,stone4,-12,-8,-6,0,0,0,0,1.2,0.6,1565.5,3523.5,331,0,0.7071068,0,0.7071068;

custom,cylinder,stone4,2,3.1,2,1.5,0.125,0,1.5,0.2,0.4,1657.5,3525,76,0,0,-1,0;
custom,cylinder,stone4,2,3.1,2,1.5,0.125,0,1.5,0.2,0.4,1657.5,3525,-59,0,0,-1,0;
custom,cuboid,stone4,1.5,6,11,0,0,0,0,1.1,0.6,1597.5,3525,-59,0,0.7071068,0,0.7071068;

custom,cuboid,stone4,1.5,6,26,0,0,0,0,2.6,0.6,1787.5,3525,-59,0,0.7071068,0,0.7071068;
custom,cuboid,stone4,1.5,6,26,0,0,0,0,2.6,0.6,1787.5,3525,76,0,0.7071068,0,0.7071068;




custom,cuboid,stone4,22,6,1.5,0,0,0,0,2.2,0.6,1182.5,3525,-344,0,0,-1,0;
custom,cuboid,stone4,22,6,1.5,0,0,0,0,2.2,0.6,1182.5,3525,-274,0,0,-1,0;






custom,cuboid,wallmat,52,6,1.5,0,0,0,0,25,5,1385,3525,-664,0,0.7071068,0,-0.7071068;
custom,cuboid,wallmat,65,6,1.5,0,0,0,0,32.5,5,1450,3525,-1069,0,1,0,0;
custom,cuboid,wallmat,78,6,1.5,0,0,0,0,39,5,1767.5,3525,-671.5,0,0.7071068,0,-0.7071068;

custom,cuboid,wallmat,50,6,1.5,0,0,0,0,25,5,1540,3525,-274,0,1,0,0;
custom,cuboid,wallmat,28,6,1.45,0,0,0,0,14,5,1265,3525,-924,0,1,0,0;


custom,cuboid,wallmat,28,6,1.5,0,0,0,0,14,5,1530,3525,-924,0,1,0,0;
custom,cylinder,wallmat,1.5,3,1.5,0,0,0,0,5,5,1670,3525,-924,0,1,0,0;

custom,cuboid,wallmat,28,6,1.5,0,0,0,0,14,5,1620,3525,-824,0,1,0,0;
custom,cylinder,wallmat,1.5,3,1.5,0,0,0,0,5,5,1480,3525,-824,0,1,0,0;

custom,cuboid,wallmat,28,6,1.5,0,0,0,0,14,5,1530,3525,-724,0,1,0,0;
custom,cylinder,wallmat,1.5,3,1.5,0,0,0,0,5,5,1670,3525,-724,0,1,0,0;

custom,cuboid,wallmat,28,6,1.5,0,0,0,0,14,5,1620,3525,-624,0,1,0,0;
custom,cylinder,wallmat,1.5,3,1.5,0,0,0,0,5,5,1480,3525,-624,0,1,0,0;

custom,cuboid,wallmat,28,6,1.5,0,0,0,0,14,5,1530,3525,-409,0,1,0,0;


racing,killcuboid,33,5.99,1.5,1625,3525,-542,0,0.9659258,0,0.258819;
racing,killcuboid,33,5.99,1.5,1525,3525,-492,0,0.9659258,0,0.258819;

racing,killcuboid,23,4.99,1.45,1625,3525,-542,0,0.9659258,0,0.258819;
racing,killcuboid,23,4.99,1.45,1525,3525,-492,0,0.9659258,0,0.258819;

racing,killcuboid,13,3.99,1.45,1625,3525,-542,0,0.9659258,0,0.258819;
racing,killcuboid,13,3.99,1.45,1525,3525,-492,0,0.9659258,0,0.258819;

custom,cuboid,wallmat,38,6,1.5,0,0,0,0,21,5,1482.5,3525,-344,0,0,-1,0;

custom,cylinder,wallmat,8.1,3,8.1,0,0,0,0,5,5,1660,3525,-376.5,0,1,0,0;

racing,killcuboid,40,6,1.5,925,3525,-924,0,0,0,0;
racing,killcuboid,30,4,1.5,925,3525,-924,0,0,0,0;
racing,killcuboid,40,6,1.5,925,3525,-1069,0,0,0,0;
racing,killcuboid,30,4,1.5,925,3525,-1069,0,0,0,0;



custom,cuboid,stone4,1.5,6,62,0,0,0,0,6.2,0.6,415,3525,-924,0,1,0,1;
custom,cuboid,stone4,1.5,6,32,0,0,0,0,3.2,0.6,565,3525,-1069,0,1,0,1;

custom,cylinder,wood3,3,14,3,0,0,0,0,0.3,1.4,250,3525,-1019,1,0,-1,0;
custom,cylinder,wood3,3,14,3,0,0,0,0,0.3,1.4,250,3525,-1139,1,0,-1,0;

racing,killcuboid,6,20,6,250,3565.1,-1139,1,0,-1,0;
racing,killcuboid,6,20,6,250,3565.1,-1019,1,0,-1,0;

custom,cuboid,stone2,6,1.5,6,0,0,0,0,0.6,0.6,250,3490,-959,1,0,-1,0;
custom,cuboid,stone2,6,1.5,6,0,0,0,0,0.6,0.6,190,3500,-959,1,0,-1,0;
custom,cuboid,stone2,6,1.5,6,0,0,0,0,0.6,0.6,190,3510,-1019,1,0,-1,0;
custom,cuboid,stone2,6,1.5,6,0,0,0,0,0.6,0.6,190,3520,-1079,1,0,-1,0;

custom,cuboid,stone2,6,1.5,6,0,0,0,0,0.6,0.6,250,3530,-1079,1,0,-1,0;
custom,cuboid,stone2,6,1.5,6,0,0,0,0,0.6,0.6,310,3540,-1079,1,0,-1,0;
custom,cuboid,stone2,6,1.5,6,0,0,0,0,0.6,0.6,310,3550,-1139,1,0,-1,0;
custom,cuboid,stone2,6,1.5,6,0,0,0,0,0.6,0.6,310,3560,-1199,1,0,-1,0;

custom,cuboid,stone4,1.5,6,22,0,0,0,0,2.2,0.6,375,3525,-1029,0,0.819152,0,0.5735764;
custom,cuboid,stone4,1.5,20,18,0,0,0,0,1.8,2,155,3565,-1019,0,0,0,0;
custom,cuboid,stone4,1.5,20,18,0,0,0,0,1.8,2,345,3565,-1139,0,0,0,0;
custom,cuboid,stone4,1.5,20,6,0,0,0,0,0.6,2,190,3565,-1114,0,1,0,1;
custom,cuboid,stone4,1.5,20,6,0,0,0,0,0.6,2,310,3565,-1044,0,1,0,1;
custom,cuboid,stone4,1.5,20,22,0,0,0,0,2.2,2,230,3565,-1234,0,1,0,1;
custom,cuboid,stone4,1.5,20,10,0,0,0,0,1,2,170,3565,-1164,0,1,0,1;

custom,cuboid,stone4,1.5,12,14,0,0,0,0,1.4,1.2,215,3615,-924,0,1,0,1;
custom,cuboid,stone4,1.5,12,12,0,0,0,0,1.2,1.2,290,3615,-984,0,0,0,0;

custom,cuboid,stone2,6,1.5,46,0,0,0,0,0.6,4.6,50,3570,-1199,1,0,-1,0;




custom,cuboid,wallmat,60,48,1.5,0,1,1,1,30,24,-330,3438,-1275,0,0,0,0;
custom,cuboid,wallmat,60,48,1.5,0,1,1,1,30,24,-330,3438,-1115,0,0,0,0;

custom,cuboid,house9mat2,11.1,1.5,14.98,0,1,1,1,1.1,1.5,-100,3570.9,-1194.95,0,0,0,0;


custom,cuboid,wallmat,1.55,40,15,0,1,1,1,7,20,-50,3378,-1195,0,0,0,0;
custom,cuboid,stone2,60,1.5,15,1,0.3,0.4,1,6,1.5,-330,3665.5,-1195,0,0,0,0;
custom,cuboid,wallmat,5,40,15,0,1,1,1,7,20,-180,3378,-1195,0,0,0,0;
custom,cuboid,house9mat2,35,1.5,14.98,0,1,1,1,3.5,1.5,-330.5,3570.9,-1194.95,0,0,0,0;
custom,cylinder,house9mat2,5,7.5,5,0,1,1,1,0.5,0.7,-515.5,3555.9,-1194.95,-0.7071068,0,0,0.7071068;
custom,cuboid,house9mat2,40,1.5,14.98,0,1,1,1,4,1.5,-365.5,3457,-1194.95,0,0,-0.3007058,0.953717;
custom,cuboid,house9mat2,35,1.5,14.98,0,1,1,1,3.5,1.5,-415.5,3360.9,-1194.95,0,0,-0.3007058,0.953717;
custom,cuboid,house9mat2,15,1.5,15,0,1,1,1,0.5,0.7,-628,3460,-1194.95,0,0,0,0;
custom,cuboid,wallmat,1.55,40,15,0,1,1,1,7,20,-620,3458,-1195,0,0,0,0;

custom,cylinder,house9mat2,2,7.5,2,0,1,1,1,0.5,0.7,-275.5,3263,-1194.95,-0.7071068,0,0,0.7071068;

custom,cuboid,stone2,60,1.5,15,0,1,1,1,6,1.5,-575,3263,-1195,0,0,0,0;
custom,cuboid,stone2,85,1.5,22,0,0.3,0.4,1,8.5,2.2,-1300,3263,-1195,0,0,0,0;



custom,cuboid,wallmat,16,48,1.5,0,1,1,1,8,24,40,3438,-1234,0,0,0,0;
custom,cuboid,wallmat,16,48,1.5,0,1,1,1,8,24,40,3438,-1164,0,0,0,0;

custom,cuboid,wallmat,1.5,48,4,0,1,1,1,2,24,-40,3438,-1258,0,0,0,0;
custom,cuboid,wallmat,1.5,48,4,0,1,1,1,2,24,-40,3438,-1140,0,0,0,0;

custom,cuboid,stone2,75,1.5,22,1,0.3,0.4,1,7.5,2.2,-575,3190,-1195,0,0,0,0;
custom,cuboid,stone2,75,1.5,22,1,0.3,0.4,1,7.5,2.2,-1325,3190,-1195,0,0,0,0;


custom,cuboid,wallmat,45,7,1.45,0,1,1,1,22,3.5,-855,3225.5,-1275,0,0,0,0;
custom,cuboid,wallmat,45,7,1.45,0,1,1,1,22,3.5,-855,3225.5,-1115,0,0,0,0;


custom,cylinder,wallmat,5,3.55,5,0,1,1,1,5,5,-1063,3225.5,-1105,0,0,0,0;
custom,cylinder,wallmat,5,3.55,5,0,1,1,1,5,5,-1210,3225.5,-1115,0,0,0,0;
custom,cylinder,wallmat,5,3.55,5,0,1,1,1,5,5,-1360,3225.5,-1125,0,0,0,0;
custom,cylinder,wallmat,5,3.55,5,0,1,1,1,5,5,-1510,3225.5,-1135,0,0,0,0;
custom,cylinder,wallmat,5,3.55,5,0,1,1,1,5,5,-1660,3225.5,-1145,0,0,0,0;

racing,killcuboid,60,7,1.45,-1360,3225.5,-1125,0,-0.0261769,0,0.9996573;
racing,killcuboid,60,2,1.45,-1360,3225.5,-1125,0,-0.0261769,0,0.9996573;


custom,cylinder,wallmat,5,3.55,5,0,1,1,1,5,5,-1063,3225.5,-1285,0,0,0,0;
custom,cylinder,wallmat,5,3.55,5,0,1,1,1,5,5,-1210,3225.5,-1275,0,0,0,0;
custom,cylinder,wallmat,5,3.55,5,0,1,1,1,5,5,-1360,3225.5,-1265,0,0,0,0;
custom,cylinder,wallmat,5,3.55,5,0,1,1,1,5,5,-1510,3225.5,-1255,0,0,0,0;
custom,cylinder,wallmat,5,3.55,5,0,1,1,1,5,5,-1660,3225.5,-1245,0,0,0,0;


racing,killcuboid,60,7,1.45,-1360,3225.5,-1265,0,0.9996573,0,-0.0261769;
racing,killcuboid,60,2,1.45,-1360,3225.5,-1265,0,0.9996573,0,-0.0261769;


racing,endcuboid,3,7,6,-1660,3225.5,-1195,0,0,0,0;







custom,cuboid,grass3,32,0.5,35,1,0,0.8,0.6,3.2,3.5,-1870,3190,-1195,0,0.7071068,0,0.7071068;




custom,cuboid,metal1,2.1,4,2.1,1,1,0.95,0,0.005,1,-1930,3222.25,-1195,0,0,0,1;
custom,pyramid,wallmat,3,2,3,0,1,1,1,0.005,1,-1930,3202.25,-1195,0,0,0,1;
custom,cuboid,wallmat,2.02,0.15,2.02,0,1,0.95,0,0.005,1,-1930,3242.25,-1195,0,0.7071068,0,0.7071068;
custom,killcuboid,transparent0.3,1.98,3,1.98,1,1,0.95,0,1,1,-1930,3257.25,-1195,0,0.7071068,0,0.7071068;


custom,cuboid,metal3,2.1,3,2.1,1,0.8,0.8,0.8,0.005,1,-1960,3217.25,-1265,0,0,0,1;
custom,pyramid,wallmat,3,2,3,0,1,1,1,0.005,1,-1960,3202.25,-1265,0,0,0,1;
custom,cuboid,wallmat,2.02,0.15,2.02,0,0.8,0.8,0.8,0.005,1,-1960,3232.25,-1265,0,0.7071068,0,0.7071068;
custom,killcuboid,transparent0.3,1.98,3,1.98,1,0.8,0.8,0.8,1,1,-1960,3247.25,-1265,0,0.7071068,0,0.7071068;



custom,cuboid,metal1,2,2,2,1,1,0.55,0,0.005,1,-1990,3212.25,-1135,0,0,0,1;
custom,pyramid,wallmat,3,2,3,0,1,1,1,0.005,1,-1990,3202.25,-1135,0,0,0,1;
custom,cuboid,wallmat,2.02,0.15,2.02,0,1,0.55,0,0.005,1,-1990,3222.25,-1135,0,0.7071068,0,0.7071068;
custom,killcuboid,transparent0.3,1.98,3,1.98,1,1,0.55,0,1,1,-1990,3237.25,-1135,0,0.7071068,0,0.7071068;







custom,endprism,default,1.5,0.1,2,0,1,1,1,1,1,3020,3165.25,-1410,-0.5,0.5,-0.5,0.5;
custom,endprism,default,1.5,0.1,2,0,1,1,1,1,1,3000,3165.25,-1410,-0.5,0.5,-0.5,0.5;




custom,endprism,default,1.5,0.1,2,0,1,1,1,1,1,-155,3425.25,-1195,-0.5,0.5,-0.5,0.5;
custom,endprism,default,1.5,0.1,2,0,1,1,1,1,1,-175,3425.25,-1195,-0.5,0.5,-0.5,0.5;

custom,endprism,default,1.5,0.1,2,0,1,1,1,1,1,-235,3425.25,-895,0,0,-0.7071068,0.7071068;
custom,endprism,default,1.5,0.1,2,0,1,1,1,1,1,-235,3425.25,-1495,-0.7071068,0.7071068,0,0;