map,disablebounds;
spawnpoint,playerC,15,15,0,0,0,0,0;
spawnpoint,playerM,-15,15,0,0,0,0,0;

custom,cuboid,grass4,220,1,450,1,0,0.3,0.3,22,45,0,0,1000,0,0,0,0;
misc,barrier,110,1,130,0,70,1375,0,0,0,0;
misc,barrier,12,1,78,0,70,335,0,0,0,0;


misc,barrier,11,-1,50,-690,70,1025,0,0,0,0;
misc,barrier,11,-1,50,-690,70,25,0,0,0,0;
misc,barrier,15,-1,80,-690,70,1675,0,0,0,0;
misc,barrier,11,-1,51,-690,70,2325,0,0,0,0;

misc,barrier,11,-1,50,690,70,1025,0,0,0,0;
misc,barrier,11,-1,50,690,70,25,0,0,0,0;
misc,barrier,15,-1,80,690,70,1675,0,0,0,0;
misc,barrier,11,-1,51,690,70,2325,0,0,0,0;

misc,barrier,50,-1,85,0,160,2455,0,0,0,0;

misc,barrier,60,-1,10,550,160,2820,0,0,0,0;
misc,barrier,60,-1,10,-550,160,2820,0,0,0,0;

misc,barrier,70,1,75,-391,70,-580,0,0,0,0;
misc,barrier,70,1,75,391,70,-580,0,0,0,0;
misc,barrier,10,1,62,0,70,-640,0,0,0,0;


custom,cuboid,stone10,10,1,11,1,0,0.3,0.3,1,1.1,0,5,0,0,0,0,0;

custom,cuboid,metal3,1,6,10,0,0,0.3,0.3,1,0.6,55,35,0,0,0,0,0;
custom,cuboid,metal3,1,6,10,0,0,0.3,0.3,1,0.6,-55,35,0,0,0,0,0;

misc,barrier,12,6,1,0,35,-55,0,0,0,0;

custom,cuboid,metal3,1,6,1,0,0,0.3,0.3,0.1,0.6,0,35,55,0,0,0,0;
custom,cuboid,metal3,10.5,1,0.98,0,0,0.3,0.3,1,0.1,0,60,55,0,0,0,0;

racing,startcuboid,10,6,0.8,0,34.5,55,0,0,0,0;

custom,cuboid,metal3,1,6,70,0,0,0.3,0.3,7,0.6,50,35,400,0,0,0,0;
custom,cylinder,metal3,1,3,1,0,0,0.3,0.3,0.1,0.3,50,35,750,0,0,0,0;
custom,cuboid,metal3,50,6,1,0,0,0.3,0.3,5,0.6,300,35,750,0,0,0,0;

custom,cuboid,metal3,40,6,1,0,0,0.3,0.3,4,0.6,250,35,850,0,0,0,0;
custom,cylinder,metal3,1,3,1,0,0,0.3,0.3,0.1,0.3,450,35,850,0,0,0,0;
custom,cuboid,metal3,1,6,50,0,0,0.3,0.3,5,0.6,450,35,1100,0,0,0,0;
custom,cylinder,metal3,1,3,1,0,0,0.3,0.3,0.1,0.3,450,35,1350,0,0,0,0;

custom,cuboid,metal3,1,6,70,0,0,0.3,0.3,7,0.6,545,35,1100,0,0,0,0;
custom,cuboid,metal3,50,6,1,0,0,0.3,0.3,5,0.6,300,35,1450,0,0,0,0;
custom,cuboid,metal3,1,6,50,0,0,0.3,0.3,5,0.6,50,35,1200,0,0,0,0;

custom,cuboid,metal3,30,6,1,0,0,0.3,0.3,3,0.6,200,35,950,0,0,0,0;
custom,cylinder,metal3,1,3,1,0,0,0.3,0.3,0.1,0.3,50,35,950,0,0,0,0;
custom,cylinder,metal3,1,3,1,0,0,0.3,0.3,0.1,0.3,350,35,950,0,0,0,0;


custom,cuboid,metal3,30,6,1,0,0,0.3,0.3,3,0.6,300,35,1350,0,0,0,0;
custom,cylinder,metal3,1,3,1,0,0,0.3,0.3,0.1,0.3,150,35,1350,0,0,0,0;

custom,cuboid,metal3,7,6,7,0,0,0.3,0.3,0.7,0.6,190,35,1310,0,0,0,0;
custom,cuboid,metal3,7,6,7,0,0,0.3,0.3,0.7,0.6,260,35,1240,0,0,0,0;
custom,cuboid,metal3,7,6,7,0,0,0.3,0.3,0.7,0.6,330,35,1170,0,0,0,0;
custom,cuboid,metal3,7,6,7,0,0,0.3,0.3,0.7,0.6,400,35,1100,0,0,0,0;
custom,cuboid,metal3,2,6,2,0,0,0.3,0.3,0.2,0.6,440,35,1060,0,0,0,0;
racing,killcuboid,2,6,40,295,34.5,1205,0,-0.3826834,0,0.9238795;

custom,cuboid,metal3,7,6,7,0,0,0.3,0.3,0.7,0.6,90,35,1210,0,0,0,0;
custom,cuboid,metal3,7,6,7,0,0,0.3,0.3,0.7,0.6,160,35,1140,0,0,0,0;
custom,cuboid,metal3,7,6,7,0,0,0.3,0.3,0.7,0.6,230,35,1070,0,0,0,0;
custom,cuboid,metal3,7,6,7,0,0,0.3,0.3,0.7,0.6,300,35,1000,0,0,0,0;
custom,cuboid,metal3,2,5.825,2,0,0,0.3,0.3,0.2,0.58,340,34.2,960,0,0,0,0;

racing,killcuboid,2,6,40,195,34.5,1105,0,-0.3826834,0,0.9238795;




custom,cuboid,metal3,1,-6,70,0,0,0.3,0.3,7,0.6,-50,35,400,0,0,0,0;
custom,cylinder,metal3,1,-3,1,0,0,0.3,0.3,0.1,0.3,-50,35,750,0,0,0,0;
custom,cuboid,metal3,50,-6,1,0,0,0.3,0.3,5,0.6,-300,35,750,0,0,0,0;

custom,cuboid,metal3,40,-6,1,0,0,0.3,0.3,4,0.6,-250,35,850,0,0,0,0;
custom,cylinder,metal3,1,-3,1,0,0,0.3,0.3,0.1,0.3,-450,35,850,0,0,0,0;
custom,cuboid,metal3,1,-6,50,0,0,0.3,0.3,5,0.6,-450,35,1100,0,0,0,0;
custom,cylinder,metal3,1,-3,1,0,0,0.3,0.3,0.1,0.3,-450,35,1350,0,0,0,0;

custom,cuboid,metal3,1,-6,70,0,0,0.3,0.3,7,0.6,-545,35,1100,0,0,0,0;
custom,cuboid,metal3,50,-6,1,0,0,0.3,0.3,5,0.6,-300,35,1450,0,0,0,0;
custom,cuboid,metal3,1,-6,50,0,0,0.3,0.3,5,0.6,-50,35,1200,0,0,0,0;

custom,cuboid,metal3,30,-6,1,0,0,0.3,0.3,3,0.6,-200,35,950,0,0,0,0;
custom,cylinder,metal3,1,-3,1,0,0,0.3,0.3,0.1,0.3,-50,35,950,0,0,0,0;
custom,cylinder,metal3,1,-3,1,0,0,0.3,0.3,0.1,0.3,-350,35,950,0,0,0,0;


custom,cuboid,metal3,30,-6,1,0,0,0.3,0.3,3,0.6,-300,35,1350,0,0,0,0;
custom,cylinder,metal3,1,-3,1,0,0,0.3,0.3,0.1,0.3,-150,35,1350,0,0,0,0;

custom,cuboid,metal3,7,-6,7,0,0,0.3,0.3,0.7,0.6,-190,35,1310,0,0,0,0;
custom,cuboid,metal3,7,-6,7,0,0,0.3,0.3,0.7,0.6,-260,35,1240,0,0,0,0;
custom,cuboid,metal3,7,-6,7,0,0,0.3,0.3,0.7,0.6,-330,35,1170,0,0,0,0;
custom,cuboid,metal3,7,-6,7,0,0,0.3,0.3,0.7,0.6,-400,35,1100,0,0,0,0;
custom,cuboid,metal3,2,-6,2,0,0,0.3,0.3,0.2,0.6,-440,35,1060,0,0,0,0;
racing,killcuboid,2,-6,40,-295,34.5,1205,-0.3826834,0,-0.9238795,0;

custom,cuboid,metal3,7,-6,7,0,0,0.3,0.3,0.7,0.6,-90,35,1210,0,0,0,0;
custom,cuboid,metal3,7,-6,7,0,0,0.3,0.3,0.7,0.6,-160,35,1140,0,0,0,0;
custom,cuboid,metal3,7,-6,7,0,0,0.3,0.3,0.7,0.6,-230,35,1070,0,0,0,0;
custom,cuboid,metal3,7,-6,7,0,0,0.3,0.3,0.7,0.6,-300,35,1000,0,0,0,0;
custom,cuboid,metal3,2,-6,2,0,0,0.3,0.3,0.2,0.6,-340,35,960,0,0,0,0;

racing,killcuboid,2,-6,40,-195,34.5,1105,-0.3826834,0,-0.9238795,0;


custom,cylinder,metal3,1,-3,1,0,0,0.3,0.3,0.1,0.3,-50,35,850,0,0,0,0;
custom,cylinder,metal3,1,-3,1,0,0,0.3,0.3,0.1,0.3,50,35,850,0,0,0,0;
racing,killcuboid,10,-6,1,0,35,850,0,0,0,0;
racing,killcuboid,3,-3,1,0,35,850,0,0,-0.3826834,0.9238795;
racing,killcuboid,2,-2,1,15,35,850,0,0,-0.3826834,0.9238795;
racing,killcuboid,2,-2,1,-15,35,850,0,0,-0.3826834,0.9238795;


custom,cylinder,metal3,1,-3,1,0,0,0.3,0.3,0.1,0.3,-50,35,1450,0,0,0,0;
custom,cylinder,metal3,1,-3,1,0,0,0.3,0.3,0.1,0.3,50,35,1450,0,0,0,0;

racing,killcylinder,1.1,-1,1.1,-50,35,1450,0,0,0,0;
racing,killcylinder,1.1,-1,1.1,50,35,1450,0,0,0,0;

custom,cuboid,metal3,10,2,1,0,0,0.3,0.3,1,0.2,0,55,1450,0,0,0,0;
custom,cuboid,metal3,10,2,1,0,0,0.3,0.3,1,0.2,0,15,1450,0,0,0,0;

racing,killcuboid,0.5,5.97,0.5,0,35,1573.5,0,0.3826834,0,0.9238795;
custom,cuboid,metal3,3.5,5.95,3.5,0,0,0,0,0.4,0.6,0,35,1595,0,0.3826834,0,0.9238795;
custom,cuboid,metal3,4.25,6,4.25,0,0,0,0,0.45,0.6,0,35,1620,0,0.3826834,0,0.9238795;
custom,cuboid,metal3,5,6.05,5,0,0,0,0,0.5,0.6,0,35,1645,0,0.3826834,0,0.9238795;

custom,cuboid,metal3,7.25,6,20,0,0,0,0,2,0.6,0,35,1745,0,0,0,0;

custom,cuboid,metal3,5,6.05,5,0,0,0,0,0.5,0.6,0,35,1845,0,0.3826834,0,0.9238795;
custom,cuboid,metal3,4.25,6,4.25,0,0,0,0,0.45,0.6,0,35,1870,0,0.3826834,0,0.9238795;
custom,cuboid,metal3,3.5,5.95,3.5,0,0,0,0,0.4,0.6,0,35,1895,0,0.3826834,0,0.9238795;

custom,cuboid,metal3,1,6,11,0,0,0,0,1.1,0.6,0,35,1970,0,0,0,0;
custom,cuboid,metal3,4.5,15,4.5,0,0,0,0,0.45,1.5,0,80,2045,0,0.3826834,0,0.9238795;


custom,cuboid,metal3,1,6,15,0,0,0,0,1.5,0.6,90,35,1516,0,0.258819,0,0.9659258;
custom,cuboid,metal3,1,6,45,0,0,0,0,4.5,0.6,127,35,1800,0,0,0,0;

custom,cuboid,metal3,10,1,2,0,0,0,0,1,0.1,78,10,1745,0,0,0,0;
custom,cuboid,metal3,10,1,2,0,0,0,0,1,0.1,78,60,1745,0,0,0,0;

custom,cuboid,metal3,10,1,1.75,0,0,0,0,1,0.1,78,15,1745,0,0,0,0;
custom,cuboid,metal3,10,1,1.75,0,0,0,0,1,0.1,78,55,1745,0,0,0,0;

custom,cuboid,metal3,10,1,1.25,0,0,0,0,1,0.1,78,20,1745,0,0,0,0;
custom,cuboid,metal3,10,1,1.25,0,0,0,0,1,0.1,78,50,1745,0,0,0,0;

racing,killcuboid,9.9,1.05,1.2,78,20,1745,0,0,0,0;
racing,killcuboid,9.9,1.05,1.2,78,50,1745,0,0,0,0;





custom,cuboid,metal3,1,15,25,0,0,0,0,2.5,1.5,127,80,2150,0,0,0,0;
custom,cuboid,metal3,10,15,1,0,0,0,0,2.5,1.5,85,80,2200,0,0,0,0;





custom,cuboid,metal3,1,-6,15,0,0,0,0,1.5,0.6,-90,35,1516,0.258819,0,-0.9659258,0;
custom,cuboid,metal3,1,-6,45,0,0,0,0,4.5,0.6,-127,35,1800,0,0,0,0;

custom,cuboid,metal3,10,-1,2,0,0,0,0,1,0.1,-78,10,1745,0,0,0,0;
custom,cuboid,metal3,10,-1,2,0,0,0,0,1,0.1,-78,60,1745,0,0,0,0;

custom,cuboid,metal3,10,-1,1.75,0,0,0,0,1,0.1,-78,15,1745,0,0,0,0;
custom,cuboid,metal3,10,-1,1.75,0,0,0,0,1,0.1,-78,55,1745,0,0,0,0;

custom,cuboid,metal3,10,-1,1.25,0,0,0,0,1,0.1,-78,20,1745,0,0,0,0;
custom,cuboid,metal3,10,-1,1.25,0,0,0,0,1,0.1,-78,50,1745,0,0,0,0;

racing,killcuboid,9.9,-1.05,1.2,-78,20,1745,0,0,0,0;
racing,killcuboid,9.9,-1.05,1.2,-78,50,1745,0,0,0,0;





custom,cuboid,metal3,1,-15,25,0,0,0,0,2.5,1.5,-127,80,2150,0,0,0,0;
custom,cuboid,metal3,10,-15,1,0,0,0,0,1,1.5,-85,80,2200,0,0,0,0;

custom,cuboid,metal3,10,9,1,0,0,0,0,1,0.9,-0,45,2200,0,0,0,0;

custom,cuboid,metal3,26,9,1,0,0,0,0,2.6,0.9,-0,110,2030,0,0,0,0;
custom,cylinder,metal3,1,13,1,0,0,0,0,0.1,1.3,0,65,2030,-0.5,-0.5,-0.5,0.5;


custom,cuboid,metal3,1,6,40,0,0,0,0,4,0.6,-40,125,2400,0,0,0,0;
custom,cuboid,metal3,1,6,40,0,0,0,0,4,0.6,40,125,2400,0,0,0,0;

custom,cuboid,stone10,8,1.05,40,1,0,0.3,0.3,0.8,4,0,90,2400,0,0,0,0;

custom,cuboid,stone10,48,1.05,40,1,0,0.3,0.3,4.8,4,0,90,2800,0,0,0,0;

custom,cylinder,metal3,1,4,1,0,0,0,0,0.1,0.4,0,90,2200,-0.5,-0.5,-0.5,0.5;
custom,cylinder,metal3,1,3.25,1,0,0,0,0,0.1,0.325,37,122.5,2199,0,0,0,0;
custom,cylinder,metal3,1,3.25,1,0,0,0,0,0.1,0.325,-37,122.5,2199,0,0,0,0;

custom,cylinder,metal3,1,3,1,0,0,0,0,0.1,0.3,40,125,2600,0,0,0,0;
custom,cylinder,metal3,1,3,1,0,0,0,0,0.1,0.3,-40,125,2600,0,0,0,0;


custom,cuboid,metal3,8,6,18,0,0,0.3,0.3,1.8,0.6,0,125,2800,0,0.3826834,0,0.9238795;
custom,cuboid,metal3,8,6,18,0,0,0.3,0.3,1.8,0.6,0,125,2800,0,0.9238795,0,0.3826834;

custom,cylinder,metal3,8.12,3,8.12,0,0,0.3,0.3,1.8,0.6,60,125,2740,0,0,0,0;
custom,cylinder,metal3,8.12,3,8.12,0,0,0.3,0.3,1.8,0.6,-60,125,2740,0,0,0,0;

custom,cylinder,metal3,8.12,3,8.12,0,0,0.3,0.3,1.8,0.6,60,125,2860,0,0,0,0;
custom,cylinder,metal3,8.12,3,8.12,0,0,0.3,0.3,1.8,0.6,-60,125,2860,0,0,0,0;

racing,killcylinder,20,2.98,20,0,125,2800,0,0,0,0;
racing,killcylinder,20,1.98,20,0,125,2800,0,0,0,0;
racing,killcylinder,20,0.98,20,0,125,2800,0,0,0,0;

racing,checkpointcuboid,7,6,2,0,125,2450,0,0,0,0;

custom,cuboid,metal3,20,6,1,0,0,0.3,0.3,2,0.6,140,125,2600,0,0,0,0;
custom,cuboid,metal3,20,6,1,0,0,0.3,0.3,2,0.6,-140,125,2600,0,0,0,0;

custom,cuboid,metal3,20,6,1,0,0,0.3,0.3,2,0.6,140,125,2860,0,0,0,0;
custom,cuboid,metal3,20,6,1,0,0,0.3,0.3,2,0.6,-140,125,2860,0,0,0,0;

custom,cuboid,metal3,1,6,17,0,0,0.3,0.3,1.7,0.6,240,125,2690,0,0,0,0;
custom,cuboid,metal3,1,6,17,0,0,0.3,0.3,1.7,0.6,-240,125,2690,0,0,0,0;

custom,cylinder,metal3,1,3,1,0,0,0.3,0.3,0.1,0.3,240,125,2775,0,0,0,0;
custom,cylinder,metal3,1,3,1,0,0,0.3,0.3,0.1,0.3,-240,125,2775,0,0,0,0;

racing,killcuboid,4,6,17,215,125,2690,0,0,0,0;
racing,killcuboid,4,6,17,-215,125,2690,0,0,0,0;

racing,killcuboid,2,6,13,185,125,2670,0,0,0,0;
racing,killcuboid,2,6,13,-185,125,2670,0,0,0,0;


custom,cuboid,metal3,60,6,1,0,0,0.3,0.3,6,0.6,540,125,2860,0,0,0,0;
custom,cuboid,metal3,40,6,1,0,0,0.3,0.3,4,0.6,440,125,2775,0,0,0,0;
custom,cuboid,metal3,10,6,1,0,0,0.3,0.3,1,0.6,790,125,2775,0,0,0,0;

custom,cuboid,metal3,3,6,8,0,0,0.3,0.3,0.8,0.6,825,125,2817.5,0,0,0,0;
racing,killcuboid,3,6,8,790,125,2817.5,0,0,0,0;

custom,cuboid,stone10,60,1.05,8,1,0,0.3,0.3,6,0.8,540,90,2817.5,0,0,0,0;

custom,cylinder,metal3,1,9,1,0,0,0.3,0.3,0.1,0.9,740,85,2775,0,0,0,0;
custom,cylinder,metal3,1,9,1,0,0,0.3,0.3,0.1,0.9,640,85,2775,0,0,0,0;

custom,cuboid,metal3,1,16,20,0,0,0.3,0.3,2,1.6,640,81,2675,0,0,0,0;
custom,cuboid,metal3,1,16,20,0,0,0.3,0.3,2,1.6,740,81,2675,0,0,0,0;


custom,cuboid,stone10,0.5,-1.5,10,1,0,0.3,0.3,1,0.15,690,2,2605,-0.2705981,-0.6532815,-0.2705981,-0.6532815;
custom,cuboid,stone10,0.5,-1.5,10,1,0,0.3,0.3,1,0.15,690,7,2615,-0.2705981,-0.6532815,-0.2705981,-0.6532815;
custom,cuboid,stone10,0.5,-1.5,10,1,0,0.3,0.3,1,0.15,690,12,2625,-0.2705981,-0.6532815,-0.2705981,-0.6532815;
custom,cuboid,stone10,0.5,-1.5,10,1,0,0.3,0.3,1,0.15,690,17,2635,-0.2705981,-0.6532815,-0.2705981,-0.6532815;
custom,cuboid,stone10,0.5,-1.5,10,1,0,0.3,0.3,1,0.15,690,22,2645,-0.2705981,-0.6532815,-0.2705981,-0.6532815;
custom,cuboid,stone10,0.5,-1.5,10,1,0,0.3,0.3,1,0.15,690,27,2655,-0.2705981,-0.6532815,-0.2705981,-0.6532815;
custom,cuboid,stone10,0.5,-1.5,10,1,0,0.3,0.3,1,0.15,690,32,2665,-0.2705981,-0.6532815,-0.2705981,-0.6532815;
custom,cuboid,stone10,0.5,-1.5,10,1,0,0.3,0.3,1,0.15,690,37,2675,-0.2705981,-0.6532815,-0.2705981,-0.6532815;
custom,cuboid,stone10,0.5,-1.5,10,1,0,0.3,0.3,1,0.15,690,42,2685,-0.2705981,-0.6532815,-0.2705981,-0.6532815;
custom,cuboid,stone10,0.5,-1.5,10,1,0,0.3,0.3,1,0.15,690,47,2695,-0.2705981,-0.6532815,-0.2705981,-0.6532815;
custom,cuboid,stone10,0.5,-1.5,10,1,0,0.3,0.3,1,0.15,690,52,2705,-0.2705981,-0.6532815,-0.2705981,-0.6532815;
custom,cuboid,stone10,0.5,-1.5,10,1,0,0.3,0.3,1,0.15,690,57,2715,-0.2705981,-0.6532815,-0.2705981,-0.6532815;
custom,cuboid,stone10,0.5,-1.5,10,1,0,0.3,0.3,1,0.15,690,62,2725,-0.2705981,-0.6532815,-0.2705981,-0.6532815;
custom,cuboid,stone10,0.5,-1.5,10,1,0,0.3,0.3,1,0.15,690,67,2735,-0.2705981,-0.6532815,-0.2705981,-0.6532815;
custom,cuboid,stone10,0.5,-1.5,10,1,0,0.3,0.3,1,0.15,690,72,2745,-0.2705981,-0.6532815,-0.2705981,-0.6532815;
custom,cuboid,stone10,0.5,-1.5,10,1,0,0.3,0.3,1,0.15,690,77,2755,-0.2705981,-0.6532815,-0.2705981,-0.6532815;
custom,cuboid,stone10,0.5,-1.5,10,1,0,0.3,0.3,1,0.15,690,82,2765,-0.2705981,-0.6532815,-0.2705981,-0.6532815;
custom,cuboid,stone10,0.5,-1.5,10,1,0,0.3,0.3,1,0.15,690,87,2775,-0.2705981,-0.6532815,-0.2705981,-0.6532815;

custom,cuboid,stone10,0.5,-1.5,10,1,0,0.3,0.3,1,0.15,690,70,2585,-0.2705981,-0.6532815,-0.2705981,-0.6532815;
custom,cuboid,stone10,0.5,-1.5,10,1,0,0.3,0.3,1,0.15,690,75,2595,-0.2705981,-0.6532815,-0.2705981,-0.6532815;
custom,cuboid,stone10,0.5,-1.5,10,1,0,0.3,0.3,1,0.15,690,80,2605,-0.2705981,-0.6532815,-0.2705981,-0.6532815;
custom,cuboid,stone10,0.5,-1.5,10,1,0,0.3,0.3,1,0.15,690,85,2615,-0.2705981,-0.6532815,-0.2705981,-0.6532815;
custom,cuboid,stone10,0.5,-1.5,10,1,0,0.3,0.3,1,0.15,690,90,2625,-0.2705981,-0.6532815,-0.2705981,-0.6532815;
custom,cuboid,stone10,0.5,-1.5,10,1,0,0.3,0.3,1,0.15,690,95,2635,-0.2705981,-0.6532815,-0.2705981,-0.6532815;
custom,cuboid,stone10,0.5,-1.5,10,1,0,0.3,0.3,1,0.15,690,100,2645,-0.2705981,-0.6532815,-0.2705981,-0.6532815;
custom,cuboid,stone10,0.5,-1.5,10,1,0,0.3,0.3,1,0.15,690,105,2655,-0.2705981,-0.6532815,-0.2705981,-0.6532815;
custom,cuboid,stone10,0.5,-1.5,10,1,0,0.3,0.3,1,0.15,690,110,2665,-0.2705981,-0.6532815,-0.2705981,-0.6532815;
custom,cuboid,stone10,0.5,-1.5,10,1,0,0.3,0.3,1,0.15,690,115,2675,-0.2705981,-0.6532815,-0.2705981,-0.6532815;
custom,cuboid,stone10,0.5,-1.5,10,1,0,0.3,0.3,1,0.15,690,120,2685,-0.2705981,-0.6532815,-0.2705981,-0.6532815;
custom,cuboid,stone10,0.5,-1.5,10,1,0,0.3,0.3,1,0.15,690,125,2695,-0.2705981,-0.6532815,-0.2705981,-0.6532815;
custom,cuboid,stone10,0.5,-1.5,10,1,0,0.3,0.3,1,0.15,690,130,2705,-0.2705981,-0.6532815,-0.2705981,-0.6532815;
custom,cuboid,stone10,0.5,-1.5,10,1,0,0.3,0.3,1,0.15,690,135,2715,-0.2705981,-0.6532815,-0.2705981,-0.6532815;
custom,cuboid,stone10,0.5,-1.5,10,1,0,0.3,0.3,1,0.15,690,140,2725,-0.2705981,-0.6532815,-0.2705981,-0.6532815;
custom,cuboid,stone10,0.5,-1.5,10,1,0,0.3,0.3,1,0.15,690,145,2735,-0.2705981,-0.6532815,-0.2705981,-0.6532815;
custom,cuboid,stone10,0.5,-1.5,10,1,0,0.3,0.3,1,0.15,690,150,2745,-0.2705981,-0.6532815,-0.2705981,-0.6532815;
custom,cuboid,stone10,0.5,-1.5,10,1,0,0.3,0.3,1,0.15,690,155,2755,-0.2705981,-0.6532815,-0.2705981,-0.6532815;
custom,cuboid,stone10,0.5,-1.5,10,1,0,0.3,0.3,1,0.15,690,160,2765,-0.2705981,-0.6532815,-0.2705981,-0.6532815;
custom,cuboid,stone10,0.5,-1.5,10,1,0,0.3,0.3,1,0.15,690,165,2775,-0.2705981,-0.6532815,-0.2705981,-0.6532815;

custom,cuboid,metal3,1,6,50,0,0,0.3,0.3,5,0.6,740,35,2325,0,0,0,0;
custom,cuboid,metal3,1,6,50,0,0,0.3,0.3,5,0.6,640,35,2325,0,0,0,0;
custom,cylinder,metal3,1,3,1,0,0,0.3,0.3,0.1,0.3,740,35,2075,0,0,0,0;
custom,cylinder,metal3,1,3,1,0,0,0.3,0.3,0.1,0.3,640,35,2075,0,0,0,0;


custom,cuboid,metal3,2,6,80,0,0,0.3,0.3,8,0.6,755,35,1675,0,0,0,0;
custom,cuboid,metal3,2,6,80,0,0,0.3,0.3,8,0.6,625,35,1675,0,0,0,0;

custom,cuboid,metal3,6,6,2,0,0,0.3,0.3,0.6,0.6,717.5,35,1975,0,0,0,0;
custom,cylinder,metal3,2.1,3,2.1,0,0,0.3,0.3,0.2,0.3,690,35,1975,0,0,0,0;

custom,cuboid,metal3,6,6,2,0,0,0.3,0.3,0.6,0.6,662.5,35,1875,0,0,0,0;
custom,cylinder,metal3,2.1,3,2.1,0,0,0.3,0.3,0.2,0.3,690,35,1875,0,0,0,0;

custom,cuboid,metal3,6,6,2,0,0,0.3,0.3,0.6,0.6,717.5,35,1775,0,0,0,0;
custom,cylinder,metal3,2.1,3,2.1,0,0,0.3,0.3,0.2,0.3,690,35,1775,0,0,0,0;

custom,cuboid,metal3,6,6,2,0,0,0.3,0.3,0.6,0.6,662.5,35,1675,0,0,0,0;
custom,cylinder,metal3,2.1,3,2.1,0,0,0.3,0.3,0.2,0.3,690,35,1675,0,0,0,0;

custom,cuboid,metal3,6,6,2,0,0,0.3,0.3,0.6,0.6,717.5,35,1575,0,0,0,0;
custom,cylinder,metal3,2.1,3,2.1,0,0,0.3,0.3,0.2,0.3,690,35,1575,0,0,0,0;

custom,cuboid,metal3,6,6,2,0,0,0.3,0.3,0.6,0.6,662.5,35,1475,0,0,0,0;
custom,cylinder,metal3,2.1,3,2.1,0,0,0.3,0.3,0.2,0.3,690,35,1475,0,0,0,0;

custom,cuboid,metal3,6,6,2,0,0,0.3,0.3,0.6,0.6,717.5,35,1375,0,0,0,0;
custom,cylinder,metal3,2.1,3,2.1,0,0,0.3,0.3,0.2,0.3,690,35,1375,0,0,0,0;

custom,cylinder,metal3,1,3,1,0,0,0.3,0.3,0.1,0.3,740,35,1275,0,0,0,0;
custom,cylinder,metal3,1,3,1,0,0,0.3,0.3,0.1,0.3,640,35,1275,0,0,0,0;

custom,cuboid,metal3,1,6,50,0,0,0.3,0.3,5,0.6,740,35,1025,0,0,0,0;
custom,cuboid,metal3,1,6,50,0,0,0.3,0.3,5,0.6,640,35,1025,0,0,0,0;

custom,cylinder,metal3,1,3,1,0,0,0.3,0.3,0.1,0.3,730,35,775,0,0,0,0;
custom,cylinder,metal3,1,3,1,0,0,0.3,0.3,0.1,0.3,650,35,775,0,0,0,0;

custom,cuboid,metal3,1,6,50,0,0,0.3,0.3,5,0.6,730,35,525,0,0,0,0;
custom,cuboid,metal3,1,6,50,0,0,0.3,0.3,5,0.6,650,35,525,0,0,0,0;

custom,cuboid,metal3,4,3,50,0,0,0.3,0.3,5,0.4,710,20,525,0,0,0,0;
custom,cuboid,metal3,4,3,50,0,0,0.3,0.3,5,0.4,670,50,525,0,0,0,0;

custom,cuboid,metal3,3.98,-2.98,1,0,0,0.3,0.3,0.4,0.3,670,50,770.5,0,0,0,0;
custom,cuboid,metal3,3.98,-2.98,1,0,0,0.3,0.3,0.4,0.3,710,20,770.5,0,0,0,0;

custom,cuboid,metal3,3.98,-2.98,1,0,0,0.3,0.3,0.4,0.3,670,50,279.5,0,0,0,0;
custom,cuboid,metal3,3.98,-2.98,1,0,0,0.3,0.3,0.4,0.3,710,20,279.5,0,0,0,0;

custom,cuboid,metal3,3.98,-0.2,49.98,0,0,0.3,0.3,0.4,5,670,35.8,525,0,0,0,0;
custom,cuboid,metal3,3.98,-0.2,49.98,0,0,0.3,0.3,0.4,5,710,34.2,525,0,0,0,0;

racing,killcuboid,3.98,0.2,49.99,710,34.5,525,0,0,0,0;
racing,killcuboid,3.98,0.2,49.99,670,35.5,525,0,0,0,0;
racing,killcuboid,0.08,0.08,50.125,690,35,525,0,0,-0.3826834,0.9238795;
racing,killcuboid,0.1,3.98,49.99,689.9,55,525,0,0,0,0;
racing,killcuboid,0.1,3.98,49.99,690.1,15,525,0,0,0,0;

custom,cuboid,metal3,9,1,50,0,0,0.3,0.3,0.9,5,690,70,525,0,0,0,0;





custom,cuboid,metal3,60,-6,1,0,0,0.3,0.3,6,0.6,-540,125,2860,0,0,0,0;
custom,cuboid,metal3,40,-6,1,0,0,0.3,0.3,4,0.6,-440,125,2775,0,0,0,0;
custom,cuboid,metal3,10,-6,1,0,0,0.3,0.3,1,0.6,-790,125,2775,0,0,0,0;

custom,cuboid,metal3,3,-6,8,0,0,0.3,0.3,0.8,0.6,-825,125,2817.5,0,0,0,0;
racing,killcuboid,3,-6,8,-790,125,2817.5,0,0,0,0;

custom,cuboid,stone10,60,-1.05,8,1,0,0.3,0.3,6,0.8,-540,90,2817.5,0,0,0,0;

custom,cylinder,metal3,1,-9,1,0,0,0.3,0.3,0.1,0.9,-740,85,2775,0,0,0,0;
custom,cylinder,metal3,1,-9,1,0,0,0.3,0.3,0.1,0.9,-640,85,2775,0,0,0,0;

custom,cuboid,metal3,1,-16,20,0,0,0.3,0.3,2,1.6,-640,81,2675,0,0,0,0;
custom,cuboid,metal3,1,-16,20,0,0,0.3,0.3,2,1.6,-740,81,2675,0,0,0,0;


custom,cuboid,stone10,0.5,1.5,10,1,0,0.3,0.3,1,0.15,-690,2,2605,-0.6532815,-0.2705981,0.6532815,0.2705981;
custom,cuboid,stone10,0.5,1.5,10,1,0,0.3,0.3,1,0.15,-690,7,2615,-0.6532815,-0.2705981,0.6532815,0.2705981;
custom,cuboid,stone10,0.5,1.5,10,1,0,0.3,0.3,1,0.15,-690,12,2625,-0.6532815,-0.2705981,0.6532815,0.2705981;
custom,cuboid,stone10,0.5,1.5,10,1,0,0.3,0.3,1,0.15,-690,17,2635,-0.6532815,-0.2705981,0.6532815,0.2705981;
custom,cuboid,stone10,0.5,1.5,10,1,0,0.3,0.3,1,0.15,-690,22,2645,-0.6532815,-0.2705981,0.6532815,0.2705981;
custom,cuboid,stone10,0.5,1.5,10,1,0,0.3,0.3,1,0.15,-690,27,2655,-0.6532815,-0.2705981,0.6532815,0.2705981;
custom,cuboid,stone10,0.5,1.5,10,1,0,0.3,0.3,1,0.15,-690,32,2665,-0.6532815,-0.2705981,0.6532815,0.2705981;
custom,cuboid,stone10,0.5,1.5,10,1,0,0.3,0.3,1,0.15,-690,37,2675,-0.6532815,-0.2705981,0.6532815,0.2705981;
custom,cuboid,stone10,0.5,1.5,10,1,0,0.3,0.3,1,0.15,-690,42,2685,-0.6532815,-0.2705981,0.6532815,0.2705981;
custom,cuboid,stone10,0.5,1.5,10,1,0,0.3,0.3,1,0.15,-690,47,2695,-0.6532815,-0.2705981,0.6532815,0.2705981;
custom,cuboid,stone10,0.5,1.5,10,1,0,0.3,0.3,1,0.15,-690,52,2705,-0.6532815,-0.2705981,0.6532815,0.2705981;
custom,cuboid,stone10,0.5,1.5,10,1,0,0.3,0.3,1,0.15,-690,57,2715,-0.6532815,-0.2705981,0.6532815,0.2705981;
custom,cuboid,stone10,0.5,1.5,10,1,0,0.3,0.3,1,0.15,-690,62,2725,-0.6532815,-0.2705981,0.6532815,0.2705981;
custom,cuboid,stone10,0.5,1.5,10,1,0,0.3,0.3,1,0.15,-690,67,2735,-0.6532815,-0.2705981,0.6532815,0.2705981;
custom,cuboid,stone10,0.5,1.5,10,1,0,0.3,0.3,1,0.15,-690,72,2745,-0.6532815,-0.2705981,0.6532815,0.2705981;
custom,cuboid,stone10,0.5,1.5,10,1,0,0.3,0.3,1,0.15,-690,77,2755,-0.6532815,-0.2705981,0.6532815,0.2705981;
custom,cuboid,stone10,0.5,1.5,10,1,0,0.3,0.3,1,0.15,-690,82,2765,-0.6532815,-0.2705981,0.6532815,0.2705981;
custom,cuboid,stone10,0.5,1.5,10,1,0,0.3,0.3,1,0.15,-690,87,2775,-0.6532815,-0.2705981,0.6532815,0.2705981;

custom,cuboid,stone10,0.5,-1.5,10,1,0,0.3,0.3,1,0.15,-690,70,2585,-0.2705981,-0.6532815,-0.2705981,-0.6532815;
custom,cuboid,stone10,0.5,1.5,10,1,0,0.3,0.3,1,0.15,-690,75,2595,-0.6532815,-0.2705981,0.6532815,0.2705981;
custom,cuboid,stone10,0.5,1.5,10,1,0,0.3,0.3,1,0.15,-690,80,2605,-0.6532815,-0.2705981,0.6532815,0.2705981;
custom,cuboid,stone10,0.5,1.5,10,1,0,0.3,0.3,1,0.15,-690,85,2615,-0.6532815,-0.2705981,0.6532815,0.2705981;
custom,cuboid,stone10,0.5,1.5,10,1,0,0.3,0.3,1,0.15,-690,90,2625,-0.6532815,-0.2705981,0.6532815,0.2705981;
custom,cuboid,stone10,0.5,1.5,10,1,0,0.3,0.3,1,0.15,-690,95,2635,-0.6532815,-0.2705981,0.6532815,0.2705981;
custom,cuboid,stone10,0.5,1.5,10,1,0,0.3,0.3,1,0.15,-690,100,2645,-0.6532815,-0.2705981,0.6532815,0.2705981;
custom,cuboid,stone10,0.5,1.5,10,1,0,0.3,0.3,1,0.15,-690,105,2655,-0.6532815,-0.2705981,0.6532815,0.2705981;
custom,cuboid,stone10,0.5,1.5,10,1,0,0.3,0.3,1,0.15,-690,110,2665,-0.6532815,-0.2705981,0.6532815,0.2705981;
custom,cuboid,stone10,0.5,1.5,10,1,0,0.3,0.3,1,0.15,-690,115,2675,-0.6532815,-0.2705981,0.6532815,0.2705981;
custom,cuboid,stone10,0.5,1.5,10,1,0,0.3,0.3,1,0.15,-690,120,2685,-0.6532815,-0.2705981,0.6532815,0.2705981;
custom,cuboid,stone10,0.5,1.5,10,1,0,0.3,0.3,1,0.15,-690,125,2695,-0.6532815,-0.2705981,0.6532815,0.2705981;
custom,cuboid,stone10,0.5,1.5,10,1,0,0.3,0.3,1,0.15,-690,130,2705,-0.6532815,-0.2705981,0.6532815,0.2705981;
custom,cuboid,stone10,0.5,1.5,10,1,0,0.3,0.3,1,0.15,-690,135,2715,-0.6532815,-0.2705981,0.6532815,0.2705981;
custom,cuboid,stone10,0.5,1.5,10,1,0,0.3,0.3,1,0.15,-690,140,2725,-0.6532815,-0.2705981,0.6532815,0.2705981;
custom,cuboid,stone10,0.5,1.5,10,1,0,0.3,0.3,1,0.15,-690,145,2735,-0.6532815,-0.2705981,0.6532815,0.2705981;
custom,cuboid,stone10,0.5,1.5,10,1,0,0.3,0.3,1,0.15,-690,150,2745,-0.6532815,-0.2705981,0.6532815,0.2705981;
custom,cuboid,stone10,0.5,1.5,10,1,0,0.3,0.3,1,0.15,-690,155,2755,-0.6532815,-0.2705981,0.6532815,0.2705981;
custom,cuboid,stone10,0.5,1.5,10,1,0,0.3,0.3,1,0.15,-690,160,2765,-0.6532815,-0.2705981,0.6532815,0.2705981;
custom,cuboid,stone10,0.5,1.5,10,1,0,0.3,0.3,1,0.15,-690,165,2775,-0.6532815,-0.2705981,0.6532815,0.2705981;

custom,cuboid,metal3,1,-6,50,0,0,0.3,0.3,5,0.6,-740,35,2325,0,0,0,0;
custom,cuboid,metal3,1,-6,50,0,0,0.3,0.3,5,0.6,-640,35,2325,0,0,0,0;
custom,cylinder,metal3,1,-3,1,0,0,0.3,0.3,0.1,0.3,-740,35,2075,0,0,0,0;
custom,cylinder,metal3,1,-3,1,0,0,0.3,0.3,0.1,0.3,-640,35,2075,0,0,0,0;


custom,cuboid,metal3,2,-6,80,0,0,0.3,0.3,8,0.6,-755,35,1675,0,0,0,0;
custom,cuboid,metal3,2,-6,80,0,0,0.3,0.3,8,0.6,-625,35,1675,0,0,0,0;

custom,cuboid,metal3,6,-6,2,0,0,0.3,0.3,0.6,0.6,-717.5,35,1975,0,0,0,0;
custom,cylinder,metal3,2.1,-3,2.1,0,0,0.3,0.3,0.2,0.3,-690,35,1975,0,0,0,0;

custom,cuboid,metal3,6,-6,2,0,0,0.3,0.3,0.6,0.6,-662.5,35,1875,0,0,0,0;
custom,cylinder,metal3,2.1,-3,2.1,0,0,0.3,0.3,0.2,0.3,-690,35,1875,0,0,0,0;

custom,cuboid,metal3,6,-6,2,0,0,0.3,0.3,0.6,0.6,-717.5,35,1775,0,0,0,0;
custom,cylinder,metal3,2.1,-3,2.1,0,0,0.3,0.3,0.2,0.3,-690,35,1775,0,0,0,0;

custom,cuboid,metal3,6,-6,2,0,0,0.3,0.3,0.6,0.6,-662.5,35,1675,0,0,0,0;
custom,cylinder,metal3,2.1,-3,2.1,0,0,0.3,0.3,0.2,0.3,-690,35,1675,0,0,0,0;

custom,cuboid,metal3,6,-6,2,0,0,0.3,0.3,0.6,0.6,-717.5,35,1575,0,0,0,0;
custom,cylinder,metal3,2.1,-3,2.1,0,0,0.3,0.3,0.2,0.3,-690,35,1575,0,0,0,0;

custom,cuboid,metal3,6,-6,2,0,0,0.3,0.3,0.6,0.6,-662.5,35,1475,0,0,0,0;
custom,cylinder,metal3,2.1,-3,2.1,0,0,0.3,0.3,0.2,0.3,-690,35,1475,0,0,0,0;

custom,cuboid,metal3,6,-6,2,0,0,0.3,0.3,0.6,0.6,-717.5,35,1375,0,0,0,0;
custom,cylinder,metal3,2.1,-3,2.1,0,0,0.3,0.3,0.2,0.3,-690,35,1375,0,0,0,0;

custom,cylinder,metal3,1,-3,1,0,0,0.3,0.3,0.1,0.3,-740,35,1275,0,0,0,0;
custom,cylinder,metal3,1,-3,1,0,0,0.3,0.3,0.1,0.3,-640,35,1275,0,0,0,0;

custom,cuboid,metal3,1,-6,50,0,0,0.3,0.3,5,0.6,-740,35,1025,0,0,0,0;
custom,cuboid,metal3,1,-6,50,0,0,0.3,0.3,5,0.6,-640,35,1025,0,0,0,0;

custom,cylinder,metal3,1,-3,1,0,0,0.3,0.3,0.1,0.3,-730,35,775,0,0,0,0;
custom,cylinder,metal3,1,-3,1,0,0,0.3,0.3,0.1,0.3,-650,35,775,0,0,0,0;

custom,cuboid,metal3,1,-6,50,0,0,0.3,0.3,5,0.6,-730,35,525,0,0,0,0;
custom,cuboid,metal3,1,-6,50,0,0,0.3,0.3,5,0.6,-650,35,525,0,0,0,0;

custom,cuboid,metal3,4,-3,50,0,0,0.3,0.3,5,0.4,-710,20,525,0,0,0,0;
custom,cuboid,metal3,4,-3,50,0,0,0.3,0.3,5,0.4,-670,50,525,0,0,0,0;

custom,cuboid,metal3,3.98,-2.98,1,0,0,0.3,0.3,0.4,0.3,-670,50,770.5,0,0,0,0;
custom,cuboid,metal3,3.98,-2.98,1,0,0,0.3,0.3,0.4,0.3,-710,20,770.5,0,0,0,0;

custom,cuboid,metal3,3.98,-2.98,1,0,0,0.3,0.3,0.4,0.3,-670,50,279.5,0,0,0,0;
custom,cuboid,metal3,3.98,-2.98,1,0,0,0.3,0.3,0.4,0.3,-710,20,279.5,0,0,0,0;

custom,cuboid,metal3,3.98,-0.2,49.98,0,0,0.3,0.3,0.4,5,-670,35.8,525,0,0,0,0;
custom,cuboid,metal3,3.98,-0.2,49.98,0,0,0.3,0.3,0.4,5,-710,34.2,525,0,0,0,0;

racing,killcuboid,3.98,-0.2,49.99,-710,34.5,525,0,0,0,0;
racing,killcuboid,3.98,-0.2,49.99,-670,35.5,525,0,0,0,0;
racing,killcuboid,0.08,-0.08,50.125,-690,35,525,0,0,-0.9238795,0.3826834;
racing,killcuboid,0.1,3.98,49.99,-689.9,55,525,0,0,0,0;
racing,killcuboid,0.1,3.98,49.99,-690.1,15,525,0,0,0,0;

custom,cuboid,metal3,9,-1,50,0,0,0.3,0.3,0.9,5,-690,70,525,0,0,0,0;



custom,cylinder,metal3,3,4.5,3,0,1,1,1,0.3,0.45,-220,50,2615,0,0,0,0;
custom,cylinder,metal3,3,4.5,3,0,1,1,1,0.3,0.45,220,50,2615,0,0,0,0;

custom,cylinder,metal3,3,4.5,3,0,1,1,1,0.3,0.45,-220,50,2915,0,0,0,0;
custom,cylinder,metal3,3,4.5,3,0,1,1,1,0.3,0.45,220,50,2915,0,0,0,0;

custom,cylinder,metal3,3,4.5,3,0,1,1,1,0.3,0.45,-20,50,2615,0,0,0,0;
custom,cylinder,metal3,3,4.5,3,0,1,1,1,0.3,0.45,20,50,2615,0,0,0,0;

custom,cylinder,metal3,3,4.5,3,0,1,1,1,0.3,0.45,-20,50,2915,0,0,0,0;
custom,cylinder,metal3,3,4.5,3,0,1,1,1,0.3,0.45,20,50,2915,0,0,0,0;



racing,killcuboid,9,6,1,0,35,-920,0,0,0,0;
racing,killcuboid,1,3,3,0,35,-920,-0.270598,0.6532815,0.270598,0.6532815;
racing,killcuboid,1,1.5,1.5,0,35,-920,-0.270598,0.6532815,0.270598,0.6532815;

custom,cylinder,metal3,1,3,1,0,0,0.3,0.3,0.1,0.3,45,35,-920,0,0,0,0;
custom,cylinder,metal3,1,3,1,0,0,0.3,0.3,0.1,0.3,-45,35,-920,0,0,0,0;


custom,cylinder,metal3,1,3,1,0,0,0.3,0.3,0.1,0.3,740,35,275,0,0,0,0;
custom,cylinder,metal3,1,3,1,0,0,0.3,0.3,0.1,0.3,640,35,275,0,0,0,0;

custom,cuboid,metal3,1,6,50,0,0,0.3,0.3,5,0.6,740,35,25,0,0,0,0;
custom,cuboid,metal3,1,6,50,0,0,0.3,0.3,5,0.6,640,35,25,0,0,0,0;


custom,cuboid,metal3,60,6,1,0,0,0.3,0.3,6,0.6,342,35,-225,0,0,0,0;

custom,cuboid,metal3,1,6,50,0,0,0.3,0.3,5,0.6,640,35,-475,0,0,0,0;
custom,cuboid,metal3,1,6,60,0,0,0.3,0.3,6,0.6,740,35,-525,0,0,0,0;
custom,cuboid,metal3,1,6,60,0,0,0.3,0.3,6,0.6,45,35,-525,0,0,0,0;

custom,cuboid,metal3,60,6,1,0,0,0.3,0.3,6,0.6,445,35,-825,0,0,0,0;

custom,cylinder,metal3,1,3,1,0,0,0.3,0.3,0.1,0.3,45,35,-825,0,0,0,0;
custom,cylinder,metal3,1,3,1,0,0,0.3,0.3,0.1,0.3,145,35,-825,0,0,0,0;

custom,cuboid,metal3,1,6,10,0,0,0.3,0.3,1,0.6,145,35,-875,0,0,0,0;
custom,cuboid,metal3,10,6,1,0,0,0.3,0.3,1,0.6,95,35,-920,0,0,0,0;

custom,cylinder,metal3,1,3,1,0,0,0.3,0.3,0.1,0.3,640,35,-725,0,0,0,0;

custom,cylinder,metal3,1,3,1,0,0,0.3,0.3,0.1,0.3,540,35,-325,0,0,0,0;
custom,cuboid,metal3,1,6,50,0,0,0.3,0.3,5,0.6,540,35,-575,0,0,0,0;


custom,cuboid,metal3,40,6,1,0,0,0.3,0.3,4,0.6,340,35,-325,0,0,0,0;
custom,cylinder,metal3,1,3,1,0,0,0.3,0.3,0.1,0.3,140,35,-325,0,0,0,0;

custom,cuboid,metal3,40,6,1,0,0,0.3,0.3,4,0.6,240,35,-425,0,0,0,0;
custom,cylinder,metal3,1,3,1,0,0,0.3,0.3,0.1,0.3,440,35,-425,0,0,0,0;

custom,cuboid,metal3,40,6,1,0,0,0.3,0.3,4,0.6,340,35,-525,0,0,0,0;
custom,cylinder,metal3,1,3,1,0,0,0.3,0.3,0.1,0.3,140,35,-525,0,0,0,0;

custom,cuboid,metal3,40,6,1,0,0,0.3,0.3,4,0.6,240,35,-625,0,0,0,0;
custom,cylinder,metal3,1,3,1,0,0,0.3,0.3,0.1,0.3,440,35,-625,0,0,0,0;

custom,cuboid,metal3,40,6,1,0,0,0.3,0.3,4,0.6,345,35,-725,0,0,0,0;
custom,cylinder,metal3,1,3,1,0,0,0.3,0.3,0.1,0.3,145,35,-725,0,0,0,0;

racing,killcuboid,2,6,9,155,35,-775,0,0,0,0;

racing,killcuboid,1,4,4,155,35,-775,-0.3826834,0,0,0.9238795;
racing,killcuboid,1,2,2,155,35,-775,-0.3826834,0,0,0.9238795;















custom,cylinder,metal3,1,-3,1,0,0,0.3,0.3,0.1,0.3,-740,35,275,0,0,0,0;
custom,cylinder,metal3,1,-3,1,0,0,0.3,0.3,0.1,0.3,-640,35,275,0,0,0,0;

custom,cuboid,metal3,1,-6,50,0,0,0.3,0.3,5,0.6,-740,35,25,0,0,0,0;
custom,cuboid,metal3,1,-6,50,0,0,0.3,0.3,5,0.6,-640,35,25,0,0,0,0;


custom,cuboid,metal3,60,-6,1,0,0,0.3,0.3,6,0.6,-342,35,-225,0,0,0,0;

custom,cuboid,metal3,1,-6,50,0,0,0.3,0.3,5,0.6,-640,35,-475,0,0,0,0;
custom,cuboid,metal3,1,-6,60,0,0,0.3,0.3,6,0.6,-740,35,-525,0,0,0,0;
custom,cuboid,metal3,1,-6,60,0,0,0.3,0.3,6,0.6,-45,35,-525,0,0,0,0;

custom,cuboid,metal3,60,-6,1,0,0,0.3,0.3,6,0.6,-445,35,-825,0,0,0,0;

custom,cylinder,metal3,1,-3,1,0,0,0.3,0.3,0.1,0.3,-45,35,-825,0,0,0,0;
custom,cylinder,metal3,1,-3,1,0,0,0.3,0.3,0.1,0.3,-145,35,-825,0,0,0,0;

custom,cuboid,metal3,1,-6,10,0,0,0.3,0.3,1,0.6,-145,35,-875,0,0,0,0;
custom,cuboid,metal3,10,-6,1,0,0,0.3,0.3,1,0.6,-95,35,-920,0,0,0,0;

custom,cylinder,metal3,1,-3,1,0,0,0.3,0.3,0.1,0.3,-640,35,-725,0,0,0,0;

custom,cylinder,metal3,1,-3,1,0,0,0.3,0.3,0.1,0.3,-540,35,-325,0,0,0,0;
custom,cuboid,metal3,1,-6,50,0,0,0.3,0.3,5,0.6,-540,35,-575,0,0,0,0;


custom,cuboid,metal3,40,-6,1,0,0,0.3,0.3,4,0.6,-340,35,-325,0,0,0,0;
custom,cylinder,metal3,1,-3,1,0,0,0.3,0.3,0.1,0.3,-140,35,-325,0,0,0,0;

custom,cuboid,metal3,40,-6,1,0,0,0.3,0.3,4,0.6,-240,35,-425,0,0,0,0;
custom,cylinder,metal3,1,-3,1,0,0,0.3,0.3,0.1,0.3,-440,35,-425,0,0,0,0;

custom,cuboid,metal3,40,-6,1,0,0,0.3,0.3,4,0.6,-340,35,-525,0,0,0,0;
custom,cylinder,metal3,1,-3,1,0,0,0.3,0.3,0.1,0.3,-140,35,-525,0,0,0,0;

custom,cuboid,metal3,40,-6,1,0,0,0.3,0.3,4,0.6,-240,35,-625,0,0,0,0;
custom,cylinder,metal3,1,-3,1,0,0,0.3,0.3,0.1,0.3,-440,35,-625,0,0,0,0;

custom,cuboid,metal3,40,-6,1,0,0,0.3,0.3,4,0.6,-345,35,-725,0,0,0,0;
custom,cylinder,metal3,1,-3,1,0,0,0.3,0.3,0.1,0.3,-145,35,-725,0,0,0,0;

racing,killcuboid,2,-6,9,-155,35,-775,0,0,0,0;

racing,killcuboid,1,-4,4,-155,35,-775,0,-0.3826834,-0.9238795,0;
racing,killcuboid,1,-2,2,-155,35,-775,0,-0.3826834,-0.9238795,0;


custom,cuboid,metal3,10,36,1,0,0,0.3,0.3,1,3.6,0,185,-225,0,0,0,0;
custom,cuboid,metal3,10,24,1,0,0,0.3,0.3,1,2.4,0,185,-325,0,0,0,0;

custom,cuboid,metal3,1,30,10,0,0,0.3,0.3,1,3,45,215,-275,0,0,0,0;
custom,cuboid,metal3,1,30,10,0,0,0.3,0.3,1,3,-45,215,-275,0,0,0,0;

custom,cylinder,metal3,1,5,1,0,0,0.3,0.3,0.1,0.5,0,65,-325,-0.5,-0.5,-0.5,0.5;
custom,cylinder,metal3,1,5,1,0,0,0.3,0.3,0.1,0.5,0,305,-325,-0.5,-0.5,-0.5,0.5;

custom,cuboid,metal3,1,6,90,0,0,0.3,0.3,9,0.6,45,335,-775,0,0,0,0;
custom,cuboid,metal3,1,6,90,0,0,0.3,0.3,9,0.6,-45,335,-775,0,0,0,0;
custom,cuboid,metal3,10,1,90,0,0,0.3,0.3,1,9,0,300,-775,0,0,0,0;
custom,cuboid,metal3,10,1,100,0,0,0.3,0.3,1,10,0,370,-725,0,0,0,0;

racing,killcuboid,10,1.1,10,0,370,-277.5,0,0,0,0;
racing,killcuboid,4,1.1,4,0,370,-277.5,0,0.3826834,0,0.9238795;

custom,cuboid,metal3,1,18,10,0,0,0.3,0.3,1,1.8,45,285,-1275,0,0,0,0;
custom,cuboid,metal3,1,18,10,0,0,0.3,0.3,1,1.8,-45,285,-1275,0,0,0,0;

custom,cylinder,metal3,4,5,4,0,0,0.3,0.3,0.4,0.5,0,285,-1225,-0.5,-0.5,-0.5,0.5;

custom,cuboid,metal3,10,18,1,0,0,0.3,0.3,1,1.8,0,285,-1330,0,0,0,0;

racing,killcuboid,10,1.1,10,0,370,-1275,0,0,0,0;
racing,killcuboid,4,1.1,4,0,370,-1275,0,0.3826834,0,0.9238795;

racing,killcuboid,10,1.1,10,0,200,-1275,0,0,0,0;
racing,killcuboid,4,1.1,4,0,200,-1275,0,0.3826834,0,0.9238795;


custom,cuboid,metal3,1,6,75,0,0,0.3,0.3,7.5,0.6,45,235,-850,0,0,0,0;
custom,cuboid,metal3,1,6,75,0,0,0.3,0.3,7.5,0.6,-45,235,-850,0,0,0,0;
custom,cuboid,metal3,10,1,75,0,0,0.3,0.3,1,7.5,0,200,-850,0,0,0,0;
custom,cuboid,metal3,10,1,75,0,0,0.3,0.3,1,7.5,0,270,-850,0,0,0,0;

custom,cylinder,metal3,1,3,1,0,0,0.3,0.3,0.2,0.3,45,235,-475,0,0,0,0;
custom,cylinder,metal3,1,3,1,0,0,0.3,0.3,0.2,0.3,-45,235,-475,0,0,0,0;


custom,cuboid,metal3,40,1,10,0,0,0.3,0.3,4,1,0,200,-425,0,0,0,0;

custom,cuboid,metal3,10,1,100,0,0,0.3,0.3,1,10,150,200,125,0,0,0,0;
custom,cuboid,metal3,10,1,100,0,0,0.3,0.3,1,10,-150,200,125,0,0,0,0;

custom,cuboid,metal3,40,1,10,0,0,0.3,0.3,4,1,0,270,-425,0,0,0,0;

custom,cuboid,metal3,10,1,100,0,0,0.3,0.3,1,10,150,270,125,0,0,0,0;
custom,cuboid,metal3,10,1,100,0,0,0.3,0.3,1,10,-150,270,125,0,0,0,0;

custom,cuboid,metal3,1,6,90,0,0,0.3,0.3,9,0.6,-195,235,-25,0,0,0,0;
custom,cuboid,metal3,1,6,90,0,0,0.3,0.3,9,0.6,195,235,-25,0,0,0,0;

custom,cuboid,metal3,15,6,1,0,0,0.3,0.3,1.5,0.6,120,235,-475,0,0,0,0;
custom,cuboid,metal3,15,6,1,0,0,0.3,0.3,1.5,0.6,-120,235,-475,0,0,0,0;

racing,killcuboid,10,6,1,0,235,-380,0,0,0,0;
racing,killcuboid,1,6,10,105,235,-275,0,0,0,0;
racing,killcuboid,1,6,10,-105,235,-275,0,0,0,0;

racing,killcuboid,3,3,1,0,235,-380,0,0,-0.3826834,0.9238795;
racing,killcuboid,1,3,3,105,235,-275,-0.3826834,0,0,0.9238795;
racing,killcuboid,1,3,3,-105,235,-275,-0.3826834,0,0,0.9238795;


custom,cuboid,metal3,5,6,1,0,0,0.3,0.3,0.5,0.6,-75,235,-380,0,0,0,0;
custom,cuboid,metal3,5,6,1,0,0,0.3,0.3,0.5,0.6,75,235,-380,0,0,0,0;

custom,cuboid,metal3,1,6,5,0,0,0.3,0.3,0.5,0.6,-105,235,-200,0,0,0,0;
custom,cuboid,metal3,1,6,5,0,0,0.3,0.3,0.5,0.6,-105,235,-350,0,0,0,0;
custom,cuboid,metal3,1,6,5,0,0,0.3,0.3,0.5,0.6,105,235,-200,0,0,0,0;
custom,cuboid,metal3,1,6,5,0,0,0.3,0.3,0.5,0.6,105,235,-350,0,0,0,0;


custom,cylinder,metal3,1.6,3,1.6,0,0,0.3,0.3,0.2,0.3,102.5,235,-377.5,0,0,0,0;
custom,cylinder,metal3,1.6,3,1.6,0,0,0.3,0.3,0.2,0.3,-102.5,235,-377.5,0,0,0,0;




custom,cuboid,metal3,1,6,5,0,0,0.3,0.3,0.5,0.6,-105,235,-50,0,0,0,0;
custom,cuboid,metal3,1,6,5,0,0,0.3,0.3,0.5,0.6,105,235,-50,0,0,0,0;
racing,killcuboid,1,6,10,105,235,-125,0,0,0,0;
racing,killcuboid,1,6,10,-105,235,-125,0,0,0,0;
racing,killcuboid,1,3,3,105,235,-125,-0.3826834,0,0,0.9238795;
racing,killcuboid,1,3,3,-105,235,-125,-0.3826834,0,0,0.9238795;

custom,cuboid,metal3,1,6,5,0,0,0.3,0.3,0.5,0.6,-105,235,100,0,0,0,0;
custom,cuboid,metal3,1,6,5,0,0,0.3,0.3,0.5,0.6,105,235,100,0,0,0,0;
racing,killcuboid,1,6,10,105,235,25,0,0,0,0;
racing,killcuboid,1,6,10,-105,235,25,0,0,0,0;
racing,killcuboid,1,3,3,105,235,25,-0.3826834,0,0,0.9238795;
racing,killcuboid,1,3,3,-105,235,25,-0.3826834,0,0,0.9238795;

custom,cuboid,metal3,1,6,5,0,0,0.3,0.3,0.5,0.6,-105,235,250,0,0,0,0;
custom,cuboid,metal3,1,6,5,0,0,0.3,0.3,0.5,0.6,105,235,250,0,0,0,0;
racing,killcuboid,1,6,10,105,235,175,0,0,0,0;
racing,killcuboid,1,6,10,-105,235,175,0,0,0,0;
racing,killcuboid,1,3,3,105,235,175,-0.3826834,0,0,0.9238795;
racing,killcuboid,1,3,3,-105,235,175,-0.3826834,0,0,0.9238795;

custom,cuboid,metal3,1,6,5,0,0,0.3,0.3,0.5,0.6,-105,235,400,0,0,0,0;
custom,cuboid,metal3,1,6,5,0,0,0.3,0.3,0.5,0.6,105,235,400,0,0,0,0;
racing,killcuboid,1,6,10,105,235,325,0,0,0,0;
racing,killcuboid,1,6,10,-105,235,325,0,0,0,0;
racing,killcuboid,1,3,3,105,235,325,-0.3826834,0,0,0.9238795;
racing,killcuboid,1,3,3,-105,235,325,-0.3826834,0,0,0.9238795;


custom,cuboid,metal3,1,6,5,0,0,0.3,0.3,0.5,0.6,105,235,520,0,0,0,0;
racing,killcuboid,1,6,7,105,235,580,0,0,0,0;
racing,killcuboid,1,3,3,105,235,580,-0.3826834,0,0,0.9238795;

custom,cuboid,metal3,1,6,5,0,0,0.3,0.3,0.5,0.6,-105,235,520,0,0,0,0;
racing,killcuboid,1,6,7,-105,235,580,0,0,0,0;
racing,killcuboid,1,3,3,-105,235,580,-0.3826834,0,0,0.9238795;

custom,cylinder,metal3,1,3,1,0,0,0.3,0.3,0.1,0.3,-105,235,495,0,0,0,0;
custom,cylinder,metal3,1,3,1,0,0,0.3,0.3,0.1,0.3,105,235,495,0,0,0,0;

custom,cylinder,metal3,1,3,1,0,0,0.3,0.3,0.1,0.3,-105,235,425,0,0,0,0;
custom,cylinder,metal3,1,3,1,0,0,0.3,0.3,0.1,0.3,105,235,425,0,0,0,0;

custom,cuboid,metal3,20,1,55,0,0,0.3,0.3,2,5.5,0,200,350,0,0,0,0;

misc,barrier,20,1,55,0,270,350,0,0,0,0;

custom,cuboid,metal3,1,6,40,0,0,0.3,0.3,4,0.6,-40,235,420,0,0,0,0;
custom,cuboid,metal3,1,6,40,0,0,0.3,0.3,4,0.6,40,235,420,0,0,0,0;

custom,cuboid,metal3,16,6,1,0,0,0.3,0.3,1.5,0.6,115,235,620,0,0,0,0;
custom,cuboid,metal3,1,6,20,0,0,0.3,0.3,2,0.6,195,235,525,0,0,0,0;

custom,cuboid,metal3,16,6,1,0,0,0.3,0.3,1.5,0.6,-115,235,620,0,0,0,0;
custom,cuboid,metal3,1,6,20,0,0,0.3,0.3,2,0.6,-195,235,525,0,0,0,0;

racing,checkpointcuboid,9,6,1,0,235,-750,0,0,0,0;

racing,killcuboid,20,6,1,0,235,80,0,0,0,0;
racing,killcuboid,3,3,1,0,235,80,0,0,-0.3826834,0.9238795;
racing,killcuboid,3,3,1,70,235,80,0,0,-0.3826834,0.9238795;
racing,killcuboid,3,3,1,-70,235,80,0,0,-0.3826834,0.9238795;

custom,cylinder,metal3,1,3,1,0,0,0.3,0.3,0.1,0.3,-40,235,220,0,0,0,0;
custom,cylinder,metal3,1,3,1,0,0,0.3,0.3,0.1,0.3,40,235,220,0,0,0,0;


custom,cuboid,grass4,40,1,50,1,0,0.3,0.3,4,5,0,200,875,0,0,0,0;

racing,endcuboid,7,6,3,0,235,610,0,0,0,0;

racing,checkpointcuboid,2.5,2.5,2.5,0,215,1000,0,0,0,0;

custom,tree2,default,1,0.8,1,1,0.1,0.4,0.3,1,1,65,255,680,0,0.7071068,0,0.7071068;
custom,tree2,default,-1,0.8,-1,1,0.1,0.4,0.3,1,1,-65,255,680,0,0.7071068,0,0.7071068;


custom,tree2,default,1,0.8,1,1,0.1,0.4,0.3,1,1,50,255,780,0,0.7071068,0,0.7071068;
custom,tree2,default,-1,0.8,-1,1,0.1,0.4,0.3,1,1,-50,255,780,0,0.7071068,0,0.7071068;





custom,cuboid,metal1,2.1,4,2.1,1,1,0.95,0,0.005,1,0,235,920,0,0.7071068,0,0.7071068;
custom,pyramid,metal3,3,2,3,0,1,1,1,0.005,1,0,215,920,0,0.7071068,0,0.7071068;
custom,cuboid,metal3,2.02,0.15,2.02,0,1,0.95,0,0.005,1,0,255,920,0,1,0,0;
custom,killcuboid,transparent0.3,1.98,3,1.98,1,1,0.95,0,1,1,0,270,920,0,1,0,0;


custom,cuboid,metal3,2.1,3,2.1,1,0.8,0.8,0.8,0.005,1,-50,230,925,0,0.7071068,0,0.7071068;
custom,pyramid,metal3,3,2,3,0,1,1,1,0.005,1,-50,215,925,0,0.7071068,0,0.7071068;
custom,cuboid,metal3,2.02,0.15,2.02,0,0.8,0.8,0.8,0.005,1,-50,245,925,0,1,0,0;
custom,killcuboid,transparent0.3,1.98,3,1.98,1,0.8,0.8,0.8,1,1,-50,260,925,0,1,0,0;


custom,cuboid,metal1,2,2,2,1,1,0.55,0,0.005,1,50,225,930,0,0.7071068,0,0.7071068;
custom,pyramid,metal3,3,2,3,0,1,1,1,0.005,1,50,215,930,0,0.7071068,0,0.7071068;
custom,cuboid,metal3,2.02,0.15,2.02,0,1,0.55,0,0.005,1,50,235,930,0,1,0,0;
custom,killcuboid,transparent0.3,1.98,3,1.98,1,1,0.55,0,1,1,50,250,930,0,1,0,0;


custom,statue1,metal3,2,2,2,0,1,1,1,0.005,1,-115,204,885,0,0.9396926,0,0.3420201;
custom,statue1,metal3,-2,2,2,0,1,1,1,0.005,1,115,204,885,0,-0.9396926,0,0.3420201;


custom,cuboid,metal3,4,20,4,0,0,0.3,0.3,0.4,2,160,100,1075,0,0,0,0;
custom,cuboid,metal3,4,20,4,0,0,0.3,0.3,0.4,2,-160,100,1075,0,0,0,0;

custom,cuboid,metal3,40.1,0.98,50.1,0,0,0.3,0.3,5,0.1,0,200,875,0,0,0,0;

custom,cuboid,metal3,4,20,4,0,0,0.3,0.3,0.4,2,160,100,675,0,0,0,0;
custom,cuboid,metal3,4,20,4,0,0,0.3,0.3,0.4,2,-160,100,675,0,0,0,0;

custom,cuboid,metal3,4,20,4,0,0,0.3,0.3,0.4,2,150,100,475,0,0,0,0;
custom,cuboid,metal3,4,20,4,0,0,0.3,0.3,0.4,2,-150,100,475,0,0,0,0;

custom,cuboid,metal3,4,20,4,0,0,0.3,0.3,0.4,2,150,100,275,0,0,0,0;
custom,cuboid,metal3,4,20,4,0,0,0.3,0.3,0.4,2,-150,100,275,0,0,0,0;

custom,cuboid,metal3,4,20,4,0,0,0.3,0.3,0.4,2,150,100,75,0,0,0,0;
custom,cuboid,metal3,4,20,4,0,0,0.3,0.3,0.4,2,-150,100,75,0,0,0,0;

custom,cuboid,metal3,4,20,4,0,0,0.3,0.3,0.4,2,150,100,-125,0,0,0,0;
custom,cuboid,metal3,4,20,4,0,0,0.3,0.3,0.4,2,-150,100,-125,0,0,0,0;


custom,cuboid,metal3,4,20,4,0,0,0.3,0.3,0.4,2,0,100,-1000,0,0,0,0;
custom,cuboid,metal3,4,20,4,0,0,0.3,0.3,0.4,2,0,100,-1200,0,0,0,0;


racing,killcuboid,1,4.5,0.5,30,35,-220,0,0,0,0;
racing,killcuboid,1,4.5,0.5,0,35,-220,0,0,0,0;

racing,killcuboid,2,1,0.5,15,35,-220,0,0,0,0;

racing,killcuboid,1,4.5,0.5,-25,35,-220,0,0,0,0;
racing,killcuboid,1,1,0.5,-25,67.5,-220,0,0,0,0;




custom,cylinder,stone10,3,0.5,3,1,0,0.3,0.3,0.3,0.3,0,200,-72.5,0,0,0,0;
custom,cylinder,metal1,3.2,0.45,3.2,1,1,0.8,0,1,0,0,200,-72.5,0,0,0,0;
custom,sphere,rock2tex,0.9272727,1.2090909,0.9272727,1,255,0,0,2,1,0,207,-72.5,0,0.3826834,0,0.9238795;


custom,cylinder,metal2,0.4,10,0.4,0,0,0,0,1,0,0,200,-72.5,-0.5,-0.5,-0.5,0.5;
custom,cylinder,metal2,0.4,15,0.4,0,0,0,0,1,0,0,200,-72.5,-0.7071068,0,0,0.7071068;

custom,arc90,metal1,2.5,0.5,1.5,1,1,0.8,0,1,0,-7.5,214,-72.5,-0.5,0.5,-0.5,0.5;
custom,arc90,metal1,2.5,0.5,-1.5,1,1,0.8,0,1,0,7.5,214,-72.5,-0.5,0.5,-0.5,0.5;
custom,arc90,metal1,2.5,0.5,1.5,1,1,0.8,0,1,0,0,214,-65,-0.7071068,0.7071068,0,0;
custom,arc90,metal1,2.5,0.5,-1.5,1,1,0.8,0,1,0,0,214,-80,-0.7071068,0.7071068,0,0;

custom,sphere,rock2tex,0.3,0.1,0.3,1,255,0,0,2,1,-0.35,227.25,-72.65,0,0,0,0;




custom,cylinder,stone10,3,0.5,3,1,0,0.3,0.3,0.3,0.3,0,70,1745,0,0,0,0;
custom,cylinder,metal1,3.2,0.45,3.2,1,1,0.8,0,1,0,0,70,1745,0,0,0,0;
custom,sphere,rock2tex,0.9272727,1.2090909,0.9272727,1,0,0,1,2,1,0,77,1745,0,0.3826834,0,0.9238795;


custom,cylinder,stone10,3,0.5,3,1,0,0.3,0.3,0.3,0.3,0,50,2800,0,0,0,0;
custom,cylinder,metal1,3.2,0.45,3.2,1,1,0.8,0,1,0,0,50,2800,0,0,0,0;
custom,sphere,rock2tex,0.9272727,1.2090909,0.9272727,1,0,1,0,2,1,0,57,2800,0,0.3826834,0,0.9238795;


custom,cylinder,metal2,0.2,3,0.2,0,0,0,0,1,0,8.8388348,75,2791.1611652,0,0.3826834,0,0.9238795;
custom,cylinder,metal2,0.2,3,0.2,0,0,0,0,1,0,-8.8388348,75,2808.8388348,0,0.3826834,0,0.9238795;
custom,cylinder,metal2,0.2,3,0.2,0,0,0,0,1,0,8.8388348,75,2808.8388348,0,0.3826834,0,0.9238795;
custom,cylinder,metal2,0.2,3,0.2,0,0,0,0,1,0,-8.8388348,75,2791.1611652,0,0.3826834,0,0.9238795;




custom,cylinder,stone10,3,0.5,3,1,0,0.3,0.3,0.3,0.3,0,207,1082.5,0,0,0,0;
custom,cylinder,metal1,3.2,0.45,3.2,1,1,0.8,0,1,0,0,207,1082.5,0,0,0,0;
custom,sphere,rock2tex,0.9272727,1.2090909,0.9272727,1,0.1,0.7,0.5,2,1,0,214,1082.5,0,0.3826834,0,0.9238795;



custom,cuboid,metal3,4,1,4,0,0,0.3,0.3,0.4,0.4,0,285,-1352.5,0,0,0,0;
custom,cuboid,metal3,4.1,0.98,4.1,0,0,0.3,0.3,0.4,0.1,0,285,-1352.5,0,0,0,0;

custom,cylinder,stone10,3,0.5,3,1,0,0.3,0.3,0.3,0.3,0,288,-1352.5,0,0,0,0;
custom,cylinder,metal1,3.2,0.45,3.2,1,1,0.8,0,1,0,0,288,-1352.5,0,0,0,0;
custom,sphere,rock2tex,0.9272727,1.2090909,0.9272727,1,0.4,0,0.9,2,1,0,295,-1352.5,0,0.3826834,0,0.9238795;

custom,cylinder,metal2,0.2,2.4,0.2,0,0,0,0,1,0,17,298,-1351,0.3535534,-0.6123724,-0.3535534,0.6123724;
custom,cylinder,metal2,0.2,2.4,0.2,0,0,0,0,1,0,-17,298,-1351,0.3535534,-0.6123724,-0.3535534,0.6123724;




custom,cylinder,stone10,3,0.5,3,1,0,0.3,0.3,0.3,0.3,85,8,989.5,0,0,0,0;
custom,cylinder,metal1,3.2,0.45,3.2,1,1,0.8,0,1,0,85,8,989.5,0,0,0,0;
custom,sphere,rock2tex,0.9272727,1.2090909,0.9272727,1,0.7,0.7,0.1,2,1,85,15,989.5,0,0.3826834,0,0.9238795;






custom,endprism,default,2,0.46,-2.5,1,1,1,1,1,1,-43.5,235,460,-0.7071068,-0.7071068,0,0;
custom,endprism,default,2,0.46,-2.5,1,1,1,1,1,1,43.5,235,460,-0.7071068,-0.7071068,0,0;